#!ascii label  , from subject sub-v2s5x29569_ses-1 vox2ras=TkReg
1640
161889  18.976  -14.973  6.265 0.2500000000
161900  19.246  -15.083  5.840 0.2500000000
160617  19.311  -15.619  5.574 0.7500000000
166880  18.206  -11.835  7.229 0.2500000000
165618  18.325  -12.771  6.928 0.1250000000
166896  18.460  -12.041  6.143 0.3750000000
294352  18.572  -13.026  6.497 0.2500000000
163147  18.801  -14.449  6.343 0.2500000000
294336  19.428  -14.623  5.664 0.7500000000
283107  19.008  -14.554  6.008 0.3750000000
160616  19.630  -15.581  4.993 0.8750000000
161899  19.553  -15.031  5.343 0.8750000000
160615  20.049  -16.091  4.906 0.8750000000
166895  18.843  -12.447  5.771 0.3750000000
164377  18.990  -13.525  5.776 0.3750000000
271896  19.565  -13.189  4.974 0.8750000000
163170  19.236  -14.098  5.620 0.7500000000
163179  20.540  -14.159  4.149 1.0000000000
163180  20.088  -14.274  4.591 1.0000000000
309463  19.502  -13.936  5.192 0.8750000000
161906  20.853  -15.171  4.336 1.0000000000
161908  19.875  -14.924  4.769 0.8750000000
294950  21.216  -15.573  4.177 1.0000000000
169607  18.373  -11.046  6.589 0.2500000000
168274  18.827  -11.840  5.578 0.7500000000
308186  19.549  -12.120  4.873 0.8750000000
165637  19.534  -12.654  4.892 0.8750000000
165638  19.201  -12.941  5.408 0.7500000000
164416  21.156  -13.469  3.763 1.0000000000
164398  20.681  -13.616  3.987 1.0000000000
165657  20.364  -12.590  4.114 1.0000000000
297491  22.266  -14.002  3.686 1.0000000000
163201  21.486  -14.357  3.789 1.0000000000
161925  21.924  -14.653  3.674 1.0000000000
161927  20.951  -14.565  4.069 1.0000000000
168255  18.201  -11.296  7.059 0.1250000000
169624  18.973  -11.144  5.471 0.6250000000
168299  19.998  -11.344  4.333 1.0000000000
300088  19.248  -11.142  5.103 0.8750000000
166927  20.207  -11.933  4.245 1.0000000000
291318  22.241  -13.021  3.271 1.0000000000
165679  21.765  -12.768  3.315 1.0000000000
165656  20.768  -13.052  3.870 1.0000000000
166926  20.560  -12.001  3.880 1.0000000000
278516  22.887  -13.761  3.173 1.0000000000
164415  21.885  -13.324  3.689 1.0000000000
275608  24.020  -14.324  2.607 1.0000000000
163221  22.953  -14.326  3.315 1.0000000000
301115  18.081  -6.226  6.520 0.2500000000
294441  18.424  -10.453  6.530 0.2500000000
170920  18.502  -9.960  6.386 0.3750000000
169625  18.651  -10.790  5.988 0.5000000000
170963  19.510  -9.902  4.577 1.0000000000
170951  18.851  -9.890  5.435 0.6250000000
169650  19.652  -10.495  4.753 1.0000000000
169663  20.547  -11.104  3.643 1.0000000000
169664  20.152  -10.914  4.013 1.0000000000
165699  22.617  -12.681  2.813 1.0000000000
165678  22.240  -12.701  3.024 1.0000000000
168323  21.315  -11.240  3.095 1.0000000000
166967  22.969  -12.137  2.880 1.0000000000
164450  23.939  -13.694  2.653 1.0000000000
166965  23.864  -12.479  2.566 1.0000000000
165696  24.153  -12.988  2.717 1.0000000000
177586  18.296  -6.374  6.134 0.5000000000
303062  18.379  -6.895  6.189 0.3750000000
286924  18.462  -7.737  6.313 0.3750000000
173560  18.713  -8.613  5.744 0.5000000000
174890  18.909  -7.878  5.128 0.5000000000
173571  19.482  -8.627  4.623 0.8750000000
172281  19.747  -9.598  4.129 1.0000000000
173586  19.853  -8.526  4.071 1.0000000000
170992  21.294  -10.195  2.922 1.0000000000
172294  20.572  -9.528  3.443 1.0000000000
169695  22.905  -10.964  2.207 1.0000000000
169697  21.806  -10.436  2.730 1.0000000000
261153  24.444  -11.220  2.397 1.0000000000
168343  23.486  -11.728  2.605 1.0000000000
166943  25.018  -12.356  2.935 0.8750000000
178987  18.160  -5.884  6.415 0.5000000000
176229  18.704  -7.473  5.353 0.5000000000
286238  19.241  -6.884  4.725 0.6250000000
176244  19.676  -7.339  4.267 0.6250000000
174925  20.033  -7.855  3.853 1.0000000000
174910  19.242  -8.010  4.802 0.7500000000
173609  20.632  -8.555  3.212 1.0000000000
172343  23.415  -9.281  1.462 1.0000000000
172344  22.825  -9.243  1.423 1.0000000000
172328  21.817  -9.579  2.084 1.0000000000
172311  21.326  -9.163  2.527 1.0000000000
283742  23.699  -9.845  1.580 1.0000000000
171019  23.453  -10.331  1.506 1.0000000000
171009  22.199  -10.138  2.286 1.0000000000
280146  24.909  -9.901  2.215 0.8750000000
171018  23.982  -10.410  1.523 1.0000000000
168340  25.095  -11.171  2.660 0.8750000000
179022  18.754  -5.958  5.476 0.5000000000
177638  19.461  -6.217  4.451 0.8750000000
177674  21.392  -6.892  2.268 1.0000000000
176266  20.680  -7.223  3.059 1.0000000000
174981  23.479  -8.111  1.594 1.0000000000
284708  22.267  -7.778  1.659 1.0000000000
173636  21.375  -8.560  2.248 1.0000000000
291545  24.227  -7.130  1.695 1.0000000000
172326  25.247  -9.197  2.373 1.0000000000
172327  24.616  -9.276  2.044 1.0000000000
176278  24.420  -7.543  2.021 1.0000000000
173634  24.933  -8.645  2.305 1.0000000000
180326  18.747  -5.415  5.748 0.5000000000
277507  19.362  -5.612  4.730 0.8750000000
179047  20.161  -5.846  3.689 1.0000000000
180379  22.176  -5.063  1.566 1.0000000000
177675  21.057  -6.410  2.540 1.0000000000
179058  20.686  -6.173  2.876 1.0000000000
180375  24.500  -5.451  1.527 1.0000000000
179081  24.153  -5.940  1.452 1.0000000000
179068  25.736  -6.023  1.955 1.0000000000
179080  24.805  -5.894  1.388 1.0000000000
176297  24.316  -6.597  1.489 1.0000000000
305798  25.879  -7.072  2.367 1.0000000000
177688  24.887  -6.363  1.470 1.0000000000
174958  25.887  -7.979  2.466 0.8750000000
187748  21.207  -1.290  2.687 1.0000000000
272828  20.146  -1.502  4.243 0.3750000000
186555  20.901  -1.817  2.734 0.8750000000
182870  21.895  -3.896  1.952 1.0000000000
181615  24.448  -4.333  1.617 1.0000000000
181626  23.895  -4.578  1.512 1.0000000000
188967  21.794  0.042  2.801 0.8750000000
188982  22.187  -0.459  2.202 1.0000000000
187747  21.900  -1.117  2.239 1.0000000000
186569  21.499  -1.738  2.213 1.0000000000
187746  22.510  -0.922  1.662 1.0000000000
184158  22.627  -3.291  1.870 1.0000000000
182868  24.345  -3.832  2.170 1.0000000000
182869  23.741  -3.513  1.968 1.0000000000
300004  24.905  -4.162  1.842 1.0000000000
190162  21.713  0.723  3.148 0.7500000000
188981  22.803  -0.316  1.788 1.0000000000
186566  23.319  -1.082  1.608 1.0000000000
185369  24.928  -2.309  2.547 1.0000000000
185370  24.335  -1.958  2.395 1.0000000000
185383  23.922  -2.342  2.272 1.0000000000
190186  22.881  0.274  1.889 1.0000000000
187745  23.068  -0.743  1.400 1.0000000000
186554  23.744  -1.072  1.820 1.0000000000
198659  22.732  5.388  5.810 0.1250000000
198658  23.467  5.644  6.058 0.1250000000
198668  22.791  5.485  5.118 0.2500000000
198667  23.248  5.840  5.226 0.1250000000
301946  22.933  5.415  4.663 0.3750000000
199682  23.973  6.184  4.936 0.2500000000
198687  23.998  5.828  3.823 0.5000000000
299507  23.646  6.038  4.411 0.2500000000
199697  24.132  6.251  3.401 0.3750000000
200634  24.372  6.639  5.351 0.2500000000
200650  23.623  7.198  4.233 0.2500000000
200642  23.868  6.793  4.499 0.2500000000
201596  24.503  7.893  4.561 0.2500000000
200658  23.785  6.865  3.641 0.2500000000
201604  23.601  7.746  3.712 0.2500000000
200657  23.614  7.090  3.274 0.3750000000
273682  23.584  7.297  3.853 0.2500000000
201605  23.837  6.965  2.570 0.3750000000
161879  18.749  -14.735  6.249 0.1250000000
163158  18.806  -14.051  6.113 0.2500000000
164365  18.571  -13.256  6.833 0.1250000000
292934  23.637  -15.074  3.057 1.0000000000
177650  20.031  -6.512  3.671 0.8750000000
177690  23.014  -6.274  1.600 1.0000000000
160583  19.660  -15.888  7.020 0.1250000000
159358  19.470  -16.102  5.369 0.6250000000
159356  20.419  -16.682  5.196 0.7500000000
166858  18.000  -12.477  7.477 0.1250000000
158179  20.931  -16.922  4.917 1.0000000000
163148  18.746  -14.166  6.579 0.1250000000
159383  21.825  -16.354  3.667 1.0000000000
267330  22.768  -16.122  3.308 1.0000000000
266764  24.030  -15.381  3.293 1.0000000000
170921  18.085  -10.098  6.818 0.3750000000
282472  18.412  -7.539  6.479 0.2500000000
284122  18.473  -8.282  6.363 0.2500000000
165676  25.258  -13.032  2.711 0.8750000000
169691  25.814  -10.538  2.604 0.8750000000
168321  25.426  -11.753  2.917 0.8750000000
172324  26.267  -9.581  2.535 0.8750000000
305495  19.903  -1.565  5.290 0.1250000000
184102  19.542  -2.209  5.299 0.1250000000
180305  18.714  -4.907  5.933 0.3750000000
181599  19.843  -4.572  4.338 0.6250000000
177672  25.786  -6.567  2.243 1.0000000000
173632  26.184  -8.508  2.571 0.8750000000
186540  20.186  -1.288  3.658 0.5000000000
187733  21.524  -0.661  2.721 0.8750000000
185354  20.348  -2.192  4.177 0.3750000000
184128  20.702  -3.050  3.311 0.8750000000
272250  25.069  -4.662  1.675 1.0000000000
297528  26.064  -4.052  2.188 1.0000000000
182867  25.771  -3.678  2.257 1.0000000000
188966  22.425  0.155  2.203 1.0000000000
185381  25.042  -2.766  2.335 1.0000000000
191362  21.667  1.315  2.194 0.8750000000
191360  22.885  1.180  1.957 1.0000000000
188965  23.779  -0.254  1.836 1.0000000000
186552  24.825  -1.641  2.665 1.0000000000
198648  23.810  5.321  6.880 0.1250000000
197598  22.508  4.486  5.721 0.1250000000
196393  22.367  4.110  4.095 0.6250000000
197617  23.060  4.919  4.389 0.6250000000
198686  24.333  5.461  2.906 0.5000000000
199675  24.036  6.022  5.650 0.2500000000
199710  24.355  5.998  2.669 0.5000000000
201580  24.138  7.352  6.187 0.2500000000
295576  24.543  7.058  5.601 0.2500000000
200667  24.303  6.336  2.434 0.5000000000
200666  24.739  6.371  1.889 0.5000000000
202590  25.473  7.835  4.756 0.1250000000
202623  23.732  8.025  2.517 0.2500000000
201625  25.113  7.005  1.629 0.3750000000
202636  23.993  8.109  1.838 0.2500000000
202599  24.990  8.057  4.646 0.1250000000
279211  19.090  -15.336  6.174 0.1250000000
279634  19.180  -15.548  6.049 0.3750000000
160603  19.237  -16.060  5.905 0.5000000000
163159  18.710  -13.876  6.559 0.1250000000
160627  20.228  -15.385  4.652 0.8750000000
159367  20.778  -16.393  4.717 1.0000000000
160626  20.756  -15.792  4.539 1.0000000000
165647  19.971  -13.058  4.551 1.0000000000
161907  20.364  -14.746  4.373 1.0000000000
160643  22.265  -15.844  3.413 1.0000000000
278256  22.593  -15.237  3.429 1.0000000000
169634  19.245  -10.756  5.088 0.8750000000
168309  20.359  -11.481  3.956 1.0000000000
164451  23.123  -13.336  2.631 1.0000000000
166945  21.306  -12.362  3.428 1.0000000000
168324  20.876  -11.420  3.342 1.0000000000
164437  23.578  -14.128  2.713 1.0000000000
163219  23.847  -14.694  2.602 1.0000000000
172247  18.462  -9.499  6.452 0.3750000000
172275  18.936  -9.193  5.499 0.5000000000
172274  19.226  -9.576  5.037 0.8750000000
170962  19.832  -10.292  4.116 1.0000000000
170978  20.514  -10.401  3.787 1.0000000000
165697  23.530  -13.086  2.582 1.0000000000
166968  22.341  -12.112  2.956 1.0000000000
168322  21.833  -11.639  3.054 1.0000000000
168345  22.464  -11.361  2.813 1.0000000000
168344  22.997  -11.505  2.595 1.0000000000
168341  24.741  -11.775  2.681 1.0000000000
173559  19.138  -8.481  5.247 0.6250000000
176228  18.980  -7.498  4.918 0.6250000000
172295  20.037  -9.149  3.749 1.0000000000
174940  20.454  -8.035  3.374 1.0000000000
171010  21.699  -9.999  2.528 1.0000000000
288644  21.029  -9.634  2.966 1.0000000000
172312  20.846  -9.080  3.067 1.0000000000
169710  23.698  -10.792  1.634 1.0000000000
171006  24.835  -10.633  2.299 0.8750000000
166942  25.687  -12.411  2.956 0.8750000000
302169  19.947  -7.118  3.746 1.0000000000
174962  21.183  -8.076  2.524 1.0000000000
173635  24.317  -8.695  1.984 1.0000000000
276782  23.149  -9.821  1.331 1.0000000000
172329  21.670  -8.939  1.919 1.0000000000
174983  22.289  -8.247  1.481 1.0000000000
172325  25.624  -9.693  2.460 0.8750000000
299855  21.984  -6.132  1.950 1.0000000000
177661  20.687  -6.666  2.953 1.0000000000
176300  22.103  -7.239  1.795 1.0000000000
176279  21.350  -7.512  2.307 1.0000000000
176298  23.298  -7.514  1.601 1.0000000000
174984  21.910  -8.138  1.742 1.0000000000
276653  23.163  -6.878  1.636 1.0000000000
278794  24.818  -6.947  1.909 1.0000000000
174960  24.651  -8.083  2.214 1.0000000000
180335  19.307  -5.007  5.031 0.6250000000
180348  20.045  -5.175  4.054 0.7500000000
259320  20.550  -5.747  3.107 1.0000000000
179072  20.882  -5.780  2.610 1.0000000000
180361  20.842  -5.143  2.872 1.0000000000
179083  22.365  -5.611  1.756 1.0000000000
181629  22.109  -4.419  1.677 1.0000000000
181628  22.678  -4.219  1.575 1.0000000000
180378  22.633  -5.273  1.396 1.0000000000
180369  25.713  -5.538  1.649 1.0000000000
180376  23.852  -5.235  1.452 1.0000000000
264800  22.848  -5.722  1.493 1.0000000000
282380  20.558  -1.885  3.508 0.7500000000
185387  21.276  -2.275  2.416 1.0000000000
185372  20.609  -2.485  3.579 0.7500000000
181610  20.986  -4.555  2.917 1.0000000000
182885  22.377  -3.824  1.769 1.0000000000
285455  21.077  -3.567  2.991 1.0000000000
283231  21.770  -2.822  2.336 1.0000000000
182883  23.435  -3.806  1.754 1.0000000000
302202  22.005  0.675  2.393 0.8750000000
185386  21.859  -2.163  1.966 1.0000000000
185385  22.546  -2.006  1.811 1.0000000000
184147  22.897  -2.724  1.964 1.0000000000
184157  23.219  -3.340  1.896 1.0000000000
184148  22.250  -2.721  1.901 1.0000000000
184143  25.352  -3.205  2.372 1.0000000000
288577  23.392  0.258  1.842 1.0000000000
286169  23.124  -1.652  1.906 1.0000000000
187731  24.001  -0.775  2.032 1.0000000000
297013  23.554  0.768  1.967 1.0000000000
292247  22.209  0.865  1.940 1.0000000000
198649  22.856  5.163  6.368 0.1250000000
197597  22.457  5.062  6.156 0.1250000000
283413  23.952  5.980  6.485 0.2500000000
199689  23.682  6.194  4.633 0.2500000000
197606  22.572  5.019  5.441 0.3750000000
268049  22.581  5.066  4.808 0.5000000000
197633  23.935  5.116  3.378 0.7500000000
202622  23.523  7.630  2.787 0.2500000000
202635  24.291  7.456  1.828 0.2500000000
160597  19.246  -16.009  6.163 0.2500000000
160563  20.059  -15.847  7.417 0.1250000000
159323  19.481  -16.584  6.578 0.1250000000
159346  19.539  -16.501  5.880 0.6250000000
159357  19.867  -16.481  5.405 0.7500000000
304764  21.193  -16.687  4.517 1.0000000000
184101  19.971  -2.531  4.635 0.5000000000
181587  19.505  -4.548  4.789 0.6250000000
180347  20.529  -5.207  3.571 0.8750000000
182846  20.056  -3.950  4.177 0.7500000000
182856  20.862  -4.099  3.169 0.8750000000
184113  20.289  -2.843  3.905 0.7500000000
302938  19.742  -3.591  4.676 0.8750000000
285448  20.655  -3.636  3.363 1.0000000000
184127  21.221  -2.937  2.767 1.0000000000
191361  22.123  1.306  1.879 1.0000000000
190161  24.318  0.778  2.442 1.0000000000
188964  24.352  -0.356  2.348 1.0000000000
196383  22.054  4.073  5.473 0.3750000000
196412  23.055  3.903  3.608 0.7500000000
197634  23.282  4.859  3.595 0.7500000000
197618  22.413  4.620  4.441 0.5000000000
273575  23.770  4.447  3.132 0.7500000000
201639  25.401  7.273  1.456 0.2500000000
151954  21.246  -20.827  5.860 0.7500000000
150673  22.930  -21.313  5.098 0.7500000000
151955  20.744  -20.556  6.012 0.7500000000
153202  20.641  -19.986  5.846 0.7500000000
261926  22.784  -20.725  4.977 0.7500000000
151953  21.628  -20.681  5.561 0.7500000000
153215  21.440  -19.805  5.279 0.7500000000
154423  20.650  -19.415  5.711 0.7500000000
153212  23.179  -20.283  4.694 0.7500000000
153213  22.564  -20.119  4.890 0.7500000000
154435  21.730  -19.307  4.908 0.7500000000
158155  20.527  -17.554  5.821 0.7500000000
158168  20.136  -16.994  5.792 0.6250000000
286331  21.327  -18.746  5.065 0.7500000000
155730  21.451  -18.224  4.827 0.8750000000
156928  21.001  -17.704  5.504 0.8750000000
153222  23.564  -19.765  4.550 0.7500000000
153223  22.973  -19.644  4.667 0.7500000000
275652  22.448  -18.502  4.223 0.7500000000
278190  21.855  -18.078  4.355 0.8750000000
158178  21.327  -17.168  4.537 0.8750000000
155727  23.850  -18.843  3.966 0.7500000000
155728  23.177  -18.667  4.084 0.7500000000
156954  22.668  -17.645  3.472 0.8750000000
158193  21.968  -16.983  3.545 0.8750000000
158189  24.280  -17.317  3.579 0.7500000000
158191  23.132  -17.159  3.467 0.8750000000
159381  22.934  -16.608  3.344 0.8750000000
159378  24.912  -16.487  3.605 0.8750000000
159379  24.609  -15.963  3.562 0.8750000000
160653  24.778  -15.559  3.325 0.8750000000
161935  24.636  -15.181  3.023 0.8750000000
161920  27.414  -15.218  3.327 0.3750000000
163199  26.522  -14.673  2.670 0.6250000000
163200  25.769  -14.629  2.698 0.7500000000
265560  25.087  -14.312  2.803 0.7500000000
163197  27.694  -14.191  3.477 0.5000000000
163198  27.207  -14.588  3.043 0.5000000000
164433  26.965  -13.488  2.875 0.7500000000
278852  25.955  -13.034  2.747 0.7500000000
165645  28.464  -12.932  4.037 0.1250000000
165653  28.122  -12.957  3.377 0.3750000000
165674  27.020  -12.800  3.093 0.6250000000
166941  26.355  -12.540  3.031 0.6250000000
168320  26.215  -11.804  3.063 0.6250000000
165636  29.346  -12.717  5.165 0.1250000000
287028  29.028  -12.592  4.675 0.1250000000
274484  28.321  -11.982  3.532 0.1250000000
169648  28.743  -10.940  4.010 0.1250000000
169673  27.481  -10.774  3.107 0.6250000000
169674  26.964  -10.511  2.779 0.6250000000
170991  26.642  -10.014  2.497 0.7500000000
307741  29.393  -11.284  4.792 0.1250000000
172266  29.493  -9.784  4.911 0.1250000000
170977  27.862  -9.817  3.500 0.1250000000
172309  27.463  -9.656  3.202 0.5000000000
172310  26.753  -9.453  2.696 0.6250000000
293762  26.735  -8.975  2.944 0.7500000000
168264  30.135  -11.526  5.449 0.1250000000
173582  27.852  -8.797  3.924 0.5000000000
174923  27.527  -8.350  3.730 0.5000000000
174924  27.100  -8.015  3.426 0.6250000000
174937  26.769  -7.983  2.901 0.7500000000
191348  21.415  1.344  3.502 0.6250000000
193830  21.348  2.358  3.933 0.5000000000
301590  21.920  1.916  2.641 0.7500000000
177647  27.678  -7.071  3.779 0.6250000000
179056  26.864  -5.803  2.967 0.6250000000
179067  26.050  -6.145  2.399 0.8750000000
276027  28.042  -6.523  4.004 0.5000000000
179044  27.535  -6.410  3.664 0.6250000000
180346  27.701  -5.347  3.629 0.6250000000
302458  26.739  -5.505  2.549 0.7500000000
281845  21.617  2.106  2.840 0.7500000000
180359  26.428  -5.275  2.374 0.8750000000
267235  25.560  -2.649  2.560 0.8750000000
267561  25.393  -2.151  2.885 0.8750000000
181608  26.769  -4.721  2.508 0.7500000000
182853  26.732  -3.685  2.717 0.8750000000
185367  26.910  -2.578  2.839 0.8750000000
292302  26.517  -2.384  2.940 0.8750000000
186537  26.352  -1.647  3.617 0.8750000000
283536  29.195  -5.750  4.816 0.3750000000
179043  27.866  -5.923  3.850 0.5000000000
287109  28.044  -4.977  3.769 0.5000000000
285105  27.554  -4.265  2.915 0.6250000000
180316  29.836  -5.190  5.341 0.2500000000
180333  28.794  -5.443  4.454 0.3750000000
181596  27.961  -4.466  3.930 0.5000000000
193829  21.995  2.476  3.350 0.6250000000
193828  22.943  2.852  3.203 0.7500000000
191347  21.836  1.751  2.133 0.8750000000
192586  22.405  1.940  2.811 0.7500000000
191346  22.616  1.681  2.074 0.8750000000
187730  24.556  -0.958  2.528 0.8750000000
188952  25.783  -0.427  3.099 0.7500000000
187715  26.041  -0.995  3.446 0.8750000000
182852  27.196  -3.741  2.995 0.6250000000
185366  27.353  -2.752  3.026 0.7500000000
271650  28.569  -4.410  4.247 0.3750000000
182843  28.411  -3.948  4.149 0.5000000000
186535  27.318  -1.920  3.919 0.7500000000
181572  29.417  -4.454  4.784 0.2500000000
193811  22.314  3.006  3.857 0.6250000000
192585  23.199  2.303  2.539 0.8750000000
191344  24.267  1.289  2.600 0.8750000000
299511  24.694  1.062  2.875 0.8750000000
275220  24.702  1.663  2.768 0.7500000000
188953  25.461  0.078  2.890 0.8750000000
188950  26.721  -0.392  4.002 0.7500000000
185333  27.617  -2.499  4.059 0.5000000000
185315  30.164  -2.731  4.778 0.2500000000
185330  29.331  -2.597  4.546 0.5000000000
184096  28.565  -3.017  4.198 0.5000000000
270060  30.272  -4.063  5.130 0.2500000000
195126  21.864  3.560  4.453 0.5000000000
195125  22.654  3.457  3.706 0.5000000000
195143  23.452  3.345  3.317 0.6250000000
195142  24.104  3.348  3.048 0.7500000000
193826  24.580  2.422  2.815 0.7500000000
195141  24.480  2.932  2.958 0.7500000000
193825  25.648  2.614  2.998 0.7500000000
302700  26.392  2.131  3.615 0.7500000000
279534  25.958  2.106  3.005 0.7500000000
195153  25.375  3.052  3.002 0.7500000000
192581  26.185  1.598  3.340 0.7500000000
191328  27.154  1.129  4.199 0.7500000000
192580  26.703  1.642  3.900 0.7500000000
188913  28.464  -0.300  5.549 0.5000000000
190125  28.206  0.274  5.516 0.3750000000
190141  27.682  0.385  5.048 0.6250000000
186492  30.065  -1.733  5.060 0.2500000000
187678  29.302  -0.964  5.221 0.3750000000
188912  29.018  -0.361  5.371 0.3750000000
196411  23.675  3.837  3.257 0.6250000000
196410  25.433  3.479  3.026 0.7500000000
195139  26.361  3.137  3.492 0.7500000000
275360  26.622  2.666  3.791 0.7500000000
193809  27.490  2.323  4.400 0.6250000000
190140  29.145  0.674  4.922 0.3750000000
192564  28.544  1.918  4.651 0.3750000000
187675  30.885  -1.500  4.870 0.1250000000
188949  30.545  -0.153  3.953 0.1250000000
257537  29.906  0.025  4.451 0.2500000000
196420  24.252  3.886  2.889 0.6250000000
196419  24.921  3.919  2.763 0.7500000000
196409  26.052  3.573  3.131 0.6250000000
195138  26.864  3.191  3.892 0.7500000000
193807  28.751  2.615  4.609 0.3750000000
195124  27.725  2.855  4.333 0.3750000000
193810  26.885  2.208  4.109 0.7500000000
191323  30.020  1.114  4.363 0.2500000000
273927  29.123  1.629  4.494 0.3750000000
277451  27.647  1.445  4.653 0.6250000000
190171  31.498  0.246  2.982 0.1250000000
190155  30.876  0.038  3.460 0.1250000000
285239  31.464  -0.693  4.574 0.1250000000
197632  24.366  4.597  2.646 0.6250000000
291242  25.105  4.429  2.512 0.6250000000
197643  26.499  4.707  3.003 0.3750000000
196418  25.606  4.021  2.749 0.3750000000
286064  27.653  4.058  3.782 0.3750000000
289608  29.955  3.594  3.475 0.2500000000
195123  28.373  3.019  4.470 0.3750000000
195136  27.900  3.459  4.107 0.3750000000
192605  30.907  1.501  2.574 0.1250000000
192578  29.797  2.119  3.976 0.3750000000
192579  29.209  2.190  4.338 0.3750000000
188978  32.421  -0.410  2.854 0.1250000000
191359  30.508  0.892  3.455 0.1250000000
199719  25.749  5.965  1.867 0.3750000000
259051  24.896  4.999  2.427 0.3750000000
197644  25.719  4.707  2.649 0.3750000000
198698  27.208  5.311  3.046 0.3750000000
198699  26.691  5.128  2.929 0.3750000000
198696  29.223  5.314  2.908 0.3750000000
198683  28.361  4.923  3.414 0.3750000000
198684  27.708  4.910  3.328 0.3750000000
197641  29.981  4.562  3.223 0.3750000000
196404  29.495  3.718  3.891 0.3750000000
197628  28.718  4.473  3.738 0.3750000000
192623  30.709  1.973  0.911 0.1250000000
193841  30.285  2.560  3.074 0.1250000000
195151  30.459  3.092  2.846 0.2500000000
190193  31.411  0.653  1.664 0.1250000000
292907  27.173  6.510  2.210 0.2500000000
307179  28.393  6.571  2.237 0.2500000000
200664  27.421  6.173  2.484 0.3750000000
200665  26.772  6.068  2.279 0.3750000000
199717  30.239  5.698  2.067 0.1250000000
199705  28.568  5.674  2.794 0.3750000000
198697  27.965  5.399  3.022 0.3750000000
197650  30.514  4.816  2.408 0.1250000000
198695  29.889  5.071  2.873 0.2500000000
195189  30.281  3.146  0.350 0.1250000000
197640  30.332  4.389  2.754 0.1250000000
201624  25.983  6.833  1.610 0.3750000000
201622  28.032  6.913  2.112 0.2500000000
200687  29.829  6.572  1.512 0.1250000000
201647  29.147  7.339  1.055 0.1250000000
200698  30.219  6.521  1.128 0.1250000000
201646  29.743  7.182  0.887 0.1250000000
195196  29.970  3.123  -0.205 0.1250000000
198733  30.398  5.545  0.021 0.1250000000
203709  28.675  8.389  -0.190 0.1250000000
199740  30.466  6.134  0.002 0.1250000000
201651  30.012  7.334  0.293 0.1250000000
197681  29.768  4.239  -1.032 0.1250000000
195197  29.607  3.150  -0.747 0.1250000000
158192  22.459  -17.105  3.329 0.8750000000
160639  25.737  -15.595  3.217 0.6250000000
270069  27.580  -7.738  3.760 0.6250000000
282578  27.188  -4.243  2.631 0.8750000000
184097  27.931  -3.021  4.068 0.5000000000
182818  29.599  -3.875  4.701 0.3750000000
193827  23.828  2.874  2.665 0.8750000000
192584  24.021  2.216  2.577 0.8750000000
192582  25.619  1.619  2.937 0.7500000000
191341  26.452  1.090  3.719 0.7500000000
275828  26.029  0.083  3.203 0.7500000000
186515  28.417  -1.916  4.666 0.5000000000
300752  28.437  -1.287  4.888 0.5000000000
187702  27.589  -0.867  4.677 0.7500000000
186514  29.135  -2.105  4.752 0.5000000000
195181  30.514  3.134  0.932 0.1250000000
200688  29.253  6.678  1.758 0.2500000000
201650  30.290  6.916  0.259 0.1250000000
197678  30.244  4.679  -0.711 0.1250000000
168318  27.534  -11.434  3.115 0.5000000000
168319  26.925  -11.621  3.018 0.6250000000
169676  25.828  -11.074  2.845 0.7500000000
174903  28.290  -7.653  4.438 0.3750000000
176253  28.119  -7.096  4.285 0.3750000000
268317  29.586  -5.718  5.152 0.2500000000
186536  26.898  -1.480  3.942 0.7500000000
280592  30.677  4.724  1.870 0.1250000000
180298  30.352  -5.220  5.705 0.1250000000
149301  21.540  -21.858  6.292 0.7500000000
150648  21.058  -21.638  6.471 0.7500000000
151942  20.351  -20.856  6.392 0.7500000000
153191  20.249  -20.285  6.228 0.7500000000
149299  22.606  -22.178  5.683 0.7500000000
150660  21.968  -21.147  5.611 0.7500000000
150671  23.933  -21.518  4.791 0.7500000000
156918  20.242  -18.015  6.045 0.6250000000
155704  20.826  -18.746  5.603 0.7500000000
151972  23.813  -20.378  4.545 0.6250000000
154446  24.403  -19.263  4.312 0.7500000000
155726  24.581  -18.683  4.039 0.6250000000
268061  24.903  -17.477  3.773 0.6250000000
159376  26.091  -16.678  3.326 0.5000000000
160625  27.337  -16.131  3.741 0.3750000000
270895  26.251  -15.997  3.340 0.5000000000
161905  27.928  -15.256  3.902 0.1250000000
281746  28.354  -13.874  4.343 0.1250000000
164396  29.000  -13.127  4.800 0.1250000000
165625  29.955  -12.963  5.893 0.1250000000
168263  30.481  -11.889  5.720 0.1250000000
169613  30.200  -10.951  5.554 0.1250000000
170927  30.232  -10.370  5.689 0.1250000000
192587  21.339  1.933  3.692 0.3750000000
172265  29.860  -9.471  5.331 0.1250000000
286449  29.493  -9.245  5.034 0.1250000000
174884  29.292  -7.739  5.007 0.1250000000
176237  29.083  -7.236  4.879 0.2500000000
177631  28.936  -6.713  4.784 0.2500000000
195114  21.186  3.157  5.127 0.5000000000
181570  30.776  -4.239  5.407 0.1250000000
180315  30.190  -4.626  5.375 0.2500000000
279709  31.608  -3.017  5.282 0.1250000000
186512  31.453  -1.319  4.893 0.1250000000
187697  32.316  -1.168  4.432 0.1250000000
196394  22.071  4.114  4.793 0.3750000000
187728  32.650  -0.827  3.275 0.1250000000
188989  32.405  -0.252  1.626 0.1250000000
187755  32.712  -0.647  2.164 0.1250000000
191396  30.826  1.352  0.125 0.1250000000
191410  30.163  1.024  -0.934 0.1250000000
199670  24.095  6.449  7.073 0.1250000000
202646  26.791  7.572  1.060 0.2500000000
202655  27.228  7.936  0.864 0.1250000000
203711  27.360  8.479  0.016 0.1250000000
296953  30.327  7.217  -0.377 0.1250000000
202668  29.315  8.277  -0.371 0.1250000000
267380  30.391  5.322  -0.591 0.1250000000
193896  28.945  2.263  -1.243 0.1250000000
197684  29.999  4.819  -1.426 0.1250000000
164436  24.517  -14.056  2.664 0.7500000000
177671  26.130  -6.820  2.627 0.7500000000
176264  26.562  -7.384  2.796 0.7500000000
273078  20.776  0.155  4.022 0.3750000000
186551  25.416  -1.616  3.084 0.8750000000
160641  23.354  -16.049  3.369 0.8750000000
158167  20.708  -17.211  5.402 0.7500000000
158166  21.141  -17.414  5.067 0.8750000000
159382  22.312  -16.530  3.340 0.8750000000
164434  25.692  -14.005  2.511 0.7500000000
169675  26.362  -10.566  2.573 0.6250000000
181614  26.079  -4.698  2.234 0.8750000000
190174  24.060  0.245  2.094 0.8750000000
190173  24.709  0.138  2.630 0.8750000000
187716  25.529  -1.038  3.146 0.8750000000
199709  24.918  5.762  2.303 0.3750000000
200679  25.369  6.520  1.673 0.3750000000
202647  25.696  7.664  1.034 0.1250000000
201638  26.380  7.080  1.277 0.2500000000
153201  21.212  -20.250  5.662 0.7500000000
151941  20.914  -21.078  6.279 0.7500000000
150661  21.464  -21.335  6.020 0.7500000000
150674  22.471  -21.061  5.290 0.7500000000
150659  22.516  -21.569  5.497 0.7500000000
149312  23.082  -21.941  5.279 0.7500000000
151966  23.442  -20.980  4.760 0.7500000000
154411  20.253  -19.669  6.178 0.7500000000
153214  21.974  -19.940  5.053 0.7500000000
154422  21.120  -19.304  5.291 0.7500000000
154448  22.198  -19.032  4.566 0.7500000000
156917  20.806  -18.091  5.791 0.7500000000
158156  20.102  -17.497  6.242 0.6250000000
155729  21.827  -18.661  4.635 0.8750000000
279967  23.379  -19.210  4.376 0.7500000000
156941  22.271  -17.927  3.799 0.8750000000
293113  22.173  -17.465  3.494 0.8750000000
156952  23.867  -17.836  3.451 0.7500000000
156951  24.770  -18.078  3.904 0.7500000000
299819  24.727  -16.967  3.655 0.7500000000
159380  23.601  -16.608  3.402 0.8750000000
158187  25.756  -17.229  3.252 0.6250000000
161923  25.555  -15.117  3.037 0.7500000000
160637  27.532  -15.658  3.630 0.2500000000
160638  26.957  -15.740  3.330 0.5000000000
161922  26.152  -15.168  2.811 0.6250000000
296595  26.221  -14.219  2.536 0.7500000000
164413  27.375  -13.862  3.062 0.5000000000
163196  28.061  -13.908  3.801 0.2500000000
163178  27.994  -14.459  4.136 0.1250000000
166924  28.415  -12.468  3.743 0.2500000000
298290  27.701  -12.567  3.119 0.3750000000
166940  26.837  -12.207  3.114 0.6250000000
166906  29.322  -12.190  4.902 0.1250000000
166891  30.003  -12.063  5.460 0.1250000000
274481  28.747  -12.022  3.959 0.1250000000
169662  27.887  -11.019  3.311 0.5000000000
282982  28.461  -10.540  3.806 0.1250000000
169647  29.162  -10.844  4.451 0.1250000000
266498  28.013  -10.462  3.420 0.5000000000
285456  29.548  -10.739  4.872 0.1250000000
287300  29.089  -9.876  4.528 0.1250000000
287289  28.686  -9.135  4.250 0.1250000000
173583  27.427  -8.850  3.648 0.6250000000
173565  28.339  -8.740  4.235 0.1250000000
270930  26.895  -7.558  3.149 0.6250000000
177648  27.181  -6.784  3.458 0.6250000000
181597  27.664  -4.744  3.301 0.6250000000
185352  27.308  -2.338  3.302 0.7500000000
187714  26.529  -0.986  3.824 0.7500000000
182844  27.847  -3.954  3.817 0.5000000000
188951  26.257  -0.440  3.554 0.7500000000
182837  29.343  -3.450  4.546 0.3750000000
191342  25.932  1.077  3.207 0.7500000000
188935  27.276  -0.209  4.501 0.6250000000
190157  26.843  0.111  4.156 0.7500000000
185331  28.785  -2.545  4.486 0.5000000000
280214  31.075  -1.951  5.011 0.1250000000
184078  30.589  -2.996  5.001 0.1250000000
184079  30.144  -3.241  4.739 0.2500000000
184077  31.087  -3.258  5.208 0.1250000000
195154  24.801  3.312  2.975 0.7500000000
193824  26.155  2.609  3.306 0.7500000000
191327  27.639  0.996  4.967 0.6250000000
190124  28.778  0.308  5.651 0.3750000000
191310  28.076  0.830  5.459 0.3750000000
187677  29.870  -1.094  5.122 0.1250000000
188910  30.115  -0.691  4.991 0.3750000000
197630  26.986  4.215  3.431 0.3750000000
287733  29.698  0.721  4.551 0.3750000000
187700  30.539  -0.791  4.681 0.1250000000
190156  30.428  0.209  3.683 0.1250000000
188948  31.434  -0.176  4.126 0.1250000000
195135  29.333  3.173  4.202 0.3750000000
196392  28.599  3.584  4.382 0.3750000000
192598  30.096  2.041  3.389 0.2500000000
190185  31.247  0.594  2.424 0.1250000000
190184  31.751  0.320  2.284 0.1250000000
188947  31.994  -0.361  3.778 0.1250000000
190172  30.915  0.505  3.072 0.1250000000
198701  25.320  5.258  2.364 0.3750000000
193842  29.909  2.595  3.593 0.2500000000
191379  31.137  1.018  2.106 0.1250000000
283695  30.954  1.571  1.874 0.1250000000
192606  30.551  2.020  2.153 0.1250000000
199708  26.490  5.559  2.519 0.3750000000
200675  29.661  6.153  2.019 0.3750000000
197627  29.426  4.409  3.683 0.3750000000
191387  31.153  1.132  1.106 0.1250000000
193872  30.601  2.556  1.107 0.1250000000
307180  30.349  2.739  0.582 0.1250000000
274070  29.962  2.058  -0.114 0.1250000000
195163  30.532  3.117  2.222 0.1250000000
196438  30.645  3.667  1.931 0.1250000000
267654  31.712  0.376  1.236 0.1250000000
191395  31.149  0.973  0.506 0.1250000000
201637  27.092  7.040  1.284 0.2500000000
201623  26.905  6.753  1.681 0.2500000000
201635  28.885  7.096  1.521 0.2500000000
198716  30.406  5.655  1.590 0.1250000000
277055  30.337  4.321  -0.121 0.1250000000
308685  30.676  4.063  1.060 0.1250000000
196463  29.858  3.550  -0.449 0.1250000000
202654  28.046  7.754  0.790 0.1250000000
202653  28.803  7.776  0.774 0.1250000000
201652  29.427  7.580  0.561 0.1250000000
261234  30.507  5.881  0.578 0.1250000000
192637  29.604  2.206  -0.840 0.1250000000
267035  30.630  4.967  0.801 0.1250000000
203710  27.989  8.493  -0.026 0.1250000000
202663  27.642  8.169  0.406 0.1250000000
149287  21.306  -22.301  6.610 0.7500000000
149300  22.046  -21.801  5.995 0.7500000000
147950  22.212  -22.491  6.045 0.7500000000
150649  20.427  -21.415  6.601 0.7500000000
149288  20.631  -21.987  6.859 0.7500000000
155695  20.046  -18.438  6.293 0.5000000000
155705  20.499  -18.453  6.005 0.6250000000
155725  25.228  -18.522  3.929 0.6250000000
158176  26.210  -17.376  3.342 0.5000000000
173550  29.796  -8.918  5.247 0.1250000000
173539  30.685  -8.794  5.766 0.1250000000
173551  29.244  -8.785  4.991 0.1250000000
279808  31.715  -1.974  5.004 0.1250000000
191402  30.999  0.764  -0.099 0.1250000000
192636  30.272  1.612  -0.122 0.1250000000
149276  19.863  -21.744  6.978 0.7500000000
153192  19.857  -19.990  6.733 0.5000000000
295774  22.342  -23.587  6.219 0.6250000000
287448  22.923  -23.248  5.926 0.6250000000
268401  24.683  -22.836  5.679 0.3750000000
149298  23.538  -22.392  5.501 0.6250000000
149296  25.961  -22.460  5.385 0.2500000000
149310  25.008  -21.921  5.069 0.3750000000
159366  26.644  -16.903  3.568 0.3750000000
193812  21.712  2.781  4.362 0.3750000000
195113  21.467  3.757  5.346 0.2500000000
197607  22.285  4.634  5.018 0.2500000000
147934  21.787  -22.792  6.361 0.6250000000
151964  24.755  -20.867  4.638 0.5000000000
281022  25.334  -19.791  4.341 0.5000000000
154444  25.684  -19.586  3.996 0.3750000000
146530  24.502  -23.849  5.873 0.5000000000
146540  24.227  -23.511  5.755 0.6250000000
156937  25.808  -18.279  3.807 0.5000000000
143736  22.283  -24.607  6.476 0.6250000000
153178  19.405  -19.993  7.202 0.3750000000
150637  19.549  -21.361  7.213 0.3750000000
146531  21.821  -23.534  6.442 0.6250000000
147935  21.296  -23.016  6.651 0.6250000000
149275  20.242  -22.352  7.236 0.6250000000
143732  24.685  -24.697  6.834 0.3750000000
145145  23.805  -24.560  6.344 0.5000000000
145158  22.420  -24.004  6.276 0.6250000000
154397  19.551  -19.464  7.112 0.2500000000
145142  25.133  -23.856  6.824 0.3750000000
149295  26.374  -22.319  5.220 0.2500000000
147933  25.491  -23.020  6.271 0.2500000000
150669  25.804  -21.431  4.737 0.2500000000
153210  25.802  -20.176  3.997 0.3750000000
154443  26.052  -19.641  3.944 0.2500000000
156926  26.661  -18.412  4.350 0.2500000000
156935  26.983  -17.834  4.297 0.2500000000
173521  18.533  -8.629  7.113 0.1250000000
180306  18.409  -5.305  6.276 0.2500000000
264286  27.611  -16.350  4.106 0.2500000000
182828  19.640  -2.932  5.121 0.3750000000
181560  18.933  -4.335  5.857 0.2500000000
188968  20.930  -0.308  3.310 0.2500000000
176177  18.194  -6.897  6.683 0.1250000000
173533  18.491  -9.142  6.548 0.2500000000
158157  19.744  -17.012  6.461 0.2500000000
302643  19.422  -4.171  4.924 0.3750000000
151971  24.462  -20.367  4.504 0.5000000000
150650  19.911  -21.124  6.758 0.5000000000
151943  19.965  -20.589  6.624 0.5000000000
147948  23.416  -22.967  5.787 0.6250000000
149297  24.170  -22.317  5.491 0.5000000000
150670  24.670  -21.479  4.730 0.5000000000
158174  27.364  -17.286  4.302 0.2500000000
154412  19.945  -19.312  6.635 0.3750000000
271750  19.932  -18.833  6.567 0.3750000000
158146  19.842  -17.548  6.681 0.2500000000
147936  20.837  -22.638  7.008 0.6250000000
154413  19.546  -18.935  6.915 0.3750000000
266035  26.197  -18.530  4.065 0.2500000000
145157  22.959  -24.047  6.000 0.6250000000
146541  23.404  -23.740  5.829 0.5000000000
147947  25.111  -22.929  5.825 0.2500000000
146529  24.921  -23.418  6.290 0.2500000000
147945  26.286  -22.591  5.563 0.2500000000
272732  25.299  -21.636  4.810 0.3750000000
153211  25.213  -20.351  4.627 0.3750000000
145144  24.351  -24.310  6.300 0.5000000000
145143  24.779  -24.224  6.709 0.3750000000
151930  19.510  -20.641  7.067 0.3750000000
146532  21.197  -23.568  6.630 0.6250000000
143733  24.238  -24.930  6.588 0.3750000000
143734  23.211  -24.815  6.343 0.5000000000
151962  26.399  -21.148  4.683 0.2500000000
155716  27.029  -18.950  4.409 0.2500000000
288608  18.342  -9.273  7.710 0.1250000000
143723  20.579  -24.788  7.170 0.5000000000
142368  23.635  -25.806  6.690 0.2500000000
141135  22.715  -26.391  6.389 0.3750000000
262673  22.098  -25.271  6.364 0.5000000000
145147  20.929  -24.441  6.780 0.5000000000
143724  20.178  -25.105  7.595 0.3750000000
145135  19.482  -23.722  7.656 0.5000000000
146519  20.549  -23.568  7.400 0.5000000000
286055  20.127  -23.918  7.604 0.5000000000
147923  19.830  -22.725  7.495 0.3750000000
147922  20.455  -22.967  7.401 0.5000000000
142352  18.616  -25.460  8.702 0.1250000000
142360  19.764  -25.425  8.048 0.3750000000
307529  19.666  -22.160  7.619 0.2500000000
137316  19.371  -28.114  8.240 0.1250000000
141119  19.434  -26.457  8.338 0.2500000000
141127  20.322  -26.446  7.581 0.3750000000
139893  23.936  -26.752  7.100 0.2500000000
139906  21.484  -26.761  6.962 0.3750000000
142369  21.166  -25.637  6.874 0.5000000000
139877  18.517  -26.907  9.098 0.1250000000
141118  19.842  -26.076  8.012 0.3750000000
284208  20.757  -26.005  7.221 0.3750000000
143699  18.488  -24.458  8.822 0.1250000000
146509  18.735  -23.081  8.399 0.1250000000
177613  29.695  -6.747  5.206 0.1250000000
284158  19.776  -22.127  7.423 0.3750000000
143735  22.640  -25.089  6.270 0.3750000000
145146  21.328  -24.034  6.639 0.5000000000
143737  21.665  -24.673  6.839 0.5000000000
149277  19.529  -21.727  7.389 0.2500000000
274566  19.165  -20.763  7.797 0.2500000000
142359  24.704  -25.894  7.477 0.2500000000
142370  20.631  -25.398  7.154 0.5000000000
143738  20.994  -25.051  6.763 0.5000000000
306751  19.699  -24.204  7.745 0.5000000000
141134  23.053  -25.976  6.423 0.3750000000
142383  21.791  -25.864  6.505 0.3750000000
141136  22.232  -26.344  6.401 0.3750000000
142371  20.233  -25.752  7.564 0.3750000000
143712  19.592  -24.719  7.972 0.2500000000
145121  19.156  -24.106  7.945 0.1250000000
146508  19.043  -23.568  7.937 0.1250000000
146521  19.366  -23.165  7.586 0.1250000000
146520  19.928  -23.348  7.524 0.5000000000
141109  18.770  -26.246  8.829 0.1250000000
142353  18.107  -25.707  9.229 0.1250000000
142361  19.265  -25.801  8.379 0.2500000000
292097  18.623  -24.922  8.632 0.1250000000
275128  19.088  -25.142  8.312 0.1250000000
268710  19.231  -22.384  8.052 0.1250000000
138633  18.876  -27.587  8.908 0.1250000000
139876  19.168  -26.950  8.699 0.1250000000
269685  19.887  -26.620  7.983 0.3750000000
308263  22.295  -27.368  6.873 0.2500000000
143713  18.906  -24.538  8.319 0.1250000000
292973  18.711  -23.452  8.239 0.1250000000
139886  20.166  -27.112  7.802 0.2500000000
138657  21.471  -27.661  7.301 0.2500000000
155696  19.630  -18.422  6.691 0.2500000000
139894  23.498  -27.043  6.929 0.2500000000
138646  19.767  -27.614  8.026 0.1250000000
139887  19.623  -27.039  8.175 0.1250000000
259083  20.924  -26.590  7.242 0.2500000000
139898  20.624  -26.936  7.502 0.2500000000
138658  20.985  -27.728  7.592 0.1250000000
156895  19.384  -17.868  7.374 0.1250000000
191349  20.699  1.192  4.183 0.1250000000
190163  20.951  0.755  3.719 0.1250000000
192568  20.546  1.738  4.273 0.1250000000
192552  20.143  1.818  5.058 0.1250000000
192551  20.210  2.275  5.243 0.1250000000
192567  20.519  2.198  4.487 0.1250000000
192547  20.307  2.205  5.809 0.1250000000
193798  20.699  2.689  5.481 0.1250000000
195109  21.537  3.759  5.832 0.1250000000
190143  20.617  0.647  4.612 0.1250000000
193791  21.500  3.436  6.011 0.1250000000
275741  22.844  2.801  7.057 0.1250000000
188955  20.665  -0.431  4.220 0.1250000000
188919  20.490  0.031  4.948 0.1250000000
181561  18.584  -4.652  6.339 0.1250000000
151931  19.182  -20.241  7.612 0.1250000000
155665  19.044  -18.559  7.775 0.1250000000
184090  19.411  -3.133  5.695 0.1250000000
187686  20.202  -0.789  5.054 0.1250000000
190126  20.064  0.683  5.561 0.1250000000
283460  20.077  0.786  5.753 0.1250000000
191305  21.594  0.982  6.070 0.1250000000
309189  23.123  1.946  6.602 0.1250000000
195102  23.193  3.303  7.243 0.1250000000
195105  22.385  3.714  6.489 0.1250000000
187718  20.231  -1.084  4.279 0.1250000000
159338  19.373  -16.477  6.335 0.1250000000
276900  19.595  -16.842  6.762 0.1250000000
156907  19.874  -17.984  6.450 0.1250000000
193813  20.790  2.539  4.832 0.1250000000
195110  21.079  3.378  5.687 0.1250000000
154398  19.255  -18.984  7.467 0.1250000000
154382  19.030  -19.085  7.960 0.1250000000
275373  19.204  -3.824  5.618 0.1250000000
268034  19.640  -17.405  7.021 0.1250000000
156908  19.561  -17.940  6.917 0.1250000000
155680  19.267  -18.393  7.246 0.1250000000
156879  19.355  -17.884  7.728 0.1250000000
296241  19.131  -18.116  7.676 0.1250000000
191329  20.295  1.268  4.920 0.1250000000
191306  20.138  1.588  5.907 0.1250000000
193795  21.148  2.951  5.842 0.1250000000
192546  21.769  1.770  6.596 0.1250000000
195106  22.050  3.629  6.204 0.1250000000
193790  21.880  3.361  6.196 0.1250000000
191304  22.513  1.028  6.540 0.1250000000
143722  25.090  -24.909  7.330 0.1250000000
145130  26.211  -24.040  7.415 0.1250000000
146518  25.837  -23.752  6.961 0.1250000000
308891  26.521  -23.131  6.892 0.1250000000
149285  26.776  -22.340  5.415 0.1250000000
149294  26.797  -22.015  5.144 0.1250000000
151952  27.527  -21.246  4.973 0.1250000000
151961  26.983  -20.882  4.724 0.1250000000
153198  28.277  -20.276  5.521 0.1250000000
153199  27.949  -20.228  5.224 0.1250000000
302354  27.307  -20.031  4.898 0.1250000000
154430  28.375  -19.056  5.476 0.1250000000
156925  27.367  -18.315  4.562 0.1250000000
156916  28.671  -17.998  5.351 0.1250000000
300836  28.258  -18.113  5.052 0.1250000000
158165  27.905  -17.275  4.763 0.1250000000
306141  23.566  -27.725  7.317 0.1250000000
139896  21.744  -27.292  7.023 0.1250000000
139885  23.932  -27.399  7.280 0.1250000000
139884  24.355  -26.899  7.644 0.1250000000
141115  25.075  -25.919  8.052 0.1250000000
143710  26.290  -24.897  8.015 0.1250000000
142357  26.030  -25.427  8.175 0.1250000000
146507  26.817  -23.749  7.719 0.1250000000
147919  27.271  -22.697  7.321 0.1250000000
149283  27.951  -21.827  6.733 0.1250000000
150657  27.897  -21.419  5.471 0.1250000000
150645  28.794  -21.158  6.204 0.1250000000
154419  29.244  -19.248  6.143 0.1250000000
159355  28.214  -16.636  4.786 0.1250000000
158163  28.960  -16.895  5.498 0.1250000000
158154  29.011  -17.516  5.728 0.1250000000
160623  28.158  -15.639  4.513 0.1250000000
142358  25.073  -25.421  7.680 0.1250000000
143721  25.496  -24.630  7.398 0.1250000000
156934  27.497  -17.717  4.571 0.1250000000
147920  26.824  -22.750  6.833 0.1250000000
154432  27.155  -19.456  4.932 0.1250000000
141125  23.932  -26.269  6.928 0.1250000000
141116  24.751  -26.431  7.811 0.1250000000
138644  23.261  -28.063  7.305 0.1250000000
141107  25.706  -26.014  8.349 0.1250000000
146516  26.852  -23.178  7.304 0.1250000000
150658  27.306  -21.873  5.270 0.1250000000
149274  27.285  -22.220  6.662 0.1250000000
151960  27.529  -20.500  4.890 0.1250000000
154421  28.258  -19.686  5.393 0.1250000000
151951  28.071  -20.824  5.296 0.1250000000
307973  29.065  -19.709  5.974 0.1250000000
155714  27.861  -18.473  4.946 0.1250000000
304938  28.761  -17.422  5.272 0.1250000000
156906  29.274  -18.274  6.276 0.1250000000
137325  23.663  -28.435  8.051 0.1250000000
138631  24.652  -28.052  8.133 0.1250000000
145118  27.117  -24.236  8.172 0.1250000000
158153  29.369  -17.065  5.952 0.1250000000
138632  19.378  -27.464  8.399 0.1250000000
138642  24.346  -27.523  7.920 0.1250000000
138643  23.776  -27.918  7.699 0.1250000000
138654  23.318  -27.517  7.053 0.1250000000
138655  22.759  -27.733  7.005 0.1250000000
139883  24.790  -26.974  8.029 0.1250000000
139895  22.829  -27.034  6.689 0.2500000000
139897  21.119  -27.187  7.319 0.2500000000
141108  25.191  -26.505  8.215 0.1250000000
141117  24.341  -26.365  7.317 0.1250000000
141126  23.387  -26.476  6.684 0.2500000000
141137  21.309  -26.212  6.908 0.5000000000
142366  24.623  -25.334  7.058 0.1250000000
142367  24.111  -25.440  6.753 0.3750000000
142380  23.702  -25.183  6.502 0.2500000000
142381  23.093  -25.437  6.421 0.3750000000
142382  22.481  -25.799  6.136 0.3750000000
143698  26.667  -25.274  8.332 0.1250000000
143711  25.640  -25.053  7.751 0.1250000000
143747  22.840  -24.463  6.295 0.6250000000
145120  25.987  -24.551  7.591 0.1250000000
145122  18.640  -23.930  8.273 0.1250000000
145131  25.640  -24.221  7.206 0.3750000000
145132  25.113  -24.405  7.083 0.3750000000
145133  20.552  -24.176  7.259 0.5000000000
145134  20.141  -24.497  7.575 0.5000000000
145155  24.026  -24.079  5.935 0.5000000000
145156  23.390  -24.290  6.041 0.6250000000
146515  27.333  -23.269  7.705 0.1250000000
146517  26.380  -23.520  7.172 0.1250000000
146527  26.020  -23.203  6.680 0.1250000000
146528  25.440  -23.422  6.644 0.1250000000
146539  24.675  -23.360  5.809 0.3750000000
146542  22.731  -23.659  6.002 0.6250000000
146543  22.373  -23.141  6.164 0.6250000000
147907  27.761  -22.812  7.725 0.1250000000
147908  19.072  -22.979  7.990 0.1250000000
147921  26.408  -22.842  6.566 0.1250000000
147924  19.549  -22.444  7.771 0.2500000000
147932  26.056  -22.761  6.208 0.2500000000
147946  25.705  -22.672  5.799 0.2500000000
147949  22.749  -22.758  5.858 0.6250000000
149284  27.099  -22.090  5.936 0.1250000000
149286  21.765  -22.257  6.243 0.7500000000
149309  25.751  -21.999  5.114 0.2500000000
149311  23.726  -21.943  5.165 0.7500000000
150638  19.370  -21.529  7.604 0.2500000000
150647  27.590  -21.765  6.046 0.1250000000
150656  28.381  -21.155  5.701 0.1250000000
150667  26.989  -21.565  4.876 0.1250000000
150668  26.353  -21.732  4.995 0.1250000000
150672  23.399  -21.560  4.958 0.7500000000
151950  28.627  -20.689  5.796 0.1250000000
151963  25.811  -20.800  4.447 0.3750000000
151965  24.174  -20.947  4.659 0.6250000000
151967  22.137  -20.572  5.223 0.7500000000
153197  28.689  -19.983  5.742 0.1250000000
153200  21.669  -20.261  5.328 0.7500000000
153208  26.812  -20.146  4.682 0.1250000000
153209  26.214  -20.030  4.085 0.2500000000
153221  24.152  -19.805  4.480 0.7500000000
154420  28.779  -19.296  5.744 0.1250000000
154431  27.809  -19.107  5.203 0.1250000000
154433  26.561  -19.536  4.449 0.2500000000
154434  22.326  -19.542  4.710 0.7500000000
154445  25.117  -19.217  4.130 0.6250000000
154447  22.755  -19.083  4.456 0.7500000000
155693  29.460  -18.728  6.366 0.1250000000
155694  20.434  -18.973  6.259 0.3750000000
155702  29.004  -18.724  6.079 0.1250000000
155703  28.730  -18.629  5.574 0.1250000000
155713  28.297  -18.551  5.273 0.1250000000
155715  27.482  -18.875  4.704 0.1250000000
155723  26.348  -19.013  4.305 0.2500000000
155724  25.789  -18.963  4.063 0.2500000000
156915  28.994  -18.129  5.873 0.1250000000
156924  27.896  -17.920  4.812 0.1250000000
156927  21.197  -18.194  5.417 0.8750000000
156936  26.347  -17.971  3.773 0.2500000000
156938  24.128  -18.259  3.801 0.7500000000
156939  23.534  -18.315  3.578 0.7500000000
156940  22.912  -18.178  3.641 0.7500000000
156942  21.439  -17.710  4.629 0.8750000000
156949  25.856  -17.750  3.348 0.5000000000
156950  25.336  -17.905  3.782 0.6250000000
156953  23.329  -17.768  3.469 0.7500000000
158164  28.487  -17.049  5.090 0.1250000000
158175  26.806  -17.363  3.871 0.2500000000
158177  21.757  -17.474  4.001 0.8750000000
158188  25.227  -17.006  3.637 0.6250000000
158190  23.765  -17.254  3.339 0.8750000000
158194  21.545  -16.808  4.072 0.8750000000
159354  28.590  -16.454  5.251 0.1250000000
159364  27.735  -16.757  4.364 0.2500000000
159365  27.217  -16.747  3.896 0.2500000000
159375  26.753  -16.356  3.550 0.3750000000
159377  25.474  -16.565  3.444 0.8750000000
159390  24.031  -15.909  3.542 0.8750000000
160614  27.963  -16.218  4.483 0.1250000000
160624  27.776  -15.884  4.068 0.2500000000
160640  25.172  -15.947  3.389 0.6250000000
160642  23.051  -15.531  3.324 1.0000000000
160644  21.674  -15.705  3.822 1.0000000000
160652  25.122  -15.383  3.184 0.7500000000
160654  24.419  -15.474  3.284 1.0000000000
160655  23.669  -15.566  3.375 0.8750000000
161921  26.811  -15.183  2.952 0.6250000000
161924  22.509  -14.693  3.577 1.0000000000
161926  21.439  -15.033  3.892 1.0000000000
161936  24.189  -15.065  2.922 0.8750000000
161937  23.054  -14.905  3.293 1.0000000000
163169  19.669  -14.368  5.144 0.7500000000
163217  25.070  -14.869  3.009 0.7500000000
163218  24.426  -14.702  2.673 0.8750000000
163220  23.415  -14.549  2.874 1.0000000000
164378  18.648  -13.483  6.279 0.2500000000
164388  28.845  -13.780  4.915 0.1250000000
164389  19.782  -13.723  4.862 0.8750000000
164390  19.387  -13.567  5.291 0.8750000000
164397  28.609  -13.342  4.411 0.1250000000
164399  20.287  -13.675  4.423 1.0000000000
164411  28.258  -13.433  3.872 0.1250000000
164412  27.915  -13.588  3.321 0.5000000000
164414  26.784  -14.089  2.736 0.5000000000
164435  25.139  -13.713  2.650 0.7500000000
164438  23.168  -13.698  2.788 1.0000000000
164439  22.475  -13.408  3.509 1.0000000000
165626  29.780  -12.564  5.535 0.1250000000
165628  18.832  -12.938  5.912 0.3750000000
165629  18.572  -12.580  6.383 0.1250000000
165644  28.766  -12.907  4.434 0.1250000000
165646  20.424  -13.203  4.188 1.0000000000
165654  27.620  -13.235  3.045 0.6250000000
165655  21.270  -12.905  3.631 1.0000000000
165675  25.667  -13.485  2.598 0.7500000000
165677  24.594  -13.397  2.822 0.7500000000
165695  24.670  -12.827  2.925 1.0000000000
165698  23.018  -12.872  2.630 1.0000000000
166879  18.289  -12.238  6.842 0.2500000000
166905  29.617  -12.249  5.232 0.1250000000
166907  19.805  -11.743  4.665 1.0000000000
166908  19.212  -12.271  5.258 0.7500000000
166916  29.039  -12.098  4.458 0.1250000000
166917  28.717  -12.504  4.244 0.1250000000
166925  20.846  -12.476  3.734 1.0000000000
166939  27.390  -12.042  3.066 0.6250000000
166944  21.781  -12.251  3.146 1.0000000000
166946  20.923  -11.939  3.561 1.0000000000
166964  24.402  -12.370  2.791 0.8750000000
166966  23.422  -12.434  2.609 1.0000000000
168232  18.126  -11.281  7.331 0.1250000000
168241  30.894  -11.689  6.054 0.1250000000
168254  18.293  -11.662  6.630 0.2500000000
168275  18.597  -11.414  6.055 0.6250000000
168286  29.657  -11.745  5.098 0.1250000000
168287  29.294  -11.763  4.711 0.1250000000
168288  19.323  -11.618  5.095 0.8750000000
168298  29.012  -11.494  4.301 0.1250000000
168306  28.544  -11.483  3.799 0.1250000000
168307  28.100  -11.481  3.381 0.1250000000
168308  20.650  -11.588  3.674 1.0000000000
168342  23.858  -11.231  2.088 1.0000000000
169608  18.021  -10.709  7.075 0.2500000000
169612  30.594  -10.748  5.930 0.1250000000
169633  19.615  -11.125  4.795 0.8750000000
169635  18.831  -10.496  5.418 0.8750000000
169649  19.852  -10.829  4.381 1.0000000000
169661  28.291  -10.984  3.621 0.5000000000
169677  21.872  -10.999  2.911 1.0000000000
169678  21.409  -10.733  2.977 1.0000000000
169679  20.910  -10.763  3.247 1.0000000000
169692  25.396  -10.728  2.579 0.8750000000
169693  24.185  -10.783  1.860 1.0000000000
169694  23.384  -11.132  2.057 1.0000000000
169696  22.440  -10.638  2.621 1.0000000000
169711  23.216  -10.663  1.711 1.0000000000
170937  18.630  -10.203  5.908 0.3750000000
170941  29.866  -10.584  5.296 0.1250000000
170942  29.634  -10.290  4.999 0.1250000000
170950  19.220  -10.176  5.048 1.0000000000
170960  29.325  -10.307  4.627 0.1250000000
170961  28.828  -10.313  4.224 0.1250000000
170976  28.327  -10.022  3.875 0.1250000000
170979  20.266  -9.828  3.865 1.0000000000
170989  27.493  -10.160  3.111 0.5000000000
170990  27.101  -9.825  2.823 0.6250000000
170993  20.776  -10.095  3.289 1.0000000000
171004  26.044  -10.108  2.511 0.7500000000
171005  25.426  -10.262  2.458 0.8750000000
171007  24.422  -10.373  1.819 1.0000000000
171008  22.741  -10.416  1.929 1.0000000000
171020  23.042  -10.215  1.547 1.0000000000
171021  22.559  -9.811  1.662 1.0000000000
172229  18.699  -9.674  8.003 0.1250000000
172235  18.191  -9.320  7.465 0.1250000000
172248  18.116  -9.829  6.779 0.2500000000
172252  30.875  -9.229  6.240 0.1250000000
172253  30.308  -9.736  5.751 0.1250000000
172254  29.874  -10.032  5.363 0.1250000000
172264  30.296  -9.118  5.533 0.1250000000
172279  29.110  -9.298  4.598 0.1250000000
172280  28.646  -9.664  4.294 0.1250000000
172282  19.496  -9.296  4.599 0.8750000000
172291  28.170  -9.357  3.979 0.5000000000
172292  27.617  -9.290  3.617 0.5000000000
172293  27.094  -9.169  3.260 0.6250000000
172342  24.009  -9.290  1.727 1.0000000000
172345  22.206  -9.152  1.630 1.0000000000
173520  18.583  -8.778  7.283 0.1250000000
173534  18.247  -9.027  7.118 0.2500000000
173546  18.537  -8.794  6.208 0.3750000000
173549  30.213  -8.573  5.404 0.1250000000
173564  28.885  -8.732  4.509 0.1250000000
173572  19.291  -9.024  5.030 0.8750000000
173584  27.160  -8.589  3.497 0.6250000000
173585  20.214  -8.527  3.595 1.0000000000
173606  26.867  -8.541  3.116 0.7500000000
173607  26.636  -8.494  2.688 0.7500000000
173608  21.096  -8.587  2.824 1.0000000000
173633  25.563  -8.576  2.501 0.8750000000
173653  23.730  -8.707  1.637 1.0000000000
173654  23.136  -8.676  1.411 1.0000000000
173655  22.018  -8.605  1.614 1.0000000000
173656  21.662  -8.471  1.876 1.0000000000
174846  18.575  -8.159  7.083 0.1250000000
174858  18.480  -8.487  6.941 0.1250000000
174872  18.556  -8.137  6.022 0.3750000000
174891  18.726  -8.001  5.550 0.5000000000
174902  28.762  -7.717  4.787 0.1250000000
174909  19.646  -7.982  4.393 0.7500000000
174922  27.988  -8.154  4.115 0.5000000000
174938  26.413  -7.957  2.590 0.7500000000
174939  20.847  -8.095  2.988 1.0000000000
174959  25.289  -8.035  2.394 1.0000000000
174961  24.055  -8.117  1.898 1.0000000000
174982  22.808  -8.051  1.490 1.0000000000
174985  21.790  -7.658  1.916 1.0000000000
176171  17.951  -6.732  7.619 0.1250000000
176194  18.513  -7.483  5.934 0.3750000000
176195  18.349  -7.197  6.437 0.3750000000
176238  28.553  -7.172  4.675 0.2500000000
176245  19.294  -7.545  4.570 0.6250000000
176254  27.203  -7.367  3.470 0.6250000000
176255  20.356  -7.464  3.431 1.0000000000
176263  26.843  -7.067  3.180 0.6250000000
176265  20.972  -7.610  2.789 1.0000000000
176276  26.114  -7.452  2.520 0.7500000000
176277  25.402  -6.954  2.280 1.0000000000
176280  20.991  -7.049  2.617 1.0000000000
176299  22.692  -7.355  1.638 1.0000000000
176301  21.670  -7.211  2.014 1.0000000000
177587  18.115  -6.580  6.591 0.2500000000
177599  30.079  -6.650  5.608 0.1250000000
177604  18.545  -6.878  5.651 0.5000000000
177614  29.391  -6.853  4.903 0.1250000000
177623  18.820  -6.542  5.276 0.6250000000
177632  28.451  -6.609  4.490 0.2500000000
177637  19.673  -6.719  4.130 0.8750000000
177649  20.337  -6.874  3.348 1.0000000000
177659  26.647  -6.464  3.314 0.6250000000
177660  26.467  -6.786  2.989 0.6250000000
177673  25.368  -6.470  1.865 1.0000000000
177689  23.650  -6.415  1.579 1.0000000000
177691  21.841  -6.761  1.977 1.0000000000
178988  17.927  -6.038  6.854 0.2500000000
178999  29.825  -6.201  5.296 0.2500000000
179004  18.459  -5.873  5.936 0.5000000000
179021  19.129  -6.126  4.999 0.5000000000
179031  28.844  -6.131  4.658 0.3750000000
179032  28.392  -6.010  4.230 0.5000000000
179035  19.809  -5.712  4.281 0.8750000000
179045  27.034  -6.240  3.482 0.6250000000
179046  20.376  -6.299  3.243 1.0000000000
179055  27.358  -5.822  3.474 0.6250000000
179057  26.317  -6.253  2.903 0.6250000000
179069  25.329  -5.933  1.555 1.0000000000
179070  21.790  -5.484  1.971 1.0000000000
179071  21.404  -5.924  2.282 1.0000000000
179082  23.422  -5.810  1.452 1.0000000000
180299  30.006  -5.711  5.590 0.1250000000
180317  29.350  -5.144  4.887 0.2500000000
180325  19.026  -4.924  5.538 0.3750000000
180334  19.650  -5.104  4.545 0.6250000000
180345  28.213  -5.431  4.023 0.5000000000
180357  27.380  -5.256  3.041 0.7500000000
180358  26.990  -5.188  2.633 0.7500000000
180360  21.224  -4.715  2.463 1.0000000000
180368  26.030  -5.618  2.090 0.8750000000
180370  25.173  -5.355  1.517 1.0000000000
180371  21.669  -4.876  2.005 1.0000000000
180372  21.260  -5.317  2.343 1.0000000000
180377  23.104  -5.258  1.272 1.0000000000
181571  29.869  -4.232  4.985 0.2500000000
181579  19.248  -4.353  5.266 0.6250000000
181585  28.947  -4.727  4.511 0.3750000000
181586  28.477  -4.914  4.110 0.5000000000
181598  20.309  -4.610  3.868 0.6250000000
181607  27.419  -4.696  2.676 0.7500000000
181609  25.561  -4.272  1.927 1.0000000000
181611  20.726  -4.630  3.381 0.8750000000
181616  21.550  -4.262  2.112 1.0000000000
181625  24.506  -4.913  1.550 1.0000000000
181627  23.283  -4.305  1.567 1.0000000000
182801  31.554  -4.159  5.464 0.1250000000
182806  19.124  -3.734  5.902 0.1250000000
182815  31.089  -3.760  5.325 0.1250000000
182816  30.552  -3.608  5.045 0.1250000000
182817  30.055  -3.715  4.822 0.2500000000
182829  19.441  -3.721  5.149 0.3750000000
182836  29.809  -3.429  4.635 0.2500000000
182838  19.628  -4.091  4.645 0.3750000000
182845  20.489  -4.057  3.624 0.8750000000
182851  27.576  -3.808  3.341 0.6250000000
182854  26.267  -3.610  2.412 0.8750000000
182855  21.244  -4.133  2.706 1.0000000000
182871  21.553  -3.569  2.417 1.0000000000
182882  23.850  -4.065  1.725 1.0000000000
182884  22.961  -3.789  1.695 1.0000000000
184094  29.703  -2.970  4.573 0.3750000000
184095  29.116  -2.999  4.416 0.5000000000
184111  28.319  -3.461  3.938 0.5000000000
184112  27.806  -3.410  3.627 0.5000000000
184114  20.002  -3.226  4.347 0.8750000000
184123  27.453  -3.269  3.203 0.6250000000
184124  27.021  -3.174  2.884 0.8750000000
184125  26.568  -3.072  2.586 0.8750000000
184126  25.998  -3.129  2.461 1.0000000000
184144  24.711  -3.256  2.303 1.0000000000
184145  24.152  -3.040  2.124 1.0000000000
184146  23.529  -2.812  2.114 1.0000000000
185312  32.060  -2.541  5.218 0.1250000000
185313  31.240  -2.605  5.116 0.1250000000
185314  30.611  -2.421  5.038 0.1250000000
185332  28.085  -2.544  4.415 0.5000000000
185338  19.898  -1.831  4.949 0.1250000000
185353  26.646  -2.171  3.284 0.8750000000
185368  26.254  -2.590  2.707 0.8750000000
185371  20.834  -2.384  2.963 1.0000000000
185382  24.588  -2.550  2.092 1.0000000000
185384  23.267  -2.190  2.172 1.0000000000
186491  30.536  -1.857  5.002 0.1250000000
186493  29.535  -1.627  5.052 0.5000000000
186494  28.932  -1.463  4.973 0.3750000000
186511  32.071  -1.500  4.827 0.1250000000
186513  29.753  -2.319  4.779 0.2500000000
186516  27.773  -1.963  4.371 0.5000000000
186517  27.405  -1.427  4.315 0.7500000000
186538  25.829  -1.518  3.387 0.8750000000
186539  20.562  -1.345  3.169 1.0000000000
186550  25.971  -2.118  3.210 0.8750000000
186553  24.179  -1.326  2.230 1.0000000000
186565  23.693  -1.634  2.146 1.0000000000
186567  22.770  -1.251  1.599 1.0000000000
186568  22.170  -1.543  1.809 1.0000000000
187676  30.431  -1.250  4.922 0.1250000000
187679  28.704  -0.885  5.247 0.5000000000
187680  28.127  -0.863  5.152 0.5000000000
187698  31.861  -1.066  4.608 0.1250000000
187699  30.937  -1.024  4.697 0.1250000000
187701  27.975  -1.363  4.624 0.5000000000
187703  27.073  -0.894  4.187 0.7500000000
187704  20.253  -0.622  4.763 0.1250000000
187712  32.448  -0.842  3.879 0.1250000000
187713  31.965  -0.664  4.278 0.1250000000
187717  20.594  -0.889  3.733 0.5000000000
187729  25.056  -1.151  2.894 0.8750000000
187732  23.565  -0.691  1.501 1.0000000000
187734  20.978  -0.899  3.125 0.5000000000
187744  32.763  -0.851  2.761 0.1250000000
188911  29.561  -0.541  5.127 0.3750000000
188914  27.870  -0.284  5.102 0.6250000000
188932  30.880  -0.528  4.384 0.1250000000
188933  30.247  -0.377  4.492 0.1250000000
188934  29.795  -0.213  4.844 0.2500000000
188946  32.355  -0.477  3.434 0.1250000000
188954  21.065  0.315  3.281 0.3750000000
188962  32.003  -0.146  3.244 0.1250000000
188963  25.080  -0.519  2.786 0.7500000000
188979  32.011  0.012  2.736 0.1250000000
188980  23.283  -0.272  1.624 1.0000000000
188990  32.130  0.004  1.154 0.1250000000
190123  29.311  0.042  5.079 0.3750000000
190138  29.994  0.456  4.304 0.3750000000
190139  29.674  0.319  4.679 0.2500000000
190142  27.200  0.510  4.481 0.7500000000
190154  31.612  0.034  3.612 0.1250000000
190158  26.193  0.577  3.533 0.7500000000
190159  25.612  0.582  3.209 0.7500000000
190160  24.949  0.613  3.030 0.8750000000
190175  22.749  0.795  1.816 1.0000000000
190183  32.279  -0.058  2.241 0.1250000000
190199  31.662  0.232  0.760 0.1250000000
190200  31.372  0.614  0.937 0.1250000000
190214  30.617  0.638  -0.652 0.1250000000
191309  28.494  0.833  5.400 0.3750000000
191311  19.934  1.318  5.642 0.1250000000
191324  29.441  1.162  4.544 0.3750000000
191325  28.763  1.247  4.817 0.3750000000
191326  28.112  1.344  5.085 0.3750000000
191340  30.260  0.838  3.997 0.1250000000
191343  25.196  1.028  3.077 0.7500000000
191345  23.584  1.242  2.361 1.0000000000
191358  30.850  1.103  2.992 0.1250000000
191371  31.024  0.846  2.613 0.1250000000
191403  30.491  1.179  -0.401 0.1250000000
192548  20.092  1.786  5.804 0.1250000000
192562  30.240  1.500  3.928 0.2500000000
192563  29.718  1.619  4.281 0.2500000000
192565  27.882  1.893  4.647 0.6250000000
192566  27.295  1.753  4.332 0.7500000000
192583  25.337  2.171  2.805 0.7500000000
192597  30.581  1.565  3.227 0.2500000000
192614  31.003  1.585  1.278 0.1250000000
192615  30.741  2.059  1.511 0.1250000000
192622  31.020  1.524  0.692 0.1250000000
192631  30.502  1.804  0.339 0.1250000000
192643  29.925  1.621  -0.698 0.1250000000
193794  22.512  2.244  6.845 0.1250000000
193808  28.137  2.434  4.536 0.3750000000
193821  29.572  2.687  4.134 0.2500000000
193822  29.169  2.781  4.422 0.3750000000
193823  27.132  2.740  4.159 0.7500000000
193843  25.062  2.734  2.914 0.7500000000
193852  30.510  2.558  2.520 0.1250000000
193863  30.588  2.560  1.841 0.1250000000
193879  30.383  2.289  0.471 0.1250000000
193886  30.101  2.633  0.094 0.1250000000
193887  29.764  2.626  -0.502 0.1250000000
193892  29.267  2.692  -1.033 0.1250000000
195122  28.895  3.131  4.458 0.3750000000
195134  29.736  3.142  3.770 0.2500000000
195137  27.342  3.185  4.122 0.3750000000
195140  25.876  3.062  3.101 0.7500000000
195152  30.113  3.078  3.301 0.2500000000
195173  30.671  3.107  1.556 0.1250000000
196405  28.968  3.977  4.045 0.3750000000
196406  28.331  4.004  3.950 0.3750000000
196407  27.178  3.653  3.905 0.7500000000
196408  26.596  3.682  3.584 0.3750000000
196416  30.209  4.011  3.191 0.2500000000
196417  29.871  4.105  3.573 0.3750000000
196428  30.463  3.725  2.623 0.2500000000
196448  30.630  4.562  1.220 0.1250000000
196457  30.541  3.663  0.693 0.1250000000
196465  30.000  4.031  -0.512 0.1250000000
196466  29.585  3.684  -0.880 0.1250000000
197616  23.557  5.408  4.242 0.6250000000
197629  28.062  4.480  3.626 0.3750000000
197631  26.274  4.138  3.049 0.6250000000
197642  29.504  4.830  3.205 0.3750000000
197672  30.417  4.914  0.058 0.1250000000
198677  23.157  5.848  4.723 0.2500000000
198682  28.993  4.878  3.376 0.3750000000
198685  27.112  4.798  3.217 0.3750000000
198694  30.253  4.841  2.783 0.3750000000
198700  26.048  5.188  2.684 0.3750000000
198702  24.744  5.520  2.461 0.3750000000
198708  30.285  5.233  2.478 0.1250000000
198709  29.771  5.557  2.468 0.2500000000
198725  30.579  5.544  1.046 0.1250000000
198741  30.302  5.352  -1.335 0.1250000000
199698  23.629  6.603  4.116 0.2500000000
199706  27.940  5.954  2.680 0.3750000000
199707  27.298  5.785  2.747 0.3750000000
199718  29.124  5.906  2.495 0.3750000000
199726  30.190  6.133  1.594 0.1250000000
199735  30.402  6.055  1.110 0.1250000000
200640  23.821  7.562  4.434 0.2500000000
200641  24.123  6.990  4.835 0.2500000000
200649  23.637  7.627  3.966 0.2500000000
200668  24.023  6.498  3.054 0.5000000000
200676  28.919  6.361  2.131 0.2500000000
200677  27.852  6.523  2.409 0.3750000000
200678  26.365  6.438  1.878 0.3750000000
200689  28.626  6.797  1.912 0.2500000000
200699  29.929  6.838  1.135 0.1250000000
200703  30.403  6.466  0.570 0.1250000000
200706  30.413  6.674  -0.136 0.1250000000
201588  24.761  7.605  4.953 0.1250000000
201634  29.476  6.962  1.327 0.1250000000
201636  28.222  7.156  1.663 0.2500000000
201645  30.181  6.902  0.755 0.1250000000
201648  28.472  7.424  1.185 0.2500000000
202645  27.667  7.418  1.235 0.2500000000
202660  29.656  7.831  0.013 0.1250000000
202661  29.051  7.964  0.199 0.1250000000
202662  28.375  8.090  0.349 0.1250000000
258208  25.592  5.519  2.105 0.3750000000
258795  24.797  -19.769  4.479 0.5000000000
259562  25.269  -21.111  4.660 0.5000000000
259698  26.593  -11.127  2.710 0.6250000000
259754  22.468  -6.674  1.738 1.0000000000
259909  30.446  5.825  -0.484 0.1250000000
260259  28.352  -17.627  5.051 0.1250000000
261381  22.544  -6.084  1.727 1.0000000000
262209  27.583  7.005  1.672 0.2500000000
264119  30.535  5.258  2.039 0.1250000000
264293  28.629  5.256  3.126 0.3750000000
264562  27.658  -19.835  5.112 0.1250000000
265056  24.064  6.650  6.234 0.2500000000
265710  20.881  -23.871  6.819 0.5000000000
265859  24.351  -21.929  5.028 0.3750000000
265868  19.068  -5.508  5.278 0.5000000000
266053  25.617  -5.022  1.793 1.0000000000
267102  30.481  5.117  1.453 0.1250000000
267286  30.417  2.029  2.792 0.1250000000
267288  23.871  -19.372  4.337 0.7500000000
267309  24.350  6.922  1.879 0.3750000000
268072  24.062  -11.818  2.583 1.0000000000
269405  27.907  -12.003  3.171 0.3750000000
269550  18.491  -6.322  5.646 0.5000000000
269582  26.690  0.575  3.992 0.7500000000
269875  20.381  -8.973  3.374 1.0000000000
269955  19.828  -6.211  4.029 1.0000000000
270246  23.038  -22.484  5.510 0.7500000000
270789  30.219  -2.221  4.971 0.2500000000
271688  19.741  -9.043  4.234 0.8750000000
271821  18.621  -9.140  5.953 0.3750000000
271824  22.079  -3.357  2.038 1.0000000000
272653  23.768  -7.027  1.549 1.0000000000
272963  26.502  -4.171  2.459 0.8750000000
273593  22.921  4.430  3.950 0.7500000000
273782  30.536  -11.324  5.826 0.1250000000
274480  29.801  -11.139  5.176 0.1250000000
274726  25.049  -3.733  2.188 1.0000000000
274792  30.697  4.271  2.251 0.1250000000
274938  23.242  -14.097  2.936 1.0000000000
275845  22.726  -4.769  1.310 1.0000000000
276372  23.731  1.711  2.507 0.8750000000
277114  26.511  -13.116  2.861 0.6250000000
278224  20.633  -27.348  7.595 0.2500000000
278335  21.321  -11.810  3.262 1.0000000000
278342  24.690  -23.888  6.443 0.5000000000
278526  22.519  -8.659  1.405 1.0000000000
278557  26.390  -15.543  3.066 0.6250000000
278793  23.857  -7.572  1.721 1.0000000000
279338  30.253  3.731  0.039 0.1250000000
279410  29.710  -4.726  5.098 0.2500000000
280414  24.245  -25.871  7.017 0.2500000000
280611  30.589  4.311  0.520 0.1250000000
280716  22.041  -15.210  3.614 1.0000000000
281120  26.348  -20.510  4.422 0.1250000000
281360  21.540  -13.832  3.770 1.0000000000
281959  29.400  -6.308  4.906 0.2500000000
282350  28.815  -3.467  4.292 0.5000000000
282769  20.993  -14.022  3.808 1.0000000000
282808  20.302  -3.460  3.726 0.8750000000
283723  29.025  -4.036  4.481 0.3750000000
283877  30.714  3.623  1.292 0.1250000000
284112  25.510  -17.483  3.464 0.6250000000
284191  19.902  -12.350  4.537 1.0000000000
284627  27.604  -2.896  3.583 0.7500000000
284688  27.504  4.503  3.500 0.3750000000
284713  24.262  -9.867  1.818 1.0000000000
284973  25.641  -7.493  2.377 1.0000000000
285418  27.632  -14.725  3.595 0.5000000000
285614  21.539  -25.302  6.682 0.3750000000
286046  18.291  -4.957  6.784 0.1250000000
286079  25.865  -9.102  2.616 0.8750000000
286292  31.989  0.222  1.706 0.1250000000
286441  27.924  -7.550  4.046 0.6250000000
286735  26.440  0.085  3.756 0.7500000000
287115  24.280  -16.628  3.541 0.8750000000
287278  28.591  -8.213  4.454 0.1250000000
287283  29.069  -8.257  4.827 0.1250000000
287291  26.411  -9.031  2.715 0.7500000000
287515  18.881  -7.053  5.209 0.6250000000
287944  21.439  -9.713  2.608 1.0000000000
288150  29.056  3.523  4.237 0.3750000000
288239  18.624  -9.642  5.907 0.3750000000
288298  20.673  -7.688  3.138 1.0000000000
288550  24.016  -22.776  5.703 0.6250000000
288559  30.263  3.504  3.094 0.2500000000
288603  21.315  -16.173  4.248 1.0000000000
288614  27.623  -4.263  3.597 0.6250000000
289147  24.702  -22.205  5.470 0.3750000000
289385  20.893  -23.266  6.997 0.6250000000
289602  25.049  5.937  1.973 0.3750000000
290034  30.482  5.369  0.493 0.1250000000
291450  27.069  -11.099  2.917 0.6250000000
291936  22.478  -26.664  6.483 0.3750000000
292346  22.722  -13.195  2.881 1.0000000000
294319  23.431  -13.620  2.667 1.0000000000
294992  21.513  -8.072  2.071 1.0000000000
295181  24.384  -17.766  3.770 0.7500000000
295641  25.037  -7.497  2.246 1.0000000000
296301  30.093  -0.056  4.041 0.1250000000
296699  20.956  -19.755  5.495 0.7500000000
297493  26.268  -13.638  2.630 0.7500000000
297917  25.294  -22.296  5.635 0.2500000000
298091  30.719  4.159  1.617 0.1250000000
298591  26.453  -5.760  2.475 0.8750000000
299425  28.132  -12.405  3.299 0.3750000000
299735  21.777  -26.414  6.669 0.3750000000
299955  23.292  4.334  3.464 0.7500000000
300320  23.353  -4.828  1.366 1.0000000000
300472  26.660  -22.489  6.184 0.1250000000
301057  21.543  -6.419  2.234 1.0000000000
302635  20.593  -9.959  3.668 1.0000000000
303026  25.784  -2.392  2.864 0.8750000000
303167  27.216  -12.417  3.140 0.6250000000
303299  23.707  -12.084  2.654 1.0000000000
303395  29.598  -13.014  5.539 0.1250000000
303416  21.242  -17.844  5.114 0.8750000000
304096  27.549  -24.173  8.428 0.1250000000
304474  25.717  -16.142  3.365 0.6250000000
304567  25.471  -25.549  8.051 0.1250000000
304733  27.531  6.796  2.122 0.2500000000
305587  25.907  -5.282  2.014 0.8750000000
305597  28.480  6.193  2.497 0.2500000000
305802  31.128  1.150  1.601 0.1250000000
306230  28.434  0.619  5.609 0.3750000000
307229  30.603  -9.295  5.871 0.1250000000
307423  23.440  -28.222  7.727 0.1250000000
307451  21.556  -21.005  5.738 0.7500000000
308080  22.713  -11.768  2.909 1.0000000000
308095  24.571  -6.244  1.290 1.0000000000
309065  20.503  -0.786  4.286 0.1250000000
309345  22.658  2.422  2.933 0.7500000000
309465  26.884  -1.944  3.633 0.7500000000
309525  21.909  -24.177  6.596 0.6250000000
309620  22.114  -26.855  6.692 0.2500000000
