#!ascii label  , from subject sub-v2s5x29573_ses-1 vox2ras=TkReg
1854
121490  -37.409  -32.475  63.962 0.0000000000
112224  -19.117  -36.946  69.346 0.0000000000
112292  -27.647  -37.141  65.959 0.0000000000
172397  -45.223  -9.322  47.844 0.0000000000
176865  -51.987  -7.238  42.617 0.0000000000
110743  -11.643  -37.325  72.686 0.0000000000
165252  -42.240  -12.934  51.019 0.0000000000
131543  -39.028  -28.261  62.546 0.0000000000
115327  -32.579  -35.355  64.886 0.0000000000
319735  -14.983  -36.167  70.526 0.0000000000
106475  -14.756  -39.573  72.211 0.0000000000
344051  -32.276  -31.449  60.840 0.0000000000
129959  -34.195  -28.736  60.860 0.0000000000
115270  -23.757  -35.011  68.615 0.0000000000
121487  -28.069  -32.661  63.875 0.0000000000
143780  -38.896  -22.484  52.892 0.0000000000
154641  -42.526  -17.788  51.378 0.0000000000
159178  -46.624  -15.450  47.971 0.0000000000
98289  -8.497  -43.101  73.698 0.0000000000
94137  -5.976  -45.562  75.350 0.0000000000
137647  -33.048  -25.139  61.073 0.0000000000
338844  -33.595  -24.233  58.652 0.0000000000
140735  -36.211  -23.913  55.617 0.0000000000
101701  -11.798  -41.377  72.701 0.0000000000
109406  -19.273  -38.005  71.917 0.0000000000
295260  -22.096  -38.201  72.231 0.0000000000
118282  -35.193  -33.868  64.754 0.0000000000
118186  -17.440  -34.118  69.689 0.0000000000
302526  -16.954  -36.330  69.875 0.0000000000
110781  -17.107  -37.924  70.885 0.0000000000
128299  -31.513  -30.000  64.029 0.0000000000
121556  -30.186  -32.491  62.134 0.0000000000
150135  -38.466  -19.806  52.953 0.0000000000
312275  -40.577  -20.207  51.984 0.0000000000
304231  -39.573  -16.963  51.886 0.0000000000
163723  -43.269  -13.852  48.780 0.0000000000
166790  -45.354  -12.199  47.473 0.0000000000
297317  -48.349  -13.310  47.273 0.0000000000
169550  -46.448  -10.940  46.171 0.0000000000
171043  -47.679  -9.917  44.839 0.0000000000
134759  -32.096  -26.941  62.843 0.0000000000
134781  -33.610  -26.790  61.445 0.0000000000
137626  -31.059  -26.027  61.369 0.0000000000
143657  -31.487  -22.936  59.096 0.0000000000
145262  -32.378  -22.375  57.655 0.0000000000
139210  -34.380  -24.375  57.276 0.0000000000
145301  -34.296  -22.288  56.376 0.0000000000
145322  -36.173  -22.192  55.083 0.0000000000
113790  -25.229  -36.207  66.915 0.0000000000
103251  -9.605  -40.612  73.065 0.0000000000
106455  -11.475  -39.515  72.017 0.0000000000
88454  -6.251  -47.625  75.703 0.0000000000
86832  -5.185  -48.349  76.299 0.0000000000
162136  -40.462  -14.120  53.454 0.0000000000
136232  -37.613  -26.080  61.797 0.0000000000
113810  -30.112  -36.457  65.145 0.0000000000
345478  -13.378  -36.959  71.361 0.0000000000
107980  -12.954  -38.820  71.687 0.0000000000
109424  -14.867  -38.245  71.266 0.0000000000
176877  -53.742  -7.125  41.316 0.0000000000
121544  -35.471  -32.762  61.658 0.0000000000
124987  -36.918  -31.159  60.331 0.0000000000
126661  -33.747  -30.056  60.933 0.0000000000
118200  -19.102  -33.935  69.058 0.0000000000
112240  -21.554  -36.561  68.936 0.0000000000
118214  -21.476  -33.434  67.697 0.0000000000
119771  -23.137  -33.396  66.604 0.0000000000
118278  -24.960  -34.002  64.807 0.0000000000
123199  -26.221  -31.909  64.420 0.0000000000
115335  -27.117  -35.031  63.828 0.0000000000
116843  -30.077  -34.937  62.971 0.0000000000
303449  -32.769  -33.883  62.557 0.0000000000
139273  -40.648  -24.667  55.081 0.0000000000
160646  -41.512  -15.019  50.761 0.0000000000
296908  -44.089  -16.545  49.786 0.0000000000
172447  -50.350  -9.312  43.639 0.0000000000
95477  -7.149  -44.590  74.454 0.0000000000
91391  -7.808  -46.583  75.186 0.0000000000
298469  -36.324  -28.655  59.838 0.0000000000
136269  -35.644  -26.538  60.434 0.0000000000
139090  -34.579  -24.729  61.333 0.0000000000
140591  -30.817  -24.404  60.088 0.0000000000
140619  -33.024  -24.346  59.642 0.0000000000
140622  -34.597  -23.905  60.337 0.0000000000
139141  -35.631  -24.650  59.162 0.0000000000
137689  -37.038  -25.344  58.253 0.0000000000
137728  -39.331  -25.707  56.839 0.0000000000
140755  -37.401  -24.065  54.350 0.0000000000
146889  -37.679  -21.102  53.865 0.0000000000
110767  -24.223  -36.904  72.143 0.0000000000
314172  -8.004  -41.730  73.729 0.0000000000
99907  -9.749  -42.307  72.971 0.0000000000
104881  -13.114  -40.405  72.346 0.0000000000
322039  -3.737  -48.919  76.607 0.0000000000
110805  -19.077  -37.592  70.330 0.0000000000
109383  -20.676  -38.341  72.366 0.0000000000
306553  -20.576  -37.955  70.885 0.0000000000
346086  -36.337  -33.229  64.402 0.0000000000
339358  -18.177  -35.500  69.381 0.0000000000
115235  -16.929  -35.172  69.738 0.0000000000
112222  -18.189  -36.523  69.634 0.0000000000
339494  -18.233  -37.433  70.123 0.0000000000
154601  -38.438  -17.683  53.500 0.0000000000
153177  -39.081  -18.522  52.132 0.0000000000
157524  -38.842  -16.631  52.987 0.0000000000
170990  -44.614  -10.424  48.480 0.0000000000
166780  -44.481  -12.212  48.322 0.0000000000
169531  -45.020  -10.836  47.306 0.0000000000
168173  -45.937  -11.348  46.631 0.0000000000
169548  -45.473  -10.246  46.687 0.0000000000
171032  -46.232  -9.565  45.737 0.0000000000
136216  -31.718  -26.663  62.625 0.0000000000
146797  -32.080  -21.442  58.267 0.0000000000
145282  -33.205  -22.376  56.886 0.0000000000
148440  -33.812  -20.858  56.879 0.0000000000
321582  -34.607  -20.986  56.282 0.0000000000
341363  -26.116  -36.878  66.565 0.0000000000
110850  -26.310  -37.484  67.981 0.0000000000
110852  -27.708  -37.954  67.608 0.0000000000
107954  -10.802  -38.858  72.606 0.0000000000
107956  -11.826  -38.531  72.106 0.0000000000
175320  -52.556  -8.201  42.688 0.0000000000
88445  -5.755  -48.163  75.900 0.0000000000
129941  -39.534  -28.775  63.839 0.0000000000
134773  -38.505  -26.752  62.072 0.0000000000
113827  -31.720  -35.994  64.954 0.0000000000
113805  -33.055  -35.889  66.419 0.0000000000
115232  -15.206  -35.101  70.591 0.0000000000
115225  -14.341  -35.313  71.094 0.0000000000
115219  -13.503  -35.325  71.885 0.0000000000
298739  -14.061  -36.371  71.035 0.0000000000
110777  -13.975  -37.686  71.247 0.0000000000
312735  -14.614  -37.111  70.877 0.0000000000
294378  -18.178  -38.116  72.331 0.0000000000
109404  -17.050  -38.281  71.915 0.0000000000
121560  -33.657  -32.724  61.010 0.0000000000
123284  -34.384  -31.994  60.593 0.0000000000
124969  -33.048  -30.803  60.785 0.0000000000
119745  -19.613  -33.332  69.118 0.0000000000
118207  -20.172  -34.210  68.479 0.0000000000
121392  -20.674  -32.488  68.365 0.0000000000
123141  -22.652  -31.709  66.886 0.0000000000
123162  -23.245  -31.854  66.185 0.0000000000
119793  -23.624  -33.379  65.880 0.0000000000
123177  -24.053  -31.910  65.391 0.0000000000
123181  -27.783  -31.754  65.234 0.0000000000
121464  -27.160  -32.339  64.346 0.0000000000
119829  -26.157  -33.154  64.124 0.0000000000
118297  -27.242  -33.566  63.587 0.0000000000
115347  -28.562  -35.182  63.246 0.0000000000
319925  -28.566  -34.069  63.122 0.0000000000
123247  -30.946  -31.774  61.787 0.0000000000
119908  -31.186  -33.190  61.978 0.0000000000
119924  -32.658  -32.827  61.605 0.0000000000
118347  -34.280  -33.624  62.398 0.0000000000
140767  -39.908  -24.035  53.824 0.0000000000
140761  -41.560  -23.795  54.480 0.0000000000
143783  -40.994  -23.012  53.120 0.0000000000
151690  -41.399  -19.307  51.656 0.0000000000
295222  -42.464  -20.431  52.181 0.0000000000
163680  -41.330  -13.304  52.461 0.0000000000
162157  -40.466  -14.618  51.909 0.0000000000
346317  -41.424  -14.128  50.913 0.0000000000
160689  -44.860  -14.502  48.002 0.0000000000
160672  -43.426  -15.283  48.905 0.0000000000
159165  -45.244  -15.872  48.825 0.0000000000
157595  -46.158  -16.299  50.261 0.0000000000
172439  -48.541  -9.536  44.138 0.0000000000
173887  -48.930  -8.417  43.783 0.0000000000
175313  -49.978  -7.791  43.464 0.0000000000
98287  -7.543  -42.913  74.083 0.0000000000
96859  -6.962  -43.550  74.675 0.0000000000
96861  -7.885  -43.944  74.036 0.0000000000
92758  -8.037  -46.081  75.009 0.0000000000
297396  -7.878  -47.882  75.926 0.0000000000
128345  -35.081  -29.573  60.148 0.0000000000
128348  -36.783  -29.894  59.926 0.0000000000
131566  -34.906  -28.470  60.257 0.0000000000
137629  -33.305  -25.728  61.232 0.0000000000
136257  -34.172  -26.534  61.016 0.0000000000
137648  -33.863  -25.808  61.126 0.0000000000
137650  -34.940  -25.498  60.891 0.0000000000
315613  -33.558  -25.111  61.120 0.0000000000
142096  -29.995  -23.445  60.584 0.0000000000
331982  -32.562  -24.006  58.528 0.0000000000
140644  -31.649  -24.059  59.260 0.0000000000
140647  -33.410  -24.210  59.099 0.0000000000
140620  -33.626  -24.279  59.734 0.0000000000
140648  -33.957  -24.247  59.159 0.0000000000
314850  -34.956  -24.073  59.691 0.0000000000
299217  -34.231  -24.450  58.916 0.0000000000
140701  -34.891  -24.417  56.737 0.0000000000
298846  -35.663  -24.913  57.281 0.0000000000
305657  -36.557  -25.017  56.836 0.0000000000
137725  -37.715  -25.468  57.330 0.0000000000
139229  -37.452  -25.052  56.347 0.0000000000
139270  -37.780  -24.837  55.168 0.0000000000
139247  -36.950  -24.356  55.071 0.0000000000
148463  -36.241  -20.488  55.653 0.0000000000
146879  -36.813  -21.682  54.622 0.0000000000
148479  -36.977  -20.432  54.997 0.0000000000
304583  -22.670  -36.060  68.843 0.0000000000
112192  -23.377  -36.840  70.835 0.0000000000
113713  -24.082  -36.043  70.822 0.0000000000
103270  -10.668  -40.976  72.505 0.0000000000
334441  -9.774  -41.218  72.740 0.0000000000
101699  -10.712  -41.793  72.665 0.0000000000
106473  -13.827  -39.433  71.739 0.0000000000
106472  -13.177  -39.381  71.785 0.0000000000
104882  -13.773  -40.366  72.428 0.0000000000
317879  -19.132  -38.191  72.981 0.0000000000
107936  -20.726  -38.657  73.362 0.0000000000
107916  -22.043  -38.619  73.722 0.0000000000
109318  -23.176  -38.246  74.258 0.0000000000
116805  -33.948  -34.518  64.590 0.0000000000
115303  -34.340  -35.131  66.147 0.0000000000
118175  -16.430  -34.144  70.358 0.0000000000
115234  -16.370  -35.213  70.020 0.0000000000
113723  -15.689  -36.048  70.302 0.0000000000
110800  -15.526  -37.164  70.535 0.0000000000
110802  -16.971  -37.509  70.450 0.0000000000
109428  -17.993  -37.872  71.417 0.0000000000
126649  -31.255  -30.494  62.002 0.0000000000
128324  -32.128  -29.977  62.257 0.0000000000
123215  -28.641  -32.025  64.281 0.0000000000
121507  -29.214  -32.687  63.354 0.0000000000
124942  -30.250  -30.741  63.391 0.0000000000
148528  -38.771  -20.880  52.718 0.0000000000
146911  -39.930  -21.320  52.375 0.0000000000
349208  -39.128  -20.033  52.320 0.0000000000
151687  -39.836  -18.908  51.662 0.0000000000
156070  -40.855  -17.346  51.430 0.0000000000
163710  -42.705  -13.481  49.885 0.0000000000
166771  -43.930  -12.667  48.962 0.0000000000
163731  -44.502  -13.370  48.063 0.0000000000
163733  -45.759  -14.131  47.513 0.0000000000
160700  -47.241  -14.561  47.424 0.0000000000
165296  -46.145  -12.959  47.259 0.0000000000
166800  -46.798  -11.919  46.689 0.0000000000
307276  -47.735  -11.149  46.045 0.0000000000
171034  -46.995  -10.222  45.368 0.0000000000
314984  -46.504  -8.882  45.445 0.0000000000
96873  -9.270  -43.666  73.703 0.0000000000
94164  -8.367  -44.439  73.983 0.0000000000
95480  -9.559  -44.564  74.366 0.0000000000
133194  -33.574  -27.354  62.276 0.0000000000
133202  -33.850  -27.363  61.329 0.0000000000
134771  -32.779  -26.807  62.186 0.0000000000
136244  -32.545  -26.279  61.503 0.0000000000
137627  -32.115  -25.850  61.267 0.0000000000
143641  -30.688  -22.587  59.734 0.0000000000
145235  -31.392  -21.858  59.040 0.0000000000
143702  -31.945  -22.587  58.113 0.0000000000
142168  -32.775  -23.473  57.798 0.0000000000
140684  -33.767  -24.231  58.050 0.0000000000
142183  -33.255  -23.429  57.250 0.0000000000
142195  -34.075  -23.569  56.424 0.0000000000
142197  -35.292  -23.276  56.083 0.0000000000
142207  -35.745  -23.316  55.607 0.0000000000
145303  -35.203  -22.135  56.027 0.0000000000
115284  -24.332  -35.444  67.715 0.0000000000
112229  -25.037  -36.297  69.638 0.0000000000
112244  -25.523  -36.744  68.686 0.0000000000
106454  -10.474  -39.859  72.707 0.0000000000
104878  -11.207  -40.431  72.405 0.0000000000
92755  -6.084  -46.248  75.324 0.0000000000
92745  -5.496  -46.104  75.804 0.0000000000
91381  -5.625  -46.647  75.708 0.0000000000
88444  -5.026  -47.815  76.281 0.0000000000
88437  -4.529  -47.698  76.384 0.0000000000
137610  -36.678  -25.060  61.918 0.0000000000
112306  -28.529  -36.913  65.123 0.0000000000
110865  -29.222  -37.381  66.892 0.0000000000
113698  -12.683  -35.871  72.507 0.0000000000
112177  -12.585  -37.049  72.047 0.0000000000
109399  -12.289  -38.120  72.007 0.0000000000
110760  -13.184  -37.833  71.669 0.0000000000
337203  -13.813  -38.470  71.558 0.0000000000
107983  -14.866  -39.154  71.731 0.0000000000
318561  -16.105  -38.387  71.248 0.0000000000
109402  -15.763  -38.686  71.626 0.0000000000
107958  -15.806  -39.091  72.470 0.0000000000
176871  -52.885  -6.962  42.118 0.0000000000
318961  -36.476  -32.959  62.776 0.0000000000
123248  -37.764  -32.256  61.734 0.0000000000
121564  -36.438  -32.461  61.161 0.0000000000
314854  -34.597  -30.585  60.276 0.0000000000
292720  -34.105  -29.122  61.090 0.0000000000
128326  -33.220  -29.715  62.062 0.0000000000
129946  -33.758  -29.070  62.559 0.0000000000
133188  -33.890  -27.979  62.594 0.0000000000
133186  -33.003  -27.360  62.875 0.0000000000
113749  -19.032  -35.914  68.922 0.0000000000
304156  -20.039  -37.109  69.391 0.0000000000
113764  -20.053  -35.849  68.348 0.0000000000
314189  -20.947  -34.921  68.143 0.0000000000
116737  -22.314  -34.303  67.629 0.0000000000
123113  -21.416  -31.683  67.955 0.0000000000
119759  -21.923  -33.138  67.293 0.0000000000
118217  -23.019  -34.158  67.165 0.0000000000
116746  -23.853  -34.666  66.820 0.0000000000
113800  -25.083  -35.530  66.119 0.0000000000
115311  -25.869  -35.752  65.103 0.0000000000
126601  -25.188  -30.529  65.797 0.0000000000
121463  -25.419  -32.460  64.348 0.0000000000
116802  -26.087  -34.778  64.169 0.0000000000
112315  -27.390  -36.492  64.829 0.0000000000
113822  -28.692  -36.431  64.264 0.0000000000
113840  -30.288  -35.952  64.171 0.0000000000
115340  -31.694  -35.225  64.106 0.0000000000
118371  -29.589  -33.686  61.993 0.0000000000
116867  -31.444  -34.278  62.792 0.0000000000
116822  -32.737  -34.831  63.924 0.0000000000
118317  -33.851  -34.106  63.612 0.0000000000
119872  -35.280  -33.449  62.904 0.0000000000
118188  -18.249  -33.837  69.336 0.0000000000
145354  -41.682  -22.095  52.708 0.0000000000
159100  -39.617  -15.789  52.354 0.0000000000
157554  -40.477  -16.190  51.397 0.0000000000
157556  -41.598  -16.583  51.139 0.0000000000
160670  -42.580  -14.785  49.780 0.0000000000
159129  -42.615  -15.730  50.134 0.0000000000
156083  -43.150  -17.045  50.840 0.0000000000
156086  -45.029  -16.951  51.060 0.0000000000
173891  -50.987  -8.931  43.373 0.0000000000
175317  -51.182  -7.757  43.201 0.0000000000
178448  -51.196  -6.906  43.089 0.0000000000
298090  -6.321  -44.209  75.213 0.0000000000
94138  -6.531  -45.245  74.905 0.0000000000
94151  -8.075  -44.959  74.208 0.0000000000
92769  -7.096  -45.531  74.778 0.0000000000
92756  -6.597  -45.907  74.993 0.0000000000
89959  -7.223  -47.249  75.418 0.0000000000
124971  -38.356  -31.347  61.683 0.0000000000
128334  -38.165  -29.789  61.124 0.0000000000
323447  -38.409  -28.600  61.065 0.0000000000
313654  -34.860  -27.489  60.383 0.0000000000
133217  -36.085  -27.622  60.120 0.0000000000
134794  -37.575  -27.464  60.755 0.0000000000
136260  -36.459  -26.393  60.672 0.0000000000
137631  -35.816  -25.075  61.268 0.0000000000
326316  -34.849  -24.485  61.702 0.0000000000
139057  -30.674  -25.183  60.766 0.0000000000
139085  -31.661  -24.945  60.409 0.0000000000
140617  -31.182  -24.082  59.671 0.0000000000
139112  -31.958  -24.656  59.994 0.0000000000
325196  -32.863  -24.816  60.641 0.0000000000
139088  -33.858  -24.582  60.902 0.0000000000
140593  -34.194  -24.161  60.705 0.0000000000
139190  -34.595  -24.724  58.067 0.0000000000
292384  -36.181  -25.061  58.940 0.0000000000
137754  -39.998  -25.289  55.922 0.0000000000
139286  -38.857  -24.622  54.519 0.0000000000
142227  -38.429  -23.599  53.735 0.0000000000
143763  -36.850  -22.845  54.530 0.0000000000
143764  -37.173  -22.751  54.154 0.0000000000
145342  -38.143  -21.948  53.268 0.0000000000
148513  -37.896  -20.507  53.495 0.0000000000
301326  -38.129  -18.913  54.081 0.0000000000
110788  -21.824  -37.947  70.706 0.0000000000
335945  -23.481  -37.821  72.056 0.0000000000
318489  -25.154  -36.787  71.504 0.0000000000
316376  -8.272  -42.452  73.652 0.0000000000
103250  -8.972  -40.825  73.242 0.0000000000
99906  -9.149  -42.169  73.124 0.0000000000
98290  -9.056  -43.158  73.448 0.0000000000
98291  -10.178  -43.341  73.707 0.0000000000
106471  -12.535  -39.298  71.850 0.0000000000
104880  -12.436  -40.368  72.340 0.0000000000
103272  -12.117  -40.873  72.561 0.0000000000
85162  -4.686  -49.288  76.369 0.0000000000
85161  -4.303  -48.810  76.527 0.0000000000
88436  -4.161  -47.771  76.400 0.0000000000
123216  -37.795  -32.111  63.604 0.0000000000
112210  -19.139  -37.394  69.757 0.0000000000
110786  -19.980  -37.771  70.773 0.0000000000
110819  -19.654  -37.326  69.684 0.0000000000
121467  -37.013  -32.771  64.298 0.0000000000
113736  -18.385  -36.076  69.427 0.0000000000
113735  -17.880  -35.763  69.558 0.0000000000
112223  -18.687  -36.843  69.520 0.0000000000
322775  -18.435  -37.168  69.776 0.0000000000
156027  -38.483  -17.247  53.769 0.0000000000
156035  -38.608  -17.165  53.173 0.0000000000
157516  -38.746  -16.685  53.697 0.0000000000
170991  -44.909  -9.771  48.124 0.0000000000
169530  -44.724  -10.993  47.884 0.0000000000
170998  -44.858  -10.371  47.698 0.0000000000
171006  -45.126  -10.309  47.136 0.0000000000
290874  -45.098  -9.862  47.495 0.0000000000
172404  -45.626  -9.308  46.927 0.0000000000
146820  -33.242  -21.118  57.117 0.0000000000
112278  -27.150  -37.191  66.516 0.0000000000
110862  -26.868  -37.425  67.044 0.0000000000
110872  -27.948  -37.486  66.521 0.0000000000
318765  -11.315  -37.716  72.701 0.0000000000
109375  -11.243  -38.306  72.541 0.0000000000
109376  -11.802  -37.933  72.437 0.0000000000
175324  -52.228  -7.714  42.560 0.0000000000
175325  -52.701  -7.944  42.492 0.0000000000
176866  -52.458  -7.450  42.461 0.0000000000
131537  -39.288  -28.156  63.061 0.0000000000
133180  -39.072  -27.567  62.756 0.0000000000
292768  -38.820  -27.270  62.258 0.0000000000
115312  -32.297  -35.782  65.190 0.0000000000
113814  -32.475  -35.938  65.744 0.0000000000
115313  -32.789  -35.598  65.422 0.0000000000
113722  -15.275  -35.623  70.438 0.0000000000
115226  -14.772  -34.930  70.953 0.0000000000
113711  -14.412  -35.958  70.876 0.0000000000
112190  -14.487  -36.584  70.789 0.0000000000
112191  -14.994  -36.851  70.627 0.0000000000
121559  -33.023  -32.432  61.063 0.0000000000
123282  -33.202  -31.784  60.604 0.0000000000
123281  -32.663  -31.213  60.720 0.0000000000
121386  -20.185  -32.651  68.755 0.0000000000
126582  -23.571  -30.232  66.969 0.0000000000
126581  -23.104  -30.576  67.039 0.0000000000
123163  -23.590  -31.257  66.199 0.0000000000
295076  -23.787  -31.625  65.809 0.0000000000
349425  -24.025  -31.175  65.860 0.0000000000
123202  -27.990  -31.965  64.690 0.0000000000
123201  -27.499  -31.995  64.738 0.0000000000
121465  -27.773  -32.301  64.306 0.0000000000
119850  -26.970  -33.144  63.795 0.0000000000
119851  -27.546  -33.046  63.680 0.0000000000
298349  -27.935  -34.139  63.293 0.0000000000
119871  -28.548  -33.242  63.334 0.0000000000
123261  -31.475  -31.802  61.490 0.0000000000
326417  -31.824  -32.316  61.577 0.0000000000
121558  -32.370  -32.372  61.370 0.0000000000
119925  -33.233  -32.957  61.470 0.0000000000
142237  -39.112  -23.451  53.284 0.0000000000
142239  -40.398  -23.675  53.668 0.0000000000
142247  -39.622  -23.112  52.902 0.0000000000
311974  -41.891  -18.841  51.588 0.0000000000
151691  -42.449  -19.070  51.729 0.0000000000
153203  -43.222  -18.323  51.614 0.0000000000
165237  -41.759  -13.083  52.095 0.0000000000
163688  -41.453  -13.474  51.718 0.0000000000
163696  -41.973  -13.471  50.763 0.0000000000
302911  -45.641  -15.119  47.983 0.0000000000
160682  -44.872  -15.490  48.383 0.0000000000
159166  -45.876  -15.811  48.611 0.0000000000
159149  -46.230  -16.021  49.125 0.0000000000
176847  -48.539  -7.273  44.057 0.0000000000
96870  -7.958  -43.347  73.895 0.0000000000
96860  -7.441  -43.476  74.227 0.0000000000
314540  -34.422  -29.112  60.681 0.0000000000
129964  -34.954  -29.046  60.254 0.0000000000
129960  -34.541  -28.612  60.548 0.0000000000
140667  -33.132  -24.084  58.544 0.0000000000
140646  -32.790  -24.151  59.013 0.0000000000
140668  -33.845  -24.328  58.554 0.0000000000
347313  -35.358  -24.235  56.368 0.0000000000
140702  -35.457  -24.627  56.775 0.0000000000
139227  -36.410  -24.727  56.421 0.0000000000
139228  -36.897  -24.899  56.384 0.0000000000
140722  -36.640  -24.462  55.941 0.0000000000
349709  -36.998  -24.497  55.583 0.0000000000
140736  -36.720  -24.200  55.466 0.0000000000
115269  -23.334  -35.199  68.518 0.0000000000
113738  -23.558  -35.560  69.448 0.0000000000
115243  -23.839  -35.360  69.432 0.0000000000
101700  -11.147  -41.327  72.548 0.0000000000
347426  -10.718  -41.358  72.526 0.0000000000
99909  -10.968  -42.287  73.123 0.0000000000
101676  -11.452  -41.876  72.983 0.0000000000
106474  -14.374  -39.423  71.814 0.0000000000
106459  -14.191  -39.877  72.139 0.0000000000
106437  -14.666  -39.870  72.614 0.0000000000
95468  -6.166  -44.848  75.249 0.0000000000
317219  -5.800  -45.027  75.737 0.0000000000
128303  -39.055  -29.823  63.749 0.0000000000
109382  -19.515  -38.155  72.424 0.0000000000
107935  -20.093  -38.563  73.445 0.0000000000
323407  -20.102  -38.247  72.436 0.0000000000
109384  -21.313  -38.361  72.282 0.0000000000
107937  -21.437  -38.658  73.396 0.0000000000
336611  -22.012  -38.477  73.257 0.0000000000
107917  -22.611  -38.455  73.994 0.0000000000
109359  -23.065  -38.199  73.094 0.0000000000
118281  -34.540  -34.150  64.674 0.0000000000
306983  -34.649  -34.513  65.476 0.0000000000
119726  -17.415  -33.543  70.258 0.0000000000
118176  -16.823  -33.903  70.124 0.0000000000
113725  -17.255  -35.755  69.698 0.0000000000
330117  -16.702  -35.796  69.845 0.0000000000
345019  -16.150  -35.726  70.079 0.0000000000
113724  -16.328  -36.256  70.079 0.0000000000
112206  -16.598  -36.885  70.139 0.0000000000
110784  -18.844  -37.613  70.883 0.0000000000
110783  -18.258  -37.653  70.741 0.0000000000
109429  -18.529  -37.770  71.406 0.0000000000
293639  -18.687  -38.008  71.982 0.0000000000
126636  -31.310  -30.114  63.364 0.0000000000
128307  -31.874  -29.816  63.512 0.0000000000
124932  -29.080  -31.720  64.206 0.0000000000
337248  -30.830  -30.337  64.874 0.0000000000
126635  -30.804  -30.390  63.886 0.0000000000
126641  -30.835  -30.536  63.075 0.0000000000
323592  -38.638  -20.329  52.813 0.0000000000
148536  -39.020  -20.384  52.484 0.0000000000
150136  -38.842  -19.818  52.472 0.0000000000
156050  -39.258  -17.409  52.108 0.0000000000
153178  -39.583  -18.491  51.715 0.0000000000
154637  -39.906  -17.994  51.583 0.0000000000
154638  -40.597  -18.022  51.464 0.0000000000
156069  -40.246  -17.467  51.546 0.0000000000
336703  -43.548  -12.477  49.596 0.0000000000
166764  -44.097  -11.930  49.183 0.0000000000
166781  -44.852  -12.155  47.841 0.0000000000
165289  -44.678  -12.741  48.022 0.0000000000
345775  -44.926  -13.586  47.797 0.0000000000
163740  -45.434  -13.375  47.489 0.0000000000
163741  -46.148  -13.634  47.346 0.0000000000
165295  -45.612  -12.701  47.447 0.0000000000
166791  -46.164  -11.914  46.762 0.0000000000
168181  -46.491  -11.511  46.484 0.0000000000
169551  -47.144  -10.924  45.964 0.0000000000
169567  -47.450  -10.692  45.629 0.0000000000
169566  -46.746  -10.516  45.720 0.0000000000
172423  -45.987  -8.943  45.948 0.0000000000
172424  -46.441  -9.140  45.535 0.0000000000
134760  -32.613  -27.040  62.660 0.0000000000
134780  -33.233  -26.877  61.888 0.0000000000
136230  -31.409  -26.301  62.047 0.0000000000
136231  -31.986  -26.486  62.030 0.0000000000
136243  -31.654  -26.207  61.488 0.0000000000
300643  -31.449  -25.850  61.004 0.0000000000
145248  -32.113  -21.999  58.072 0.0000000000
145247  -31.763  -21.976  58.480 0.0000000000
143703  -32.401  -22.954  57.783 0.0000000000
143681  -32.231  -23.308  58.046 0.0000000000
143704  -32.695  -22.994  57.474 0.0000000000
142169  -33.076  -23.506  57.581 0.0000000000
143724  -33.018  -22.987  57.184 0.0000000000
145283  -33.676  -22.363  56.515 0.0000000000
143734  -33.849  -23.010  56.468 0.0000000000
143735  -34.549  -22.814  56.336 0.0000000000
142196  -34.816  -23.324  56.314 0.0000000000
143736  -35.087  -22.696  56.260 0.0000000000
145302  -34.842  -22.194  56.272 0.0000000000
146833  -34.926  -21.063  55.969 0.0000000000
113777  -24.796  -35.862  67.295 0.0000000000
340981  -25.182  -36.391  68.261 0.0000000000
112254  -25.607  -36.818  68.139 0.0000000000
109470  -27.132  -38.159  68.543 0.0000000000
110834  -26.604  -37.897  68.876 0.0000000000
296336  -10.930  -39.522  72.385 0.0000000000
312125  -10.897  -40.056  72.445 0.0000000000
318216  -11.366  -39.990  72.208 0.0000000000
91388  -6.243  -46.719  75.485 0.0000000000
89957  -5.902  -47.132  75.686 0.0000000000
89945  -4.644  -47.239  76.563 0.0000000000
136218  -38.561  -26.273  62.595 0.0000000000
136217  -38.220  -25.845  62.572 0.0000000000
137600  -38.015  -25.335  62.780 0.0000000000
137611  -37.274  -25.427  62.069 0.0000000000
112307  -29.151  -36.858  65.351 0.0000000000
112294  -29.375  -37.018  65.924 0.0000000000
112295  -29.915  -36.843  66.069 0.0000000000
113707  -13.328  -35.974  71.752 0.0000000000
115218  -13.087  -35.588  72.230 0.0000000000
113706  -12.935  -36.108  72.061 0.0000000000
112167  -12.608  -36.449  72.291 0.0000000000
296811  -13.039  -36.618  71.732 0.0000000000
110759  -12.678  -37.679  71.895 0.0000000000
319626  -13.027  -37.242  71.643 0.0000000000
110778  -14.550  -37.656  71.099 0.0000000000
109423  -14.257  -38.239  71.373 0.0000000000
107982  -14.201  -38.923  71.567 0.0000000000
107999  -14.671  -38.668  71.439 0.0000000000
300342  -16.475  -37.951  70.851 0.0000000000
110780  -15.685  -37.796  70.908 0.0000000000
109377  -16.803  -38.453  72.463 0.0000000000
109403  -16.390  -38.575  71.866 0.0000000000
107959  -16.299  -38.811  72.495 0.0000000000
121526  -36.182  -32.870  62.343 0.0000000000
121545  -36.169  -32.667  61.751 0.0000000000
124983  -34.175  -30.901  60.425 0.0000000000
124984  -34.758  -31.079  60.252 0.0000000000
301079  -34.180  -30.329  60.537 0.0000000000
128338  -34.230  -29.651  60.743 0.0000000000
128333  -33.870  -29.504  61.313 0.0000000000
128316  -32.793  -29.725  63.015 0.0000000000
322439  -32.851  -29.941  62.142 0.0000000000
128317  -33.365  -29.431  62.965 0.0000000000
131529  -33.420  -28.249  63.713 0.0000000000
347246  -33.989  -28.440  63.035 0.0000000000
131542  -34.021  -28.612  62.626 0.0000000000
133179  -33.669  -28.070  63.141 0.0000000000
133187  -33.476  -27.544  62.804 0.0000000000
305583  -18.966  -35.131  68.761 0.0000000000
115252  -19.466  -35.565  68.519 0.0000000000
347090  -19.500  -34.987  68.460 0.0000000000
318753  -20.952  -33.392  68.077 0.0000000000
116723  -20.771  -34.325  68.220 0.0000000000
116724  -21.374  -34.474  68.032 0.0000000000
116725  -21.972  -34.653  67.907 0.0000000000
118210  -21.738  -34.087  67.771 0.0000000000
316895  -22.669  -32.434  66.666 0.0000000000
123140  -22.234  -32.136  66.990 0.0000000000
119770  -22.727  -33.130  66.745 0.0000000000
118216  -22.593  -33.970  67.314 0.0000000000
118222  -22.862  -33.675  66.936 0.0000000000
116745  -23.425  -34.424  67.019 0.0000000000
118224  -23.647  -34.176  66.542 0.0000000000
118263  -23.999  -33.622  65.514 0.0000000000
116779  -24.226  -34.247  65.614 0.0000000000
116780  -24.741  -34.703  65.487 0.0000000000
113808  -25.483  -35.640  65.683 0.0000000000
116781  -25.228  -34.895  65.056 0.0000000000
123179  -26.688  -31.459  64.949 0.0000000000
311578  -26.589  -31.001  66.132 0.0000000000
124909  -26.330  -31.079  65.438 0.0000000000
126602  -25.705  -30.308  66.375 0.0000000000
124908  -25.558  -31.038  65.388 0.0000000000
124922  -25.192  -31.437  64.919 0.0000000000
123198  -25.533  -31.754  64.503 0.0000000000
118295  -26.462  -34.082  63.936 0.0000000000
118280  -25.946  -33.860  64.243 0.0000000000
115334  -26.635  -35.261  64.089 0.0000000000
113835  -26.712  -35.849  64.305 0.0000000000
321260  -27.177  -35.590  64.023 0.0000000000
113821  -27.791  -36.420  64.471 0.0000000000
113836  -27.760  -35.984  63.942 0.0000000000
115355  -29.153  -35.281  63.238 0.0000000000
113851  -29.407  -35.657  63.617 0.0000000000
115337  -30.050  -35.625  63.704 0.0000000000
115338  -30.623  -35.488  63.858 0.0000000000
115349  -30.404  -35.097  63.453 0.0000000000
123232  -29.576  -32.506  62.914 0.0000000000
289143  -29.298  -33.066  62.723 0.0000000000
121540  -29.916  -32.881  62.008 0.0000000000
118374  -32.016  -33.485  62.280 0.0000000000
118343  -31.152  -33.995  62.463 0.0000000000
116868  -32.004  -34.410  62.895 0.0000000000
116846  -32.608  -34.569  63.264 0.0000000000
116847  -33.279  -34.499  63.563 0.0000000000
305605  -33.513  -34.137  63.175 0.0000000000
119913  -34.653  -33.253  61.942 0.0000000000
118348  -34.696  -33.733  62.969 0.0000000000
341307  -35.389  -33.180  62.474 0.0000000000
119893  -35.849  -33.159  62.757 0.0000000000
118189  -18.737  -33.573  69.337 0.0000000000
119738  -18.476  -33.386  69.608 0.0000000000
118199  -18.647  -34.156  69.061 0.0000000000
115251  -18.535  -34.922  68.995 0.0000000000
139232  -41.101  -25.145  55.980 0.0000000000
336058  -42.250  -23.229  54.373 0.0000000000
142209  -42.734  -23.614  55.270 0.0000000000
146912  -40.389  -21.166  52.223 0.0000000000
145361  -40.856  -21.846  52.345 0.0000000000
148539  -41.378  -21.050  52.029 0.0000000000
160621  -39.754  -15.153  53.302 0.0000000000
303433  -39.427  -15.672  52.977 0.0000000000
159088  -39.817  -15.233  52.648 0.0000000000
160645  -40.920  -14.978  51.025 0.0000000000
159107  -40.341  -15.567  51.557 0.0000000000
159108  -40.771  -15.546  51.242 0.0000000000
159109  -41.185  -16.092  51.261 0.0000000000
159118  -41.701  -16.025  50.949 0.0000000000
163715  -42.955  -13.767  49.310 0.0000000000
163714  -42.583  -13.926  49.745 0.0000000000
162199  -43.111  -14.305  48.956 0.0000000000
159147  -44.124  -16.212  49.226 0.0000000000
311824  -43.126  -15.453  49.320 0.0000000000
157610  -43.528  -16.306  49.613 0.0000000000
157573  -43.133  -16.518  50.485 0.0000000000
157591  -43.664  -16.541  50.242 0.0000000000
156085  -44.468  -17.132  50.978 0.0000000000
157575  -44.727  -16.733  50.612 0.0000000000
157558  -46.635  -16.643  51.346 0.0000000000
162225  -47.530  -14.096  47.262 0.0000000000
171051  -48.249  -10.001  44.676 0.0000000000
172446  -49.834  -9.530  43.902 0.0000000000
171064  -50.251  -10.005  43.935 0.0000000000
335751  -50.773  -9.585  43.663 0.0000000000
176849  -49.723  -7.193  43.559 0.0000000000
175314  -50.646  -7.770  43.438 0.0000000000
176850  -50.429  -7.216  43.502 0.0000000000
176857  -50.965  -7.258  43.244 0.0000000000
318914  -7.326  -44.029  74.371 0.0000000000
319825  -6.808  -44.078  74.775 0.0000000000
95469  -6.635  -44.662  74.813 0.0000000000
94152  -8.588  -45.003  74.206 0.0000000000
92770  -7.641  -45.669  74.806 0.0000000000
92757  -7.301  -46.195  74.931 0.0000000000
91389  -6.700  -46.503  75.186 0.0000000000
91390  -7.236  -46.787  75.239 0.0000000000
88456  -7.510  -47.568  75.594 0.0000000000
123266  -37.499  -31.904  61.157 0.0000000000
123267  -38.099  -31.791  61.500 0.0000000000
124988  -37.513  -31.286  60.789 0.0000000000
297966  -36.610  -29.437  59.856 0.0000000000
128341  -37.764  -29.939  60.608 0.0000000000
128340  -37.536  -29.542  60.334 0.0000000000
317894  -38.283  -29.184  61.108 0.0000000000
131570  -37.075  -28.730  60.266 0.0000000000
133208  -34.158  -27.573  60.951 0.0000000000
134789  -33.970  -26.995  61.096 0.0000000000
309764  -34.601  -26.620  60.801 0.0000000000
134791  -34.830  -26.936  60.573 0.0000000000
134801  -35.863  -27.097  60.251 0.0000000000
312193  -36.320  -27.215  60.170 0.0000000000
134802  -36.165  -26.738  60.372 0.0000000000
136261  -36.994  -26.611  60.887 0.0000000000
136259  -35.926  -26.130  60.563 0.0000000000
137649  -34.144  -25.114  61.131 0.0000000000
137651  -35.600  -25.503  60.783 0.0000000000
137630  -35.152  -24.923  61.248 0.0000000000
139083  -30.369  -24.575  60.582 0.0000000000
139056  -30.128  -24.917  61.103 0.0000000000
139084  -31.026  -24.874  60.368 0.0000000000
137644  -31.297  -25.303  60.693 0.0000000000
334216  -31.133  -22.931  59.435 0.0000000000
142113  -30.771  -23.371  59.680 0.0000000000
142133  -31.309  -23.466  59.338 0.0000000000
140618  -32.266  -24.345  59.511 0.0000000000
302577  -31.679  -24.381  59.658 0.0000000000
139113  -32.630  -24.563  60.128 0.0000000000
139087  -33.403  -24.747  60.760 0.0000000000
139114  -33.235  -24.474  60.263 0.0000000000
140621  -34.177  -24.126  59.921 0.0000000000
140594  -34.543  -23.819  61.116 0.0000000000
140650  -35.444  -24.235  59.549 0.0000000000
140685  -34.103  -24.448  57.913 0.0000000000
140669  -34.143  -24.555  58.414 0.0000000000
139192  -36.065  -25.168  57.770 0.0000000000
139167  -35.720  -25.068  58.482 0.0000000000
139168  -36.356  -25.301  58.399 0.0000000000
137727  -38.736  -25.762  57.014 0.0000000000
311197  -39.095  -25.517  57.748 0.0000000000
137713  -39.451  -25.586  57.682 0.0000000000
294812  -40.098  -25.735  56.986 0.0000000000
137729  -40.705  -25.604  56.799 0.0000000000
137742  -39.725  -25.558  56.373 0.0000000000
139285  -37.766  -24.556  54.523 0.0000000000
311628  -38.335  -24.731  54.864 0.0000000000
329669  -38.290  -24.490  54.396 0.0000000000
140757  -38.630  -24.187  54.110 0.0000000000
142226  -37.697  -23.533  53.979 0.0000000000
143755  -35.931  -22.730  55.324 0.0000000000
143756  -36.456  -22.790  54.938 0.0000000000
146880  -37.322  -21.566  54.212 0.0000000000
145332  -37.050  -22.223  54.378 0.0000000000
145333  -37.383  -22.295  53.881 0.0000000000
145341  -37.726  -22.322  53.547 0.0000000000
322663  -37.731  -21.749  53.707 0.0000000000
146890  -38.002  -21.250  53.349 0.0000000000
344436  -37.491  -19.555  53.908 0.0000000000
311342  -20.810  -36.674  68.848 0.0000000000
110821  -21.102  -37.369  69.688 0.0000000000
110822  -21.932  -37.387  69.793 0.0000000000
110791  -23.570  -36.921  71.371 0.0000000000
110790  -23.126  -37.374  71.009 0.0000000000
110766  -23.801  -37.274  71.835 0.0000000000
110728  -24.039  -37.436  72.997 0.0000000000
320209  -24.300  -37.108  72.621 0.0000000000
112230  -25.401  -36.687  69.915 0.0000000000
112213  -25.004  -36.328  70.263 0.0000000000
112196  -25.406  -36.862  71.009 0.0000000000
292514  -29.354  -37.820  67.856 0.0000000000
99887  -7.684  -42.344  73.909 0.0000000000
104864  -9.587  -39.926  73.253 0.0000000000
104863  -9.167  -40.198  73.317 0.0000000000
304798  -9.475  -41.723  72.878 0.0000000000
98301  -8.824  -42.613  73.431 0.0000000000
98302  -9.414  -42.742  73.260 0.0000000000
325674  -9.654  -43.288  73.508 0.0000000000
98303  -10.103  -42.847  73.288 0.0000000000
109400  -12.797  -38.263  71.722 0.0000000000
107979  -12.362  -38.705  71.782 0.0000000000
106457  -12.790  -39.854  72.096 0.0000000000
103273  -12.744  -40.868  72.642 0.0000000000
176872  -53.377  -7.401  41.888 0.0000000000
333488  -4.042  -49.380  76.576 0.0000000000
86824  -3.992  -48.362  76.491 0.0000000000
110763  -19.624  -37.767  71.415 0.0000000000
109407  -19.849  -38.091  71.916 0.0000000000
109430  -20.296  -38.069  71.407 0.0000000000
109408  -20.894  -38.194  71.799 0.0000000000
317722  -21.211  -38.120  71.530 0.0000000000
118301  -35.699  -33.597  64.608 0.0000000000
116700  -17.602  -34.520  69.485 0.0000000000
116699  -17.170  -34.553  69.655 0.0000000000
115240  -17.477  -35.139  69.575 0.0000000000
113726  -17.626  -36.355  69.789 0.0000000000
112207  -17.314  -36.965  69.991 0.0000000000
112208  -17.944  -37.022  69.867 0.0000000000
110804  -18.645  -37.557  70.247 0.0000000000
297804  -31.758  -30.018  65.655 0.0000000000
153169  -38.533  -18.774  52.971 0.0000000000
315496  -38.782  -18.815  52.532 0.0000000000
153170  -38.754  -18.324  52.674 0.0000000000
156049  -38.853  -17.319  52.604 0.0000000000
156036  -39.070  -16.816  52.395 0.0000000000
168157  -44.341  -11.664  48.751 0.0000000000
169523  -44.536  -11.137  48.450 0.0000000000
168164  -44.622  -11.615  48.086 0.0000000000
168165  -45.033  -11.529  47.495 0.0000000000
298223  -45.624  -11.752  47.090 0.0000000000
168172  -45.413  -11.135  46.985 0.0000000000
169549  -45.718  -10.741  46.555 0.0000000000
171018  -46.042  -10.140  46.089 0.0000000000
347828  -45.637  -9.777  46.554 0.0000000000
173865  -45.745  -8.853  46.620 0.0000000000
337483  -31.255  -26.635  63.113 0.0000000000
136215  -31.053  -26.344  62.668 0.0000000000
137598  -30.724  -25.982  62.011 0.0000000000
344191  -32.669  -21.892  57.470 0.0000000000
145263  -32.783  -22.430  57.248 0.0000000000
324989  -33.018  -21.778  57.124 0.0000000000
146821  -33.557  -21.648  56.683 0.0000000000
146831  -34.039  -21.824  56.406 0.0000000000
146832  -34.552  -21.598  56.238 0.0000000000
146822  -34.177  -21.237  56.478 0.0000000000
333088  -25.685  -36.585  66.663 0.0000000000
112266  -25.933  -37.090  67.780 0.0000000000
110861  -26.388  -37.331  67.379 0.0000000000
110851  -26.912  -37.762  67.571 0.0000000000
109479  -27.689  -38.152  68.262 0.0000000000
107955  -11.325  -38.980  72.164 0.0000000000
173898  -52.769  -8.621  42.829 0.0000000000
173899  -53.313  -8.785  42.804 0.0000000000
88446  -6.555  -48.149  75.753 0.0000000000
86834  -6.222  -48.693  75.907 0.0000000000
86833  -5.586  -48.743  76.085 0.0000000000
134762  -38.886  -26.847  62.649 0.0000000000
338376  -38.000  -26.511  61.806 0.0000000000
113811  -30.652  -36.318  65.280 0.0000000000
112310  -30.843  -36.473  65.776 0.0000000000
113802  -31.515  -36.474  65.878 0.0000000000
113803  -32.127  -36.292  66.045 0.0000000000
113792  -32.738  -36.226  66.759 0.0000000000
116684  -15.330  -34.297  71.031 0.0000000000
116683  -14.849  -34.433  71.235 0.0000000000
116682  -14.389  -34.694  71.368 0.0000000000
116677  -14.130  -34.491  71.890 0.0000000000
115220  -13.955  -35.012  71.607 0.0000000000
115224  -13.872  -35.770  71.353 0.0000000000
314053  -13.595  -36.453  71.332 0.0000000000
112189  -13.987  -37.038  71.071 0.0000000000
109427  -17.384  -38.020  71.417 0.0000000000
109426  -16.757  -38.258  71.334 0.0000000000
345298  -17.273  -38.239  72.418 0.0000000000
109378  -17.159  -38.294  72.929 0.0000000000
329717  -34.723  -32.819  61.276 0.0000000000
121562  -35.041  -32.553  61.186 0.0000000000
335824  -34.135  -32.477  60.736 0.0000000000
328460  -33.699  -31.291  60.488 0.0000000000
126660  -33.242  -30.353  61.115 0.0000000000
346238  -19.477  -33.698  69.032 0.0000000000
118201  -19.643  -34.116  68.774 0.0000000000
118202  -19.876  -33.712  68.716 0.0000000000
119751  -20.503  -33.029  68.312 0.0000000000
119752  -21.048  -32.911  67.988 0.0000000000
124850  -22.342  -30.927  67.627 0.0000000000
124873  -22.731  -31.072  67.219 0.0000000000
123161  -22.906  -31.907  66.571 0.0000000000
121434  -22.993  -32.306  66.408 0.0000000000
119792  -23.314  -33.123  66.210 0.0000000000
119807  -23.504  -32.778  65.744 0.0000000000
121447  -23.898  -32.474  65.380 0.0000000000
119809  -24.297  -33.212  65.024 0.0000000000
123164  -27.410  -31.592  65.882 0.0000000000
123180  -27.254  -31.704  65.188 0.0000000000
321752  -26.654  -32.329  64.298 0.0000000000
297122  -26.116  -32.603  64.180 0.0000000000
121485  -26.668  -32.768  64.034 0.0000000000
311838  -26.781  -33.641  63.748 0.0000000000
116820  -27.168  -34.511  63.734 0.0000000000
115336  -27.578  -35.377  63.631 0.0000000000
348593  -27.872  -34.488  63.328 0.0000000000
116841  -28.412  -34.558  63.185 0.0000000000
116863  -29.367  -34.496  62.708 0.0000000000
121541  -30.666  -32.353  61.833 0.0000000000
338547  -30.372  -32.881  61.884 0.0000000000
121543  -31.547  -32.748  61.831 0.0000000000
119909  -31.784  -33.152  62.014 0.0000000000
118375  -32.534  -33.508  62.258 0.0000000000
118376  -33.066  -33.657  62.220 0.0000000000
303818  -33.452  -33.422  61.781 0.0000000000
119926  -33.843  -33.121  61.374 0.0000000000
140746  -40.515  -24.406  54.589 0.0000000000
140748  -41.387  -24.104  54.850 0.0000000000
140760  -41.008  -24.008  54.409 0.0000000000
142229  -41.294  -23.604  54.060 0.0000000000
299953  -41.799  -22.844  53.457 0.0000000000
150166  -41.002  -19.752  51.832 0.0000000000
345713  -41.621  -20.629  52.047 0.0000000000
348209  -41.962  -19.779  51.980 0.0000000000
162150  -40.658  -13.890  52.764 0.0000000000
162149  -40.409  -14.322  52.502 0.0000000000
162158  -40.827  -13.934  52.144 0.0000000000
310615  -40.783  -14.506  51.366 0.0000000000
162173  -41.630  -14.447  50.696 0.0000000000
162208  -44.248  -14.417  48.184 0.0000000000
160679  -43.357  -14.749  48.750 0.0000000000
160680  -43.893  -14.966  48.488 0.0000000000
159164  -44.559  -15.829  48.789 0.0000000000
157624  -44.810  -16.250  49.243 0.0000000000
157594  -45.506  -16.296  50.193 0.0000000000
157612  -45.941  -16.187  49.647 0.0000000000
157613  -46.602  -16.204  49.694 0.0000000000
172438  -47.890  -9.480  44.419 0.0000000000
173882  -48.115  -8.961  44.098 0.0000000000
333167  -48.647  -8.930  43.897 0.0000000000
295039  -49.497  -9.175  43.830 0.0000000000
173889  -49.964  -8.951  43.636 0.0000000000
175312  -49.308  -7.786  43.620 0.0000000000
176848  -49.062  -7.156  43.754 0.0000000000
98274  -7.068  -43.001  74.528 0.0000000000
89960  -7.669  -47.089  75.391 0.0000000000
125004  -35.841  -30.739  59.923 0.0000000000
125006  -36.914  -30.491  60.084 0.0000000000
128346  -35.590  -29.584  59.916 0.0000000000
129965  -35.527  -29.052  59.944 0.0000000000
294562  -35.889  -28.620  59.893 0.0000000000
136246  -33.681  -26.361  61.259 0.0000000000
136258  -34.492  -26.004  60.957 0.0000000000
343916  -35.457  -25.966  60.577 0.0000000000
140590  -30.386  -23.997  60.345 0.0000000000
140666  -32.100  -23.740  58.390 0.0000000000
142134  -31.684  -23.611  58.853 0.0000000000
140645  -32.115  -24.089  58.856 0.0000000000
349221  -34.575  -24.012  59.818 0.0000000000
140649  -34.464  -24.101  59.429 0.0000000000
342527  -34.631  -24.319  59.182 0.0000000000
139140  -35.028  -24.456  59.147 0.0000000000
139211  -34.953  -24.827  57.326 0.0000000000
311514  -36.184  -25.063  57.194 0.0000000000
298183  -36.637  -25.253  57.332 0.0000000000
137710  -37.631  -25.484  57.912 0.0000000000
139213  -37.174  -25.233  56.929 0.0000000000
137739  -37.825  -25.308  56.814 0.0000000000
333402  -37.947  -25.221  56.279 0.0000000000
137751  -38.392  -25.631  56.082 0.0000000000
139230  -37.615  -24.933  55.775 0.0000000000
139248  -37.256  -24.707  55.299 0.0000000000
140754  -36.919  -24.044  54.605 0.0000000000
146865  -36.048  -21.606  55.222 0.0000000000
302351  -36.429  -21.805  54.910 0.0000000000
146866  -36.478  -21.320  54.988 0.0000000000
146867  -36.929  -21.010  54.623 0.0000000000
314872  -37.413  -20.940  54.273 0.0000000000
148512  -37.541  -20.467  54.019 0.0000000000
113753  -22.066  -36.097  68.669 0.0000000000
344543  -22.307  -36.963  69.557 0.0000000000
112227  -22.847  -36.583  69.659 0.0000000000
112212  -23.652  -36.223  70.774 0.0000000000
112194  -24.296  -36.315  71.355 0.0000000000
103269  -10.166  -40.749  72.745 0.0000000000
301302  -10.322  -41.322  72.539 0.0000000000
101698  -10.040  -41.825  72.670 0.0000000000
99908  -10.374  -42.327  72.939 0.0000000000
98304  -10.657  -42.650  73.302 0.0000000000
107981  -13.546  -38.905  71.625 0.0000000000
106458  -13.470  -39.906  72.032 0.0000000000
129935  -39.328  -29.256  63.465 0.0000000000
129947  -38.975  -28.923  62.465 0.0000000000
107912  -19.283  -38.530  74.128 0.0000000000
107913  -19.852  -38.679  74.009 0.0000000000
107891  -20.934  -39.013  74.457 0.0000000000
107892  -21.709  -39.031  74.573 0.0000000000
109357  -21.032  -38.544  72.824 0.0000000000
107915  -21.542  -38.873  74.022 0.0000000000
116804  -33.463  -34.903  64.847 0.0000000000
115314  -33.243  -35.432  65.644 0.0000000000
118168  -16.167  -33.802  70.875 0.0000000000
116693  -16.630  -34.581  69.916 0.0000000000
116692  -16.116  -34.689  70.342 0.0000000000
118174  -15.871  -34.240  70.750 0.0000000000
115233  -15.760  -35.295  70.304 0.0000000000
341863  -15.423  -36.595  70.463 0.0000000000
112205  -15.944  -36.735  70.309 0.0000000000
110801  -16.181  -37.378  70.479 0.0000000000
110803  -17.693  -37.491  70.329 0.0000000000
342868  -17.360  -37.701  70.606 0.0000000000
306102  -18.240  -38.013  71.842 0.0000000000
109380  -18.593  -38.122  72.617 0.0000000000
124958  -31.649  -30.736  61.505 0.0000000000
126658  -32.066  -30.542  61.415 0.0000000000
126643  -31.666  -30.031  62.367 0.0000000000
128315  -32.179  -29.804  62.894 0.0000000000
123182  -28.276  -31.736  65.024 0.0000000000
121466  -28.202  -32.179  64.315 0.0000000000
121506  -28.729  -32.787  63.573 0.0000000000
121489  -28.975  -32.311  63.864 0.0000000000
299233  -29.457  -32.213  63.440 0.0000000000
123233  -29.793  -31.951  62.941 0.0000000000
331481  -29.804  -31.073  63.600 0.0000000000
123234  -30.011  -31.363  63.046 0.0000000000
124948  -30.479  -31.002  62.699 0.0000000000
124957  -31.250  -31.151  61.647 0.0000000000
145350  -38.660  -21.944  52.904 0.0000000000
145351  -39.212  -22.004  52.678 0.0000000000
146900  -39.458  -21.545  52.519 0.0000000000
148529  -39.350  -20.928  52.454 0.0000000000
150155  -39.978  -19.957  52.113 0.0000000000
151666  -38.971  -19.183  52.279 0.0000000000
151668  -39.889  -19.380  51.905 0.0000000000
150156  -40.441  -19.614  51.791 0.0000000000
151689  -40.845  -19.218  51.562 0.0000000000
312188  -41.082  -18.322  51.436 0.0000000000
154639  -41.257  -17.824  51.389 0.0000000000
165264  -42.426  -13.217  50.412 0.0000000000
165265  -42.913  -12.980  50.097 0.0000000000
165274  -43.094  -13.165  49.531 0.0000000000
165281  -43.810  -13.124  48.795 0.0000000000
166772  -44.170  -12.274  48.858 0.0000000000
165282  -44.273  -12.837  48.525 0.0000000000
163725  -44.086  -13.368  48.441 0.0000000000
162215  -44.639  -13.982  47.946 0.0000000000
314918  -45.158  -14.029  47.735 0.0000000000
346975  -46.167  -14.864  47.666 0.0000000000
160691  -46.868  -14.993  47.672 0.0000000000
162217  -46.399  -14.195  47.390 0.0000000000
316854  -46.700  -13.350  47.261 0.0000000000
165298  -47.278  -13.191  47.149 0.0000000000
304314  -45.901  -12.340  47.165 0.0000000000
296115  -46.475  -12.409  46.953 0.0000000000
348099  -47.357  -12.768  47.021 0.0000000000
349007  -47.882  -10.594  45.509 0.0000000000
171035  -47.604  -10.325  45.279 0.0000000000
301615  -46.531  -10.034  45.602 0.0000000000
171033  -46.659  -9.699  45.329 0.0000000000
172433  -47.369  -9.362  44.595 0.0000000000
173877  -47.072  -8.777  44.700 0.0000000000
326118  -8.818  -43.540  73.681 0.0000000000
96871  -8.409  -43.735  73.844 0.0000000000
96872  -8.864  -43.999  73.882 0.0000000000
95479  -8.982  -44.546  74.065 0.0000000000
133195  -33.899  -27.675  61.892 0.0000000000
131553  -34.179  -27.971  61.477 0.0000000000
133201  -33.619  -27.170  61.721 0.0000000000
134770  -32.298  -26.780  62.378 0.0000000000
134779  -32.805  -26.620  61.687 0.0000000000
136245  -33.108  -26.346  61.398 0.0000000000
137628  -32.748  -25.742  61.284 0.0000000000
137646  -32.495  -25.211  61.001 0.0000000000
145222  -30.978  -21.937  59.538 0.0000000000
143656  -31.215  -22.438  59.276 0.0000000000
146796  -31.702  -21.348  58.733 0.0000000000
143679  -31.545  -22.462  58.711 0.0000000000
143680  -31.833  -23.039  58.576 0.0000000000
142152  -32.678  -23.838  58.145 0.0000000000
142153  -33.310  -24.004  58.077 0.0000000000
142170  -33.417  -23.862  57.595 0.0000000000
140700  -33.822  -24.118  57.413 0.0000000000
143725  -33.384  -22.985  56.832 0.0000000000
142184  -33.581  -23.653  56.878 0.0000000000
140718  -33.978  -23.991  56.809 0.0000000000
140719  -34.464  -24.032  56.508 0.0000000000
140720  -35.045  -23.876  56.276 0.0000000000
140734  -35.538  -23.860  55.946 0.0000000000
143746  -35.452  -22.698  55.796 0.0000000000
145313  -35.643  -22.022  55.538 0.0000000000
325050  -34.949  -21.678  56.074 0.0000000000
146848  -35.258  -21.486  55.834 0.0000000000
146849  -35.663  -21.264  55.624 0.0000000000
148462  -35.800  -20.685  55.786 0.0000000000
148452  -36.033  -20.231  56.020 0.0000000000
115271  -24.059  -35.175  68.165 0.0000000000
115255  -24.245  -35.459  69.026 0.0000000000
298076  -24.693  -35.864  68.699 0.0000000000
315311  -25.475  -36.672  69.313 0.0000000000
110832  -25.793  -37.039  69.584 0.0000000000
112255  -25.890  -37.146  68.365 0.0000000000
110833  -26.191  -37.437  69.240 0.0000000000
104865  -10.078  -40.188  72.927 0.0000000000
106436  -10.424  -39.290  72.832 0.0000000000
104877  -10.621  -40.415  72.574 0.0000000000
346739  -11.041  -40.797  72.463 0.0000000000
103271  -11.527  -40.886  72.514 0.0000000000
293397  -15.383  -39.625  73.372 0.0000000000
344845  -5.204  -46.575  76.146 0.0000000000
89951  -5.550  -47.585  75.824 0.0000000000
89950  -5.181  -47.125  76.078 0.0000000000
91373  -4.808  -46.764  76.706 0.0000000000
162127  -40.568  -14.181  54.040 0.0000000000
163676  -41.559  -13.106  53.304 0.0000000000
165228  -41.832  -12.881  52.975 0.0000000000
165229  -42.170  -12.597  52.572 0.0000000000
139039  -36.219  -24.395  62.399 0.0000000000
303332  -28.069  -37.129  65.472 0.0000000000
110873  -28.587  -37.444  66.328 0.0000000000
110874  -29.087  -37.284  66.330 0.0000000000
110866  -29.767  -37.218  67.004 0.0000000000
115295  -33.385  -35.582  66.163 0.0000000000
113697  -12.200  -36.133  72.782 0.0000000000
112166  -12.028  -36.759  72.627 0.0000000000
110744  -12.198  -37.505  72.319 0.0000000000
109401  -13.339  -38.373  71.646 0.0000000000
110761  -13.508  -37.442  71.395 0.0000000000
109422  -13.684  -38.012  71.502 0.0000000000
110779  -15.065  -37.414  70.850 0.0000000000
339529  -15.117  -37.876  71.083 0.0000000000
109425  -15.454  -38.313  71.260 0.0000000000
108000  -15.186  -38.714  71.490 0.0000000000
315812  -15.485  -39.022  71.909 0.0000000000
107957  -15.301  -39.358  72.309 0.0000000000
178454  -52.221  -6.955  42.518 0.0000000000
121510  -37.402  -32.568  63.295 0.0000000000
346254  -37.550  -32.585  62.718 0.0000000000
121527  -37.062  -32.762  62.730 0.0000000000
121546  -36.986  -32.488  61.532 0.0000000000
123287  -36.534  -31.756  60.484 0.0000000000
121574  -35.235  -32.170  60.768 0.0000000000
123286  -35.759  -31.854  60.493 0.0000000000
124986  -36.167  -31.303  60.129 0.0000000000
126670  -35.166  -30.549  60.009 0.0000000000
128339  -34.721  -29.478  60.473 0.0000000000
129956  -34.176  -28.620  61.468 0.0000000000
126659  -32.626  -30.565  61.173 0.0000000000
126652  -32.980  -30.116  61.665 0.0000000000
128332  -33.470  -29.850  61.527 0.0000000000
128327  -33.704  -29.333  61.967 0.0000000000
305431  -34.022  -29.112  61.622 0.0000000000
131547  -34.088  -28.296  62.061 0.0000000000
134745  -32.364  -27.217  63.180 0.0000000000
134728  -32.196  -27.262  63.760 0.0000000000
113737  -18.779  -36.312  69.263 0.0000000000
112238  -19.562  -36.955  69.101 0.0000000000
332331  -19.181  -36.500  69.104 0.0000000000
113750  -19.623  -36.348  68.692 0.0000000000
113765  -20.640  -35.879  68.293 0.0000000000
316513  -20.386  -34.779  68.358 0.0000000000
115266  -20.507  -35.363  68.255 0.0000000000
113766  -21.093  -35.490  68.203 0.0000000000
113767  -21.821  -35.584  68.323 0.0000000000
115268  -22.257  -35.139  68.088 0.0000000000
116726  -22.588  -34.792  67.826 0.0000000000
123089  -21.006  -31.967  68.512 0.0000000000
121393  -21.193  -32.356  67.992 0.0000000000
119758  -21.489  -32.773  67.607 0.0000000000
123114  -21.816  -31.846  67.394 0.0000000000
121401  -21.853  -32.508  67.241 0.0000000000
118215  -22.087  -33.747  67.445 0.0000000000
116738  -22.809  -34.480  67.548 0.0000000000
116728  -23.649  -34.919  68.040 0.0000000000
300889  -23.967  -35.036  67.795 0.0000000000
115283  -24.086  -35.118  67.202 0.0000000000
115294  -24.531  -35.449  66.971 0.0000000000
118241  -23.826  -33.937  66.041 0.0000000000
298689  -24.729  -35.381  66.458 0.0000000000
113789  -24.982  -35.739  66.668 0.0000000000
113801  -25.467  -36.053  66.261 0.0000000000
290786  -25.834  -36.037  65.741 0.0000000000
112291  -27.034  -36.884  65.852 0.0000000000
126600  -24.632  -30.272  66.134 0.0000000000
123178  -24.564  -31.652  65.095 0.0000000000
121462  -24.664  -32.654  64.714 0.0000000000
119827  -24.967  -33.316  64.664 0.0000000000
119828  -25.664  -33.197  64.354 0.0000000000
118279  -25.353  -33.861  64.600 0.0000000000
116801  -25.516  -34.494  64.566 0.0000000000
115324  -25.661  -35.175  64.657 0.0000000000
113819  -26.425  -36.088  64.812 0.0000000000
112305  -27.472  -36.870  65.356 0.0000000000
323661  -27.913  -36.824  64.914 0.0000000000
112316  -28.326  -36.639  64.598 0.0000000000
112318  -29.542  -36.626  64.951 0.0000000000
113837  -28.410  -36.068  63.854 0.0000000000
113838  -29.044  -36.057  63.941 0.0000000000
113824  -29.915  -36.313  64.569 0.0000000000
113841  -30.856  -35.824  64.305 0.0000000000
115325  -31.446  -35.713  64.428 0.0000000000
115326  -32.032  -35.528  64.627 0.0000000000
119890  -28.919  -33.461  62.903 0.0000000000
118340  -29.275  -33.983  62.455 0.0000000000
118341  -29.836  -34.197  62.358 0.0000000000
313889  -30.810  -33.635  62.104 0.0000000000
118342  -30.525  -34.109  62.351 0.0000000000
116844  -30.517  -34.766  63.063 0.0000000000
115351  -31.279  -34.909  63.723 0.0000000000
116821  -31.985  -34.830  63.626 0.0000000000
116803  -32.889  -34.981  64.604 0.0000000000
116823  -33.354  -34.726  64.238 0.0000000000
116824  -33.755  -34.385  64.018 0.0000000000
118299  -34.817  -33.902  64.152 0.0000000000
299498  -34.000  -33.980  62.960 0.0000000000
290298  -34.448  -33.918  63.579 0.0000000000
118300  -35.433  -33.708  64.191 0.0000000000
119852  -35.740  -33.661  63.694 0.0000000000
119854  -36.580  -33.065  64.010 0.0000000000
119727  -17.942  -33.318  70.072 0.0000000000
119737  -18.081  -33.511  69.733 0.0000000000
118187  -17.781  -33.964  69.575 0.0000000000
116701  -18.153  -34.510  69.071 0.0000000000
115242  -18.544  -35.558  69.155 0.0000000000
321845  -42.400  -24.040  55.593 0.0000000000
145352  -40.521  -22.264  52.371 0.0000000000
143784  -41.402  -22.623  52.999 0.0000000000
143785  -42.036  -22.420  53.123 0.0000000000
146902  -42.217  -21.395  52.418 0.0000000000
157517  -39.044  -16.115  53.316 0.0000000000
157525  -39.202  -16.214  52.674 0.0000000000
157538  -39.558  -16.394  52.096 0.0000000000
159101  -40.002  -15.399  52.064 0.0000000000
157539  -39.986  -15.987  51.819 0.0000000000
157553  -39.990  -16.590  51.658 0.0000000000
317301  -40.425  -16.888  51.508 0.0000000000
305140  -41.530  -17.213  51.265 0.0000000000
156071  -42.192  -17.352  51.183 0.0000000000
163709  -42.209  -13.798  50.215 0.0000000000
162186  -42.014  -14.320  50.361 0.0000000000
160656  -42.010  -14.844  50.511 0.0000000000
160671  -42.990  -14.896  49.248 0.0000000000
160658  -42.817  -15.302  49.748 0.0000000000
349308  -42.315  -15.535  50.371 0.0000000000
157572  -42.157  -16.478  50.803 0.0000000000
156082  -42.409  -17.093  51.073 0.0000000000
156072  -42.814  -17.410  51.218 0.0000000000
319808  -44.639  -17.817  51.597 0.0000000000
157576  -45.269  -16.554  50.736 0.0000000000
172455  -52.389  -9.067  43.007 0.0000000000
344561  -50.456  -8.774  43.453 0.0000000000
173896  -51.392  -8.275  43.125 0.0000000000
345730  -51.822  -8.237  42.936 0.0000000000
175318  -51.632  -7.795  42.897 0.0000000000
176858  -51.427  -7.328  42.975 0.0000000000
178449  -51.568  -6.991  42.849 0.0000000000
179959  -51.068  -6.327  43.256 0.0000000000
95478  -7.735  -44.554  74.176 0.0000000000
92771  -8.177  -45.446  74.641 0.0000000000
94150  -7.532  -45.127  74.477 0.0000000000
94149  -6.946  -45.013  74.614 0.0000000000
89958  -6.673  -47.096  75.458 0.0000000000
88455  -6.925  -47.634  75.595 0.0000000000
123237  -38.144  -31.664  62.641 0.0000000000
126671  -37.521  -30.612  60.513 0.0000000000
126672  -38.053  -30.391  61.011 0.0000000000
129957  -38.658  -28.950  61.505 0.0000000000
131555  -38.682  -28.397  61.500 0.0000000000
131558  -34.317  -28.202  60.871 0.0000000000
131559  -34.689  -28.088  60.441 0.0000000000
295667  -35.707  -28.103  60.120 0.0000000000
134790  -34.388  -27.155  60.734 0.0000000000
133216  -35.488  -27.548  60.216 0.0000000000
131568  -36.247  -28.170  59.992 0.0000000000
133219  -37.107  -28.133  60.348 0.0000000000
133211  -37.622  -27.932  60.584 0.0000000000
131554  -38.463  -27.926  61.238 0.0000000000
134782  -37.789  -27.089  61.076 0.0000000000
136249  -37.701  -26.604  61.449 0.0000000000
136248  -37.272  -26.313  61.314 0.0000000000
137652  -36.194  -25.722  60.890 0.0000000000
137633  -37.064  -25.711  61.584 0.0000000000
139061  -36.030  -24.768  61.851 0.0000000000
329800  -30.225  -25.541  62.041 0.0000000000
139055  -29.834  -24.520  61.549 0.0000000000
137609  -29.954  -25.094  61.736 0.0000000000
137625  -30.461  -25.543  61.360 0.0000000000
137645  -31.906  -25.294  60.845 0.0000000000
142112  -30.440  -23.567  60.109 0.0000000000
139111  -31.369  -24.633  59.963 0.0000000000
139086  -32.257  -24.900  60.513 0.0000000000
140592  -33.745  -24.398  60.389 0.0000000000
139089  -34.276  -24.333  61.177 0.0000000000
139058  -34.663  -24.198  61.516 0.0000000000
139059  -34.952  -24.137  61.927 0.0000000000
139038  -35.236  -23.967  62.295 0.0000000000
319628  -35.092  -23.743  60.239 0.0000000000
139165  -34.555  -24.681  58.758 0.0000000000
139166  -35.062  -24.873  58.617 0.0000000000
139191  -35.313  -24.940  57.917 0.0000000000
334619  -40.747  -25.431  56.295 0.0000000000
139252  -40.298  -25.009  55.466 0.0000000000
139250  -39.177  -25.138  55.485 0.0000000000
139272  -39.427  -24.914  55.026 0.0000000000
139288  -40.017  -24.809  54.889 0.0000000000
140758  -39.324  -24.258  54.090 0.0000000000
140765  -38.980  -23.876  53.759 0.0000000000
143771  -38.576  -22.928  53.274 0.0000000000
142208  -36.287  -23.326  55.203 0.0000000000
142216  -36.725  -23.363  54.733 0.0000000000
142225  -37.147  -23.406  54.266 0.0000000000
145323  -36.674  -22.253  54.767 0.0000000000
333117  -37.534  -22.877  53.735 0.0000000000
143770  -38.052  -22.595  53.393 0.0000000000
143779  -38.432  -22.392  53.085 0.0000000000
146898  -38.438  -21.379  52.962 0.0000000000
148527  -38.313  -20.778  53.053 0.0000000000
150117  -38.068  -19.839  53.384 0.0000000000
150116  -37.590  -19.854  53.781 0.0000000000
151645  -37.781  -19.363  53.723 0.0000000000
151651  -38.303  -19.287  53.229 0.0000000000
302825  -38.264  -18.722  53.571 0.0000000000
154594  -38.368  -17.702  54.160 0.0000000000
110820  -20.308  -37.333  69.797 0.0000000000
110787  -21.148  -38.033  70.733 0.0000000000
109410  -22.086  -38.005  71.576 0.0000000000
110809  -22.208  -37.557  70.323 0.0000000000
110764  -22.636  -37.756  71.278 0.0000000000
109385  -22.934  -38.133  72.453 0.0000000000
109360  -23.631  -37.802  73.395 0.0000000000
113741  -24.554  -35.944  69.940 0.0000000000
113714  -24.544  -36.156  71.066 0.0000000000
112180  -24.831  -36.724  71.960 0.0000000000
110768  -25.524  -37.092  71.767 0.0000000000
110748  -25.364  -37.162  72.414 0.0000000000
110747  -24.934  -37.131  72.746 0.0000000000
110715  -24.675  -37.457  73.600 0.0000000000
110853  -28.414  -37.827  67.504 0.0000000000
110843  -28.260  -38.026  68.086 0.0000000000
98288  -8.005  -42.838  73.839 0.0000000000
101648  -8.475  -41.296  73.390 0.0000000000
338125  -9.351  -41.174  72.999 0.0000000000
101675  -8.991  -41.538  73.132 0.0000000000
99888  -8.568  -41.984  73.312 0.0000000000
106470  -11.868  -39.156  71.784 0.0000000000
106456  -12.029  -39.820  72.031 0.0000000000
104879  -11.795  -40.391  72.359 0.0000000000
104883  -14.352  -40.202  72.744 0.0000000000
104866  -13.985  -40.679  72.923 0.0000000000
103253  -12.967  -41.224  73.184 0.0000000000
103252  -12.382  -41.346  72.899 0.0000000000
101677  -12.070  -41.721  73.147 0.0000000000
176867  -53.013  -7.683  42.235 0.0000000000
83423  -5.113  -49.740  76.184 0.0000000000
331030  -4.948  -48.761  76.377 0.0000000000
83422  -4.574  -49.904  76.358 0.0000000000
86825  -4.599  -48.222  76.471 0.0000000000
86823  -3.552  -48.450  76.513 0.0000000000
88435  -3.750  -47.922  76.517 0.0000000000
106438  -15.131  -39.680  72.765 0.0000000000
107893  -22.133  -38.745  74.257 0.0000000000
107914  -20.483  -38.794  73.914 0.0000000000
109335  -19.515  -38.388  73.550 0.0000000000
109336  -22.532  -38.367  73.454 0.0000000000
109337  -23.126  -38.202  73.694 0.0000000000
109340  -24.966  -37.691  73.996 0.0000000000
109355  -19.801  -38.296  72.975 0.0000000000
109356  -20.394  -38.481  72.888 0.0000000000
109358  -22.379  -38.298  72.895 0.0000000000
109381  -19.013  -38.095  72.370 0.0000000000
109405  -17.707  -38.115  72.003 0.0000000000
109409  -21.513  -38.177  71.772 0.0000000000
109411  -22.797  -37.981  71.821 0.0000000000
109412  -25.753  -37.596  72.172 0.0000000000
109431  -20.933  -38.075  71.265 0.0000000000
109432  -21.532  -38.062  71.239 0.0000000000
109433  -22.089  -37.902  71.125 0.0000000000
109478  -27.190  -38.083  68.009 0.0000000000
109480  -28.678  -38.096  68.484 0.0000000000
110729  -24.481  -37.188  73.064 0.0000000000
110730  -24.891  -37.334  73.189 0.0000000000
110745  -23.946  -37.418  72.373 0.0000000000
110746  -24.567  -36.857  72.423 0.0000000000
110762  -19.050  -37.733  71.443 0.0000000000
110765  -23.290  -37.560  71.514 0.0000000000
110782  -17.645  -37.791  70.875 0.0000000000
110785  -19.346  -37.664  70.879 0.0000000000
110789  -22.461  -37.631  70.834 0.0000000000
110792  -25.702  -37.244  71.121 0.0000000000
110806  -20.003  -37.526  70.199 0.0000000000
110807  -20.635  -37.698  70.325 0.0000000000
110808  -21.471  -37.784  70.206 0.0000000000
110810  -22.893  -37.213  70.525 0.0000000000
110841  -26.230  -37.518  68.606 0.0000000000
110842  -26.703  -37.876  68.241 0.0000000000
110844  -28.815  -37.935  67.940 0.0000000000
110854  -28.998  -37.655  67.427 0.0000000000
110863  -27.438  -37.601  67.032 0.0000000000
110864  -28.605  -37.631  66.884 0.0000000000
110875  -29.575  -37.106  66.485 0.0000000000
112168  -25.005  -36.921  72.328 0.0000000000
112178  -24.014  -36.651  71.634 0.0000000000
112179  -24.429  -36.585  71.855 0.0000000000
112181  -25.208  -36.874  72.041 0.0000000000
112193  -23.802  -36.386  71.187 0.0000000000
112195  -24.663  -36.425  71.472 0.0000000000
112209  -18.805  -37.433  69.814 0.0000000000
112211  -22.621  -37.125  69.970 0.0000000000
112214  -25.368  -36.739  70.491 0.0000000000
112225  -20.585  -37.038  69.345 0.0000000000
112226  -21.756  -37.068  69.293 0.0000000000
112228  -23.249  -36.608  70.264 0.0000000000
112239  -20.148  -36.793  68.968 0.0000000000
112241  -22.346  -36.526  69.137 0.0000000000
112242  -23.012  -36.108  69.284 0.0000000000
112243  -25.099  -36.301  69.002 0.0000000000
112245  -25.867  -37.066  68.980 0.0000000000
112265  -25.535  -36.705  67.663 0.0000000000
112277  -25.484  -36.580  67.169 0.0000000000
112290  -26.041  -36.542  66.086 0.0000000000
112293  -28.723  -37.185  65.771 0.0000000000
112296  -30.474  -36.746  66.189 0.0000000000
112303  -26.524  -36.679  65.761 0.0000000000
112304  -26.831  -36.576  65.217 0.0000000000
112308  -29.734  -36.738  65.518 0.0000000000
112309  -30.281  -36.582  65.662 0.0000000000
112317  -28.936  -36.692  64.770 0.0000000000
113712  -14.813  -35.517  70.698 0.0000000000
113727  -24.568  -36.026  70.569 0.0000000000
113739  -23.792  -35.597  69.884 0.0000000000
113740  -24.086  -35.567  69.569 0.0000000000
113751  -20.434  -36.415  68.500 0.0000000000
113752  -21.198  -36.128  68.488 0.0000000000
113754  -23.041  -35.898  68.962 0.0000000000
113755  -24.593  -35.866  69.333 0.0000000000
113768  -22.647  -35.616  68.435 0.0000000000
113769  -24.732  -35.892  67.997 0.0000000000
113778  -25.125  -36.312  67.546 0.0000000000
113791  -32.275  -36.530  66.547 0.0000000000
113793  -33.253  -36.037  66.943 0.0000000000
113804  -32.585  -36.070  66.212 0.0000000000
113809  -26.251  -36.297  65.450 0.0000000000
113812  -31.294  -36.278  65.362 0.0000000000
113813  -31.918  -36.125  65.530 0.0000000000
113820  -26.962  -36.233  64.700 0.0000000000
113823  -29.322  -36.476  64.360 0.0000000000
113825  -30.483  -36.152  64.730 0.0000000000
113826  -31.081  -36.062  64.835 0.0000000000
113834  -26.147  -35.566  64.389 0.0000000000
113839  -29.681  -36.027  64.055 0.0000000000
113849  -28.137  -35.631  63.460 0.0000000000
113850  -28.764  -35.692  63.488 0.0000000000
115241  -17.865  -35.067  69.402 0.0000000000
115253  -23.689  -35.232  69.046 0.0000000000
115254  -23.926  -35.260  69.058 0.0000000000
115265  -19.944  -35.202  68.370 0.0000000000
115267  -21.578  -35.027  68.107 0.0000000000
115272  -24.333  -35.452  68.449 0.0000000000
115293  -24.309  -35.024  66.519 0.0000000000
115301  -24.720  -35.115  66.031 0.0000000000
115302  -32.955  -35.822  65.885 0.0000000000
115309  -25.104  -35.225  65.589 0.0000000000
115310  -25.465  -35.338  65.211 0.0000000000
115315  -33.768  -35.266  65.908 0.0000000000
115328  -33.075  -35.213  65.144 0.0000000000
115339  -31.127  -35.332  64.007 0.0000000000
115341  -32.309  -35.103  64.313 0.0000000000
115346  -27.985  -35.050  63.320 0.0000000000
115348  -29.765  -35.280  63.295 0.0000000000
115350  -30.835  -35.007  63.759 0.0000000000
116690  -15.155  -34.672  70.884 0.0000000000
116691  -15.581  -34.678  70.624 0.0000000000
116710  -18.322  -34.408  69.065 0.0000000000
116711  -18.808  -34.496  68.950 0.0000000000
116712  -19.290  -34.528  68.745 0.0000000000
116722  -19.833  -34.630  68.522 0.0000000000
116727  -23.205  -34.900  67.985 0.0000000000
116739  -23.247  -34.642  67.498 0.0000000000
116740  -23.686  -34.811  67.419 0.0000000000
116756  -24.039  -34.455  66.266 0.0000000000
116757  -24.401  -34.722  65.994 0.0000000000
116782  -33.618  -35.119  65.349 0.0000000000
116800  -25.020  -34.379  64.894 0.0000000000
116806  -34.352  -34.490  65.098 0.0000000000
116819  -26.739  -34.634  63.922 0.0000000000
116839  -27.507  -34.089  63.485 0.0000000000
116840  -27.510  -34.759  63.529 0.0000000000
116842  -28.969  -34.815  63.027 0.0000000000
116845  -30.883  -34.792  63.394 0.0000000000
116862  -28.930  -34.302  62.941 0.0000000000
116864  -29.874  -34.643  62.766 0.0000000000
116865  -30.309  -34.525  62.724 0.0000000000
116866  -30.905  -34.480  62.819 0.0000000000
118177  -17.591  -33.743  69.954 0.0000000000
118208  -20.453  -33.672  68.295 0.0000000000
118209  -21.151  -33.893  68.020 0.0000000000
118223  -23.267  -33.908  66.776 0.0000000000
118240  -23.476  -33.659  66.356 0.0000000000
118264  -24.421  -33.803  65.058 0.0000000000
118296  -26.976  -34.078  63.742 0.0000000000
118298  -34.214  -34.137  64.128 0.0000000000
118313  -27.883  -33.450  63.362 0.0000000000
118314  -28.485  -33.655  63.153 0.0000000000
118315  -32.553  -34.242  62.777 0.0000000000
118316  -33.040  -34.266  62.970 0.0000000000
118318  -35.203  -33.784  63.539 0.0000000000
118339  -28.927  -33.822  62.815 0.0000000000
118344  -31.742  -33.898  62.534 0.0000000000
118345  -32.273  -33.866  62.518 0.0000000000
118346  -33.415  -33.995  62.644 0.0000000000
118372  -30.111  -33.724  61.897 0.0000000000
118373  -31.450  -33.569  62.208 0.0000000000
118377  -33.706  -33.781  62.168 0.0000000000
119744  -19.183  -33.423  69.287 0.0000000000
119746  -20.025  -33.205  68.717 0.0000000000
119760  -22.415  -33.433  67.090 0.0000000000
119769  -22.274  -32.817  66.929 0.0000000000
119808  -23.778  -32.983  65.454 0.0000000000
119830  -36.103  -33.353  64.717 0.0000000000
119831  -36.613  -33.070  64.670 0.0000000000
119849  -26.466  -33.416  63.931 0.0000000000
119853  -36.006  -33.419  64.174 0.0000000000
119870  -28.151  -32.908  63.656 0.0000000000
119873  -35.655  -33.473  63.269 0.0000000000
119891  -29.201  -33.592  62.337 0.0000000000
119892  -34.929  -33.408  62.446 0.0000000000
119906  -29.958  -33.360  61.863 0.0000000000
119907  -30.529  -33.268  61.904 0.0000000000
119910  -32.332  -33.162  61.966 0.0000000000
119911  -32.855  -33.233  61.904 0.0000000000
119912  -34.080  -33.411  61.815 0.0000000000
119914  -35.182  -33.049  62.064 0.0000000000
119923  -32.103  -32.792  61.714 0.0000000000
119927  -34.431  -33.083  61.354 0.0000000000
119928  -34.918  -32.891  61.611 0.0000000000
119944  -34.150  -32.916  60.989 0.0000000000
121385  -19.792  -32.850  69.179 0.0000000000
121400  -21.506  -32.208  67.594 0.0000000000
121416  -22.978  -32.852  66.435 0.0000000000
121435  -23.216  -32.515  66.112 0.0000000000
121446  -23.535  -32.178  65.695 0.0000000000
121448  -24.192  -32.729  65.084 0.0000000000
121461  -24.335  -32.221  64.981 0.0000000000
121486  -27.337  -32.690  64.029 0.0000000000
121488  -28.449  -32.508  63.957 0.0000000000
121508  -36.177  -33.260  63.421 0.0000000000
121509  -36.812  -32.890  63.311 0.0000000000
121525  -35.692  -32.894  62.191 0.0000000000
121542  -30.941  -32.791  61.813 0.0000000000
121555  -29.886  -32.598  62.250 0.0000000000
121557  -31.235  -32.312  61.665 0.0000000000
121561  -34.519  -32.751  60.984 0.0000000000
121563  -35.775  -32.449  61.079 0.0000000000
121572  -33.578  -32.299  60.728 0.0000000000
121573  -34.705  -32.280  60.761 0.0000000000
123115  -22.297  -31.482  67.293 0.0000000000
123142  -23.060  -31.275  66.642 0.0000000000
123183  -28.783  -31.595  64.974 0.0000000000
123197  -24.910  -32.004  64.672 0.0000000000
123200  -26.866  -31.892  64.731 0.0000000000
123203  -28.913  -31.639  64.595 0.0000000000
123222  -29.567  -31.577  63.459 0.0000000000
123223  -37.923  -32.211  62.980 0.0000000000
123235  -37.323  -32.593  62.183 0.0000000000
123236  -37.972  -32.295  62.353 0.0000000000
123245  -29.876  -32.326  62.490 0.0000000000
123246  -30.316  -31.792  62.321 0.0000000000
123249  -38.129  -31.754  62.055 0.0000000000
123262  -31.997  -31.781  61.194 0.0000000000
123263  -32.559  -31.892  60.884 0.0000000000
123264  -36.294  -32.231  60.728 0.0000000000
123265  -36.832  -32.129  60.923 0.0000000000
123283  -33.885  -31.922  60.587 0.0000000000
123285  -34.934  -31.724  60.432 0.0000000000
123288  -37.093  -31.663  60.683 0.0000000000
124874  -23.548  -30.716  66.594 0.0000000000
124888  -24.019  -30.786  66.164 0.0000000000
124889  -24.454  -30.802  65.694 0.0000000000
124890  -25.950  -30.769  65.969 0.0000000000
124906  -24.270  -31.340  65.489 0.0000000000
124907  -24.839  -31.132  65.386 0.0000000000
124923  -25.952  -31.365  64.849 0.0000000000
124941  -29.266  -31.833  63.802 0.0000000000
124956  -30.811  -31.091  62.102 0.0000000000
124967  -31.656  -31.244  61.340 0.0000000000
124968  -32.068  -31.018  61.055 0.0000000000
124970  -38.010  -31.381  61.236 0.0000000000
124982  -33.219  -31.137  60.607 0.0000000000
124985  -35.417  -31.211  60.154 0.0000000000
125005  -36.451  -30.826  60.020 0.0000000000
126564  -23.959  -29.847  67.281 0.0000000000
126622  -31.234  -30.112  65.273 0.0000000000
126637  -31.670  -29.963  62.975 0.0000000000
126642  -31.232  -30.266  62.651 0.0000000000
126648  -30.868  -30.610  62.435 0.0000000000
126650  -31.846  -30.313  61.864 0.0000000000
126651  -32.471  -30.173  61.853 0.0000000000
126662  -37.899  -30.915  60.977 0.0000000000
126663  -38.300  -30.887  61.379 0.0000000000
126668  -33.579  -30.683  60.619 0.0000000000
126669  -34.739  -30.013  60.269 0.0000000000
126678  -35.257  -29.979  60.009 0.0000000000
126679  -35.722  -30.166  59.896 0.0000000000
126680  -36.326  -30.339  59.861 0.0000000000
128308  -32.459  -29.704  63.560 0.0000000000
128318  -33.377  -29.405  62.412 0.0000000000
128325  -32.590  -29.862  62.461 0.0000000000
128347  -36.199  -29.765  59.800 0.0000000000
128349  -37.316  -29.977  60.152 0.0000000000
129930  -39.671  -28.860  64.447 0.0000000000
129952  -34.012  -28.854  62.086 0.0000000000
129953  -38.774  -29.251  62.007 0.0000000000
129961  -37.534  -29.069  60.407 0.0000000000
129962  -37.850  -29.399  60.731 0.0000000000
129966  -36.111  -29.158  59.809 0.0000000000
129967  -36.669  -28.962  59.921 0.0000000000
129968  -37.107  -29.380  60.024 0.0000000000
131536  -33.819  -28.598  63.422 0.0000000000
131548  -38.837  -28.513  62.006 0.0000000000
131560  -35.140  -28.044  60.204 0.0000000000
131561  -37.595  -28.492  60.488 0.0000000000
131562  -38.078  -28.260  60.739 0.0000000000
131567  -35.338  -28.562  60.052 0.0000000000
131569  -36.665  -28.383  60.040 0.0000000000
133189  -38.862  -27.827  62.173 0.0000000000
133196  -38.602  -27.409  61.728 0.0000000000
133203  -38.002  -27.652  60.887 0.0000000000
133209  -34.481  -27.704  60.659 0.0000000000
133210  -37.145  -27.568  60.509 0.0000000000
133218  -36.619  -27.715  60.172 0.0000000000
134746  -39.220  -26.958  63.213 0.0000000000
134761  -33.116  -27.156  62.467 0.0000000000
134772  -38.153  -26.937  61.563 0.0000000000
134792  -36.701  -27.047  60.452 0.0000000000
134793  -37.261  -27.091  60.804 0.0000000000
134800  -35.286  -26.991  60.381 0.0000000000
136214  -30.844  -26.405  63.382 0.0000000000
136233  -38.137  -26.189  62.158 0.0000000000
136247  -36.773  -26.042  61.113 0.0000000000
137597  -30.387  -25.857  62.792 0.0000000000
137599  -37.473  -25.098  62.548 0.0000000000
137601  -38.493  -25.697  63.095 0.0000000000
137612  -37.829  -25.656  62.272 0.0000000000
137632  -36.475  -25.350  61.391 0.0000000000
137693  -39.283  -25.494  58.155 0.0000000000
137711  -38.182  -25.583  57.699 0.0000000000
137712  -38.693  -25.633  57.518 0.0000000000
137724  -37.161  -25.345  57.569 0.0000000000
137726  -38.229  -25.625  57.188 0.0000000000
137740  -38.320  -25.704  56.632 0.0000000000
137741  -38.802  -25.852  56.470 0.0000000000
137743  -41.236  -25.354  56.511 0.0000000000
137752  -38.911  -25.626  55.949 0.0000000000
137753  -39.479  -25.440  55.917 0.0000000000
139060  -35.296  -24.515  61.892 0.0000000000
139193  -36.659  -25.314  57.852 0.0000000000
139212  -36.027  -24.808  56.772 0.0000000000
139231  -40.528  -25.270  55.895 0.0000000000
139233  -41.717  -25.007  56.171 0.0000000000
139249  -38.493  -25.102  55.511 0.0000000000
139251  -39.740  -25.096  55.452 0.0000000000
139253  -40.864  -24.861  55.546 0.0000000000
139269  -37.239  -24.544  54.728 0.0000000000
139271  -38.933  -24.888  55.038 0.0000000000
139287  -39.471  -24.692  54.565 0.0000000000
140549  -29.684  -24.062  61.969 0.0000000000
140589  -29.933  -24.048  60.786 0.0000000000
140616  -30.722  -23.902  59.964 0.0000000000
140721  -35.924  -24.403  56.216 0.0000000000
140737  -41.184  -24.430  55.227 0.0000000000
140745  -36.682  -23.848  55.121 0.0000000000
140747  -40.955  -24.297  54.842 0.0000000000
140749  -42.226  -23.823  55.080 0.0000000000
140756  -38.011  -24.069  54.183 0.0000000000
140759  -39.965  -24.457  54.289 0.0000000000
140766  -39.423  -23.838  53.646 0.0000000000
142217  -42.006  -23.572  54.641 0.0000000000
142218  -42.484  -23.403  54.799 0.0000000000
142228  -40.438  -24.058  54.123 0.0000000000
142230  -41.792  -23.419  54.200 0.0000000000
142236  -37.980  -23.104  53.538 0.0000000000
142238  -39.802  -23.563  53.387 0.0000000000
142240  -40.996  -23.388  53.557 0.0000000000
142241  -41.571  -23.265  53.723 0.0000000000
142242  -42.049  -23.052  53.915 0.0000000000
142246  -39.104  -22.975  52.896 0.0000000000
142248  -40.379  -23.170  53.130 0.0000000000
143772  -41.391  -23.083  53.321 0.0000000000
143781  -39.462  -22.575  52.688 0.0000000000
143782  -40.098  -22.686  52.599 0.0000000000
145353  -41.095  -22.204  52.569 0.0000000000
145360  -40.412  -21.661  52.336 0.0000000000
146850  -36.107  -21.005  55.461 0.0000000000
146899  -38.955  -21.448  52.682 0.0000000000
146901  -41.880  -21.712  52.453 0.0000000000
146913  -40.864  -21.380  52.188 0.0000000000
146914  -41.367  -21.678  52.307 0.0000000000
146915  -41.762  -21.350  52.256 0.0000000000
148530  -42.553  -20.971  52.397 0.0000000000
148537  -40.058  -20.655  52.241 0.0000000000
148538  -40.750  -20.823  52.061 0.0000000000
148540  -41.984  -20.878  52.146 0.0000000000
150154  -39.346  -19.662  52.160 0.0000000000
150157  -41.243  -20.349  52.007 0.0000000000
150158  -41.911  -20.244  52.002 0.0000000000
150167  -41.565  -19.798  51.933 0.0000000000
151652  -38.637  -19.282  52.711 0.0000000000
151667  -39.412  -19.018  51.937 0.0000000000
151688  -40.301  -19.072  51.583 0.0000000000
153159  -38.480  -18.210  53.231 0.0000000000
153198  -40.138  -18.534  51.537 0.0000000000
153199  -40.698  -18.681  51.446 0.0000000000
153200  -41.250  -18.804  51.448 0.0000000000
153201  -41.609  -18.306  51.451 0.0000000000
153202  -42.816  -18.149  51.508 0.0000000000
154612  -38.658  -17.751  52.920 0.0000000000
154622  -38.977  -17.883  52.337 0.0000000000
154623  -39.372  -17.965  51.854 0.0000000000
154640  -41.895  -17.790  51.343 0.0000000000
154642  -43.099  -17.844  51.398 0.0000000000
156068  -39.700  -17.481  51.718 0.0000000000
156074  -44.140  -17.502  51.411 0.0000000000
156075  -44.811  -17.422  51.287 0.0000000000
156081  -41.974  -16.936  51.034 0.0000000000
156084  -43.948  -17.128  50.920 0.0000000000
156087  -45.488  -16.736  51.223 0.0000000000
157555  -41.033  -16.702  51.362 0.0000000000
157557  -46.042  -16.753  51.282 0.0000000000
157574  -44.138  -16.829  50.607 0.0000000000
157577  -45.793  -16.484  50.773 0.0000000000
157578  -46.375  -16.492  50.815 0.0000000000
157589  -42.609  -16.226  50.433 0.0000000000
157590  -43.054  -16.035  49.913 0.0000000000
157592  -44.617  -16.569  50.067 0.0000000000
157593  -45.033  -16.488  50.310 0.0000000000
157611  -45.390  -16.196  49.469 0.0000000000
159117  -41.304  -15.537  51.010 0.0000000000
159128  -42.174  -15.852  50.574 0.0000000000
159145  -43.063  -15.841  49.644 0.0000000000
159146  -43.499  -15.842  49.194 0.0000000000
159148  -45.735  -15.999  49.152 0.0000000000
159150  -46.716  -16.007  49.133 0.0000000000
159163  -43.959  -15.618  48.795 0.0000000000
159176  -45.460  -15.528  48.277 0.0000000000
159177  -46.037  -15.517  48.096 0.0000000000
160610  -40.132  -14.667  53.661 0.0000000000
160622  -40.155  -14.650  52.967 0.0000000000
160632  -40.161  -14.874  52.307 0.0000000000
160637  -40.291  -15.096  51.836 0.0000000000
160638  -40.558  -15.047  51.423 0.0000000000
160647  -42.025  -15.349  50.533 0.0000000000
160657  -42.378  -15.188  50.185 0.0000000000
160681  -44.547  -14.984  48.225 0.0000000000
160690  -45.131  -15.049  48.093 0.0000000000
160699  -46.722  -14.558  47.446 0.0000000000
162164  -41.580  -13.726  51.092 0.0000000000
162172  -41.149  -14.489  50.937 0.0000000000
162187  -42.378  -14.298  49.941 0.0000000000
162198  -42.746  -14.326  49.478 0.0000000000
162206  -43.580  -14.251  48.454 0.0000000000
162207  -44.124  -13.848  48.263 0.0000000000
162216  -45.436  -14.619  47.805 0.0000000000
162224  -46.972  -14.141  47.329 0.0000000000
163667  -41.295  -13.307  53.562 0.0000000000
163675  -41.046  -13.504  52.914 0.0000000000
163708  -41.744  -13.962  50.633 0.0000000000
163716  -43.334  -13.375  48.993 0.0000000000
163724  -43.665  -13.633  48.568 0.0000000000
163732  -44.922  -13.158  47.795 0.0000000000
163742  -46.666  -13.799  47.304 0.0000000000
163743  -47.165  -13.691  47.237 0.0000000000
163744  -47.754  -13.541  47.189 0.0000000000
165238  -42.211  -12.846  51.736 0.0000000000
165251  -41.847  -13.249  51.400 0.0000000000
165266  -43.305  -12.681  49.797 0.0000000000
165275  -43.524  -12.811  49.272 0.0000000000
165290  -45.138  -12.703  47.690 0.0000000000
165297  -46.831  -12.854  47.103 0.0000000000
165299  -47.910  -12.898  47.138 0.0000000000
166763  -43.808  -12.300  49.344 0.0000000000
166792  -47.094  -12.398  46.880 0.0000000000
166793  -47.699  -12.401  46.954 0.0000000000
169540  -45.293  -10.656  46.896 0.0000000000
171042  -47.119  -9.851  44.998 0.0000000000
172416  -45.304  -9.837  46.967 0.0000000000
172417  -45.842  -9.426  46.228 0.0000000000
172432  -46.763  -9.162  45.062 0.0000000000
172444  -49.054  -9.073  43.875 0.0000000000
172445  -49.254  -9.718  44.089 0.0000000000
172454  -51.736  -8.863  43.112 0.0000000000
173886  -48.367  -8.399  43.910 0.0000000000
173888  -49.542  -8.509  43.629 0.0000000000
173890  -50.821  -8.304  43.300 0.0000000000
173897  -52.245  -8.450  42.897 0.0000000000
173904  -53.001  -8.368  42.611 0.0000000000
175311  -48.722  -7.809  43.863 0.0000000000
175319  -51.974  -8.022  42.787 0.0000000000
176859  -51.811  -7.482  42.697 0.0000000000
289144  -29.674  -32.763  62.376 0.0000000000
290424  -38.925  -26.329  63.129 0.0000000000
290580  -41.809  -24.217  55.317 0.0000000000
290799  -24.028  -35.198  68.743 0.0000000000
291067  -21.705  -38.416  72.818 0.0000000000
292410  -37.203  -24.696  55.907 0.0000000000
293512  -26.528  -36.942  66.243 0.0000000000
294017  -40.203  -25.509  56.412 0.0000000000
294375  -39.778  -25.652  56.761 0.0000000000
294826  -39.591  -25.654  57.202 0.0000000000
295135  -27.303  -36.114  64.363 0.0000000000
295138  -25.924  -36.947  67.132 0.0000000000
295625  -39.176  -25.547  57.366 0.0000000000
295970  -37.022  -32.715  63.784 0.0000000000
296148  -28.144  -38.214  68.642 0.0000000000
297085  -33.026  -29.705  62.530 0.0000000000
298847  -45.287  -17.173  51.425 0.0000000000
299601  -23.745  -35.932  70.360 0.0000000000
299876  -44.979  -16.454  49.758 0.0000000000
300143  -29.132  -32.912  63.206 0.0000000000
300989  -20.254  -38.864  74.368 0.0000000000
301015  -24.973  -36.450  70.923 0.0000000000
301583  -24.131  -35.865  70.173 0.0000000000
301935  -36.695  -32.740  62.207 0.0000000000
303291  -28.439  -31.856  64.612 0.0000000000
303684  -38.768  -27.997  61.713 0.0000000000
306474  -19.532  -37.559  70.292 0.0000000000
306512  -40.779  -13.714  53.253 0.0000000000
306516  -40.740  -22.690  52.717 0.0000000000
308179  -28.189  -37.294  66.003 0.0000000000
308341  -28.030  -37.754  67.082 0.0000000000
308757  -35.280  -29.332  60.079 0.0000000000
310025  -26.483  -37.160  66.804 0.0000000000
310045  -38.036  -28.812  60.671 0.0000000000
310794  -41.945  -19.405  51.876 0.0000000000
311638  -29.542  -33.281  62.039 0.0000000000
312716  -31.395  -34.610  63.236 0.0000000000
315427  -39.885  -22.055  52.405 0.0000000000
315439  -42.692  -16.652  50.688 0.0000000000
317723  -39.286  -25.697  56.321 0.0000000000
318118  -23.395  -36.064  69.869 0.0000000000
318993  -34.305  -31.475  60.461 0.0000000000
319040  -41.746  -15.566  50.773 0.0000000000
319157  -42.296  -18.299  51.501 0.0000000000
320128  -42.275  -14.693  50.171 0.0000000000
321994  -18.180  -34.966  69.167 0.0000000000
322209  -39.458  -20.266  52.293 0.0000000000
322979  -31.222  -30.204  64.635 0.0000000000
323538  -27.597  -38.291  68.769 0.0000000000
324984  -38.296  -20.259  53.148 0.0000000000
325162  -35.056  -26.356  60.630 0.0000000000
325243  -44.275  -16.644  50.321 0.0000000000
327344  -43.615  -16.828  50.603 0.0000000000
327434  -40.453  -14.117  52.986 0.0000000000
329278  -39.181  -24.797  54.776 0.0000000000
329405  -29.517  -34.953  62.938 0.0000000000
330591  -30.956  -25.638  60.975 0.0000000000
330989  -50.212  -8.365  43.401 0.0000000000
331140  -23.562  -37.846  72.724 0.0000000000
331973  -28.169  -36.348  64.223 0.0000000000
332296  -44.527  -16.474  49.580 0.0000000000
333242  -41.163  -13.985  51.384 0.0000000000
333684  -38.807  -16.971  52.780 0.0000000000
333759  -5.347  -49.256  76.166 0.0000000000
334438  -41.799  -23.913  54.853 0.0000000000
334722  -20.361  -38.167  71.990 0.0000000000
334948  -24.582  -34.265  65.114 0.0000000000
336383  -15.951  -38.855  72.083 0.0000000000
336630  -29.905  -24.444  61.009 0.0000000000
338061  -32.422  -26.593  61.881 0.0000000000
338571  -38.227  -27.371  61.283 0.0000000000
339455  -38.299  -18.112  53.722 0.0000000000
339570  -22.851  -35.084  68.133 0.0000000000
339571  -21.020  -38.832  73.822 0.0000000000
339579  -33.917  -34.780  65.088 0.0000000000
340246  -39.969  -17.078  51.619 0.0000000000
340314  -39.231  -28.645  62.825 0.0000000000
342625  -33.852  -33.888  62.520 0.0000000000
342845  -32.136  -26.346  61.606 0.0000000000
343175  -25.463  -36.979  71.356 0.0000000000
343456  -40.822  -23.751  53.967 0.0000000000
346195  -51.413  -6.668  42.986 0.0000000000
347217  -41.164  -13.638  51.920 0.0000000000
347901  -38.048  -25.116  55.776 0.0000000000
347932  -37.399  -26.746  61.112 0.0000000000
348245  -21.156  -36.972  69.195 0.0000000000
348696  -44.358  -15.400  48.487 0.0000000000
349453  -28.903  -37.467  66.595 0.0000000000
