#!ascii label  , from subject sub-v2s5x29573_ses-1 vox2ras=TkReg
1110
180770  -29.686  -6.066  -9.229 0.0000000000
174631  -24.690  -8.659  -6.758 0.0000000000
170477  -34.694  -10.496  -10.539 0.0000000000
167599  -25.906  -12.702  -8.696 0.0000000000
205730  -25.308  6.940  -8.130 0.0000000000
197543  -28.731  2.363  -10.206 0.0000000000
308689  -23.082  -1.351  -9.238 0.0000000000
158450  -21.062  -16.640  -4.391 0.0000000000
343852  -25.918  -10.628  -6.666 0.0000000000
332874  -21.351  -12.426  -6.999 0.0000000000
201689  -27.066  4.544  -8.234 0.0000000000
320560  -24.404  2.067  -8.121 0.0000000000
182160  -23.892  -5.226  -7.788 0.0000000000
186605  -20.297  -2.853  -10.854 0.0000000000
186525  -26.892  -3.301  -7.283 0.0000000000
189225  -29.114  -1.664  -8.649 0.0000000000
183820  -30.835  -4.758  -11.913 0.0000000000
179274  -32.818  -7.521  -14.497 0.0000000000
179210  -21.550  -7.088  -9.774 0.0000000000
177613  -28.222  -7.349  -6.681 0.0000000000
174712  -31.474  -8.995  -11.670 0.0000000000
173251  -28.716  -9.558  -9.299 0.0000000000
170441  -30.567  -11.161  -8.602 0.0000000000
167561  -30.470  -12.104  -6.092 0.0000000000
194768  -21.184  1.013  -11.349 0.0000000000
193343  -26.312  0.334  -8.049 0.0000000000
308109  -27.893  -0.979  -11.872 0.0000000000
162972  -19.543  -14.356  -5.619 0.0000000000
162994  -23.481  -14.759  -6.301 0.0000000000
168990  -21.229  -11.342  -7.099 0.0000000000
167550  -19.391  -12.450  -5.972 0.0000000000
198979  -23.344  2.852  -8.466 0.0000000000
197527  -21.839  2.279  -9.396 0.0000000000
182123  -27.655  -5.186  -7.008 0.0000000000
305454  -25.383  -4.458  -7.549 0.0000000000
183704  -28.603  -4.477  -7.240 0.0000000000
185183  -29.377  -3.739  -8.486 0.0000000000
182213  -30.344  -5.540  -10.292 0.0000000000
180825  -31.499  -6.303  -13.669 0.0000000000
179251  -30.884  -6.747  -11.796 0.0000000000
176101  -23.183  -7.937  -8.161 0.0000000000
347691  -24.556  -6.932  -7.430 0.0000000000
294770  -26.511  -7.876  -6.341 0.0000000000
174663  -28.681  -8.584  -8.197 0.0000000000
174634  -27.145  -9.056  -6.433 0.0000000000
167583  -26.198  -12.032  -7.466 0.0000000000
170439  -27.597  -11.095  -8.900 0.0000000000
167616  -28.710  -12.236  -8.716 0.0000000000
168995  -31.022  -11.389  -7.061 0.0000000000
167584  -28.637  -12.650  -7.339 0.0000000000
207177  -23.393  7.358  -8.558 0.0000000000
289245  -21.988  8.365  -9.045 0.0000000000
209998  -23.681  8.233  -7.841 0.0000000000
211344  -24.231  9.362  -8.134 0.0000000000
207180  -26.918  7.252  -8.597 0.0000000000
314576  -28.368  3.525  -9.409 0.0000000000
318692  -22.061  -2.293  -10.563 0.0000000000
190666  -20.792  -1.277  -11.782 0.0000000000
192007  -21.964  -0.517  -10.477 0.0000000000
335268  -23.622  0.264  -9.148 0.0000000000
190633  -24.477  -0.679  -8.586 0.0000000000
186620  -29.412  -3.161  -12.181 0.0000000000
190657  -29.223  -1.087  -10.173 0.0000000000
321718  -28.281  -2.651  -13.644 0.0000000000
171871  -33.568  -9.965  -11.149 0.0000000000
174715  -34.280  -9.782  -12.684 0.0000000000
158426  -19.598  -16.612  -3.897 0.0000000000
161483  -20.118  -15.517  -4.994 0.0000000000
162975  -21.229  -14.471  -5.649 0.0000000000
160000  -22.497  -15.589  -5.848 0.0000000000
173227  -22.239  -9.708  -7.937 0.0000000000
173211  -25.333  -9.539  -6.559 0.0000000000
171800  -23.295  -10.475  -7.002 0.0000000000
170392  -24.031  -11.352  -6.019 0.0000000000
324048  -24.487  -12.168  -6.162 0.0000000000
203032  -24.501  5.566  -8.164 0.0000000000
203023  -26.801  5.544  -8.139 0.0000000000
289726  -25.042  4.477  -8.182 0.0000000000
292505  -26.642  3.409  -7.343 0.0000000000
197502  -27.009  2.737  -7.191 0.0000000000
182210  -22.114  -5.275  -10.348 0.0000000000
185197  -22.402  -4.346  -10.658 0.0000000000
186558  -23.124  -3.428  -9.231 0.0000000000
187867  -24.828  -2.243  -8.107 0.0000000000
190606  -27.008  -1.552  -7.562 0.0000000000
187858  -27.645  -2.338  -7.291 0.0000000000
186596  -29.697  -3.223  -10.138 0.0000000000
185256  -30.750  -3.719  -13.004 0.0000000000
182275  -32.193  -5.207  -14.728 0.0000000000
156918  -22.254  -17.857  -3.901 0.0000000000
158471  -22.814  -16.503  -4.620 0.0000000000
180755  -22.962  -6.086  -9.215 0.0000000000
180715  -25.687  -6.064  -7.292 0.0000000000
179199  -29.441  -6.508  -7.745 0.0000000000
177670  -30.798  -7.584  -11.139 0.0000000000
295021  -29.635  -7.692  -9.112 0.0000000000
173266  -30.642  -9.368  -10.389 0.0000000000
171862  -31.923  -10.015  -10.041 0.0000000000
173243  -27.835  -9.861  -8.021 0.0000000000
170467  -30.446  -10.767  -9.667 0.0000000000
171841  -32.923  -10.635  -8.909 0.0000000000
170445  -33.246  -10.926  -7.926 0.0000000000
168981  -33.077  -11.565  -6.946 0.0000000000
204401  -27.771  5.915  -9.608 0.0000000000
194746  -21.882  1.460  -9.774 0.0000000000
194723  -25.111  1.300  -8.203 0.0000000000
313865  -28.181  1.568  -8.374 0.0000000000
326758  -28.716  -0.691  -7.913 0.0000000000
193358  -29.038  0.346  -8.979 0.0000000000
193391  -28.444  0.622  -10.729 0.0000000000
176160  -32.148  -8.605  -12.883 0.0000000000
176176  -34.702  -8.458  -14.190 0.0000000000
165981  -18.567  -13.047  -4.753 0.0000000000
164494  -20.518  -13.607  -6.199 0.0000000000
166000  -23.149  -13.221  -5.482 0.0000000000
166042  -24.956  -13.961  -7.680 0.0000000000
309899  -24.523  -14.894  -5.418 0.0000000000
162997  -25.394  -15.456  -7.276 0.0000000000
338664  -27.351  -13.644  -7.713 0.0000000000
197541  -20.620  2.494  -10.670 0.0000000000
182146  -29.029  -5.562  -7.329 0.0000000000
183686  -28.106  -4.878  -7.096 0.0000000000
182161  -28.993  -4.967  -7.519 0.0000000000
302353  -29.392  -4.919  -8.660 0.0000000000
182194  -29.761  -5.532  -9.449 0.0000000000
180792  -30.839  -6.258  -11.347 0.0000000000
179238  -30.477  -6.489  -10.558 0.0000000000
174661  -22.740  -8.854  -8.428 0.0000000000
335739  -22.499  -8.655  -8.769 0.0000000000
176084  -23.575  -8.176  -7.618 0.0000000000
176085  -24.080  -7.766  -7.328 0.0000000000
176068  -25.098  -8.226  -6.614 0.0000000000
176070  -26.669  -8.534  -6.389 0.0000000000
291865  -25.982  -8.736  -6.314 0.0000000000
167600  -26.378  -12.288  -8.896 0.0000000000
169003  -26.999  -11.979  -8.942 0.0000000000
167613  -26.766  -12.420  -9.195 0.0000000000
167601  -28.391  -12.588  -8.365 0.0000000000
166076  -27.614  -12.754  -8.880 0.0000000000
207160  -23.883  7.365  -8.204 0.0000000000
208589  -23.385  7.870  -8.200 0.0000000000
208590  -24.105  7.736  -7.964 0.0000000000
209999  -24.417  8.244  -7.810 0.0000000000
208614  -26.687  7.864  -8.294 0.0000000000
205742  -25.983  6.906  -8.017 0.0000000000
331124  -28.617  3.128  -9.555 0.0000000000
199005  -28.487  3.399  -10.414 0.0000000000
337348  -28.385  2.763  -10.655 0.0000000000
196140  -28.468  2.073  -11.042 0.0000000000
340819  -22.897  -1.911  -9.477 0.0000000000
189242  -21.916  -1.763  -10.803 0.0000000000
190655  -21.974  -1.212  -10.699 0.0000000000
190667  -21.697  -0.852  -11.082 0.0000000000
190656  -22.379  -1.044  -10.149 0.0000000000
190632  -23.982  -0.693  -9.112 0.0000000000
189223  -24.194  -1.203  -8.680 0.0000000000
186627  -29.486  -3.197  -13.006 0.0000000000
187935  -28.913  -2.800  -12.264 0.0000000000
171872  -34.112  -10.221  -10.814 0.0000000000
171873  -34.623  -10.295  -11.348 0.0000000000
170485  -35.674  -10.756  -11.454 0.0000000000
156937  -20.683  -17.155  -4.116 0.0000000000
156936  -19.989  -17.199  -4.189 0.0000000000
158449  -20.307  -16.796  -4.397 0.0000000000
315072  -20.161  -15.970  -4.785 0.0000000000
158468  -21.041  -16.180  -4.736 0.0000000000
159999  -21.782  -15.491  -5.396 0.0000000000
159984  -22.013  -15.912  -5.087 0.0000000000
171819  -21.923  -10.127  -7.741 0.0000000000
336177  -22.929  -10.264  -7.448 0.0000000000
170424  -22.106  -10.799  -7.466 0.0000000000
168971  -21.528  -12.023  -7.162 0.0000000000
294223  -22.692  -11.273  -6.890 0.0000000000
168948  -22.847  -11.673  -6.467 0.0000000000
168951  -24.426  -11.489  -6.095 0.0000000000
167555  -22.946  -12.160  -5.895 0.0000000000
289592  -23.929  4.828  -8.092 0.0000000000
294329  -24.853  4.813  -8.051 0.0000000000
289797  -24.199  4.162  -8.462 0.0000000000
300046  -23.721  2.621  -8.383 0.0000000000
333411  -24.497  3.147  -8.101 0.0000000000
198965  -25.691  3.101  -8.033 0.0000000000
198966  -26.905  3.223  -7.253 0.0000000000
197500  -25.847  2.457  -7.909 0.0000000000
182211  -22.592  -5.412  -10.298 0.0000000000
183753  -23.331  -4.670  -9.048 0.0000000000
185140  -25.491  -3.898  -7.516 0.0000000000
185165  -24.206  -3.493  -8.367 0.0000000000
186522  -25.336  -3.460  -7.740 0.0000000000
186560  -24.014  -2.889  -8.604 0.0000000000
186523  -25.690  -2.964  -7.685 0.0000000000
187856  -26.531  -2.434  -7.748 0.0000000000
186526  -27.354  -2.902  -7.148 0.0000000000
309344  -29.849  -4.525  -10.316 0.0000000000
317066  -29.428  -3.693  -9.762 0.0000000000
183806  -29.903  -4.511  -11.298 0.0000000000
185246  -29.928  -4.193  -12.376 0.0000000000
314503  -31.053  -4.225  -12.811 0.0000000000
185265  -31.272  -4.416  -14.154 0.0000000000
183832  -31.350  -4.632  -13.042 0.0000000000
180826  -32.077  -6.758  -13.937 0.0000000000
340838  -31.961  -6.237  -14.039 0.0000000000
179286  -33.801  -7.159  -14.855 0.0000000000
155447  -22.227  -18.347  -3.016 0.0000000000
155448  -22.844  -18.301  -2.851 0.0000000000
333413  -21.569  -6.754  -9.873 0.0000000000
180768  -22.095  -6.012  -9.962 0.0000000000
179212  -22.485  -6.685  -9.054 0.0000000000
345831  -25.989  -6.843  -6.692 0.0000000000
324056  -25.368  -6.387  -7.402 0.0000000000
325134  -26.310  -6.416  -6.581 0.0000000000
309733  -27.636  -6.056  -6.598 0.0000000000
177624  -28.643  -7.039  -6.959 0.0000000000
177635  -29.319  -7.123  -8.061 0.0000000000
176087  -28.894  -7.485  -7.613 0.0000000000
174676  -28.896  -8.912  -8.897 0.0000000000
174685  -29.373  -8.761  -9.898 0.0000000000
343660  -30.296  -9.670  -10.257 0.0000000000
173259  -31.423  -9.687  -9.890 0.0000000000
171848  -30.332  -10.240  -10.076 0.0000000000
171805  -26.321  -10.313  -6.663 0.0000000000
171806  -27.055  -9.964  -7.050 0.0000000000
170413  -26.715  -10.558  -6.821 0.0000000000
169016  -29.572  -11.574  -9.289 0.0000000000
170453  -28.911  -11.148  -9.443 0.0000000000
170455  -30.518  -11.153  -9.273 0.0000000000
171840  -31.852  -10.558  -9.146 0.0000000000
170457  -31.750  -10.719  -8.591 0.0000000000
300965  -33.339  -10.812  -8.592 0.0000000000
170443  -31.935  -10.803  -8.092 0.0000000000
168977  -30.443  -11.772  -6.796 0.0000000000
170415  -32.207  -11.200  -6.941 0.0000000000
168954  -31.952  -11.549  -6.129 0.0000000000
167564  -32.852  -12.399  -6.295 0.0000000000
341070  -27.093  5.046  -8.223 0.0000000000
204389  -27.504  6.155  -8.595 0.0000000000
203034  -27.707  5.542  -8.783 0.0000000000
186592  -20.010  -3.353  -10.585 0.0000000000
307635  -19.544  1.483  -11.978 0.0000000000
194757  -20.364  1.510  -11.861 0.0000000000
196135  -21.113  1.782  -10.729 0.0000000000
338977  -21.872  1.086  -10.168 0.0000000000
191975  -25.102  0.095  -8.117 0.0000000000
193355  -24.266  0.624  -8.557 0.0000000000
193342  -25.965  0.672  -8.023 0.0000000000
322291  -27.091  1.526  -8.002 0.0000000000
194726  -27.336  0.985  -7.884 0.0000000000
190608  -28.254  -1.406  -7.436 0.0000000000
190622  -27.242  -0.978  -7.552 0.0000000000
189215  -28.900  -1.257  -8.137 0.0000000000
320563  -28.344  -1.210  -11.590 0.0000000000
300335  -29.065  -0.598  -10.199 0.0000000000
334990  -28.886  -0.373  -10.727 0.0000000000
193378  -28.759  0.415  -10.274 0.0000000000
193397  -28.149  0.025  -11.229 0.0000000000
192033  -27.775  -0.715  -12.336 0.0000000000
344027  -31.104  -8.461  -11.800 0.0000000000
176149  -30.757  -8.180  -12.462 0.0000000000
174728  -31.696  -8.739  -12.453 0.0000000000
174730  -34.381  -9.206  -13.076 0.0000000000
162957  -19.363  -14.666  -5.063 0.0000000000
162937  -18.902  -14.436  -4.456 0.0000000000
164466  -18.914  -13.497  -5.127 0.0000000000
339334  -19.122  -13.326  -5.467 0.0000000000
304417  -19.689  -13.903  -5.820 0.0000000000
164444  -22.328  -14.333  -5.768 0.0000000000
164471  -22.052  -13.875  -5.744 0.0000000000
164473  -23.358  -14.160  -6.080 0.0000000000
166001  -23.831  -13.329  -5.615 0.0000000000
166024  -24.184  -13.585  -6.419 0.0000000000
160002  -23.588  -15.542  -5.473 0.0000000000
163028  -26.092  -14.573  -7.957 0.0000000000
170422  -20.877  -10.768  -7.264 0.0000000000
168968  -19.585  -11.321  -6.831 0.0000000000
167577  -19.642  -11.993  -6.498 0.0000000000
167578  -20.524  -12.100  -6.476 0.0000000000
289232  -23.347  3.339  -8.271 0.0000000000
198978  -22.293  2.905  -8.988 0.0000000000
197513  -22.518  2.403  -8.911 0.0000000000
196123  -22.252  2.034  -9.070 0.0000000000
182143  -26.010  -5.267  -7.281 0.0000000000
183727  -24.066  -4.615  -7.909 0.0000000000
183702  -25.956  -4.711  -7.328 0.0000000000
290577  -26.534  -4.357  -7.257 0.0000000000
185144  -28.196  -3.911  -7.234 0.0000000000
186527  -28.308  -3.369  -7.558 0.0000000000
183730  -29.299  -4.323  -8.292 0.0000000000
183754  -29.269  -4.331  -9.013 0.0000000000
182244  -30.509  -5.192  -11.460 0.0000000000
321773  -31.031  -4.887  -12.247 0.0000000000
307171  -30.901  -5.383  -11.881 0.0000000000
179264  -30.792  -6.886  -12.809 0.0000000000
177705  -31.694  -7.539  -13.385 0.0000000000
176115  -21.743  -8.081  -9.038 0.0000000000
177649  -22.206  -7.646  -8.902 0.0000000000
177622  -23.758  -7.029  -8.004 0.0000000000
307396  -23.568  -7.496  -7.700 0.0000000000
177608  -25.174  -7.204  -6.860 0.0000000000
177611  -27.002  -7.534  -6.235 0.0000000000
176086  -28.464  -7.689  -7.063 0.0000000000
293969  -27.504  -7.942  -6.386 0.0000000000
174635  -27.904  -8.707  -7.096 0.0000000000
173230  -27.902  -9.157  -7.708 0.0000000000
168975  -26.529  -11.238  -7.129 0.0000000000
170426  -26.979  -10.744  -7.655 0.0000000000
170438  -27.334  -11.365  -8.403 0.0000000000
348256  -27.921  -11.657  -9.217 0.0000000000
169007  -29.689  -11.829  -8.813 0.0000000000
169009  -30.821  -11.364  -7.895 0.0000000000
168993  -29.898  -11.952  -8.026 0.0000000000
168976  -29.975  -11.961  -7.259 0.0000000000
167585  -29.149  -12.438  -6.914 0.0000000000
289558  -22.740  7.453  -9.003 0.0000000000
208611  -22.737  8.410  -8.541 0.0000000000
210018  -23.958  8.767  -7.831 0.0000000000
207189  -27.047  7.559  -9.019 0.0000000000
201690  -27.629  4.412  -8.730 0.0000000000
201702  -28.225  4.682  -9.607 0.0000000000
200377  -28.424  4.117  -9.634 0.0000000000
192015  -18.987  -0.371  -11.118 0.0000000000
192017  -19.891  -0.171  -11.580 0.0000000000
192018  -20.511  -0.078  -11.450 0.0000000000
193388  -21.367  0.402  -11.100 0.0000000000
193376  -22.031  0.556  -10.203 0.0000000000
305513  -22.189  0.028  -10.210 0.0000000000
191988  -23.615  -0.227  -9.304 0.0000000000
191977  -26.129  -0.219  -8.071 0.0000000000
189245  -29.675  -1.991  -10.086 0.0000000000
190646  -29.490  -1.487  -9.848 0.0000000000
187920  -29.149  -2.170  -11.471 0.0000000000
189261  -28.513  -1.813  -11.826 0.0000000000
299548  -27.972  -1.578  -12.134 0.0000000000
173284  -32.632  -9.385  -11.741 0.0000000000
174714  -33.093  -9.181  -12.161 0.0000000000
173286  -33.915  -9.782  -11.820 0.0000000000
173288  -35.390  -9.987  -12.565 0.0000000000
159960  -19.522  -15.927  -3.950 0.0000000000
159981  -19.703  -15.634  -4.558 0.0000000000
162958  -19.677  -14.782  -5.366 0.0000000000
162974  -20.584  -14.403  -5.724 0.0000000000
161498  -20.731  -14.890  -5.428 0.0000000000
161484  -22.317  -14.854  -5.799 0.0000000000
161518  -23.161  -15.269  -6.391 0.0000000000
173241  -21.957  -9.366  -8.385 0.0000000000
173229  -23.506  -9.409  -7.553 0.0000000000
174630  -24.118  -9.056  -6.793 0.0000000000
173208  -23.737  -9.460  -6.869 0.0000000000
171801  -23.795  -10.082  -6.694 0.0000000000
171802  -24.325  -10.286  -6.373 0.0000000000
170407  -22.177  -11.376  -7.331 0.0000000000
170408  -23.157  -10.917  -6.792 0.0000000000
170411  -25.534  -11.076  -6.663 0.0000000000
333425  -24.842  -11.102  -6.351 0.0000000000
333855  -25.049  -11.807  -6.503 0.0000000000
167582  -25.217  -12.364  -7.085 0.0000000000
289509  -22.188  7.033  -9.042 0.0000000000
328074  -23.042  6.896  -8.794 0.0000000000
289239  -23.706  6.714  -8.427 0.0000000000
205740  -24.749  6.701  -8.317 0.0000000000
205741  -25.721  6.495  -7.934 0.0000000000
330261  -25.245  5.820  -8.091 0.0000000000
203022  -26.050  5.399  -8.051 0.0000000000
304558  -25.944  4.722  -8.001 0.0000000000
198963  -24.462  3.562  -8.188 0.0000000000
200354  -25.800  3.665  -8.016 0.0000000000
200356  -26.852  3.916  -8.076 0.0000000000
301373  -26.924  3.462  -8.024 0.0000000000
298098  -27.353  3.080  -8.361 0.0000000000
197528  -28.681  2.471  -8.980 0.0000000000
300066  -21.681  -3.818  -11.028 0.0000000000
185164  -23.833  -4.202  -8.568 0.0000000000
186576  -22.461  -3.731  -10.314 0.0000000000
338563  -22.247  -3.393  -10.471 0.0000000000
186577  -22.978  -2.986  -9.361 0.0000000000
187897  -23.351  -2.403  -8.984 0.0000000000
189222  -23.763  -1.777  -8.559 0.0000000000
189211  -25.207  -1.532  -8.590 0.0000000000
347634  -25.243  -1.810  -8.339 0.0000000000
189198  -27.361  -1.879  -7.312 0.0000000000
187869  -28.848  -2.238  -7.795 0.0000000000
186544  -29.078  -3.138  -8.149 0.0000000000
186561  -29.193  -2.849  -8.534 0.0000000000
187898  -29.688  -2.515  -9.691 0.0000000000
186613  -29.580  -3.263  -11.516 0.0000000000
186621  -29.705  -3.541  -12.599 0.0000000000
186637  -30.688  -3.207  -14.229 0.0000000000
185264  -31.008  -3.674  -14.374 0.0000000000
183844  -32.033  -4.616  -15.025 0.0000000000
180833  -31.705  -5.773  -13.850 0.0000000000
169032  -35.294  -11.343  -10.152 0.0000000000
156917  -21.687  -17.737  -3.854 0.0000000000
156939  -22.027  -17.490  -4.276 0.0000000000
158470  -22.222  -16.474  -4.734 0.0000000000
180769  -22.654  -5.785  -10.098 0.0000000000
182159  -23.605  -5.520  -8.307 0.0000000000
179182  -24.001  -6.566  -7.866 0.0000000000
180726  -24.425  -6.173  -7.863 0.0000000000
182140  -24.433  -5.584  -7.692 0.0000000000
182122  -26.450  -5.443  -7.146 0.0000000000
182125  -28.665  -5.711  -7.066 0.0000000000
180743  -29.515  -6.035  -8.016 0.0000000000
179224  -29.870  -6.567  -9.567 0.0000000000
177657  -29.661  -7.145  -9.391 0.0000000000
341741  -29.906  -7.556  -10.175 0.0000000000
176131  -30.586  -8.452  -10.583 0.0000000000
176103  -28.961  -7.958  -8.090 0.0000000000
174693  -29.752  -8.355  -10.040 0.0000000000
174703  -31.368  -9.191  -10.880 0.0000000000
348120  -32.561  -9.998  -10.924 0.0000000000
333340  -32.999  -10.149  -10.751 0.0000000000
171865  -34.098  -10.325  -10.074 0.0000000000
291873  -25.887  -9.298  -6.505 0.0000000000
171807  -27.550  -9.616  -7.334 0.0000000000
173250  -28.362  -9.839  -9.026 0.0000000000
171831  -27.701  -10.451  -8.415 0.0000000000
297987  -28.125  -10.491  -9.433 0.0000000000
171847  -29.636  -10.435  -9.722 0.0000000000
171849  -31.007  -10.172  -9.694 0.0000000000
171852  -32.994  -10.478  -9.513 0.0000000000
171854  -33.954  -10.608  -9.471 0.0000000000
170460  -34.296  -11.102  -9.228 0.0000000000
169019  -34.745  -11.469  -8.848 0.0000000000
170429  -31.988  -10.956  -7.513 0.0000000000
168996  -33.326  -11.270  -7.387 0.0000000000
205743  -27.083  6.575  -8.342 0.0000000000
205760  -27.600  6.481  -9.113 0.0000000000
203053  -28.041  5.455  -9.916 0.0000000000
197526  -20.939  2.178  -10.336 0.0000000000
304574  -21.967  1.852  -9.468 0.0000000000
196111  -22.972  1.801  -8.901 0.0000000000
193366  -22.795  0.831  -9.329 0.0000000000
194737  -23.966  1.198  -8.608 0.0000000000
196100  -24.788  1.706  -8.194 0.0000000000
196102  -26.115  1.944  -7.862 0.0000000000
196114  -27.516  1.800  -8.163 0.0000000000
196124  -28.727  1.906  -8.870 0.0000000000
331073  -25.492  -1.093  -8.118 0.0000000000
191978  -26.702  -0.533  -7.837 0.0000000000
314002  -27.136  0.006  -7.908 0.0000000000
190645  -29.247  -0.933  -9.523 0.0000000000
191991  -28.636  -0.190  -8.267 0.0000000000
193346  -28.378  0.351  -8.085 0.0000000000
194740  -28.970  0.795  -8.564 0.0000000000
194761  -28.887  0.926  -9.933 0.0000000000
196141  -28.782  1.730  -10.434 0.0000000000
194776  -28.193  1.073  -11.794 0.0000000000
299674  -30.802  -7.300  -11.718 0.0000000000
177704  -31.030  -7.825  -12.965 0.0000000000
177706  -32.532  -7.760  -13.772 0.0000000000
176151  -32.974  -8.935  -12.753 0.0000000000
293415  -33.074  -8.495  -13.270 0.0000000000
176188  -34.507  -8.000  -14.719 0.0000000000
167521  -18.901  -12.567  -5.690 0.0000000000
166019  -19.822  -13.007  -5.952 0.0000000000
167553  -21.111  -12.773  -6.795 0.0000000000
164469  -20.805  -14.009  -5.922 0.0000000000
165998  -21.694  -13.493  -5.918 0.0000000000
166022  -21.908  -12.950  -5.896 0.0000000000
331621  -23.356  -12.625  -5.408 0.0000000000
167558  -24.489  -12.911  -6.465 0.0000000000
166057  -25.284  -13.509  -8.012 0.0000000000
159985  -22.638  -15.975  -5.147 0.0000000000
161502  -23.174  -15.414  -6.299 0.0000000000
162995  -23.996  -14.637  -6.368 0.0000000000
162980  -24.665  -14.896  -5.787 0.0000000000
162996  -24.325  -14.718  -6.580 0.0000000000
164512  -25.331  -14.805  -7.703 0.0000000000
164524  -25.524  -14.217  -8.074 0.0000000000
164539  -26.342  -13.440  -8.677 0.0000000000
320774  -27.557  -13.363  -8.274 0.0000000000
155471  -21.951  -18.005  -3.387 0.0000000000
155472  -22.526  -18.075  -3.396 0.0000000000
156914  -19.557  -17.384  -3.731 0.0000000000
156915  -20.213  -17.602  -3.916 0.0000000000
156938  -21.348  -17.208  -4.108 0.0000000000
158451  -21.804  -16.963  -4.538 0.0000000000
158469  -21.600  -16.263  -4.648 0.0000000000
158472  -23.434  -16.561  -4.392 0.0000000000
159959  -19.096  -15.529  -3.709 0.0000000000
159961  -19.968  -16.320  -4.385 0.0000000000
159962  -20.508  -16.314  -4.658 0.0000000000
159982  -20.660  -15.835  -5.017 0.0000000000
159983  -21.330  -15.845  -5.074 0.0000000000
159986  -23.329  -15.979  -4.923 0.0000000000
159987  -23.919  -15.815  -4.879 0.0000000000
159998  -21.064  -15.459  -5.310 0.0000000000
160001  -22.968  -15.622  -5.934 0.0000000000
161481  -19.304  -15.048  -4.552 0.0000000000
161482  -19.662  -15.145  -5.007 0.0000000000
161497  -20.140  -15.041  -5.245 0.0000000000
161499  -21.477  -15.060  -5.479 0.0000000000
161500  -22.215  -15.400  -5.861 0.0000000000
161501  -22.838  -15.509  -6.277 0.0000000000
161503  -24.062  -14.968  -5.593 0.0000000000
161519  -23.388  -14.967  -6.224 0.0000000000
162973  -20.096  -14.604  -5.580 0.0000000000
162976  -21.853  -14.378  -5.721 0.0000000000
162977  -22.782  -14.815  -6.053 0.0000000000
162978  -23.127  -14.635  -6.156 0.0000000000
162979  -24.230  -14.710  -5.789 0.0000000000
163012  -25.665  -14.938  -7.788 0.0000000000
163027  -25.787  -14.497  -8.051 0.0000000000
164442  -18.676  -13.728  -4.607 0.0000000000
164443  -19.149  -14.075  -5.030 0.0000000000
164467  -19.306  -13.783  -5.489 0.0000000000
164468  -20.120  -14.106  -5.939 0.0000000000
164470  -21.451  -13.954  -5.799 0.0000000000
164472  -22.717  -14.013  -5.792 0.0000000000
164474  -24.888  -15.358  -6.856 0.0000000000
164492  -19.534  -13.418  -5.737 0.0000000000
164493  -20.036  -13.570  -6.024 0.0000000000
164495  -21.075  -13.564  -6.148 0.0000000000
164496  -23.957  -14.379  -6.485 0.0000000000
164497  -24.388  -14.369  -6.894 0.0000000000
164511  -24.878  -14.638  -7.289 0.0000000000
164513  -26.857  -14.159  -7.717 0.0000000000
164525  -25.930  -13.963  -8.401 0.0000000000
164526  -26.430  -14.083  -8.347 0.0000000000
164527  -26.955  -13.744  -8.377 0.0000000000
165997  -18.803  -12.936  -5.340 0.0000000000
165999  -22.289  -13.317  -5.435 0.0000000000
166018  -19.264  -12.944  -5.648 0.0000000000
166020  -20.426  -13.157  -6.255 0.0000000000
166021  -21.271  -13.097  -6.377 0.0000000000
166023  -22.596  -12.727  -5.574 0.0000000000
166041  -24.595  -13.757  -6.992 0.0000000000
166058  -25.604  -13.386  -8.457 0.0000000000
166060  -28.097  -12.942  -7.836 0.0000000000
166073  -25.984  -13.146  -8.679 0.0000000000
166074  -26.188  -12.681  -9.062 0.0000000000
166075  -26.884  -13.088  -8.867 0.0000000000
167522  -23.721  -12.749  -5.358 0.0000000000
167549  -18.805  -12.074  -5.849 0.0000000000
167551  -20.135  -12.578  -6.225 0.0000000000
167552  -20.797  -12.774  -6.537 0.0000000000
167554  -22.094  -12.366  -6.118 0.0000000000
167556  -23.766  -12.328  -5.360 0.0000000000
167557  -24.008  -12.656  -5.671 0.0000000000
167579  -21.117  -12.462  -6.959 0.0000000000
167580  -21.787  -12.153  -7.035 0.0000000000
167581  -24.852  -12.504  -6.796 0.0000000000
167586  -29.961  -12.102  -6.645 0.0000000000
167587  -33.167  -12.167  -6.747 0.0000000000
167598  -25.561  -12.746  -7.703 0.0000000000
167602  -29.063  -12.348  -7.783 0.0000000000
167603  -29.544  -12.192  -7.103 0.0000000000
167604  -33.449  -11.944  -7.222 0.0000000000
167614  -27.432  -12.191  -9.142 0.0000000000
167615  -28.076  -12.331  -8.972 0.0000000000
168947  -22.313  -11.932  -6.491 0.0000000000
168949  -23.588  -11.779  -5.865 0.0000000000
168950  -24.059  -11.948  -5.869 0.0000000000
168952  -31.047  -11.754  -6.367 0.0000000000
168953  -31.577  -11.571  -5.919 0.0000000000
168969  -20.475  -11.206  -7.104 0.0000000000
168970  -20.906  -11.754  -6.828 0.0000000000
168972  -22.213  -11.704  -7.072 0.0000000000
168973  -23.377  -11.317  -6.450 0.0000000000
168974  -25.822  -12.011  -6.816 0.0000000000
168978  -31.522  -11.437  -6.514 0.0000000000
168979  -32.316  -11.498  -6.466 0.0000000000
168980  -32.653  -11.857  -6.488 0.0000000000
168991  -26.777  -11.597  -8.111 0.0000000000
168992  -29.319  -12.092  -8.379 0.0000000000
168994  -30.412  -11.704  -7.548 0.0000000000
168997  -33.712  -11.756  -7.699 0.0000000000
169004  -27.503  -11.711  -9.076 0.0000000000
169005  -28.352  -12.037  -9.182 0.0000000000
169006  -29.046  -11.999  -9.224 0.0000000000
169008  -30.211  -11.534  -8.319 0.0000000000
169010  -34.007  -11.496  -8.111 0.0000000000
169017  -30.097  -11.505  -9.066 0.0000000000
169018  -34.242  -11.229  -8.571 0.0000000000
169025  -34.884  -11.292  -9.540 0.0000000000
170406  -21.860  -11.475  -7.294 0.0000000000
170409  -24.399  -10.884  -6.125 0.0000000000
170410  -24.871  -10.517  -6.409 0.0000000000
170412  -26.272  -10.922  -6.765 0.0000000000
170414  -31.645  -11.145  -7.018 0.0000000000
170416  -32.713  -11.330  -6.832 0.0000000000
170423  -21.493  -10.840  -7.292 0.0000000000
170425  -22.644  -10.764  -7.238 0.0000000000
170427  -27.438  -10.793  -8.181 0.0000000000
170428  -31.394  -11.149  -7.612 0.0000000000
170430  -32.637  -11.002  -7.224 0.0000000000
170431  -33.023  -11.134  -7.094 0.0000000000
170440  -28.206  -11.341  -9.351 0.0000000000
170442  -31.254  -10.925  -8.298 0.0000000000
170444  -32.619  -10.784  -7.823 0.0000000000
170446  -33.717  -11.085  -8.314 0.0000000000
170452  -27.806  -10.645  -9.028 0.0000000000
170454  -30.002  -11.184  -9.446 0.0000000000
170456  -31.354  -10.698  -8.948 0.0000000000
170458  -32.364  -10.688  -8.576 0.0000000000
170459  -33.824  -10.899  -8.890 0.0000000000
170468  -30.953  -10.782  -9.366 0.0000000000
170469  -33.444  -10.592  -9.179 0.0000000000
170470  -34.512  -10.654  -9.774 0.0000000000
170478  -35.270  -10.827  -10.682 0.0000000000
171803  -24.793  -9.879  -6.476 0.0000000000
171804  -25.500  -10.217  -6.601 0.0000000000
171818  -21.578  -10.409  -7.504 0.0000000000
171820  -22.485  -10.292  -7.695 0.0000000000
171821  -23.380  -9.940  -7.236 0.0000000000
171822  -27.438  -10.216  -7.757 0.0000000000
171830  -21.171  -9.975  -7.909 0.0000000000
171837  -27.964  -10.113  -8.758 0.0000000000
171838  -28.750  -10.317  -9.586 0.0000000000
171839  -31.448  -10.111  -9.337 0.0000000000
171846  -28.877  -9.786  -9.986 0.0000000000
171850  -31.508  -9.934  -9.507 0.0000000000
171851  -32.450  -10.546  -9.264 0.0000000000
171853  -33.553  -10.352  -9.771 0.0000000000
171861  -30.897  -10.014  -10.313 0.0000000000
171863  -33.018  -10.327  -10.138 0.0000000000
171864  -33.611  -10.146  -10.397 0.0000000000
171870  -32.514  -10.197  -10.445 0.0000000000
171874  -35.197  -10.487  -11.245 0.0000000000
171883  -35.170  -10.289  -11.951 0.0000000000
173209  -24.231  -9.650  -6.601 0.0000000000
173210  -24.743  -9.268  -6.616 0.0000000000
173212  -26.382  -9.691  -6.609 0.0000000000
173213  -26.907  -9.546  -6.611 0.0000000000
173214  -27.336  -9.373  -6.751 0.0000000000
173228  -22.961  -9.777  -7.824 0.0000000000
173240  -21.276  -9.358  -8.416 0.0000000000
173242  -22.545  -9.305  -8.166 0.0000000000
173244  -28.191  -9.541  -8.355 0.0000000000
173252  -29.061  -9.159  -9.581 0.0000000000
173258  -29.601  -9.572  -10.099 0.0000000000
173265  -29.980  -9.025  -10.208 0.0000000000
173267  -31.260  -9.494  -10.465 0.0000000000
173268  -31.625  -9.656  -10.561 0.0000000000
173269  -32.117  -9.915  -10.775 0.0000000000
173275  -31.847  -9.375  -11.111 0.0000000000
173276  -32.334  -9.626  -11.292 0.0000000000
173277  -34.154  -10.070  -11.415 0.0000000000
173283  -31.947  -9.322  -11.815 0.0000000000
173285  -33.302  -9.547  -11.688 0.0000000000
173287  -34.595  -10.051  -12.055 0.0000000000
174629  -23.758  -9.037  -7.008 0.0000000000
174632  -25.337  -8.886  -6.519 0.0000000000
174633  -26.522  -9.161  -6.418 0.0000000000
174636  -28.284  -8.263  -7.010 0.0000000000
174647  -23.159  -9.160  -8.029 0.0000000000
174648  -23.663  -8.900  -7.730 0.0000000000
174649  -24.101  -8.501  -7.175 0.0000000000
174650  -28.325  -8.633  -7.570 0.0000000000
174660  -22.278  -8.999  -8.673 0.0000000000
174662  -23.138  -8.537  -8.025 0.0000000000
174673  -22.052  -8.638  -8.861 0.0000000000
174674  -22.418  -8.248  -8.874 0.0000000000
174675  -28.563  -9.246  -8.615 0.0000000000
174677  -29.201  -8.570  -9.313 0.0000000000
174694  -30.372  -8.650  -10.324 0.0000000000
174695  -30.896  -8.989  -10.524 0.0000000000
174713  -32.187  -9.138  -12.352 0.0000000000
174729  -33.886  -8.777  -13.241 0.0000000000
174731  -35.375  -9.341  -13.465 0.0000000000
176067  -24.567  -8.015  -6.916 0.0000000000
176069  -25.580  -8.365  -6.387 0.0000000000
176071  -27.352  -8.503  -6.401 0.0000000000
176072  -27.813  -8.363  -6.645 0.0000000000
176073  -28.013  -7.823  -6.680 0.0000000000
176100  -22.808  -7.816  -8.647 0.0000000000
176102  -28.629  -8.118  -7.541 0.0000000000
176104  -29.346  -7.704  -8.515 0.0000000000
176114  -21.034  -8.106  -8.995 0.0000000000
176116  -29.063  -8.293  -8.670 0.0000000000
176117  -29.417  -8.075  -9.019 0.0000000000
176124  -29.793  -7.712  -9.794 0.0000000000
176125  -30.153  -8.006  -10.290 0.0000000000
176140  -30.470  -7.919  -10.733 0.0000000000
176141  -30.808  -8.259  -11.218 0.0000000000
176150  -31.381  -8.619  -12.238 0.0000000000
176159  -31.188  -8.224  -12.630 0.0000000000
176161  -34.983  -8.880  -13.795 0.0000000000
176174  -31.838  -7.980  -13.123 0.0000000000
176175  -33.788  -8.435  -13.817 0.0000000000
177607  -24.617  -7.333  -7.136 0.0000000000
177609  -25.734  -7.201  -6.696 0.0000000000
177610  -26.307  -7.161  -6.337 0.0000000000
177612  -27.644  -7.273  -6.376 0.0000000000
177623  -24.160  -7.113  -7.595 0.0000000000
177633  -22.633  -7.175  -8.707 0.0000000000
177634  -23.199  -7.223  -8.267 0.0000000000
177648  -21.738  -7.469  -9.465 0.0000000000
177650  -29.552  -7.157  -8.726 0.0000000000
177658  -29.859  -7.096  -10.054 0.0000000000
177665  -30.103  -7.338  -10.579 0.0000000000
177666  -30.431  -7.050  -10.912 0.0000000000
177679  -30.595  -7.817  -12.467 0.0000000000
177689  -30.606  -7.906  -12.725 0.0000000000
177719  -33.502  -7.734  -14.642 0.0000000000
177720  -34.844  -7.391  -15.135 0.0000000000
179167  -25.509  -6.752  -7.063 0.0000000000
179168  -25.813  -6.430  -7.107 0.0000000000
179169  -26.921  -6.842  -6.137 0.0000000000
179170  -27.593  -6.560  -6.274 0.0000000000
179171  -28.089  -6.386  -6.494 0.0000000000
179172  -28.524  -6.455  -6.640 0.0000000000
179183  -24.556  -6.602  -7.712 0.0000000000
179184  -24.964  -6.734  -7.343 0.0000000000
179185  -28.890  -6.484  -7.024 0.0000000000
179186  -29.177  -6.387  -7.361 0.0000000000
179196  -22.975  -6.612  -8.599 0.0000000000
179197  -23.494  -6.617  -8.201 0.0000000000
179198  -29.091  -6.865  -7.480 0.0000000000
179211  -21.933  -6.900  -9.614 0.0000000000
179213  -29.651  -6.585  -8.298 0.0000000000
179222  -21.005  -6.609  -9.546 0.0000000000
179223  -29.607  -6.603  -9.027 0.0000000000
179232  -30.214  -6.480  -10.034 0.0000000000
179239  -30.738  -6.634  -11.168 0.0000000000
179252  -30.568  -7.397  -12.530 0.0000000000
179263  -30.830  -6.659  -12.285 0.0000000000
179272  -31.459  -6.988  -13.294 0.0000000000
179273  -32.229  -7.291  -13.901 0.0000000000
180716  -26.089  -6.099  -7.069 0.0000000000
180717  -26.588  -5.847  -6.917 0.0000000000
180718  -27.637  -5.618  -6.919 0.0000000000
180719  -28.206  -5.922  -6.810 0.0000000000
180720  -28.718  -6.118  -6.838 0.0000000000
180727  -24.858  -6.284  -7.758 0.0000000000
180728  -25.101  -5.897  -7.512 0.0000000000
180729  -28.993  -6.043  -7.153 0.0000000000
180730  -29.285  -6.014  -7.520 0.0000000000
180740  -23.262  -6.174  -8.558 0.0000000000
180741  -23.668  -6.044  -8.140 0.0000000000
180742  -24.004  -5.753  -7.956 0.0000000000
180753  -21.752  -6.614  -9.883 0.0000000000
180754  -22.407  -6.234  -9.610 0.0000000000
180756  -23.147  -5.705  -9.537 0.0000000000
180757  -29.641  -6.058  -8.616 0.0000000000
180766  -20.440  -6.251  -9.970 0.0000000000
180767  -21.376  -6.182  -9.879 0.0000000000
180771  -30.155  -6.051  -9.683 0.0000000000
180778  -21.747  -5.578  -9.902 0.0000000000
180779  -22.396  -5.685  -10.273 0.0000000000
180780  -30.401  -6.032  -10.142 0.0000000000
180791  -30.584  -6.035  -10.777 0.0000000000
180807  -30.908  -6.126  -11.805 0.0000000000
180817  -30.950  -6.131  -12.434 0.0000000000
180818  -31.148  -6.254  -13.040 0.0000000000
180834  -32.659  -6.469  -14.445 0.0000000000
182121  -26.074  -5.735  -7.215 0.0000000000
182124  -28.156  -5.419  -7.040 0.0000000000
182141  -24.996  -5.453  -7.492 0.0000000000
182142  -25.562  -5.596  -7.346 0.0000000000
182144  -26.558  -4.965  -7.192 0.0000000000
182145  -28.658  -5.159  -7.199 0.0000000000
182147  -29.241  -5.507  -7.790 0.0000000000
182162  -29.207  -4.940  -8.066 0.0000000000
182175  -23.416  -5.384  -9.058 0.0000000000
182176  -29.465  -5.512  -9.040 0.0000000000
182190  -20.953  -5.240  -10.474 0.0000000000
182192  -22.913  -5.635  -10.013 0.0000000000
182193  -23.134  -5.301  -9.637 0.0000000000
182195  -30.270  -5.639  -9.834 0.0000000000
182209  -21.511  -5.343  -10.221 0.0000000000
182212  -29.992  -5.046  -9.899 0.0000000000
182229  -30.401  -5.420  -10.895 0.0000000000
182230  -30.614  -5.751  -11.380 0.0000000000
182251  -30.945  -5.541  -12.698 0.0000000000
182252  -31.488  -5.611  -13.234 0.0000000000
182258  -31.276  -4.972  -12.817 0.0000000000
182259  -31.569  -5.132  -13.394 0.0000000000
182266  -31.739  -5.295  -14.111 0.0000000000
183685  -27.339  -4.618  -7.078 0.0000000000
183700  -24.514  -5.028  -7.652 0.0000000000
183701  -25.116  -4.915  -7.727 0.0000000000
183703  -28.057  -4.332  -7.026 0.0000000000
183726  -23.625  -4.946  -8.378 0.0000000000
183728  -24.749  -4.429  -7.754 0.0000000000
183729  -29.011  -4.383  -7.777 0.0000000000
183752  -22.928  -4.754  -9.738 0.0000000000
183774  -22.848  -5.283  -10.076 0.0000000000
183775  -29.653  -4.314  -9.674 0.0000000000
183790  -21.698  -4.931  -10.661 0.0000000000
183792  -29.930  -4.643  -10.826 0.0000000000
183793  -30.197  -4.998  -10.509 0.0000000000
183807  -30.124  -4.952  -11.143 0.0000000000
183818  -29.886  -4.395  -11.902 0.0000000000
183819  -30.157  -4.767  -11.673 0.0000000000
183826  -31.024  -4.546  -12.431 0.0000000000
183833  -31.525  -4.788  -13.686 0.0000000000
183840  -31.695  -4.785  -14.374 0.0000000000
185139  -25.067  -3.974  -7.703 0.0000000000
185141  -26.407  -3.694  -7.319 0.0000000000
185142  -27.025  -3.904  -7.174 0.0000000000
185143  -27.630  -3.939  -7.089 0.0000000000
185145  -28.684  -3.877  -7.626 0.0000000000
185166  -24.790  -3.540  -8.003 0.0000000000
185167  -29.136  -3.749  -8.095 0.0000000000
185181  -23.002  -4.037  -9.258 0.0000000000
185182  -23.696  -3.580  -8.952 0.0000000000
185198  -22.684  -4.200  -9.982 0.0000000000
185199  -29.208  -3.782  -9.267 0.0000000000
185214  -29.701  -3.932  -10.214 0.0000000000
185229  -29.772  -4.222  -10.775 0.0000000000
185237  -29.729  -3.902  -11.289 0.0000000000
185238  -30.186  -4.534  -12.086 0.0000000000
185245  -29.686  -3.807  -12.019 0.0000000000
185247  -30.708  -4.134  -12.386 0.0000000000
185255  -30.090  -3.927  -12.751 0.0000000000
185257  -31.141  -4.140  -13.551 0.0000000000
185273  -31.532  -4.180  -14.750 0.0000000000
186524  -26.302  -3.013  -7.524 0.0000000000
186528  -28.781  -3.391  -7.867 0.0000000000
186541  -24.509  -2.816  -8.162 0.0000000000
186542  -25.119  -2.903  -7.957 0.0000000000
186543  -28.600  -2.846  -7.786 0.0000000000
186545  -29.369  -3.361  -8.370 0.0000000000
186559  -23.489  -2.955  -8.976 0.0000000000
186562  -29.253  -3.274  -8.859 0.0000000000
186578  -29.445  -3.187  -9.479 0.0000000000
186593  -20.742  -3.300  -10.976 0.0000000000
186594  -21.379  -3.198  -11.070 0.0000000000
186595  -21.907  -3.361  -10.824 0.0000000000
186607  -29.694  -3.198  -10.823 0.0000000000
186619  -28.954  -2.995  -12.700 0.0000000000
186628  -30.089  -3.440  -13.224 0.0000000000
186629  -30.851  -3.263  -13.647 0.0000000000
186635  -29.646  -3.107  -13.571 0.0000000000
186636  -30.320  -3.127  -13.929 0.0000000000
187855  -26.013  -2.597  -7.723 0.0000000000
187857  -27.133  -2.372  -7.338 0.0000000000
187859  -28.335  -2.287  -7.494 0.0000000000
187868  -25.518  -2.346  -7.923 0.0000000000
187870  -29.071  -2.275  -8.422 0.0000000000
187881  -23.788  -2.390  -8.652 0.0000000000
187882  -24.218  -2.101  -8.221 0.0000000000
187883  -29.229  -2.172  -9.124 0.0000000000
187884  -29.331  -2.753  -9.090 0.0000000000
187895  -22.499  -3.066  -9.894 0.0000000000
187896  -22.897  -2.447  -9.443 0.0000000000
187909  -22.145  -2.876  -10.383 0.0000000000
187910  -22.500  -2.292  -9.966 0.0000000000
187911  -29.713  -2.582  -10.412 0.0000000000
187921  -29.619  -2.648  -11.097 0.0000000000
187927  -28.723  -2.339  -12.088 0.0000000000
187928  -29.296  -2.719  -11.769 0.0000000000
187934  -28.437  -2.584  -12.571 0.0000000000
189196  -25.956  -2.142  -7.783 0.0000000000
189197  -26.441  -1.866  -7.766 0.0000000000
189199  -28.011  -1.834  -7.384 0.0000000000
189210  -24.873  -1.641  -8.490 0.0000000000
189212  -25.739  -1.608  -7.860 0.0000000000
189213  -26.522  -1.256  -7.801 0.0000000000
189214  -28.692  -1.728  -7.571 0.0000000000
189224  -24.804  -1.359  -8.679 0.0000000000
189232  -22.703  -1.554  -9.811 0.0000000000
189233  -23.251  -1.846  -9.034 0.0000000000
189234  -29.338  -1.514  -9.279 0.0000000000
189235  -29.537  -1.909  -9.631 0.0000000000
189241  -21.629  -2.112  -11.027 0.0000000000
189243  -22.281  -1.721  -10.337 0.0000000000
189244  -29.348  -1.507  -10.470 0.0000000000
189253  -21.124  -1.853  -11.398 0.0000000000
189254  -21.471  -1.424  -11.165 0.0000000000
189255  -28.997  -1.590  -11.180 0.0000000000
189256  -29.582  -2.055  -10.766 0.0000000000
189268  -28.033  -2.160  -12.343 0.0000000000
189275  -28.013  -2.357  -13.115 0.0000000000
190607  -27.662  -1.397  -7.384 0.0000000000
190620  -24.996  -1.058  -8.391 0.0000000000
190621  -25.955  -0.872  -7.913 0.0000000000
190623  -28.058  -0.870  -7.564 0.0000000000
190624  -28.596  -1.168  -7.632 0.0000000000
190631  -23.548  -1.256  -8.843 0.0000000000
190634  -29.176  -1.069  -8.784 0.0000000000
190643  -22.854  -0.906  -9.626 0.0000000000
190644  -23.424  -0.761  -9.324 0.0000000000
190664  -19.821  -0.801  -11.496 0.0000000000
190668  -28.963  -0.953  -10.857 0.0000000000
190674  -20.352  -0.802  -11.665 0.0000000000
190675  -20.951  -0.563  -11.517 0.0000000000
190676  -28.289  -0.524  -11.305 0.0000000000
190690  -27.814  -1.851  -12.732 0.0000000000
191976  -25.758  0.157  -8.166 0.0000000000
191979  -27.495  -0.410  -7.746 0.0000000000
191980  -28.118  -0.258  -7.939 0.0000000000
191981  -29.003  -0.631  -8.349 0.0000000000
191989  -24.032  -0.033  -8.918 0.0000000000
191990  -24.563  0.024  -8.459 0.0000000000
191992  -28.945  -0.168  -8.756 0.0000000000
191998  -23.022  -0.300  -9.509 0.0000000000
191999  -29.065  -0.230  -9.496 0.0000000000
192006  -18.639  -0.254  -10.594 0.0000000000
192008  -22.544  -0.400  -9.951 0.0000000000
192009  -28.970  -0.032  -10.251 0.0000000000
192016  -19.339  -0.259  -11.442 0.0000000000
192019  -21.522  -0.317  -11.161 0.0000000000
192034  -27.982  -0.452  -11.739 0.0000000000
193341  -25.338  0.686  -7.890 0.0000000000
193344  -26.901  0.461  -7.945 0.0000000000
193345  -27.773  0.179  -7.901 0.0000000000
193354  -23.765  0.666  -8.816 0.0000000000
193356  -24.786  0.640  -8.094 0.0000000000
193357  -28.827  0.361  -8.421 0.0000000000
193365  -22.245  0.949  -9.683 0.0000000000
193367  -23.276  0.744  -9.001 0.0000000000
193368  -28.992  0.383  -9.677 0.0000000000
193375  -21.616  0.893  -10.803 0.0000000000
193377  -22.589  0.280  -9.708 0.0000000000
193389  -21.810  0.194  -10.700 0.0000000000
193390  -28.318  0.557  -11.441 0.0000000000
193403  -28.002  -0.152  -12.292 0.0000000000
194724  -25.837  1.259  -7.911 0.0000000000
194725  -26.571  0.965  -7.988 0.0000000000
194727  -27.609  1.385  -8.101 0.0000000000
194728  -27.944  0.870  -7.920 0.0000000000
194736  -23.444  1.239  -8.808 0.0000000000
194738  -24.454  1.207  -8.267 0.0000000000
194739  -28.523  0.960  -8.198 0.0000000000
194747  -22.461  1.465  -9.296 0.0000000000
194748  -22.991  1.223  -9.010 0.0000000000
194749  -28.807  1.260  -8.752 0.0000000000
194750  -29.077  0.879  -9.144 0.0000000000
194758  -21.025  1.518  -11.636 0.0000000000
194759  -21.322  1.348  -11.206 0.0000000000
194760  -21.526  1.423  -10.448 0.0000000000
194767  -20.668  1.193  -11.752 0.0000000000
194769  -28.540  1.264  -11.122 0.0000000000
194770  -28.664  1.156  -10.435 0.0000000000
196101  -25.452  1.837  -8.145 0.0000000000
196103  -26.852  2.084  -7.993 0.0000000000
196104  -27.182  1.921  -8.061 0.0000000000
196112  -23.641  1.737  -8.649 0.0000000000
196113  -24.181  1.652  -8.318 0.0000000000
196122  -21.541  1.953  -9.991 0.0000000000
196125  -28.993  1.517  -9.374 0.0000000000
196134  -20.596  1.866  -11.230 0.0000000000
196136  -28.936  1.989  -9.744 0.0000000000
196146  -28.286  1.604  -11.585 0.0000000000
197501  -26.568  2.585  -7.927 0.0000000000
197503  -27.133  2.362  -8.074 0.0000000000
197514  -23.323  2.329  -8.698 0.0000000000
197515  -23.912  2.147  -8.373 0.0000000000
197516  -25.107  2.363  -8.247 0.0000000000
197517  -28.109  2.761  -8.769 0.0000000000
197529  -28.845  2.608  -9.469 0.0000000000
197542  -28.634  2.905  -10.052 0.0000000000
197556  -28.161  2.087  -11.787 0.0000000000
198964  -25.062  3.437  -8.124 0.0000000000
198967  -26.946  2.961  -7.486 0.0000000000
198980  -24.319  2.618  -8.155 0.0000000000
198981  -24.884  2.935  -8.137 0.0000000000
198982  -26.851  3.322  -7.350 0.0000000000
198983  -28.040  3.359  -8.957 0.0000000000
198990  -28.547  2.985  -9.145 0.0000000000
200353  -25.032  3.968  -8.245 0.0000000000
200355  -26.489  3.780  -7.955 0.0000000000
200366  -27.537  3.741  -8.641 0.0000000000
200367  -27.991  4.020  -9.068 0.0000000000
200384  -28.506  3.952  -10.217 0.0000000000
201674  -25.547  4.288  -8.077 0.0000000000
201675  -25.968  4.136  -8.009 0.0000000000
201676  -26.621  4.378  -8.057 0.0000000000
201701  -27.967  4.975  -9.076 0.0000000000
201706  -28.363  4.444  -10.103 0.0000000000
203021  -25.376  4.824  -8.040 0.0000000000
203033  -27.337  5.547  -8.339 0.0000000000
203046  -27.974  5.502  -9.314 0.0000000000
203047  -28.123  5.122  -9.581 0.0000000000
203060  -28.010  5.290  -10.614 0.0000000000
204377  -24.731  6.055  -8.180 0.0000000000
204378  -25.762  6.013  -7.989 0.0000000000
204379  -26.390  6.251  -7.992 0.0000000000
204380  -27.079  6.035  -8.225 0.0000000000
204390  -27.745  5.922  -9.057 0.0000000000
205729  -24.244  6.946  -8.454 0.0000000000
205752  -27.371  7.109  -9.017 0.0000000000
207161  -24.641  7.263  -8.335 0.0000000000
207178  -25.689  7.477  -8.116 0.0000000000
207179  -26.412  7.438  -8.135 0.0000000000
207196  -27.208  7.513  -9.543 0.0000000000
208613  -26.171  8.048  -8.169 0.0000000000
208623  -26.836  7.937  -8.667 0.0000000000
208628  -27.065  8.024  -9.222 0.0000000000
210000  -25.063  8.249  -7.875 0.0000000000
289235  -24.618  4.570  -8.257 0.0000000000
289746  -24.426  3.926  -8.417 0.0000000000
289763  -23.994  5.996  -8.282 0.0000000000
289787  -21.746  7.755  -9.158 0.0000000000
289928  -24.308  6.522  -8.380 0.0000000000
290245  -25.504  -5.080  -7.502 0.0000000000
290287  -22.847  3.100  -8.710 0.0000000000
290314  -32.904  -10.736  -8.345 0.0000000000
290521  -23.960  3.664  -8.283 0.0000000000
290640  -30.934  -7.901  -11.775 0.0000000000
290710  -34.932  -10.903  -10.109 0.0000000000
291184  -25.802  -3.494  -7.353 0.0000000000
291400  -25.854  -9.791  -6.745 0.0000000000
292377  -23.936  3.153  -8.257 0.0000000000
292458  -24.482  5.000  -7.980 0.0000000000
292803  -29.586  -4.928  -9.310 0.0000000000
292902  -27.222  4.065  -8.375 0.0000000000
293098  -25.249  6.342  -7.996 0.0000000000
293187  -27.052  -5.353  -7.015 0.0000000000
293273  -24.695  4.218  -8.481 0.0000000000
294207  -35.174  -11.673  -9.031 0.0000000000
294656  -26.030  -8.163  -6.361 0.0000000000
294948  -23.821  -10.753  -6.396 0.0000000000
295616  -32.871  -9.877  -11.278 0.0000000000
296068  -25.508  -7.771  -6.590 0.0000000000
296248  -33.022  -10.964  -7.421 0.0000000000
296483  -27.323  -3.468  -7.095 0.0000000000
297052  -22.883  2.709  -8.763 0.0000000000
297080  -21.829  -14.839  -5.605 0.0000000000
297111  -29.462  -8.195  -9.640 0.0000000000
298145  -27.770  -3.404  -7.228 0.0000000000
298438  -23.348  -5.799  -8.820 0.0000000000
298726  -32.504  -10.304  -9.795 0.0000000000
298750  -24.984  5.362  -8.111 0.0000000000
300087  -23.168  0.264  -9.323 0.0000000000
300580  -26.174  -11.564  -6.834 0.0000000000
300620  -22.836  -8.373  -8.582 0.0000000000
300629  -29.485  -5.496  -8.332 0.0000000000
301025  -20.860  -13.153  -6.419 0.0000000000
301443  -33.665  -9.335  -12.713 0.0000000000
301491  -18.891  1.421  -11.586 0.0000000000
303013  -26.374  2.956  -7.923 0.0000000000
303045  -33.651  -9.471  -12.180 0.0000000000
303557  -27.951  -2.837  -7.345 0.0000000000
304905  -29.141  -0.598  -8.952 0.0000000000
304907  -22.889  -5.845  -9.830 0.0000000000
304999  -24.881  -0.438  -8.271 0.0000000000
305739  -29.574  -12.344  -6.601 0.0000000000
307144  -28.970  -2.661  -8.145 0.0000000000
307240  -28.571  3.536  -9.869 0.0000000000
308166  -25.903  -4.103  -7.361 0.0000000000
309580  -21.064  0.006  -11.301 0.0000000000
309812  -25.430  -0.503  -8.075 0.0000000000
310889  -26.824  -2.796  -7.466 0.0000000000
311419  -29.743  -3.674  -10.635 0.0000000000
311505  -25.141  -13.041  -7.337 0.0000000000
312303  -21.904  -11.790  -7.263 0.0000000000
312701  -28.616  0.056  -10.781 0.0000000000
313551  -22.740  -3.567  -9.630 0.0000000000
314003  -27.013  -6.183  -6.400 0.0000000000
314240  -28.918  -1.822  -8.086 0.0000000000
315303  -21.308  -0.887  -11.422 0.0000000000
316615  -26.610  -0.002  -7.921 0.0000000000
317093  -24.890  -13.223  -6.963 0.0000000000
317673  -28.151  -6.842  -6.532 0.0000000000
318408  -24.451  -4.065  -8.151 0.0000000000
320091  -33.248  -8.158  -13.905 0.0000000000
320236  -22.169  -7.183  -9.036 0.0000000000
321810  -19.297  -15.421  -4.160 0.0000000000
323282  -28.091  4.448  -9.233 0.0000000000
323417  -26.865  -2.024  -7.611 0.0000000000
323677  -21.456  -12.616  -6.692 0.0000000000
324330  -27.470  5.016  -8.513 0.0000000000
324450  -28.156  2.177  -8.618 0.0000000000
324706  -28.922  1.482  -9.976 0.0000000000
325164  -22.141  -3.868  -10.817 0.0000000000
326055  -30.025  -6.916  -10.530 0.0000000000
326493  -27.531  -8.836  -6.677 0.0000000000
326494  -26.723  -10.026  -6.697 0.0000000000
326862  -20.261  -11.629  -6.687 0.0000000000
328152  -24.059  5.364  -8.138 0.0000000000
328287  -22.592  6.475  -8.820 0.0000000000
328359  -29.404  -10.978  -9.496 0.0000000000
328690  -26.656  4.971  -8.064 0.0000000000
328726  -21.930  2.616  -9.212 0.0000000000
328897  -27.445  0.520  -7.830 0.0000000000
329098  -31.002  -8.764  -11.147 0.0000000000
329686  -29.617  -12.200  -7.717 0.0000000000
330141  -24.494  -1.515  -8.562 0.0000000000
330176  -31.407  -9.773  -9.622 0.0000000000
330315  -24.962  -7.671  -6.758 0.0000000000
330356  -28.905  2.135  -9.235 0.0000000000
332400  -28.335  -9.016  -8.088 0.0000000000
333427  -28.461  -2.751  -13.084 0.0000000000
333752  -31.726  -9.011  -12.141 0.0000000000
333927  -33.599  -11.280  -7.886 0.0000000000
335241  -24.805  -3.994  -7.855 0.0000000000
335688  -24.826  -5.983  -7.660 0.0000000000
336032  -21.730  -18.247  -3.045 0.0000000000
336033  -27.051  -8.097  -6.313 0.0000000000
336870  -29.205  -2.509  -8.793 0.0000000000
336950  -31.632  -10.961  -7.870 0.0000000000
337809  -32.044  -10.277  -9.529 0.0000000000
337921  -26.498  6.866  -8.205 0.0000000000
338822  -27.870  -12.026  -9.178 0.0000000000
339611  -21.205  -3.693  -11.059 0.0000000000
339629  -32.582  -8.139  -13.316 0.0000000000
339639  -30.749  -7.515  -12.899 0.0000000000
341125  -23.782  7.119  -8.330 0.0000000000
341425  -18.644  -12.652  -5.008 0.0000000000
342541  -26.019  -7.649  -6.521 0.0000000000
342878  -20.059  -11.303  -6.968 0.0000000000
342976  -29.122  -7.565  -8.071 0.0000000000
343173  -31.165  -7.510  -13.101 0.0000000000
343421  -25.490  5.466  -8.099 0.0000000000
343534  -31.929  -11.351  -6.624 0.0000000000
344366  -23.366  -4.122  -8.894 0.0000000000
344676  -22.073  2.365  -9.060 0.0000000000
345323  -27.183  -5.795  -6.810 0.0000000000
345386  -30.920  -10.968  -8.940 0.0000000000
345779  -26.448  1.544  -7.919 0.0000000000
346187  -29.405  -3.223  -12.586 0.0000000000
346217  -27.616  -9.095  -7.103 0.0000000000
346423  -20.541  -15.365  -5.218 0.0000000000
346737  -30.835  -4.439  -12.128 0.0000000000
347155  -19.976  -16.790  -4.247 0.0000000000
348164  -27.399  6.742  -8.730 0.0000000000
348237  -28.025  1.206  -8.122 0.0000000000
348357  -23.322  8.278  -8.078 0.0000000000
