#!ascii label  , from subject sub-v2s5x29573_ses-1 vox2ras=TkReg
1742
44217  -33.056  -69.309  -3.352 0.5000000000
45720  -33.517  -67.672  -4.627 0.8000000119
48668  -32.103  -65.940  -4.075 0.8000000119
47191  -32.136  -67.145  -3.735 0.8000000119
45711  -32.132  -67.847  -3.440 0.8000000119
41309  -34.057  -70.513  -3.200 0.5000000000
44227  -33.047  -68.742  -3.934 0.5000000000
45700  -31.741  -68.352  -2.841 0.6000000238
51991  -31.308  -64.645  -3.997 0.6999999881
50263  -31.302  -65.635  -3.623 0.6999999881
47179  -31.023  -67.511  -2.907 0.8000000119
45699  -31.207  -68.152  -2.574 0.6999999881
39964  -33.745  -70.918  -2.447 0.6000000238
42708  -33.414  -69.793  -2.982 0.5000000000
44200  -32.514  -69.186  -2.583 0.6000000238
56394  -29.960  -63.116  -3.970 0.6999999881
44216  -32.681  -68.923  -3.282 0.6000000238
44180  -31.284  -68.915  -1.568 0.6000000238
55004  -30.638  -63.415  -3.996 0.6999999881
53581  -31.279  -64.222  -4.412 0.6999999881
48661  -30.741  -66.276  -3.201 0.6999999881
45688  -30.895  -68.548  -1.980 0.6000000238
45676  -30.150  -68.570  -1.167 0.6000000238
48654  -30.310  -66.805  -2.764 0.8000000119
47163  -30.151  -67.789  -2.054 0.8000000119
45686  -29.849  -68.117  -1.536 0.6999999881
41290  -33.168  -70.097  -1.229 0.4000000060
42689  -32.359  -69.510  -1.289 0.6000000238
57775  -29.414  -62.369  -3.327 0.6999999881
44160  -30.516  -68.874  -0.761 0.6000000238
57777  -30.344  -62.476  -3.274 0.6999999881
54996  -30.555  -63.785  -3.347 0.6999999881
50262  -31.051  -65.220  -3.622 0.6999999881
50255  -29.736  -65.774  -2.577 0.6999999881
48652  -29.523  -66.406  -2.312 0.6000000238
47146  -29.063  -67.519  -1.066 0.6999999881
48585  -28.355  -66.575  0.349 0.5000000000
51982  -29.434  -65.311  -2.245 0.6000000238
50254  -29.197  -65.960  -2.029 0.6000000238
48637  -29.090  -66.640  -1.732 0.6000000238
50208  -28.403  -66.093  0.097 0.6000000238
51961  -28.662  -65.395  -0.694 0.6000000238
51939  -28.809  -65.174  0.552 0.5000000000
42667  -32.704  -69.894  -0.186 0.4000000060
42681  -32.882  -69.861  -0.852 0.5000000000
318714  -28.259  -61.859  -2.067 0.6999999881
44141  -31.600  -69.246  -0.453 0.6000000238
333305  -30.585  -69.001  0.133 0.6000000238
56381  -30.260  -63.152  -2.821 0.6999999881
341196  -29.513  -68.514  -0.019 0.6000000238
54989  -30.112  -63.566  -2.638 0.6999999881
47116  -28.607  -67.727  0.704 0.5000000000
47115  -28.394  -67.287  1.200 0.6000000238
54984  -29.359  -64.250  -1.432 0.6999999881
323325  -28.994  -65.123  -1.126 0.6000000238
51911  -28.701  -65.752  1.382 0.5000000000
50171  -28.489  -66.264  1.536 0.5000000000
53534  -29.024  -64.640  0.185 0.5000000000
56361  -26.901  -63.389  -0.524 0.6000000238
57731  -27.710  -62.680  -0.046 0.6000000238
41276  -32.580  -69.929  0.338 0.5000000000
42633  -31.887  -69.510  1.112 0.5000000000
59141  -27.833  -62.166  -1.309 0.6999999881
57757  -27.248  -62.289  -2.188 0.6999999881
42666  -32.097  -69.515  -0.053 0.5000000000
44112  -30.918  -69.300  0.864 0.5000000000
44073  -30.408  -69.055  2.286 0.4000000060
59163  -29.288  -61.704  -2.541 0.6999999881
44110  -30.117  -68.961  1.050 0.5000000000
59164  -29.843  -61.647  -2.520 0.6999999881
57768  -30.366  -62.389  -2.528 0.6999999881
45612  -29.293  -68.375  2.122 0.5000000000
56370  -29.822  -63.101  -1.369 0.6999999881
54977  -29.534  -63.794  -1.061 0.6000000238
47103  -28.468  -67.430  1.847 0.5000000000
54976  -29.236  -64.287  -0.795 0.6000000238
50135  -28.642  -66.511  2.653 0.5000000000
54950  -29.462  -63.582  0.346 0.5000000000
54949  -29.235  -64.182  0.634 0.5000000000
53530  -29.077  -64.723  0.870 0.5000000000
51891  -29.229  -65.470  2.346 0.5000000000
53508  -29.382  -65.038  2.064 0.5000000000
51871  -30.405  -65.049  3.446 0.3000000119
44055  -31.540  -69.370  3.372 0.3000000119
56360  -26.621  -63.870  -0.061 0.6000000238
56347  -26.994  -63.429  0.305 0.6000000238
42595  -31.460  -69.528  2.008 0.4000000060
44054  -30.982  -69.192  3.181 0.4000000060
59131  -28.624  -61.783  -0.117 0.6000000238
44072  -29.842  -68.763  2.186 0.5000000000
60548  -28.925  -61.196  -1.246 0.6999999881
60550  -29.813  -61.129  -1.633 0.6999999881
47070  -28.962  -67.525  2.993 0.5000000000
57758  -30.111  -62.261  -1.388 0.5000000000
48530  -29.024  -67.073  3.283 0.5000000000
56363  -29.714  -63.144  -0.232 0.5000000000
50115  -29.729  -66.150  3.879 0.4000000060
51869  -29.284  -65.673  2.795 0.3000000119
51846  -30.549  -65.329  3.897 0.4000000060
54914  -30.059  -64.305  2.085 0.5000000000
53489  -30.562  -64.663  3.120 0.4000000060
56346  -26.413  -63.650  0.610 0.6000000238
56322  -27.118  -63.180  1.485 0.6000000238
57708  -28.235  -62.593  1.713 0.6000000238
57720  -28.241  -62.528  1.024 0.6000000238
59120  -28.743  -61.985  0.594 0.6000000238
304877  -30.176  -68.463  3.929 0.3000000119
45597  -29.333  -67.983  3.221 0.4000000060
340125  -29.000  -61.296  -0.440 0.6000000238
47046  -30.149  -67.699  4.578 0.3000000119
60535  -30.026  -61.004  -0.405 0.6000000238
57751  -30.294  -61.491  -1.468 0.6999999881
50072  -30.847  -66.559  4.958 0.3000000119
48514  -29.311  -67.196  3.766 0.3000000119
60529  -30.183  -61.107  -0.238 0.6000000238
51799  -31.585  -65.798  5.033 0.3000000119
50090  -30.036  -66.419  4.397 0.3000000119
59123  -30.625  -61.446  0.646 0.5000000000
57744  -30.482  -61.615  -0.290 0.5000000000
57743  -30.123  -62.339  -0.243 0.5000000000
53445  -32.029  -65.007  4.357 0.3000000119
51820  -31.298  -65.514  4.589 0.3000000119
57721  -30.280  -62.704  0.891 0.5000000000
56323  -30.103  -63.426  1.302 0.5000000000
327394  -32.224  -64.709  3.895 0.3000000119
57709  -30.801  -62.448  1.305 0.5000000000
54903  -31.589  -64.101  3.132 0.4000000060
53491  -31.917  -64.440  3.493 0.3000000119
57686  -26.701  -62.880  2.282 0.5000000000
57706  -27.213  -62.939  2.063 0.6000000238
57688  -28.188  -62.569  2.356 0.5000000000
59122  -29.868  -61.360  1.013 0.6000000238
59094  -29.923  -61.738  2.219 0.5000000000
325039  -33.424  -65.217  4.637 0.3000000119
60518  -30.149  -61.253  0.646 0.6000000238
53471  -34.359  -64.918  3.406 0.3000000119
53447  -33.139  -64.909  4.190 0.3000000119
60519  -30.512  -61.361  0.685 0.6000000238
57722  -30.716  -62.019  0.949 0.5000000000
57691  -32.340  -62.409  2.423 0.5000000000
54916  -31.105  -63.874  2.684 0.4000000060
56308  -33.226  -63.279  2.623 0.4000000060
57672  -27.372  -62.480  2.991 0.5000000000
59067  -28.460  -62.052  3.261 0.5000000000
59068  -29.146  -61.944  3.119 0.5000000000
59092  -28.767  -62.294  2.676 0.5000000000
349359  -29.933  -61.676  3.498 0.5000000000
51873  -35.445  -65.315  3.124 0.3000000119
51872  -34.874  -65.111  3.228 0.3000000119
59110  -30.471  -61.337  1.699 0.6000000238
60508  -30.802  -61.240  1.292 0.6000000238
290698  -31.842  -61.514  2.403 0.5000000000
301307  -32.547  -62.056  2.546 0.5000000000
54932  -34.017  -63.879  2.053 0.4000000060
57712  -35.348  -62.973  1.816 0.4000000060
60452  -28.458  -61.263  3.940 0.5000000000
60453  -29.131  -61.257  4.064 0.5000000000
60454  -29.768  -61.407  3.915 0.5000000000
51874  -36.019  -65.492  3.088 0.4000000060
51931  -36.313  -65.556  1.180 0.4000000060
60455  -30.667  -61.292  3.999 0.5000000000
60456  -31.300  -61.286  3.751 0.5000000000
51930  -35.708  -65.190  0.982 0.4000000060
51913  -35.277  -65.103  1.399 0.3000000119
61851  -32.064  -60.798  4.723 0.4000000060
53522  -34.793  -64.762  1.380 0.3000000119
60457  -31.884  -61.386  3.468 0.5000000000
60479  -32.019  -61.476  2.886 0.4000000060
305609  -32.799  -61.810  3.123 0.4000000060
57695  -35.159  -62.693  2.345 0.4000000060
315133  -28.943  -60.391  4.485 0.5000000000
321950  -29.510  -60.442  4.630 0.5000000000
61827  -30.489  -60.154  5.013 0.5000000000
327124  -36.623  -65.846  0.733 0.4000000060
61850  -31.415  -60.768  4.710 0.5000000000
61829  -31.753  -60.334  5.047 0.4000000060
53557  -36.634  -65.341  -1.056 0.4000000060
53556  -36.242  -64.729  -1.236 0.4000000060
61830  -32.377  -60.334  5.031 0.4000000060
60433  -32.438  -61.129  4.332 0.4000000060
54978  -35.967  -64.174  -1.036 0.4000000060
60435  -33.658  -61.078  4.480 0.4000000060
60459  -33.986  -61.448  4.101 0.4000000060
60460  -34.595  -61.346  4.039 0.4000000060
59074  -34.035  -62.126  3.249 0.4000000060
59054  -34.914  -61.693  3.666 0.4000000060
59112  -36.372  -62.334  2.050 0.4000000060
57725  -36.638  -62.696  0.855 0.4000000060
57714  -36.554  -62.569  1.482 0.4000000060
63238  -29.236  -59.811  4.728 0.5000000000
63216  -30.259  -59.582  5.194 0.4000000060
50222  -36.868  -66.144  -0.321 0.4000000060
51962  -37.114  -65.734  -1.608 0.4000000060
64584  -31.213  -59.129  5.275 0.5000000000
64586  -32.422  -59.291  5.226 0.4000000060
61832  -33.458  -60.270  4.981 0.4000000060
54990  -36.564  -64.173  -2.288 0.4000000060
61854  -33.923  -60.488  4.730 0.4000000060
61856  -35.035  -60.407  4.316 0.4000000060
57735  -36.715  -62.800  0.248 0.3000000119
59076  -35.238  -61.989  3.243 0.4000000060
66019  -30.918  -58.153  5.029 0.4000000060
331173  -31.233  -58.526  5.217 0.5000000000
320753  -32.160  -58.872  5.251 0.4000000060
51974  -37.145  -65.415  -2.244 0.4000000060
66021  -33.739  -58.353  4.723 0.4000000060
64587  -33.091  -59.226  5.170 0.4000000060
293166  -34.263  -58.757  4.606 0.4000000060
64607  -34.061  -59.383  4.823 0.4000000060
63240  -34.326  -59.910  4.693 0.4000000060
63242  -35.376  -59.991  3.988 0.4000000060
60462  -35.617  -60.995  3.782 0.4000000060
60481  -36.084  -61.061  3.412 0.4000000060
59135  -37.462  -61.970  0.149 0.4000000060
60510  -37.111  -61.411  1.981 0.4000000060
59126  -37.376  -61.819  0.853 0.4000000060
67411  -31.588  -58.059  5.112 0.4000000060
67429  -32.700  -57.709  4.763 0.4000000060
67431  -33.772  -57.882  4.505 0.4000000060
67449  -34.587  -57.904  4.162 0.4000000060
66039  -35.314  -58.803  3.969 0.4000000060
64624  -35.573  -59.338  3.753 0.4000000060
57736  -37.110  -62.492  0.042 0.4000000060
64643  -36.489  -59.242  3.030 0.4000000060
318549  -36.658  -60.179  2.948 0.4000000060
64658  -37.232  -59.538  2.188 0.4000000060
61916  -37.436  -60.445  1.771 0.4000000060
61925  -37.593  -60.756  1.271 0.4000000060
68905  -33.270  -56.900  4.162 0.4000000060
68906  -33.889  -57.061  4.004 0.4000000060
68908  -35.116  -57.292  3.617 0.4000000060
67463  -35.493  -57.671  3.502 0.4000000060
320914  -35.446  -58.233  3.772 0.4000000060
67475  -36.238  -57.712  2.530 0.4000000060
66066  -36.500  -58.333  2.670 0.4000000060
66067  -36.801  -58.685  2.319 0.4000000060
66080  -37.380  -58.901  1.474 0.4000000060
60537  -37.873  -61.423  -0.006 0.3000000119
63317  -37.940  -59.961  0.907 0.4000000060
60531  -37.987  -60.913  0.428 0.4000000060
70384  -32.999  -56.396  3.894 0.4000000060
70402  -34.471  -56.417  3.038 0.4000000060
70417  -34.137  -56.007  2.735 0.4000000060
68940  -35.022  -56.626  2.761 0.4000000060
68941  -35.483  -56.914  2.426 0.4000000060
67489  -36.815  -57.911  1.563 0.4000000060
67504  -37.299  -58.190  0.718 0.4000000060
59159  -38.161  -61.789  -1.657 0.4000000060
59146  -38.110  -61.607  -1.012 0.3000000119
333586  -37.619  -58.991  1.009 0.4000000060
61942  -38.377  -60.225  -0.029 0.5000000000
61947  -38.527  -60.491  -0.588 0.4000000060
64698  -38.142  -59.109  0.222 0.5000000000
71984  -34.066  -55.693  1.814 0.4000000060
70446  -34.825  -56.045  1.103 0.4000000060
70419  -35.104  -56.493  2.110 0.4000000060
70447  -35.331  -56.306  0.845 0.4000000060
68968  -35.770  -56.610  1.219 0.4000000060
302290  -37.695  -58.672  0.537 0.4000000060
63337  -38.680  -59.310  -0.558 0.5000000000
72002  -34.117  -55.437  0.394 0.4000000060
72021  -34.557  -55.730  0.114 0.4000000060
70471  -34.921  -56.119  -0.216 0.4000000060
66102  -38.163  -58.469  -0.610 0.4000000060
320329  -38.804  -58.696  -1.347 0.5000000000
73581  -33.765  -55.112  -0.587 0.4000000060
72028  -34.224  -55.436  -0.820 0.4000000060
72038  -34.679  -55.744  -1.063 0.4000000060
67548  -38.857  -57.781  -2.583 0.5000000000
79769  -34.516  -52.212  -2.668 0.4000000060
73589  -33.687  -54.592  -1.115 0.4000000060
78114  -34.456  -53.030  -2.091 0.4000000060
75124  -34.165  -54.618  -1.396 0.4000000060
76619  -35.167  -53.677  -2.552 0.4000000060
326341  -35.487  -54.094  -2.826 0.5000000000
319842  -33.989  -52.944  -1.670 0.4000000060
56325  -31.099  -62.833  1.818 0.5000000000
57692  -32.889  -62.649  2.646 0.5000000000
56309  -33.683  -63.516  2.379 0.4000000060
42714  -34.009  -69.972  -3.828 0.5000000000
47197  -32.770  -66.379  -4.611 0.8000000119
50269  -32.163  -65.448  -4.717 0.8000000119
51997  -31.445  -64.605  -4.645 0.6999999881
38732  -33.733  -71.691  -3.153 0.5000000000
53583  -30.326  -64.387  -4.875 0.6999999881
38730  -32.924  -71.963  -2.661 0.5000000000
56392  -28.807  -63.686  -3.908 0.6999999881
39947  -33.047  -70.332  -1.014 0.4000000060
38723  -33.255  -71.420  -2.410 0.4000000060
57774  -28.594  -62.640  -3.125 0.6999999881
57740  -27.116  -62.904  -1.066 0.6999999881
41282  -32.543  -70.310  0.003 0.4000000060
301512  -32.452  -70.050  1.463 0.4000000060
54974  -26.416  -64.339  -0.915 0.6000000238
42574  -31.965  -69.643  2.977 0.4000000060
56345  -25.848  -63.717  0.813 0.6000000238
56320  -25.956  -63.267  1.727 0.5000000000
57671  -26.619  -62.485  2.866 0.5000000000
326138  -27.891  -61.264  3.792 0.5000000000
61846  -28.400  -60.365  4.236 0.4000000060
66017  -29.692  -58.658  4.762 0.4000000060
67425  -29.928  -58.006  4.537 0.4000000060
67427  -31.135  -57.634  4.748 0.4000000060
68882  -31.328  -57.132  4.446 0.4000000060
70383  -32.459  -56.322  3.920 0.4000000060
71951  -33.572  -55.852  2.911 0.4000000060
71983  -33.456  -55.367  1.871 0.4000000060
340732  -33.410  -55.144  1.307 0.4000000060
73569  -33.298  -54.819  -0.351 0.4000000060
79768  -34.154  -51.881  -2.430 0.4000000060
45726  -33.922  -66.696  -5.383 0.8000000119
47190  -31.636  -66.853  -3.452 0.8000000119
42691  -33.229  -69.965  -1.715 0.5000000000
50267  -31.571  -65.148  -4.073 0.6999999881
53573  -30.391  -64.434  -3.163 0.6999999881
44161  -31.151  -68.988  -0.910 0.6000000238
45674  -29.249  -68.022  -0.759 0.6999999881
48638  -29.528  -67.003  -2.045 0.6999999881
44123  -29.918  -68.831  0.621 0.6000000238
47133  -28.876  -67.609  -0.550 0.6000000238
47145  -28.758  -67.109  -0.890 0.6000000238
59149  -28.514  -61.715  -1.497 0.6999999881
45640  -29.021  -68.204  0.864 0.5000000000
57732  -28.215  -62.374  0.289 0.6000000238
42596  -32.001  -69.673  2.240 0.5000000000
44074  -30.915  -69.375  1.778 0.5000000000
44031  -30.517  -68.888  3.620 0.3000000119
54930  -29.806  -64.037  1.538 0.5000000000
59093  -29.320  -61.983  2.129 0.6000000238
59111  -31.254  -61.545  1.510 0.5000000000
56306  -31.390  -63.221  2.315 0.5000000000
57676  -34.340  -62.474  2.866 0.4000000060
59073  -33.395  -62.091  3.168 0.4000000060
56328  -35.484  -63.252  1.257 0.4000000060
60498  -36.445  -61.430  2.882 0.4000000060
63280  -36.301  -59.756  3.241 0.4000000060
68904  -32.570  -56.757  4.311 0.4000000060
63306  -37.511  -59.932  1.675 0.4000000060
75139  -34.983  -54.233  -2.229 0.4000000060
296058  -26.828  -75.392  -7.385 0.4000000060
30665  -27.339  -75.640  -7.741 0.4000000060
31995  -28.623  -74.791  -7.661 0.4000000060
31996  -29.220  -74.903  -7.737 0.4000000060
33321  -28.006  -74.189  -6.932 0.4000000060
33326  -28.566  -74.328  -7.189 0.4000000060
33327  -29.113  -74.440  -7.414 0.4000000060
34749  -29.997  -73.508  -7.084 0.4000000060
33329  -31.253  -74.113  -7.655 0.5000000000
34742  -28.379  -73.680  -6.429 0.4000000060
34747  -28.795  -73.750  -6.668 0.4000000060
36163  -30.385  -73.184  -6.854 0.5000000000
34750  -30.608  -73.436  -7.258 0.5000000000
298378  -31.606  -73.102  -7.111 0.6000000238
344828  -28.089  -73.398  -5.535 0.4000000060
323373  -28.991  -73.265  -5.896 0.4000000060
36153  -30.215  -72.926  -5.857 0.4000000060
34756  -31.267  -73.511  -7.397 0.5000000000
38712  -32.459  -71.430  -1.759 0.3000000119
38703  -31.864  -71.331  -0.998 0.4000000060
318959  -32.657  -70.728  2.191 0.3000000119
34758  -32.406  -73.954  -7.471 0.5000000000
36142  -33.707  -73.050  -4.039 0.5000000000
37463  -32.527  -72.380  -2.686 0.4000000060
292360  -29.300  -72.707  -3.669 0.4000000060
36158  -30.275  -73.037  -6.364 0.5000000000
37489  -31.618  -72.686  -6.669 0.5000000000
36138  -29.095  -73.020  -4.189 0.4000000060
36145  -29.424  -73.145  -4.816 0.4000000060
36171  -32.638  -73.346  -7.323 0.6000000238
36172  -33.211  -73.274  -7.261 0.6000000238
36167  -34.283  -73.020  -6.994 0.6999999881
37476  -34.092  -72.444  -4.083 0.5000000000
34760  -33.819  -74.177  -7.178 0.6999999881
34743  -34.920  -74.075  -6.153 0.6999999881
36146  -34.201  -73.081  -4.474 0.6999999881
36168  -34.876  -73.228  -6.633 0.6999999881
36160  -35.214  -73.139  -6.128 0.6999999881
37483  -30.987  -72.371  -5.530 0.5000000000
295094  -31.711  -72.323  -6.148 0.6000000238
38750  -32.194  -72.207  -6.434 0.6000000238
38748  -32.963  -71.439  -6.463 0.6000000238
37474  -30.149  -72.389  -4.196 0.4000000060
37479  -30.501  -72.327  -4.675 0.5000000000
38742  -31.832  -71.459  -5.403 0.6000000238
37490  -32.658  -72.383  -6.816 0.6000000238
309518  -33.645  -71.958  -6.876 0.6000000238
317467  -34.653  -72.037  -6.762 0.6000000238
328870  -32.573  -70.259  2.453 0.3000000119
36166  -33.604  -72.882  -7.109 0.6000000238
315567  -35.160  -72.022  -6.518 0.6999999881
37477  -34.528  -71.925  -4.302 0.6000000238
38735  -34.100  -71.499  -3.492 0.5000000000
325907  -30.188  -70.538  -3.493 0.6000000238
39971  -30.706  -70.567  -3.876 0.6000000238
41316  -31.447  -69.819  -4.865 0.6999999881
39981  -31.934  -70.588  -5.340 0.6000000238
39982  -32.308  -70.470  -5.825 0.6000000238
39988  -33.908  -70.780  -6.727 0.6000000238
39970  -30.259  -71.230  -3.545 0.5000000000
38741  -31.288  -71.799  -5.131 0.6000000238
39989  -34.550  -70.776  -6.750 0.6000000238
38755  -35.351  -71.275  -6.359 0.6999999881
39983  -35.471  -70.860  -5.775 0.6999999881
38749  -35.429  -71.361  -5.985 0.6999999881
39974  -34.637  -70.930  -4.030 0.6000000238
38740  -35.091  -71.283  -4.875 0.6999999881
42711  -30.539  -69.288  -4.371 0.6000000238
42716  -31.279  -69.172  -4.928 0.6999999881
42717  -31.500  -69.369  -5.084 0.6999999881
41320  -31.700  -69.838  -5.179 0.6999999881
42727  -32.756  -69.597  -6.396 0.6000000238
295601  -34.259  -69.713  -4.377 0.5000000000
42731  -34.804  -69.620  -6.640 0.6999999881
42726  -35.322  -69.877  -6.273 0.6999999881
41314  -34.695  -70.500  -4.306 0.6000000238
298821  -31.534  -67.342  -5.656 0.6999999881
47210  -33.392  -66.490  -6.330 0.6999999881
44230  -30.977  -68.422  -5.073 0.6999999881
45731  -32.648  -67.539  -6.352 0.6000000238
45733  -33.492  -67.342  -6.482 0.5000000000
323729  -31.935  -68.864  -6.022 0.6999999881
325616  -32.703  -68.911  -6.408 0.6000000238
44239  -34.727  -68.592  -6.243 0.6999999881
42719  -34.471  -69.155  -5.057 0.5000000000
41326  -34.158  -69.552  -6.760 0.6000000238
42724  -34.761  -68.921  -5.806 0.6999999881
42720  -34.866  -69.629  -5.420 0.6000000238
48678  -32.590  -65.884  -5.847 0.6999999881
48675  -32.830  -65.734  -5.613 0.6999999881
50273  -31.765  -65.517  -5.288 0.6999999881
44236  -34.454  -68.136  -5.764 0.6000000238
47206  -33.991  -66.701  -5.917 0.6999999881
36134  -33.107  -72.747  -3.408 0.5000000000
45732  -34.301  -67.264  -6.010 0.6000000238
33325  -27.713  -74.604  -7.122 0.4000000060
34755  -30.331  -73.860  -7.436 0.4000000060
36144  -28.844  -73.193  -4.647 0.4000000060
312744  -29.302  -73.204  -6.288 0.4000000060
37482  -30.442  -72.637  -5.304 0.4000000060
37478  -30.023  -72.764  -4.740 0.4000000060
34717  -34.792  -73.702  -5.339 0.6999999881
37484  -35.071  -72.562  -5.306 0.6999999881
38747  -32.472  -71.585  -6.187 0.6000000238
39986  -33.230  -70.855  -6.532 0.6000000238
39975  -31.033  -71.096  -4.263 0.6999999881
318957  -31.317  -71.251  -4.697 0.6000000238
337615  -32.353  -69.959  -5.951 0.6000000238
44234  -31.882  -68.250  -6.028 0.6999999881
42728  -33.752  -68.953  -6.695 0.6000000238
47209  -32.553  -66.358  -6.186 0.6000000238
44229  -30.646  -68.564  -4.742 0.5000000000
38720  -29.293  -71.485  -2.598 0.4000000060
41310  -30.109  -69.901  -3.579 0.5000000000
45724  -30.300  -67.968  -4.882 0.6000000238
39962  -28.871  -71.018  -2.286 0.4000000060
41300  -28.595  -70.360  -2.124 0.5000000000
41307  -29.369  -70.033  -2.894 0.5000000000
42710  -29.746  -69.106  -3.911 0.5000000000
45718  -29.791  -68.507  -4.489 0.5000000000
45722  -29.378  -67.935  -4.540 0.5000000000
44225  -30.343  -68.797  -4.536 0.5000000000
45728  -30.821  -67.889  -5.272 0.6000000238
335807  -30.597  -67.679  -5.124 0.5000000000
293385  -30.037  -67.758  -4.783 0.5000000000
50271  -30.326  -65.858  -5.133 0.6999999881
48673  -29.911  -66.614  -4.823 0.6000000238
51998  -29.942  -64.980  -4.911 0.6000000238
41295  -28.224  -70.287  -1.687 0.5000000000
42696  -28.195  -69.448  -2.279 0.5000000000
336296  -28.131  -68.758  -3.622 0.5000000000
45716  -28.799  -68.224  -4.370 0.5000000000
44222  -28.804  -68.551  -4.071 0.5000000000
48674  -30.903  -66.183  -5.302 0.6000000238
48671  -28.766  -67.001  -4.366 0.6000000238
50266  -29.113  -65.822  -4.155 0.5000000000
340606  -29.225  -64.284  -4.375 0.6000000238
42687  -27.953  -69.699  -1.629 0.5000000000
44196  -27.850  -69.034  -2.852 0.5000000000
327104  -26.794  -68.746  -3.595 0.5000000000
44221  -27.561  -68.507  -3.978 0.5000000000
48670  -28.080  -67.231  -4.345 0.5000000000
51999  -30.677  -64.780  -5.138 0.6000000238
50265  -28.627  -65.906  -3.818 0.5000000000
53579  -28.853  -64.650  -4.170 0.6000000238
42678  -27.050  -69.491  -0.974 0.5000000000
44177  -26.971  -68.983  -2.159 0.5000000000
44212  -26.382  -68.815  -3.107 0.5000000000
44211  -25.706  -69.195  -3.599 0.5000000000
47192  -25.450  -68.063  -4.120 0.6000000238
44219  -26.231  -68.714  -4.033 0.4000000060
47187  -25.187  -67.942  -3.687 0.4000000060
47193  -25.983  -68.292  -4.075 0.5000000000
48664  -26.927  -67.171  -3.951 0.5000000000
47195  -27.242  -68.146  -4.298 0.4000000060
48651  -25.238  -66.818  -2.658 0.4000000060
50257  -25.797  -66.558  -2.798 0.5000000000
48659  -26.599  -66.704  -3.502 0.5000000000
50250  -25.004  -66.499  -2.127 0.4000000060
50260  -27.526  -66.035  -3.471 0.6000000238
51989  -28.276  -64.927  -3.625 0.6000000238
54995  -28.198  -63.934  -3.580 0.6000000238
56380  -28.005  -63.065  -2.992 0.6000000238
48658  -26.059  -66.973  -3.260 0.5000000000
51978  -25.922  -65.860  -2.039 0.5000000000
51979  -26.402  -65.519  -2.170 0.5000000000
50253  -26.837  -65.624  -2.646 0.5000000000
51970  -24.935  -65.775  -1.314 0.4000000060
51959  -25.850  -65.307  -1.198 0.5000000000
54987  -27.104  -63.884  -2.155 0.6000000238
51980  -27.400  -65.019  -2.657 0.6000000238
54988  -27.411  -63.863  -2.561 0.6000000238
54982  -26.600  -64.381  -1.348 0.5000000000
54938  -25.220  -63.629  1.016 0.3000000119
53541  -25.100  -64.477  -0.513 0.4000000060
53552  -24.767  -64.854  -0.944 0.4000000060
53542  -25.883  -64.576  -0.622 0.5000000000
54983  -26.883  -64.094  -1.731 0.5000000000
57749  -27.134  -62.652  -1.830 0.6000000238
339364  -28.857  -59.390  4.493 0.3000000119
60450  -27.021  -60.804  3.593 0.3000000119
59065  -27.070  -62.010  3.279 0.4000000060
59091  -25.992  -62.450  2.543 0.4000000060
304421  -29.167  -57.927  3.945 0.3000000119
70382  -31.381  -56.342  3.783 0.3000000119
68901  -30.417  -57.011  3.976 0.3000000119
339318  -31.506  -55.750  3.174 0.3000000119
313517  -32.959  -55.757  3.050 0.3000000119
73517  -32.822  -55.232  2.134 0.3000000119
73531  -32.932  -55.052  1.546 0.3000000119
73568  -32.660  -54.705  0.528 0.3000000119
75122  -33.286  -54.305  -0.988 0.3000000119
54961  -25.635  -64.175  -0.184 0.5000000000
64623  -28.816  -58.877  4.323 0.3000000119
47208  -31.795  -66.572  -5.769 0.5000000000
42704  -28.915  -69.365  -3.034 0.5000000000
48665  -27.639  -66.702  -3.939 0.5000000000
51981  -27.749  -64.943  -3.162 0.6000000238
36140  -32.914  -73.325  -3.519 0.3000000119
34735  -34.523  -74.252  -5.329 0.6000000238
34716  -34.311  -73.779  -4.780 0.6000000238
37395  -31.510  -72.925  1.139 0.3000000119
37420  -30.310  -72.419  -0.128 0.3000000119
37434  -30.834  -72.149  -1.098 0.3000000119
38702  -31.229  -71.709  -0.784 0.3000000119
36060  -30.075  -72.966  -1.154 0.3000000119
37461  -31.344  -72.601  -2.163 0.3000000119
38721  -32.070  -71.845  -1.970 0.3000000119
33284  -33.375  -74.593  -4.671 0.6000000238
34695  -33.297  -73.590  -3.993 0.5000000000
36004  -32.496  -73.808  0.887 0.3000000119
37373  -31.892  -72.346  1.472 0.3000000119
38693  -30.755  -72.034  0.180 0.3000000119
39922  -31.782  -71.281  0.968 0.3000000119
36084  -30.828  -72.903  -1.964 0.3000000119
36132  -31.987  -73.342  -2.929 0.3000000119
34693  -32.200  -74.133  -3.510 0.4000000060
38729  -29.537  -71.827  -2.915 0.4000000060
34538  -33.286  -74.310  0.377 0.3000000119
35987  -33.117  -73.184  1.370 0.3000000119
37375  -33.021  -72.611  1.846 0.3000000119
38658  -32.213  -71.817  1.759 0.3000000119
30680  -30.636  -76.445  -8.611 0.5000000000
28082  -31.077  -77.183  -8.285 0.5000000000
30666  -27.877  -75.462  -7.801 0.4000000060
30670  -28.901  -75.845  -8.329 0.4000000060
30678  -29.375  -76.347  -8.613 0.4000000060
29366  -30.259  -77.330  -8.744 0.5000000000
29350  -32.634  -76.596  -7.475 0.5000000000
29363  -32.016  -76.704  -8.089 0.5000000000
30673  -30.840  -75.925  -8.468 0.5000000000
30681  -31.121  -76.455  -8.495 0.5000000000
32000  -29.753  -75.253  -8.068 0.4000000060
341216  -32.863  -76.221  -5.856 0.6000000238
30660  -33.087  -76.291  -7.052 0.6000000238
30677  -33.322  -75.821  -7.864 0.5000000000
30676  -32.802  -76.049  -8.079 0.5000000000
33334  -30.143  -74.894  -7.914 0.3000000119
32002  -31.100  -75.398  -8.308 0.4000000060
32003  -31.806  -75.504  -8.361 0.5000000000
31964  -32.938  -75.674  -5.175 0.6000000238
325692  -34.093  -75.444  -6.956 0.6000000238
31997  -33.716  -75.473  -7.611 0.6000000238
33337  -32.061  -74.982  -8.135 0.4000000060
32005  -33.072  -75.616  -8.091 0.5000000000
31959  -32.566  -75.358  -4.618 0.6000000238
34614  -30.254  -73.894  -1.991 0.3000000119
33265  -31.554  -74.851  -3.355 0.4000000060
33316  -34.460  -75.061  -6.144 0.6000000238
33331  -32.842  -74.597  -7.590 0.4000000060
34598  -29.587  -73.733  -0.760 0.3000000119
36022  -30.027  -72.954  0.156 0.3000000119
34636  -31.123  -73.741  -2.620 0.3000000119
33277  -32.451  -74.540  -3.905 0.5000000000
34751  -34.294  -74.378  -6.810 0.6000000238
33301  -33.701  -74.928  -5.172 0.6000000238
30653  -33.812  -75.780  -6.134 0.6000000238
34635  -30.652  -74.128  -2.486 0.3000000119
30637  -32.053  -76.122  -5.291 0.5000000000
30620  -30.475  -75.933  -4.421 0.5000000000
31958  -32.013  -75.518  -4.255 0.5000000000
30585  -29.767  -75.586  -3.436 0.4000000060
31941  -30.334  -75.523  -3.460 0.5000000000
30619  -29.914  -75.913  -4.292 0.5000000000
30635  -30.781  -76.087  -5.039 0.5000000000
30583  -28.793  -75.562  -3.378 0.4000000060
31924  -28.678  -75.458  -2.544 0.4000000060
31940  -29.431  -75.458  -3.014 0.4000000060
31952  -31.852  -75.145  -3.819 0.5000000000
29338  -32.601  -76.566  -6.719 0.5000000000
30650  -31.691  -76.482  -5.817 0.5000000000
33264  -31.077  -74.926  -3.157 0.4000000060
18880  -30.351  -82.509  -7.431 0.3000000119
18862  -30.866  -82.635  -6.992 0.3000000119
21348  -30.921  -81.960  -7.144 0.3000000119
21333  -30.721  -81.693  -7.009 0.3000000119
318970  -30.465  -81.223  -5.993 0.4000000060
21347  -30.473  -81.934  -7.429 0.3000000119
21345  -29.118  -81.600  -8.031 0.3000000119
22358  -30.339  -81.049  -5.311 0.4000000060
22376  -29.430  -81.026  -6.244 0.4000000060
22389  -29.391  -81.247  -6.847 0.3000000119
22400  -28.574  -81.081  -7.924 0.3000000119
22333  -28.984  -80.543  -4.728 0.4000000060
302685  -27.839  -80.135  -4.872 0.4000000060
22375  -28.693  -80.813  -6.424 0.4000000060
22388  -28.768  -80.985  -7.322 0.4000000060
22415  -28.291  -80.956  -8.476 0.4000000060
22399  -28.321  -80.637  -7.659 0.4000000060
24552  -26.278  -79.536  -3.106 0.3000000119
23451  -27.904  -80.136  -4.286 0.4000000060
303509  -26.901  -79.601  -4.798 0.4000000060
23467  -27.291  -79.904  -5.153 0.4000000060
315200  -27.238  -79.068  -6.610 0.4000000060
23509  -27.723  -79.731  -6.999 0.4000000060
24598  -28.170  -79.794  -7.675 0.4000000060
26811  -24.938  -78.112  -2.956 0.3000000119
25690  -25.988  -79.031  -4.107 0.4000000060
25704  -26.419  -78.445  -5.655 0.4000000060
24578  -26.447  -79.169  -5.074 0.4000000060
26836  -26.993  -78.056  -6.211 0.4000000060
28060  -27.395  -77.576  -6.310 0.4000000060
25709  -27.464  -78.758  -6.899 0.4000000060
26842  -28.408  -78.097  -7.317 0.4000000060
25712  -28.053  -79.112  -7.439 0.4000000060
25713  -28.760  -79.492  -8.365 0.4000000060
28034  -25.475  -77.444  -4.048 0.4000000060
28045  -26.159  -77.548  -5.083 0.4000000060
29345  -28.541  -76.859  -6.480 0.4000000060
28072  -29.460  -77.866  -7.605 0.4000000060
26853  -29.606  -78.579  -8.822 0.4000000060
26847  -29.233  -78.481  -8.004 0.4000000060
25723  -28.817  -79.274  -9.108 0.4000000060
29327  -27.116  -76.632  -5.349 0.4000000060
29332  -27.923  -76.660  -5.930 0.4000000060
29347  -29.857  -76.961  -6.640 0.4000000060
28065  -30.288  -77.394  -7.274 0.4000000060
26860  -29.776  -78.242  -8.988 0.4000000060
28080  -30.440  -77.853  -8.435 0.4000000060
30645  -28.154  -76.186  -5.579 0.4000000060
29335  -30.149  -76.620  -6.168 0.4000000060
313094  -31.566  -77.116  -7.394 0.4000000060
30599  -28.417  -75.533  -3.942 0.4000000060
30647  -29.280  -76.166  -5.785 0.4000000060
30649  -30.521  -76.288  -5.699 0.4000000060
31923  -27.597  -75.407  -2.551 0.3000000119
31908  -27.834  -75.292  -2.004 0.3000000119
28075  -31.117  -77.366  -7.938 0.4000000060
30618  -29.399  -75.867  -4.505 0.4000000060
298026  -28.828  -75.261  -2.059 0.3000000119
327342  -31.111  -76.613  -6.071 0.4000000060
336815  -29.323  -80.809  -5.435 0.4000000060
22355  -28.532  -80.554  -5.745 0.4000000060
23483  -27.685  -80.029  -6.079 0.4000000060
23495  -27.786  -80.013  -6.682 0.4000000060
24561  -25.832  -79.231  -3.504 0.4000000060
24562  -26.480  -79.501  -3.755 0.4000000060
25671  -25.303  -79.093  -2.315 0.3000000119
24585  -26.954  -79.145  -6.092 0.4000000060
26820  -25.092  -77.697  -3.468 0.3000000119
26821  -25.398  -78.112  -3.921 0.4000000060
26829  -25.891  -78.155  -4.880 0.4000000060
28054  -26.965  -77.510  -5.905 0.4000000060
29321  -26.349  -76.613  -4.512 0.4000000060
29333  -28.943  -76.474  -6.095 0.4000000060
26848  -29.825  -78.295  -8.320 0.4000000060
29348  -30.491  -77.032  -6.696 0.4000000060
30616  -27.931  -75.693  -4.631 0.4000000060
23412  -28.696  -80.394  -2.858 0.3000000119
22317  -31.400  -80.950  -3.763 0.3000000119
22337  -31.931  -81.270  -4.231 0.3000000119
22316  -30.705  -80.875  -3.963 0.3000000119
307433  -29.089  -80.573  -3.413 0.3000000119
22335  -30.545  -80.957  -4.627 0.3000000119
22314  -29.480  -80.685  -4.442 0.3000000119
23411  -28.068  -80.203  -3.129 0.3000000119
305321  -28.341  -80.278  -4.054 0.3000000119
23410  -27.447  -80.037  -3.308 0.3000000119
29309  -25.646  -76.804  -3.822 0.3000000119
30614  -26.418  -76.199  -4.003 0.3000000119
30597  -27.013  -75.863  -3.854 0.3000000119
30581  -27.533  -75.578  -3.386 0.3000000119
23371  -26.603  -79.926  -2.270 0.3000000119
29322  -26.874  -76.376  -4.826 0.3000000119
18846  -31.126  -82.846  -6.187 0.3000000119
20160  -30.661  -82.231  -7.296 0.3000000119
20161  -31.283  -82.136  -6.895 0.3000000119
21298  -32.511  -81.470  -4.734 0.3000000119
21331  -29.458  -81.501  -7.473 0.3000000119
21332  -30.105  -81.600  -7.246 0.3000000119
21346  -29.905  -81.842  -7.784 0.3000000119
21368  -29.435  -82.106  -8.116 0.3000000119
22315  -30.045  -80.800  -4.189 0.3000000119
22318  -31.847  -81.040  -3.502 0.3000000119
22334  -29.972  -80.834  -4.722 0.4000000060
22336  -31.245  -81.093  -4.449 0.3000000119
22356  -28.919  -80.622  -5.247 0.4000000060
22357  -29.761  -80.997  -5.749 0.4000000060
22374  -28.108  -80.371  -6.254 0.4000000060
22377  -30.143  -81.312  -6.507 0.3000000119
22387  -28.207  -80.448  -6.914 0.4000000060
22416  -28.610  -81.544  -8.450 0.3000000119
23391  -27.132  -80.027  -2.662 0.3000000119
23431  -27.437  -80.000  -3.950 0.4000000060
23432  -27.949  -80.166  -3.715 0.3000000119
23433  -28.497  -80.366  -3.546 0.3000000119
23434  -28.908  -80.460  -4.096 0.3000000119
23435  -29.533  -80.688  -3.831 0.3000000119
23450  -27.367  -79.973  -4.536 0.4000000060
23452  -28.435  -80.308  -4.598 0.4000000060
23468  -27.730  -80.099  -5.474 0.4000000060
23469  -28.335  -80.319  -5.216 0.4000000060
23522  -28.314  -80.396  -8.193 0.4000000060
24540  -26.181  -79.602  -2.539 0.3000000119
24541  -26.609  -79.805  -2.767 0.3000000119
24551  -25.681  -79.267  -2.847 0.3000000119
24553  -26.845  -79.788  -3.214 0.3000000119
24563  -27.040  -79.809  -3.678 0.4000000060
24569  -26.435  -79.334  -4.461 0.4000000060
24570  -26.948  -79.719  -4.188 0.4000000060
24579  -26.873  -79.432  -5.436 0.4000000060
24586  -27.274  -79.740  -5.801 0.4000000060
24592  -27.425  -79.559  -6.480 0.4000000060
24597  -27.613  -79.317  -6.993 0.4000000060
25660  -25.023  -78.909  -1.779 0.3000000119
25670  -24.869  -78.496  -2.362 0.3000000119
25680  -25.193  -78.746  -2.876 0.3000000119
25689  -25.559  -78.710  -3.773 0.4000000060
25696  -25.673  -78.482  -4.340 0.4000000060
25697  -26.070  -78.821  -4.712 0.4000000060
25701  -26.240  -78.607  -5.244 0.4000000060
25702  -26.540  -78.919  -5.620 0.4000000060
25705  -26.730  -78.542  -5.995 0.4000000060
25708  -27.061  -78.624  -6.449 0.4000000060
25717  -28.986  -79.250  -8.927 0.4000000060
25718  -29.292  -78.999  -9.031 0.4000000060
26812  -25.194  -78.387  -3.409 0.4000000060
26828  -25.608  -77.967  -4.383 0.4000000060
26832  -26.301  -78.046  -5.381 0.4000000060
26835  -26.633  -78.007  -5.806 0.4000000060
26840  -27.370  -78.172  -6.683 0.4000000060
26841  -27.849  -78.405  -7.187 0.4000000060
26849  -30.053  -78.111  -8.698 0.4000000060
26852  -29.174  -79.065  -8.668 0.4000000060
28020  -25.123  -77.167  -3.099 0.3000000119
28021  -25.339  -77.133  -3.544 0.3000000119
28044  -25.795  -77.532  -4.614 0.4000000060
28049  -26.580  -77.512  -5.501 0.4000000060
28050  -26.930  -77.105  -5.561 0.4000000060
28055  -27.386  -76.971  -5.879 0.4000000060
28061  -27.840  -77.770  -6.795 0.4000000060
28062  -28.389  -77.451  -6.874 0.4000000060
28063  -28.984  -77.325  -6.987 0.4000000060
28064  -29.624  -77.356  -7.141 0.4000000060
28066  -30.929  -77.339  -7.345 0.4000000060
28071  -28.864  -77.818  -7.334 0.4000000060
28073  -30.117  -77.855  -7.950 0.4000000060
28074  -30.681  -77.663  -7.954 0.4000000060
28081  -30.759  -77.622  -8.392 0.4000000060
28087  -30.312  -77.800  -8.651 0.4000000060
28088  -30.672  -77.400  -8.541 0.5000000000
28089  -30.958  -76.914  -8.489 0.5000000000
29296  -25.998  -76.241  -3.545 0.3000000119
29320  -25.823  -76.980  -4.354 0.4000000060
29326  -26.576  -76.969  -5.110 0.4000000060
29328  -27.629  -76.406  -5.513 0.4000000060
29334  -29.532  -76.533  -6.155 0.4000000060
29336  -30.669  -76.699  -6.251 0.4000000060
29337  -31.640  -76.830  -6.582 0.4000000060
29344  -27.920  -77.119  -6.367 0.4000000060
29346  -29.200  -76.870  -6.597 0.4000000060
29349  -32.156  -76.821  -7.113 0.4000000060
29355  -31.572  -76.998  -7.985 0.5000000000
29356  -32.133  -76.872  -7.762 0.5000000000
29357  -32.510  -76.518  -7.970 0.5000000000
29362  -31.502  -76.692  -8.266 0.5000000000
29367  -30.551  -76.967  -8.662 0.5000000000
30565  -27.404  -75.496  -2.954 0.3000000119
30580  -26.985  -75.704  -3.243 0.3000000119
30582  -28.157  -75.474  -3.416 0.4000000060
30584  -29.274  -75.588  -3.421 0.4000000060
30598  -27.705  -75.626  -3.943 0.3000000119
30600  -29.080  -75.666  -3.882 0.5000000000
30601  -29.593  -75.777  -3.876 0.5000000000
30602  -30.058  -75.827  -3.931 0.4000000060
30603  -30.828  -75.698  -3.890 0.5000000000
30615  -27.241  -75.926  -4.459 0.3000000119
30617  -28.702  -75.626  -4.524 0.4000000060
30621  -31.134  -75.883  -4.508 0.5000000000
30622  -31.752  -75.823  -4.673 0.5000000000
30623  -32.344  -75.762  -4.891 0.6000000238
30630  -27.387  -76.086  -5.051 0.3000000119
30631  -27.878  -75.995  -5.193 0.4000000060
30632  -28.387  -75.826  -5.111 0.4000000060
30633  -29.371  -75.973  -5.293 0.4000000060
30634  -30.044  -76.001  -5.011 0.4000000060
30636  -31.405  -76.081  -5.151 0.5000000000
30638  -32.675  -76.061  -5.465 0.6000000238
30639  -33.243  -76.005  -5.821 0.6000000238
30646  -28.775  -76.015  -5.610 0.4000000060
30648  -29.814  -76.172  -5.710 0.4000000060
30651  -32.436  -76.418  -5.929 0.6000000238
30652  -33.000  -76.330  -6.295 0.6000000238
30654  -33.928  -75.771  -6.709 0.6000000238
30661  -33.487  -76.070  -6.551 0.6000000238
30667  -33.049  -76.237  -7.718 0.5000000000
30669  -27.772  -75.898  -8.016 0.4000000060
30671  -29.535  -75.829  -8.404 0.4000000060
30672  -30.204  -75.858  -8.487 0.5000000000
30674  -31.474  -76.075  -8.450 0.5000000000
30675  -32.144  -76.234  -8.276 0.5000000000
30679  -30.034  -76.529  -8.689 0.5000000000
31885  -27.784  -75.132  -1.275 0.3000000119
31909  -28.402  -75.160  -1.594 0.3000000119
31922  -27.271  -75.390  -2.202 0.3000000119
31925  -29.118  -75.357  -2.554 0.3000000119
31926  -29.571  -75.221  -2.589 0.4000000060
31927  -30.051  -75.307  -2.914 0.4000000060
31937  -27.910  -75.453  -2.959 0.3000000119
31938  -28.499  -75.514  -2.950 0.4000000060
31939  -28.964  -75.514  -2.995 0.4000000060
31942  -31.351  -75.348  -3.635 0.5000000000
31951  -31.498  -75.672  -4.082 0.5000000000
31953  -32.292  -75.071  -4.134 0.5000000000
31960  -33.130  -75.131  -4.924 0.6000000238
31965  -33.542  -75.449  -5.507 0.6000000238
31966  -34.071  -75.335  -5.898 0.6000000238
31977  -34.201  -75.481  -6.436 0.6000000238
31978  -34.352  -75.164  -6.512 0.6000000238
31988  -33.618  -75.910  -7.297 0.5000000000
31993  -27.411  -75.065  -7.365 0.4000000060
31994  -27.960  -75.103  -7.579 0.4000000060
31998  -28.451  -75.340  -7.972 0.4000000060
31999  -29.051  -75.297  -8.064 0.4000000060
32001  -30.449  -75.355  -8.228 0.4000000060
32004  -32.483  -75.591  -8.283 0.5000000000
33221  -30.222  -74.439  -2.288 0.3000000119
33241  -30.550  -74.816  -2.717 0.3000000119
33263  -30.574  -75.211  -3.125 0.4000000060
33276  -31.977  -74.643  -3.621 0.4000000060
33278  -33.030  -74.243  -4.194 0.5000000000
33283  -32.793  -74.832  -4.398 0.6000000238
33285  -33.996  -74.413  -4.971 0.6000000238
33302  -34.282  -74.864  -5.544 0.6000000238
33303  -34.654  -74.519  -5.887 0.6999999881
33322  -34.297  -74.914  -6.739 0.6000000238
33323  -34.626  -74.632  -6.389 0.6000000238
33328  -30.748  -74.257  -7.723 0.5000000000
33330  -32.220  -74.529  -7.698 0.4000000060
33332  -33.478  -74.739  -7.470 0.6000000238
33333  -33.971  -74.873  -7.134 0.6000000238
33335  -30.653  -74.821  -8.008 0.4000000060
33336  -31.329  -74.769  -8.034 0.4000000060
33338  -32.675  -75.107  -7.994 0.5000000000
33339  -33.266  -75.268  -7.834 0.5000000000
34539  -34.100  -74.124  0.503 0.3000000119
34613  -29.834  -73.620  -1.409 0.3000000119
34637  -31.516  -73.413  -2.681 0.3000000119
34671  -31.163  -74.379  -2.952 0.4000000060
34672  -31.578  -73.836  -2.946 0.3000000119
34673  -32.413  -73.597  -3.306 0.4000000060
34694  -32.719  -73.909  -3.723 0.5000000000
34696  -33.803  -73.494  -4.364 0.6000000238
34715  -33.622  -74.013  -4.495 0.6000000238
34736  -34.803  -74.045  -5.713 0.6999999881
34741  -27.907  -73.741  -6.351 0.4000000060
34744  -35.079  -73.533  -6.309 0.6999999881
34746  -28.109  -73.944  -6.708 0.4000000060
34748  -29.415  -73.654  -6.851 0.4000000060
34752  -34.760  -73.939  -6.521 0.6999999881
34753  -28.629  -74.035  -6.914 0.4000000060
34754  -29.012  -74.019  -7.046 0.4000000060
34757  -31.778  -73.979  -7.558 0.5000000000
34759  -33.149  -73.930  -7.370 0.6000000238
35985  -32.012  -72.856  1.319 0.3000000119
35986  -32.470  -73.088  1.344 0.3000000119
36003  -31.847  -73.626  0.993 0.3000000119
36005  -33.186  -73.767  0.878 0.3000000119
36037  -29.755  -73.322  -0.292 0.3000000119
36038  -29.979  -72.837  -0.499 0.3000000119
36059  -29.807  -73.275  -0.845 0.3000000119
36083  -30.342  -73.239  -1.717 0.3000000119
36107  -30.701  -73.499  -2.228 0.3000000119
36108  -31.191  -73.182  -2.377 0.3000000119
36109  -31.695  -72.951  -2.539 0.3000000119
36110  -32.159  -72.809  -2.711 0.4000000060
36133  -32.568  -72.937  -3.107 0.4000000060
36139  -29.647  -72.787  -4.198 0.4000000060
36141  -33.308  -73.061  -3.729 0.5000000000
36147  -34.713  -73.165  -4.992 0.6999999881
36150  -28.288  -73.270  -4.872 0.4000000060
36151  -28.780  -73.276  -5.306 0.4000000060
36152  -29.885  -72.986  -5.375 0.4000000060
36154  -35.081  -73.159  -5.595 0.6999999881
36155  -28.338  -73.459  -5.867 0.4000000060
36156  -28.821  -73.452  -6.354 0.4000000060
36157  -29.791  -73.071  -6.094 0.4000000060
36159  -30.880  -72.918  -6.500 0.5000000000
36161  -29.227  -73.453  -6.566 0.4000000060
36162  -29.753  -73.269  -6.627 0.5000000000
36164  -31.036  -73.112  -7.009 0.5000000000
36165  -32.228  -72.909  -6.998 0.6000000238
36169  -35.160  -73.141  -6.377 0.6999999881
36170  -31.967  -73.424  -7.343 0.5000000000
36173  -33.745  -73.473  -7.188 0.6000000238
37353  -33.495  -72.301  2.333 0.3000000119
37374  -32.435  -72.370  1.797 0.3000000119
37376  -33.642  -72.714  1.845 0.3000000119
37393  -30.476  -72.595  0.491 0.3000000119
37394  -30.971  -72.652  0.959 0.3000000119
37409  -30.912  -72.143  0.675 0.3000000119
37433  -30.341  -72.449  -0.814 0.3000000119
37448  -30.515  -72.633  -1.443 0.3000000119
37449  -31.049  -72.357  -1.667 0.3000000119
37450  -31.571  -72.073  -1.868 0.3000000119
37462  -31.977  -72.345  -2.331 0.4000000060
37469  -29.448  -72.292  -3.198 0.4000000060
37470  -32.967  -72.355  -3.016 0.5000000000
37471  -33.423  -72.222  -3.287 0.5000000000
37472  -33.873  -72.058  -3.576 0.5000000000
37473  -29.797  -72.358  -3.705 0.4000000060
37475  -33.576  -72.601  -3.683 0.5000000000
37480  -30.830  -72.229  -5.050 0.6000000238
37481  -34.637  -72.527  -4.657 0.6999999881
37485  -35.304  -72.594  -5.939 0.6999999881
37486  -30.670  -72.728  -5.941 0.5000000000
37487  -31.228  -72.531  -6.077 0.6000000238
37488  -35.245  -72.689  -6.402 0.6999999881
37491  -33.338  -72.379  -6.959 0.6000000238
37492  -34.078  -72.361  -6.946 0.6000000238
37493  -34.816  -72.573  -6.754 0.6999999881
37494  -32.950  -72.849  -7.127 0.6000000238
38673  -31.335  -71.973  0.988 0.3000000119
38674  -31.775  -71.837  1.365 0.3000000119
38684  -31.329  -71.609  0.460 0.3000000119
38694  -31.227  -71.647  -0.186 0.3000000119
38695  -31.636  -71.321  -0.492 0.4000000060
38701  -30.710  -72.015  -0.469 0.3000000119
38710  -31.363  -71.851  -1.351 0.3000000119
38711  -31.910  -71.622  -1.559 0.3000000119
38713  -32.964  -71.252  -1.959 0.4000000060
38718  -28.439  -71.522  -2.113 0.4000000060
38719  -28.854  -71.689  -2.376 0.4000000060
38722  -32.577  -71.793  -2.273 0.5000000000
38724  -33.648  -71.388  -2.761 0.5000000000
38731  -33.318  -71.844  -2.886 0.5000000000
38733  -29.887  -71.807  -3.331 0.4000000060
38734  -30.238  -71.883  -3.789 0.5000000000
38736  -34.459  -71.407  -3.902 0.5000000000
38737  -30.561  -71.852  -4.243 0.6999999881
38738  -30.918  -71.785  -4.666 0.5000000000
38739  -34.766  -71.385  -4.423 0.6000000238
38743  -35.036  -71.884  -4.925 0.6999999881
38744  -35.328  -71.380  -5.393 0.6999999881
38745  -31.503  -72.115  -5.701 0.6000000238
38746  -31.980  -71.835  -5.950 0.6000000238
38751  -32.672  -71.896  -6.569 0.6000000238
38752  -33.133  -71.907  -6.758 0.6000000238
38753  -34.166  -71.742  -6.831 0.6000000238
38754  -34.863  -71.439  -6.721 0.6000000238
39910  -32.478  -70.642  1.699 0.3000000119
39931  -31.803  -71.047  0.066 0.4000000060
39939  -32.207  -70.826  -0.469 0.4000000060
39940  -32.786  -70.257  -0.523 0.4000000060
39946  -32.607  -70.784  -0.922 0.3000000119
39948  -33.260  -70.479  -1.440 0.4000000060
39953  -27.921  -70.833  -1.548 0.5000000000
39955  -32.344  -71.203  -1.336 0.3000000119
39956  -33.037  -70.882  -1.405 0.4000000060
39957  -33.452  -70.815  -1.903 0.4000000060
39963  -29.366  -70.751  -2.693 0.5000000000
39965  -33.960  -71.078  -3.010 0.6000000238
39968  -29.788  -70.361  -3.157 0.5000000000
39969  -29.802  -71.158  -3.058 0.4000000060
39972  -31.108  -70.359  -4.272 0.6000000238
39973  -34.281  -70.971  -3.542 0.5000000000
39976  -31.433  -70.546  -4.658 0.6999999881
39977  -31.644  -70.335  -4.994 0.6999999881
39978  -34.968  -70.876  -4.582 0.6000000238
39979  -35.276  -70.880  -5.168 0.6999999881
39980  -31.623  -71.009  -4.994 0.6000000238
39984  -32.216  -71.158  -5.774 0.6000000238
39985  -32.655  -70.961  -6.166 0.6000000238
39987  -35.582  -70.777  -6.238 0.6999999881
39990  -35.100  -70.842  -6.639 0.6000000238
39991  -35.509  -70.678  -6.394 0.6999999881
41230  -32.705  -70.199  2.947 0.3000000119
41231  -32.975  -70.623  2.637 0.3000000119
41248  -32.448  -70.169  1.956 0.4000000060
41264  -32.463  -69.983  0.981 0.4000000060
41283  -32.806  -69.995  -0.185 0.5000000000
41289  -32.934  -70.039  -0.641 0.4000000060
41296  -33.377  -70.358  -1.774 0.4000000060
41301  -28.997  -70.302  -2.511 0.5000000000
41302  -33.708  -70.560  -2.226 0.5000000000
41303  -33.940  -70.681  -2.620 0.5000000000
41308  -33.747  -70.297  -2.714 0.5000000000
41311  -30.372  -69.928  -3.765 0.6000000238
41312  -30.856  -69.840  -4.216 0.6000000238
41313  -34.394  -70.531  -3.770 0.5000000000
41315  -31.187  -69.853  -4.574 0.6999999881
41317  -34.572  -69.942  -4.676 0.5000000000
41318  -35.012  -70.353  -5.034 0.6000000238
41319  -35.365  -70.502  -5.548 0.6999999881
41321  -32.037  -69.894  -5.531 0.6000000238
41322  -35.225  -70.022  -5.790 0.6000000238
41323  -35.449  -70.371  -6.001 0.6999999881
41324  -32.843  -70.276  -6.315 0.6000000238
41325  -33.371  -69.731  -6.633 0.6000000238
41327  -35.232  -69.921  -6.429 0.6999999881
41328  -35.488  -70.323  -6.327 0.6999999881
41329  -33.616  -70.224  -6.700 0.6000000238
41330  -34.402  -70.124  -6.869 0.6000000238
41331  -34.934  -70.237  -6.667 0.6000000238
41332  -35.350  -70.372  -6.468 0.6999999881
42556  -32.107  -69.447  3.562 0.3000000119
42573  -31.483  -69.469  2.689 0.4000000060
42575  -32.409  -69.821  3.241 0.4000000060
42597  -32.320  -69.912  2.689 0.3000000119
42616  -31.489  -69.390  1.427 0.5000000000
42617  -31.950  -69.552  1.602 0.5000000000
42618  -32.268  -69.758  1.760 0.5000000000
42632  -31.379  -69.377  0.948 0.5000000000
42634  -32.251  -69.702  1.280 0.5000000000
42650  -31.088  -69.240  0.452 0.5000000000
42651  -31.792  -69.480  0.534 0.5000000000
42652  -32.269  -69.719  0.776 0.5000000000
42665  -31.456  -69.364  0.078 0.5000000000
42680  -32.250  -69.569  -0.656 0.5000000000
42686  -27.417  -69.275  -1.456 0.5000000000
42688  -28.360  -69.885  -1.988 0.5000000000
42690  -32.979  -69.733  -1.460 0.6000000238
42697  -28.662  -69.767  -2.504 0.5000000000
42698  -29.070  -69.783  -2.835 0.5000000000
42699  -32.925  -69.646  -2.105 0.6000000238
42700  -33.391  -70.030  -2.276 0.5000000000
42705  -29.354  -69.327  -3.376 0.5000000000
42706  -29.787  -69.634  -3.481 0.5000000000
42707  -32.964  -69.505  -2.757 0.6000000238
42709  -33.762  -70.015  -3.257 0.5000000000
42712  -30.872  -69.362  -4.580 0.6999999881
42713  -33.462  -69.426  -3.778 0.5000000000
42715  -30.753  -68.919  -4.666 0.5000000000
42718  -33.956  -69.268  -4.406 0.5000000000
42721  -31.276  -68.829  -5.184 0.6999999881
42722  -31.685  -69.240  -5.450 0.6999999881
42723  -32.100  -69.473  -5.998 0.6000000238
42725  -35.053  -69.360  -6.109 0.6999999881
42729  -34.602  -68.955  -6.568 0.6999999881
42730  -35.040  -69.336  -6.405 0.6999999881
44033  -31.692  -69.161  3.950 0.3000000119
44052  -29.947  -68.761  2.809 0.5000000000
44053  -30.446  -68.989  2.985 0.3000000119
44096  -30.379  -69.072  1.557 0.4000000060
44097  -30.966  -69.342  1.242 0.5000000000
44111  -30.599  -69.180  1.058 0.5000000000
44124  -30.467  -69.064  0.618 0.6000000238
44138  -29.964  -68.805  0.066 0.6000000238
44139  -30.393  -68.901  -0.272 0.6000000238
44140  -30.974  -69.043  -0.225 0.6000000238
44159  -30.002  -68.732  -0.586 0.6000000238
44162  -31.759  -69.194  -1.092 0.6000000238
44178  -27.636  -69.198  -2.152 0.5000000000
44179  -30.671  -68.782  -1.375 0.6000000238
44181  -31.885  -69.105  -1.744 0.6000000238
44182  -32.434  -69.381  -1.932 0.6000000238
44195  -27.185  -68.858  -2.860 0.5000000000
44197  -28.463  -69.166  -2.921 0.5000000000
44198  -31.428  -68.762  -2.229 0.6000000238
44199  -32.019  -68.929  -2.407 0.6000000238
44213  -27.390  -68.765  -3.538 0.5000000000
44214  -28.854  -68.987  -3.552 0.5000000000
44215  -32.244  -68.568  -3.079 0.6000000238
44218  -25.700  -68.720  -4.044 0.5000000000
44220  -26.891  -68.616  -4.027 0.5000000000
44223  -29.412  -68.775  -4.084 0.5000000000
44224  -29.960  -68.797  -4.343 0.5000000000
44226  -32.689  -68.029  -3.926 0.6000000238
44228  -30.254  -68.421  -4.678 0.6000000238
44231  -33.655  -68.572  -4.468 0.8000000119
44232  -34.138  -68.523  -5.014 0.5000000000
44233  -31.375  -68.292  -5.533 0.6999999881
44235  -32.619  -68.214  -6.373 0.6000000238
44237  -33.544  -68.158  -6.526 0.5000000000
44238  -34.350  -68.224  -6.474 0.6000000238
45566  -30.359  -68.261  4.446 0.3000000119
45584  -29.751  -68.204  3.637 0.3000000119
45585  -30.051  -68.649  3.388 0.3000000119
45598  -29.505  -68.392  2.705 0.5000000000
45611  -29.031  -67.992  2.617 0.5000000000
45630  -29.124  -68.310  1.515 0.5000000000
45631  -29.720  -68.721  1.534 0.5000000000
45641  -29.570  -68.605  0.977 0.6000000238
45653  -28.947  -68.056  0.349 0.5000000000
45654  -29.428  -68.487  0.379 0.6000000238
45664  -29.139  -68.145  -0.147 0.5000000000
45665  -29.591  -68.437  -0.384 0.6000000238
45675  -29.693  -68.294  -0.963 0.6999999881
45687  -30.375  -68.329  -1.742 0.6999999881
45698  -30.666  -67.970  -2.304 0.6999999881
45709  -25.148  -68.797  -3.802 0.6000000238
45710  -31.589  -67.672  -3.176 0.8000000119
45712  -25.600  -68.730  -4.025 0.6000000238
45713  -26.114  -68.659  -4.181 0.4000000060
45714  -26.640  -68.543  -4.292 0.4000000060
45715  -27.733  -68.208  -4.278 0.5000000000
45717  -29.360  -68.375  -4.407 0.5000000000
45719  -32.549  -67.280  -4.086 0.8000000119
45721  -28.650  -67.886  -4.521 0.5000000000
45723  -29.899  -68.200  -4.627 0.5000000000
45725  -30.686  -68.219  -4.969 0.6000000238
45727  -34.159  -67.458  -5.377 0.6000000238
45729  -31.125  -68.003  -5.450 0.6000000238
45730  -32.027  -67.449  -6.078 0.6999999881
45734  -34.130  -67.487  -6.330 0.5000000000
45735  -34.407  -67.831  -6.183 0.6000000238
47057  -29.509  -67.731  3.750 0.4000000060
47058  -29.713  -67.435  4.179 0.3000000119
47069  -28.707  -67.028  2.823 0.5000000000
47084  -28.661  -67.509  2.460 0.5000000000
47085  -28.776  -67.968  2.012 0.5000000000
47104  -28.625  -67.881  1.334 0.5000000000
47124  -28.372  -67.139  0.584 0.6000000238
47125  -28.646  -67.575  0.051 0.6000000238
47132  -28.540  -67.098  -0.429 0.6000000238
47147  -29.385  -67.874  -1.327 0.6999999881
47161  -29.264  -67.294  -1.553 0.6999999881
47162  -29.673  -67.579  -1.805 0.6999999881
47177  -29.981  -67.235  -2.289 0.6999999881
47178  -30.475  -67.375  -2.592 0.8000000119
47188  -25.751  -67.656  -3.665 0.5000000000
47189  -30.895  -66.864  -3.090 0.8000000119
47194  -26.663  -68.138  -4.212 0.4000000060
47196  -32.248  -66.443  -4.102 0.8000000119
47198  -33.470  -66.611  -4.880 0.8000000119
47199  -27.972  -67.845  -4.449 0.5000000000
47200  -28.491  -67.544  -4.468 0.5000000000
47201  -29.041  -67.513  -4.551 0.6000000238
47202  -29.681  -67.418  -4.689 0.6000000238
47203  -30.362  -67.212  -4.992 0.5000000000
47204  -33.415  -65.904  -5.515 0.8000000119
47205  -33.633  -66.216  -5.725 0.6999999881
47207  -31.070  -66.905  -5.358 0.5000000000
47211  -33.981  -66.905  -6.258 0.5000000000
48485  -30.577  -67.258  4.964 0.3000000119
48499  -30.039  -67.057  4.536 0.3000000119
48515  -29.640  -66.810  4.088 0.3000000119
48546  -28.481  -66.940  2.289 0.5000000000
48557  -28.402  -66.818  1.673 0.6000000238
48571  -28.366  -66.615  1.021 0.5000000000
48617  -28.532  -66.668  -0.753 0.6000000238
48618  -28.737  -66.601  -1.182 0.6000000238
48650  -24.645  -66.961  -2.663 0.4000000060
48653  -30.114  -66.202  -2.838 0.6999999881
48656  -24.894  -67.416  -3.229 0.4000000060
48657  -25.485  -67.196  -3.187 0.4000000060
48660  -27.115  -66.486  -3.638 0.5000000000
48662  -31.445  -66.186  -3.563 0.8000000119
48663  -26.318  -67.465  -3.797 0.5000000000
48666  -28.355  -66.530  -4.025 0.5000000000
48667  -28.839  -66.336  -4.117 0.5000000000
48669  -32.475  -65.813  -4.812 0.6999999881
48672  -29.269  -66.453  -4.479 0.5000000000
48676  -33.234  -65.844  -6.029 0.6999999881
48677  -31.890  -65.917  -5.585 0.5000000000
50073  -31.383  -66.361  5.211 0.3000000119
50091  -30.543  -66.165  4.593 0.3000000119
50092  -31.052  -65.982  4.820 0.3000000119
50114  -29.247  -66.566  3.527 0.5000000000
50116  -30.209  -65.828  4.182 0.4000000060
50136  -29.050  -66.199  2.981 0.5000000000
50137  -29.472  -65.900  3.314 0.3000000119
50151  -28.511  -66.401  2.104 0.5000000000
50152  -28.946  -65.970  2.369 0.5000000000
50172  -28.765  -65.978  1.846 0.5000000000
50192  -28.406  -66.105  0.615 0.5000000000
50221  -28.398  -66.464  -0.292 0.6000000238
50232  -28.527  -66.061  -0.857 0.6000000238
50233  -36.975  -66.003  -0.969 0.4000000060
50243  -24.672  -66.188  -1.678 0.4000000060
50244  -25.399  -65.993  -1.715 0.4000000060
50245  -28.856  -66.062  -1.442 0.6000000238
50251  -25.585  -66.272  -2.282 0.5000000000
50252  -26.154  -65.999  -2.471 0.5000000000
50258  -26.386  -66.282  -2.978 0.5000000000
50259  -26.997  -66.081  -3.181 0.5000000000
50261  -30.348  -65.511  -3.091 0.6999999881
50264  -28.019  -66.006  -3.757 0.5000000000
50268  -31.886  -65.452  -4.128 0.8000000119
50270  -29.715  -65.764  -4.702 0.6000000238
50272  -31.059  -65.281  -5.205 0.6000000238
50274  -32.279  -65.536  -5.443 0.6999999881
51800  -32.160  -65.632  5.143 0.3000000119
51801  -32.727  -65.489  5.193 0.3000000119
51819  -30.754  -65.644  4.400 0.3000000119
51821  -31.823  -65.364  4.728 0.3000000119
51822  -32.364  -65.222  4.784 0.3000000119
51823  -32.900  -65.159  4.736 0.3000000119
51824  -33.966  -65.332  4.551 0.3000000119
51847  -31.114  -65.211  4.123 0.4000000060
51848  -34.204  -65.143  3.972 0.3000000119
51849  -34.722  -65.267  3.842 0.3000000119
51850  -35.284  -65.380  3.728 0.3000000119
51851  -35.861  -65.506  3.630 0.4000000060
51870  -29.982  -65.507  3.565 0.3000000119
51892  -29.609  -65.260  2.569 0.5000000000
51893  -35.573  -65.155  1.964 0.4000000060
51894  -36.068  -65.424  2.154 0.4000000060
51912  -29.028  -65.479  1.826 0.5000000000
51914  -35.885  -65.372  1.569 0.4000000060
51915  -36.483  -65.615  1.801 0.4000000060
51928  -28.586  -65.640  0.848 0.5000000000
51929  -28.897  -65.256  1.161 0.5000000000
51938  -28.523  -65.640  0.262 0.5000000000
51940  -35.875  -65.112  -0.161 0.4000000060
51941  -36.501  -65.671  0.131 0.4000000060
51946  -28.453  -65.783  -0.292 0.6000000238
51947  -28.744  -65.215  -0.093 0.5000000000
51948  -36.541  -65.517  -0.468 0.4000000060
51958  -25.202  -65.311  -1.146 0.4000000060
51960  -26.353  -65.200  -1.387 0.5000000000
51971  -26.673  -65.186  -1.759 0.5000000000
51972  -27.027  -65.103  -2.213 0.6000000238
51973  -29.062  -65.485  -1.622 0.6000000238
51975  -37.592  -66.218  -2.401 0.4000000060
51983  -30.009  -65.119  -2.876 0.6999999881
51987  -27.437  -65.517  -3.042 0.6000000238
51988  -27.856  -65.458  -3.484 0.6000000238
51990  -30.689  -64.830  -3.508 0.6999999881
51992  -37.788  -65.424  -3.563 0.4000000060
51993  -28.313  -65.487  -3.689 0.6000000238
51994  -28.776  -65.300  -3.910 0.6000000238
51995  -29.317  -65.159  -4.405 0.5000000000
51996  -31.523  -64.681  -4.387 0.6999999881
52000  -31.287  -64.763  -4.990 0.6999999881
53444  -31.574  -65.178  4.339 0.3000000119
53446  -32.572  -64.923  4.317 0.3000000119
53448  -33.692  -64.987  4.080 0.3000000119
53467  -30.940  -64.818  3.612 0.3000000119
53468  -31.605  -64.817  3.916 0.3000000119
53469  -32.780  -64.704  3.749 0.3000000119
53470  -33.385  -64.732  3.492 0.3000000119
53488  -30.087  -65.066  2.927 0.4000000060
53490  -31.424  -64.511  3.463 0.3000000119
53492  -32.442  -64.429  3.424 0.3000000119
53493  -32.947  -64.505  3.273 0.3000000119
53495  -34.417  -64.831  2.728 0.3000000119
53496  -35.031  -65.042  2.523 0.3000000119
53509  -29.851  -64.806  2.339 0.4000000060
53510  -30.305  -64.535  2.619 0.5000000000
53520  -29.204  -64.867  1.476 0.5000000000
53521  -29.612  -64.561  1.768 0.5000000000
53523  -35.066  -64.957  1.897 0.3000000119
53531  -35.152  -64.772  0.825 0.3000000119
53535  -35.353  -64.607  -0.045 0.4000000060
53536  -35.506  -64.946  0.384 0.3000000119
53543  -35.781  -64.641  -0.607 0.4000000060
53553  -25.493  -64.899  -0.942 0.5000000000
53554  -26.217  -64.849  -1.088 0.5000000000
53555  -29.140  -64.654  -1.110 0.6000000238
53559  -26.664  -64.754  -1.529 0.5000000000
53560  -26.969  -64.568  -1.988 0.5000000000
53561  -29.292  -64.821  -1.733 0.6999999881
53562  -29.692  -64.230  -2.114 0.6999999881
53563  -36.241  -64.307  -1.636 0.4000000060
53565  -27.242  -64.446  -2.439 0.6000000238
53566  -27.554  -64.411  -2.906 0.6000000238
53567  -29.750  -64.693  -2.494 0.6999999881
53571  -27.933  -64.410  -3.384 0.6000000238
53572  -28.399  -64.411  -3.762 0.6000000238
53574  -30.977  -64.129  -3.840 0.6999999881
53576  -37.578  -65.209  -3.506 0.4000000060
53580  -29.854  -64.068  -4.604 0.6999999881
53582  -29.559  -64.588  -4.586 0.6000000238
53584  -30.958  -64.331  -4.900 0.6999999881
54901  -30.673  -64.264  2.829 0.5000000000
54902  -31.043  -64.367  3.149 0.4000000060
54904  -32.186  -63.887  3.089 0.4000000060
54905  -32.792  -64.097  3.084 0.4000000060
54915  -30.530  -64.049  2.384 0.5000000000
54917  -31.774  -63.542  2.727 0.4000000060
54918  -32.627  -63.624  2.883 0.4000000060
54919  -33.178  -63.843  2.641 0.4000000060
54920  -33.737  -64.167  2.345 0.4000000060
54931  -30.305  -63.772  1.870 0.5000000000
54939  -29.402  -64.359  1.217 0.5000000000
54940  -29.541  -63.788  0.994 0.5000000000
54946  -24.810  -63.770  0.518 0.3000000119
54947  -25.437  -63.902  0.395 0.6000000238
54948  -26.080  -63.950  0.181 0.5000000000
54960  -25.005  -64.011  -0.010 0.3000000119
54962  -26.241  -64.178  -0.393 0.6000000238
54963  -26.667  -63.874  -0.744 0.6000000238
54964  -29.165  -64.338  -0.277 0.6000000238
54965  -29.384  -63.818  -0.368 0.5000000000
54975  -26.802  -63.880  -1.331 0.6000000238
54991  -37.262  -63.998  -3.472 0.4000000060
54994  -27.732  -63.909  -3.053 0.6000000238
54997  -30.777  -63.525  -3.861 0.6999999881
55001  -28.759  -64.164  -4.065 0.6999999881
55002  -29.307  -63.921  -4.296 0.6000000238
55003  -30.028  -63.567  -4.376 0.6999999881
55007  -30.744  -63.876  -4.552 0.6999999881
56304  -26.346  -63.110  1.919 0.5000000000
56305  -30.815  -63.513  2.141 0.5000000000
56307  -32.378  -63.157  2.658 0.4000000060
56310  -34.204  -63.343  2.114 0.4000000060
56311  -34.754  -63.147  1.942 0.4000000060
56321  -26.621  -63.214  1.716 0.5000000000
56324  -30.571  -63.192  1.651 0.5000000000
56333  -25.709  -63.509  1.295 0.5000000000
56334  -26.221  -63.492  1.236 0.6000000238
56335  -26.789  -63.420  1.079 0.6000000238
56336  -27.310  -63.197  0.928 0.6000000238
56337  -29.801  -63.285  0.772 0.5000000000
56348  -27.418  -63.062  0.342 0.6000000238
56349  -29.929  -62.856  0.320 0.5000000000
56362  -27.261  -63.028  -0.328 0.6000000238
56369  -26.951  -63.286  -1.249 0.6000000238
56374  -27.037  -63.278  -1.854 0.5000000000
56375  -30.059  -63.068  -2.151 0.6999999881
56378  -27.218  -63.231  -2.254 0.6000000238
56379  -27.554  -63.233  -2.614 0.6000000238
56382  -30.417  -62.655  -3.153 0.6999999881
56385  -27.903  -63.498  -3.120 0.6000000238
56386  -28.383  -63.305  -3.388 0.6999999881
56387  -29.155  -63.010  -3.715 0.6999999881
56388  -30.555  -63.171  -3.343 0.6999999881
56389  -30.561  -63.009  -3.579 0.6999999881
56393  -29.407  -63.482  -4.105 0.6999999881
56395  -30.376  -62.781  -3.614 0.6999999881
57673  -28.041  -62.460  2.929 0.5000000000
57674  -33.322  -62.416  2.795 0.5000000000
57675  -33.787  -62.483  2.847 0.4000000060
57677  -34.935  -62.434  2.869 0.4000000060
57685  -25.925  -62.855  2.149 0.4000000060
57687  -27.600  -62.670  2.537 0.6000000238
57689  -28.777  -62.341  1.967 0.5000000000
57690  -31.611  -62.508  1.994 0.5000000000
57693  -34.000  -62.917  2.506 0.4000000060
57694  -34.559  -62.809  2.424 0.4000000060
57696  -35.788  -62.576  2.254 0.4000000060
57707  -27.655  -62.885  1.458 0.6000000238
57710  -31.313  -62.070  1.576 0.5000000000
57711  -31.657  -61.870  1.884 0.5000000000
57713  -35.954  -62.796  1.670 0.4000000060
57723  -31.084  -61.633  1.125 0.5000000000
57724  -36.079  -62.996  1.070 0.3000000119
57733  -30.395  -62.010  0.260 0.5000000000
57734  -36.201  -63.159  0.453 0.3000000119
57741  -27.560  -62.620  -0.797 0.6999999881
57742  -28.106  -62.256  -0.483 0.6000000238
57746  -37.324  -62.432  -0.453 0.4000000060
57750  -27.314  -62.297  -1.900 0.6999999881
57756  -27.154  -62.597  -2.179 0.6000000238
57759  -30.272  -61.933  -1.981 0.6999999881
57765  -27.368  -62.439  -2.378 0.6999999881
57766  -28.053  -62.234  -2.609 0.6999999881
57767  -28.905  -62.058  -2.822 0.6999999881
57769  -30.338  -62.233  -2.934 0.6999999881
57776  -30.136  -62.242  -3.389 0.6999999881
57782  -29.901  -62.624  -3.679 0.6999999881
59046  -28.186  -61.674  3.651 0.5000000000
59047  -28.794  -61.671  3.636 0.5000000000
59048  -29.428  -61.709  3.588 0.5000000000
59049  -30.295  -61.479  3.694 0.5000000000
59050  -32.669  -61.619  3.593 0.4000000060
59051  -33.120  -61.762  3.650 0.4000000060
59052  -33.692  -61.838  3.697 0.4000000060
59053  -34.309  -61.794  3.699 0.4000000060
59066  -27.774  -62.021  3.374 0.5000000000
59069  -29.813  -61.820  2.961 0.6000000238
59070  -30.385  -61.588  3.104 0.5000000000
59071  -32.367  -61.712  2.705 0.5000000000
59072  -32.351  -61.537  3.233 0.4000000060
59075  -34.632  -62.091  3.270 0.4000000060
59077  -35.861  -61.746  3.114 0.4000000060
59095  -30.460  -61.523  2.365 0.5000000000
59096  -32.031  -61.830  2.300 0.5000000000
59097  -32.932  -62.038  2.811 0.5000000000
59098  -35.550  -62.315  2.790 0.4000000060
59099  -36.143  -62.043  2.588 0.4000000060
59100  -36.665  -61.733  2.308 0.4000000060
59107  -28.793  -62.197  1.273 0.6000000238
59108  -29.354  -61.890  1.471 0.6000000238
59109  -29.949  -61.544  1.587 0.5000000000
59113  -36.880  -62.006  1.767 0.4000000060
59114  -37.300  -61.663  1.458 0.4000000060
59121  -29.292  -61.556  0.839 0.6000000238
59124  -30.921  -61.370  1.134 0.5000000000
59125  -37.039  -62.212  1.195 0.4000000060
59132  -29.276  -61.286  0.122 0.6000000238
59133  -30.422  -61.306  -0.004 0.5000000000
59134  -37.116  -62.359  0.589 0.4000000060
59142  -28.479  -61.631  -0.797 0.6000000238
59143  -30.336  -61.762  -0.844 0.5000000000
59144  -30.315  -61.242  -0.521 0.6000000238
59145  -37.736  -61.902  -0.549 0.4000000060
59148  -27.877  -61.988  -1.905 0.6999999881
59150  -30.264  -61.185  -1.025 0.6999999881
59154  -27.723  -62.079  -2.293 0.6999999881
59155  -28.951  -61.540  -1.851 0.6999999881
59156  -29.447  -61.372  -2.083 0.6999999881
59157  -30.227  -61.382  -2.171 0.6999999881
59158  -30.178  -61.462  -1.880 0.6999999881
59168  -29.687  -61.937  -2.962 0.6999999881
59169  -30.030  -61.899  -2.951 0.6999999881
60429  -29.748  -60.994  4.349 0.5000000000
60430  -30.417  -61.024  4.386 0.5000000000
60431  -31.045  -61.099  4.351 0.5000000000
60432  -31.771  -61.161  4.213 0.5000000000
60434  -33.037  -61.119  4.409 0.4000000060
60436  -34.302  -60.982  4.439 0.4000000060
60451  -27.414  -61.465  3.620 0.5000000000
60458  -33.369  -61.484  4.085 0.4000000060
60461  -35.156  -61.193  3.931 0.4000000060
60476  -26.784  -61.373  3.423 0.3000000119
60477  -30.866  -61.410  3.359 0.5000000000
60478  -31.530  -61.367  2.893 0.5000000000
60480  -35.499  -61.468  3.559 0.4000000060
60482  -36.607  -60.813  3.008 0.4000000060
60496  -31.379  -61.387  2.097 0.6000000238
60497  -31.531  -61.534  1.912 0.5000000000
60499  -36.851  -61.131  2.485 0.4000000060
60500  -37.229  -60.830  2.135 0.4000000060
60507  -30.400  -61.264  1.097 0.6000000238
60509  -31.130  -61.368  1.555 0.5000000000
60511  -37.394  -61.070  1.630 0.4000000060
60517  -29.825  -61.203  0.430 0.6000000238
60520  -37.528  -61.294  1.111 0.4000000060
60527  -29.898  -61.032  -0.114 0.6000000238
60528  -30.198  -61.141  0.100 0.6000000238
60530  -37.682  -61.411  0.581 0.4000000060
60536  -30.087  -60.980  -0.779 0.6000000238
60538  -38.206  -60.889  -0.183 0.4000000060
60540  -29.078  -61.216  -0.956 0.6000000238
60541  -29.588  -61.006  -1.074 0.6999999881
60542  -29.879  -60.970  -1.191 0.6999999881
60543  -30.123  -61.107  -1.438 0.6999999881
60549  -29.512  -61.121  -1.556 0.6999999881
61828  -31.121  -60.270  5.033 0.4000000060
61831  -32.971  -60.311  5.029 0.4000000060
61847  -28.683  -60.870  4.296 0.5000000000
61848  -30.137  -60.559  4.659 0.5000000000
61849  -30.772  -60.673  4.694 0.5000000000
61852  -32.687  -60.742  4.716 0.4000000060
61853  -33.285  -60.687  4.747 0.4000000060
61855  -34.576  -60.444  4.521 0.4000000060
61875  -27.603  -60.822  3.782 0.4000000060
61876  -28.147  -60.835  4.016 0.4000000060
61877  -34.887  -60.892  4.337 0.4000000060
61878  -35.330  -60.669  4.042 0.4000000060
61879  -35.787  -60.484  3.717 0.4000000060
61893  -36.245  -60.348  3.337 0.4000000060
61905  -36.955  -60.530  2.540 0.4000000060
61906  -37.236  -60.343  2.227 0.4000000060
61926  -37.868  -60.543  0.910 0.4000000060
61936  -38.115  -60.341  0.460 0.5000000000
61943  -38.644  -59.877  -0.488 0.5000000000
63217  -30.863  -59.704  5.184 0.5000000000
63218  -32.092  -59.817  5.183 0.4000000060
63219  -32.704  -59.815  5.160 0.4000000060
63220  -33.276  -59.840  5.101 0.4000000060
63221  -33.786  -59.903  4.947 0.4000000060
63237  -28.658  -59.856  4.409 0.3000000119
63239  -29.861  -59.998  4.956 0.5000000000
63241  -34.878  -59.909  4.418 0.4000000060
63259  -28.125  -59.761  4.082 0.3000000119
63260  -35.880  -59.851  3.569 0.4000000060
63281  -36.683  -59.673  2.885 0.4000000060
63295  -37.025  -59.929  2.494 0.4000000060
63296  -37.333  -59.958  2.063 0.4000000060
63316  -37.681  -60.200  1.331 0.4000000060
63330  -38.199  -59.753  0.386 0.4000000060
63336  -38.480  -59.525  -0.091 0.5000000000
64582  -30.207  -58.984  5.107 0.4000000060
64583  -30.652  -59.225  5.218 0.4000000060
64585  -31.844  -59.263  5.265 0.4000000060
64588  -33.603  -59.459  5.079 0.4000000060
64604  -29.235  -59.128  4.673 0.4000000060
64605  -29.709  -59.369  5.029 0.5000000000
64606  -33.686  -58.942  4.971 0.4000000060
64608  -34.617  -59.346  4.539 0.4000000060
64609  -35.131  -59.361  4.191 0.4000000060
64622  -28.430  -59.257  4.209 0.3000000119
64625  -36.038  -59.266  3.385 0.4000000060
64644  -36.859  -59.283  2.542 0.4000000060
64673  -37.133  -59.075  2.032 0.4000000060
64674  -37.417  -59.491  1.821 0.4000000060
64687  -37.918  -59.333  0.782 0.4000000060
64706  -38.380  -58.942  -0.293 0.5000000000
64713  -38.855  -59.212  -1.028 0.5000000000
65998  -30.744  -58.715  5.175 0.4000000060
65999  -31.702  -58.680  5.275 0.5000000000
66000  -32.169  -58.406  5.130 0.5000000000
66001  -33.204  -58.546  5.043 0.4000000060
66016  -29.202  -58.632  4.452 0.3000000119
66018  -30.308  -58.355  4.937 0.4000000060
66020  -32.704  -58.192  4.997 0.4000000060
66022  -34.194  -58.137  4.460 0.4000000060
66023  -34.847  -58.820  4.318 0.4000000060
66036  -28.938  -58.358  4.083 0.3000000119
66037  -29.410  -58.197  4.316 0.4000000060
66038  -34.995  -58.305  4.104 0.4000000060
66040  -35.782  -58.745  3.592 0.4000000060
66053  -35.864  -58.165  3.364 0.4000000060
66054  -36.233  -58.670  3.129 0.4000000060
66055  -36.608  -58.843  2.767 0.4000000060
66079  -37.000  -58.486  1.796 0.4000000060
66088  -37.174  -58.293  1.274 0.4000000060
66089  -37.437  -58.588  0.982 0.4000000060
66103  -38.611  -58.823  -0.779 0.5000000000
66107  -38.430  -58.164  -1.469 0.5000000000
66112  -38.757  -58.342  -1.849 0.5000000000
67412  -32.210  -57.875  4.860 0.4000000060
67426  -30.521  -57.806  4.659 0.4000000060
67428  -31.752  -57.478  4.721 0.4000000060
67430  -33.245  -57.905  4.720 0.4000000060
67446  -29.621  -57.717  4.066 0.3000000119
67447  -30.169  -57.498  4.241 0.3000000119
67448  -34.093  -57.615  4.232 0.4000000060
67450  -35.062  -57.745  3.876 0.4000000060
67464  -35.867  -57.640  3.052 0.4000000060
67476  -36.681  -58.066  2.144 0.4000000060
67503  -36.909  -57.823  0.973 0.4000000060
67539  -38.472  -57.840  -2.101 0.5000000000
68881  -30.747  -57.303  4.371 0.4000000060
68883  -31.905  -56.951  4.432 0.4000000060
68884  -32.349  -57.334  4.611 0.4000000060
68885  -32.965  -57.298  4.548 0.4000000060
68886  -33.556  -57.413  4.408 0.4000000060
68902  -31.011  -56.857  4.055 0.3000000119
68903  -31.973  -56.490  4.093 0.4000000060
68907  -34.541  -57.295  3.848 0.4000000060
68923  -34.237  -56.679  3.595 0.4000000060
68924  -34.820  -56.868  3.348 0.4000000060
68925  -35.402  -57.147  3.087 0.4000000060
68926  -35.832  -57.277  2.686 0.4000000060
68954  -35.609  -56.770  1.825 0.4000000060
70385  -33.612  -56.529  3.752 0.4000000060
70398  -32.053  -56.060  3.653 0.3000000119
70399  -32.690  -56.005  3.560 0.4000000060
70400  -33.303  -56.092  3.434 0.4000000060
70401  -33.901  -56.232  3.267 0.4000000060
70418  -34.615  -56.255  2.433 0.4000000060
70433  -34.262  -55.943  2.222 0.4000000060
70434  -34.643  -56.072  1.780 0.4000000060
70435  -35.223  -56.370  1.486 0.4000000060
70462  -34.916  -56.041  0.454 0.4000000060
70463  -35.387  -56.296  0.160 0.4000000060
70480  -34.920  -56.214  -0.837 0.4000000060
71950  -32.318  -55.696  3.164 0.3000000119
71968  -32.618  -55.474  2.652 0.3000000119
71969  -33.207  -55.568  2.493 0.4000000060
71970  -33.796  -55.716  2.353 0.4000000060
71985  -34.346  -55.712  1.288 0.4000000060
72001  -33.846  -55.405  1.333 0.4000000060
72003  -34.484  -55.738  0.719 0.4000000060
72020  -34.174  -55.415  -0.226 0.4000000060
72029  -34.564  -55.816  -0.506 0.4000000060
72037  -34.497  -55.186  -1.372 0.4000000060
72047  -34.845  -55.289  -1.956 0.4000000060
73547  -33.060  -54.953  0.935 0.3000000119
73548  -33.654  -55.164  0.761 0.4000000060
73570  -33.716  -55.107  0.047 0.4000000060
73580  -33.439  -54.768  -0.828 0.4000000060
73590  -33.932  -54.986  -1.024 0.4000000060
73598  -34.955  -54.863  -2.218 0.4000000060
75091  -32.831  -54.524  -0.056 0.3000000119
75112  -32.992  -54.461  -0.633 0.3000000119
75123  -33.807  -54.048  -1.328 0.4000000060
75133  -34.451  -54.105  -1.738 0.4000000060
76611  -34.200  -53.509  -1.688 0.4000000060
76618  -34.747  -53.591  -2.105 0.4000000060
76625  -35.490  -53.375  -3.004 0.5000000000
78121  -34.138  -52.466  -2.159 0.4000000060
289941  -27.865  -60.280  3.915 0.3000000119
292735  -33.495  -62.904  2.624 0.5000000000
293035  -29.751  -63.709  -1.762 0.6999999881
293907  -29.368  -73.139  -5.622 0.4000000060
294214  -31.051  -63.742  -4.222 0.6999999881
294512  -31.126  -81.197  -5.167 0.3000000119
294925  -28.973  -67.040  -1.285 0.6000000238
294983  -30.180  -61.837  -2.434 0.6999999881
295534  -28.145  -80.199  -2.539 0.3000000119
295746  -36.721  -65.160  -1.597 0.4000000060
296000  -29.913  -62.706  -0.788 0.5000000000
296577  -28.499  -73.119  -4.226 0.4000000060
296787  -38.417  -58.443  -1.034 0.4000000060
297288  -27.140  -68.340  -4.152 0.4000000060
298502  -29.702  -68.399  3.170 0.5000000000
299058  -34.835  -55.607  -1.552 0.4000000060
299430  -31.047  -68.871  -4.869 0.6999999881
299807  -30.413  -66.686  4.697 0.3000000119
300192  -27.308  -62.527  -1.465 0.6999999881
300430  -28.171  -75.405  -2.533 0.4000000060
300697  -36.173  -58.090  2.976 0.4000000060
300761  -30.022  -64.142  -2.797 0.6999999881
300819  -29.988  -77.792  -8.860 0.5000000000
301437  -26.023  -76.557  -4.065 0.3000000119
302172  -34.653  -54.709  -1.816 0.4000000060
302268  -30.832  -75.368  -3.438 0.5000000000
302383  -29.884  -67.994  4.137 0.3000000119
302417  -28.407  -76.487  -5.979 0.4000000060
303780  -35.663  -65.305  2.537 0.3000000119
304575  -37.669  -59.539  1.320 0.4000000060
304919  -27.471  -74.332  -6.750 0.4000000060
304966  -35.388  -71.994  -6.213 0.6999999881
305222  -30.940  -69.294  2.471 0.4000000060
305607  -28.790  -65.615  -1.153 0.6000000238
305718  -29.986  -69.286  -3.909 0.5000000000
306084  -28.631  -61.846  -2.313 0.6999999881
306388  -33.817  -52.489  -1.624 0.4000000060
306472  -31.493  -56.694  4.235 0.4000000060
306723  -28.085  -80.268  -5.734 0.4000000060
307160  -32.818  -61.430  3.994 0.4000000060
308086  -25.513  -65.642  -1.332 0.5000000000
308232  -25.481  -76.636  -3.181 0.3000000119
308245  -28.427  -66.988  0.022 0.5000000000
309420  -36.107  -65.371  0.551 0.4000000060
309509  -29.364  -61.951  2.644 0.6000000238
311310  -27.691  -80.117  -2.788 0.3000000119
311724  -28.909  -66.666  3.065 0.5000000000
311885  -29.097  -80.818  -5.783 0.4000000060
312166  -32.838  -63.297  2.731 0.4000000060
312215  -26.036  -65.546  -1.636 0.5000000000
312450  -29.198  -67.506  3.425 0.3000000119
312475  -30.956  -61.423  2.606 0.6000000238
312773  -27.753  -62.801  0.693 0.6000000238
312941  -25.474  -78.892  -3.277 0.4000000060
312977  -31.088  -76.988  -6.707 0.4000000060
313078  -30.193  -74.366  -7.704 0.3000000119
314131  -34.220  -71.859  -3.863 0.5000000000
315152  -24.891  -77.596  -2.960 0.3000000119
315863  -28.217  -68.393  -4.189 0.5000000000
315936  -31.094  -76.302  -5.547 0.5000000000
317478  -26.108  -77.118  -4.763 0.4000000060
318179  -35.035  -73.626  -5.887 0.6999999881
318516  -31.478  -59.777  5.214 0.4000000060
318603  -31.563  -68.685  -5.557 0.6999999881
318608  -34.313  -73.692  -6.912 0.6999999881
318627  -27.387  -67.591  -4.305 0.4000000060
318708  -29.904  -60.949  -0.780 0.6000000238
319295  -28.175  -74.567  -7.280 0.4000000060
319475  -32.318  -61.358  3.811 0.5000000000
319711  -34.224  -71.242  -6.790 0.6000000238
319998  -33.590  -71.414  -6.749 0.6000000238
320565  -35.368  -71.977  -5.685 0.6999999881
324730  -31.739  -74.295  -3.259 0.4000000060
325043  -30.314  -65.303  -5.151 0.6000000238
325380  -28.065  -80.121  -7.281 0.4000000060
325602  -28.475  -66.078  1.093 0.5000000000
325853  -29.685  -74.652  -7.665 0.4000000060
325988  -29.220  -64.111  0.112 0.5000000000
326157  -33.197  -54.883  0.306 0.4000000060
326896  -29.666  -74.023  -7.303 0.4000000060
327157  -24.583  -68.310  -3.735 0.4000000060
327296  -29.528  -80.792  -5.073 0.4000000060
327337  -32.112  -76.680  -6.404 0.5000000000
327413  -31.814  -65.023  -4.783 0.6999999881
327663  -31.712  -74.466  -7.807 0.4000000060
330010  -30.929  -61.301  1.850 0.6000000238
330067  -38.074  -61.391  -0.499 0.3000000119
330712  -26.755  -76.176  -4.344 0.3000000119
330771  -37.929  -58.533  -0.073 0.4000000060
330926  -30.578  -71.349  -3.906 0.6999999881
330949  -37.749  -60.993  0.882 0.4000000060
331262  -28.583  -78.818  -7.799 0.4000000060
331586  -32.643  -58.741  5.209 0.4000000060
332200  -31.504  -72.345  1.181 0.3000000119
332577  -28.396  -75.333  -2.155 0.3000000119
334008  -36.212  -65.038  -0.696 0.4000000060
335148  -28.990  -64.797  -0.540 0.5000000000
335622  -28.931  -75.802  -5.024 0.4000000060
335889  -30.163  -61.261  4.116 0.5000000000
336117  -29.645  -63.350  -0.746 0.5000000000
336540  -29.688  -65.468  3.031 0.3000000119
336893  -31.933  -62.858  2.401 0.5000000000
337003  -33.415  -75.604  -7.925 0.5000000000
337129  -27.757  -62.747  2.059 0.5000000000
337475  -34.446  -51.814  -2.850 0.4000000060
337989  -33.919  -64.869  3.586 0.3000000119
338223  -29.316  -67.050  -4.592 0.6000000238
338351  -32.660  -71.838  2.109 0.3000000119
338777  -36.182  -65.512  2.642 0.4000000060
338895  -27.164  -70.008  -0.767 0.5000000000
339192  -34.595  -52.650  -2.482 0.4000000060
339480  -33.179  -65.419  5.089 0.3000000119
339731  -28.272  -68.108  -4.392 0.5000000000
339951  -30.672  -65.790  -3.254 0.6999999881
340352  -25.075  -68.685  -3.890 0.6000000238
340537  -29.625  -61.016  -0.526 0.6000000238
340908  -34.590  -58.379  4.345 0.4000000060
340954  -31.986  -73.844  -3.185 0.4000000060
340978  -31.709  -71.103  0.538 0.3000000119
341760  -32.177  -72.552  -6.727 0.6000000238
341779  -32.125  -74.846  -3.880 0.5000000000
341817  -26.318  -62.762  2.365 0.5000000000
341920  -27.097  -62.724  2.590 0.5000000000
342927  -33.915  -75.151  -5.525 0.6000000238
342974  -30.338  -61.276  0.197 0.6000000238
343511  -32.371  -69.719  0.309 0.4000000060
343951  -30.818  -73.795  -7.506 0.4000000060
344148  -28.682  -80.420  -4.939 0.4000000060
344334  -30.196  -62.548  -1.886 0.6999999881
344816  -30.040  -78.009  -8.794 0.4000000060
345243  -35.234  -64.632  0.375 0.3000000119
346486  -28.174  -76.784  -6.189 0.4000000060
346546  -29.868  -66.749  -2.457 0.6000000238
346649  -34.079  -55.507  0.902 0.4000000060
346823  -29.188  -60.809  4.406 0.5000000000
346883  -30.247  -73.049  0.497 0.3000000119
347436  -37.799  -65.231  -3.754 0.4000000060
347538  -38.171  -60.601  0.164 0.5000000000
347578  -27.250  -62.904  -2.286 0.6000000238
347667  -31.679  -75.448  -3.938 0.5000000000
348086  -27.810  -61.634  3.652 0.5000000000
348728  -30.435  -62.974  1.296 0.5000000000
348853  -31.954  -62.274  2.142 0.5000000000
349170  -31.102  -67.409  -5.418 0.5000000000
349243  -32.338  -69.899  2.208 0.3000000119
349282  -35.351  -65.070  2.232 0.3000000119
349622  -34.367  -70.155  -4.147 0.5000000000
