#!ascii label  , from subject sub-v2s5x29566_ses-1 vox2ras=TkReg
832
62393  48.800  -64.215  24.927 0.0000000000
51856  52.262  -68.349  18.691 0.0000000000
48388  50.850  -70.542  26.746 0.0000000000
56064  53.727  -66.737  25.225 0.0000000000
41874  49.529  -73.563  22.917 0.0000000000
43399  52.820  -72.365  27.095 0.0000000000
33765  48.354  -76.623  23.281 0.0000000000
51827  52.839  -68.340  22.207 0.0000000000
59382  50.376  -65.661  23.140 0.0000000000
325044  50.276  -67.639  25.885 0.0000000000
53139  53.673  -68.164  28.138 0.0000000000
48450  53.893  -70.189  25.159 0.0000000000
300919  50.634  -70.378  21.544 0.0000000000
35465  47.279  -75.968  19.430 0.0000000000
62416  45.621  -64.354  23.832 0.0000000000
53230  46.808  -67.837  24.521 0.0000000000
46715  46.783  -70.853  26.137 0.0000000000
63851  53.263  -63.412  24.142 0.0000000000
36966  48.396  -75.342  23.874 0.0000000000
54711  52.951  -67.938  20.859 0.0000000000
53281  50.045  -68.158  21.889 0.0000000000
51703  50.603  -68.718  26.116 0.0000000000
51667  52.503  -69.225  27.592 0.0000000000
43435  51.757  -72.787  24.923 0.0000000000
45048  53.701  -71.054  26.132 0.0000000000
45092  51.827  -71.755  23.704 0.0000000000
300669  52.483  -70.639  22.861 0.0000000000
45117  49.885  -71.907  22.486 0.0000000000
42006  48.349  -73.679  18.955 0.0000000000
50090  45.115  -69.870  25.842 0.0000000000
48454  46.812  -69.614  25.002 0.0000000000
46700  45.234  -70.917  26.899 0.0000000000
59313  54.023  -65.106  26.352 0.0000000000
60900  53.378  -65.070  24.560 0.0000000000
63873  48.819  -63.658  22.498 0.0000000000
63871  50.349  -63.423  22.952 0.0000000000
43401  50.323  -72.659  27.122 0.0000000000
45011  52.186  -71.907  28.326 0.0000000000
41800  51.629  -73.187  27.182 0.0000000000
40174  50.692  -73.888  24.907 0.0000000000
38606  49.453  -74.924  23.119 0.0000000000
53226  51.901  -68.270  24.592 0.0000000000
57647  51.541  -66.468  23.993 0.0000000000
54664  50.536  -67.556  23.448 0.0000000000
318280  48.875  -66.520  22.645 0.0000000000
50244  52.092  -69.576  17.792 0.0000000000
57626  49.481  -65.835  25.364 0.0000000000
57589  53.194  -65.779  27.342 0.0000000000
56019  54.430  -66.810  26.631 0.0000000000
308408  53.287  -70.004  27.990 0.0000000000
50062  54.268  -69.285  26.869 0.0000000000
51701  53.657  -68.495  26.168 0.0000000000
335852  53.132  -69.516  23.581 0.0000000000
50197  53.212  -69.333  21.285 0.0000000000
50218  50.869  -69.488  20.113 0.0000000000
298326  48.003  -74.349  21.074 0.0000000000
43532  48.249  -72.613  20.627 0.0000000000
347267  49.121  -71.146  19.599 0.0000000000
48554  50.366  -70.631  18.731 0.0000000000
65313  46.590  -62.707  24.229 0.0000000000
62403  47.309  -64.267  24.269 0.0000000000
295561  46.150  -66.312  24.092 0.0000000000
56101  47.727  -66.385  24.470 0.0000000000
54623  48.751  -67.490  24.945 0.0000000000
50134  49.002  -69.245  25.153 0.0000000000
48414  49.509  -70.565  26.038 0.0000000000
45036  46.399  -72.176  27.454 0.0000000000
45051  48.934  -71.919  26.763 0.0000000000
60929  51.484  -64.277  23.443 0.0000000000
332403  48.521  -63.793  24.771 0.0000000000
328550  48.787  -62.672  24.846 0.0000000000
336306  49.044  -63.708  25.014 0.0000000000
53305  52.800  -68.065  19.916 0.0000000000
294856  51.768  -67.539  20.286 0.0000000000
48411  50.831  -69.958  26.419 0.0000000000
51682  51.573  -69.134  26.915 0.0000000000
50064  51.544  -69.706  27.072 0.0000000000
43453  50.759  -72.807  23.895 0.0000000000
43443  52.051  -72.130  24.412 0.0000000000
45094  50.839  -72.337  23.555 0.0000000000
45093  50.971  -71.659  23.007 0.0000000000
43479  49.922  -72.484  22.842 0.0000000000
35489  48.388  -76.589  18.044 0.0000000000
48417  44.806  -70.377  26.551 0.0000000000
57623  54.372  -65.982  25.553 0.0000000000
60889  53.810  -65.199  25.316 0.0000000000
320785  53.455  -65.776  24.440 0.0000000000
65336  48.994  -63.095  22.676 0.0000000000
41801  50.789  -72.975  27.242 0.0000000000
40157  49.917  -73.860  26.165 0.0000000000
35377  48.724  -75.892  23.763 0.0000000000
38552  49.787  -74.632  24.528 0.0000000000
324942  49.333  -75.451  23.659 0.0000000000
40196  50.235  -73.887  24.019 0.0000000000
328905  48.674  -76.528  23.040 0.0000000000
51801  52.297  -68.792  23.563 0.0000000000
303968  51.366  -67.759  24.059 0.0000000000
53247  51.379  -68.546  23.143 0.0000000000
54681  49.256  -67.478  22.534 0.0000000000
56154  48.591  -66.854  22.171 0.0000000000
59398  48.304  -65.657  22.206 0.0000000000
343828  49.906  -66.734  25.650 0.0000000000
57625  50.640  -66.153  26.028 0.0000000000
56065  50.596  -66.775  26.061 0.0000000000
57572  54.082  -66.381  27.387 0.0000000000
54579  54.177  -67.466  27.751 0.0000000000
45010  52.766  -72.320  27.960 0.0000000000
46636  52.962  -71.128  28.290 0.0000000000
46635  53.284  -71.388  27.878 0.0000000000
46710  53.733  -70.983  25.863 0.0000000000
323446  54.192  -70.263  26.594 0.0000000000
309560  54.125  -69.817  26.243 0.0000000000
51700  53.994  -68.738  26.390 0.0000000000
51727  53.746  -69.610  25.576 0.0000000000
51759  52.843  -68.864  25.153 0.0000000000
50150  53.622  -69.938  24.462 0.0000000000
48497  51.744  -70.403  22.005 0.0000000000
50186  52.961  -69.749  21.815 0.0000000000
48506  52.095  -69.950  21.625 0.0000000000
50209  52.055  -69.272  20.751 0.0000000000
50200  50.858  -69.889  21.112 0.0000000000
25167  45.008  -81.355  18.103 0.0000000000
32218  46.948  -77.100  19.151 0.0000000000
291166  46.279  -78.685  19.242 0.0000000000
33844  47.116  -76.644  19.586 0.0000000000
38660  47.699  -74.472  20.392 0.0000000000
41924  48.361  -72.937  21.179 0.0000000000
40304  47.828  -73.846  19.857 0.0000000000
42005  48.892  -73.440  18.683 0.0000000000
43574  48.571  -72.498  19.299 0.0000000000
45222  49.038  -72.105  19.066 0.0000000000
46834  49.878  -70.815  19.085 0.0000000000
46862  50.095  -71.238  18.720 0.0000000000
65314  45.977  -62.706  24.172 0.0000000000
341065  46.026  -63.634  24.060 0.0000000000
63841  47.085  -63.751  24.218 0.0000000000
60916  46.456  -64.745  24.078 0.0000000000
53202  45.794  -68.217  24.706 0.0000000000
341930  45.495  -67.034  24.195 0.0000000000
54644  46.485  -67.350  24.302 0.0000000000
57668  47.177  -66.184  24.240 0.0000000000
54642  47.297  -66.923  24.336 0.0000000000
56082  48.469  -66.935  24.810 0.0000000000
53199  47.809  -67.956  24.666 0.0000000000
48436  46.756  -70.249  25.464 0.0000000000
51762  48.385  -69.230  24.955 0.0000000000
309902  47.953  -69.846  25.053 0.0000000000
50114  49.185  -69.748  25.394 0.0000000000
48434  48.295  -70.388  25.520 0.0000000000
45076  45.318  -71.999  25.639 0.0000000000
43428  46.007  -72.542  26.434 0.0000000000
45052  47.715  -71.928  26.833 0.0000000000
57684  51.019  -65.712  23.441 0.0000000000
59361  51.629  -65.412  23.622 0.0000000000
60930  50.907  -64.664  23.119 0.0000000000
341563  51.443  -63.157  22.896 0.0000000000
53278  52.835  -68.220  21.833 0.0000000000
339679  51.216  -68.381  22.066 0.0000000000
53172  50.447  -68.159  26.009 0.0000000000
56044  51.030  -67.181  26.343 0.0000000000
53157  51.357  -68.232  26.603 0.0000000000
53140  53.166  -68.376  27.971 0.0000000000
41827  52.277  -72.841  26.178 0.0000000000
43413  53.093  -71.895  26.028 0.0000000000
43433  52.529  -72.352  25.172 0.0000000000
329134  53.069  -71.832  25.125 0.0000000000
45081  53.341  -71.073  24.302 0.0000000000
328122  53.376  -70.782  23.855 0.0000000000
45103  51.935  -71.145  23.165 0.0000000000
46754  51.661  -71.146  22.859 0.0000000000
48499  50.472  -70.890  21.992 0.0000000000
37054  47.778  -74.638  19.154 0.0000000000
314821  47.748  -76.344  18.392 0.0000000000
321866  48.572  -75.059  18.344 0.0000000000
51766  45.993  -68.768  24.853 0.0000000000
51765  46.601  -68.936  24.817 0.0000000000
50116  45.686  -69.616  25.389 0.0000000000
48437  45.699  -70.199  25.793 0.0000000000
48416  45.750  -70.703  26.426 0.0000000000
60909  53.503  -64.585  24.697 0.0000000000
62399  53.269  -64.281  24.400 0.0000000000
60948  49.395  -64.543  22.565 0.0000000000
62415  50.343  -64.436  22.903 0.0000000000
63872  49.365  -63.624  22.751 0.0000000000
65348  50.005  -62.469  22.609 0.0000000000
46670  50.888  -71.247  27.162 0.0000000000
48369  51.641  -70.845  27.663 0.0000000000
332626  50.892  -72.224  27.922 0.0000000000
43388  51.874  -72.629  28.056 0.0000000000
41799  51.963  -73.081  27.175 0.0000000000
40162  51.278  -73.648  25.824 0.0000000000
41829  51.969  -73.098  25.852 0.0000000000
41839  51.718  -73.088  25.316 0.0000000000
41859  50.526  -73.418  23.986 0.0000000000
54613  53.169  -67.236  25.229 0.0000000000
57645  52.940  -66.305  24.496 0.0000000000
54621  51.981  -67.426  24.660 0.0000000000
56099  51.131  -66.853  23.754 0.0000000000
57685  50.122  -66.309  23.204 0.0000000000
53261  50.109  -68.088  22.590 0.0000000000
54666  49.443  -67.149  22.884 0.0000000000
313312  49.437  -65.715  22.742 0.0000000000
318301  48.663  -65.130  22.319 0.0000000000
60950  48.406  -64.647  22.156 0.0000000000
51857  51.972  -68.909  18.262 0.0000000000
59341  49.130  -65.290  25.103 0.0000000000
60894  49.499  -64.728  25.294 0.0000000000
59326  50.301  -65.202  25.638 0.0000000000
59296  54.444  -65.989  26.393 0.0000000000
56062  54.707  -66.822  25.898 0.0000000000
51655  53.824  -69.144  27.899 0.0000000000
45007  53.737  -70.958  27.029 0.0000000000
50029  54.112  -69.419  27.589 0.0000000000
53130  54.292  -68.555  27.654 0.0000000000
53146  54.390  -68.177  27.310 0.0000000000
54603  54.282  -67.426  26.484 0.0000000000
54611  54.194  -67.272  25.917 0.0000000000
53193  52.874  -68.053  25.332 0.0000000000
51788  52.503  -68.883  24.329 0.0000000000
333502  52.802  -68.850  23.146 0.0000000000
328261  53.238  -70.058  23.014 0.0000000000
50183  53.250  -69.196  22.327 0.0000000000
53257  53.387  -68.420  21.961 0.0000000000
51836  53.412  -68.948  20.924 0.0000000000
51842  52.147  -68.967  20.264 0.0000000000
51846  51.913  -68.963  19.749 0.0000000000
37004  48.785  -75.961  22.109 0.0000000000
26501  45.468  -80.346  18.813 0.0000000000
333791  48.190  -74.783  21.422 0.0000000000
40250  48.685  -73.850  21.864 0.0000000000
43481  48.997  -72.533  21.920 0.0000000000
43504  48.931  -71.957  21.411 0.0000000000
45150  49.078  -71.364  20.949 0.0000000000
43575  48.183  -72.849  19.595 0.0000000000
45173  48.741  -71.553  19.959 0.0000000000
48516  49.710  -70.545  20.760 0.0000000000
48527  50.024  -70.266  19.768 0.0000000000
50226  50.448  -69.907  19.349 0.0000000000
50232  51.410  -69.494  18.463 0.0000000000
50245  51.352  -69.965  18.084 0.0000000000
68151  47.210  -61.207  24.650 0.0000000000
66737  46.753  -61.640  24.505 0.0000000000
66736  47.368  -61.751  24.571 0.0000000000
65311  47.704  -62.803  24.371 0.0000000000
317356  47.646  -63.794  24.372 0.0000000000
62394  48.319  -64.372  24.757 0.0000000000
54647  44.416  -67.477  24.463 0.0000000000
59384  45.638  -65.274  23.860 0.0000000000
59364  46.776  -65.251  24.121 0.0000000000
59362  47.695  -65.190  24.464 0.0000000000
330949  48.584  -65.648  24.887 0.0000000000
57649  48.669  -66.317  24.921 0.0000000000
56081  49.072  -66.886  25.120 0.0000000000
54615  49.295  -67.517  25.277 0.0000000000
297795  48.121  -68.604  24.793 0.0000000000
53197  48.734  -68.655  24.948 0.0000000000
53174  49.537  -68.107  25.401 0.0000000000
322525  50.201  -69.164  25.831 0.0000000000
50113  49.969  -69.703  25.769 0.0000000000
48412  50.451  -70.405  26.325 0.0000000000
46697  47.580  -71.484  26.569 0.0000000000
46695  48.696  -71.475  26.366 0.0000000000
45050  49.671  -71.742  26.760 0.0000000000
59340  52.785  -65.713  24.123 0.0000000000
60911  52.474  -64.758  23.984 0.0000000000
62413  52.499  -63.836  23.911 0.0000000000
62414  50.882  -64.119  23.031 0.0000000000
63854  51.926  -63.815  23.529 0.0000000000
23846  44.522  -81.607  18.410 0.0000000000
23860  44.330  -82.050  18.005 0.0000000000
23869  44.711  -81.747  17.674 0.0000000000
25154  45.215  -80.855  18.456 0.0000000000
27901  45.775  -79.815  19.184 0.0000000000
32219  46.745  -77.752  19.669 0.0000000000
32232  46.640  -77.850  19.040 0.0000000000
32241  48.373  -77.240  17.925 0.0000000000
33766  47.917  -76.791  23.134 0.0000000000
33772  48.213  -77.009  22.929 0.0000000000
33773  47.576  -77.073  22.831 0.0000000000
33855  47.933  -76.846  18.192 0.0000000000
35376  49.094  -75.787  23.781 0.0000000000
35378  48.376  -76.169  23.539 0.0000000000
35384  49.135  -75.923  23.364 0.0000000000
35385  48.736  -76.183  23.432 0.0000000000
35386  47.871  -76.304  23.340 0.0000000000
35450  47.304  -76.415  20.092 0.0000000000
35477  48.236  -75.921  18.199 0.0000000000
36950  49.307  -74.858  24.223 0.0000000000
36964  49.378  -74.964  24.001 0.0000000000
36965  49.010  -75.403  24.043 0.0000000000
36975  49.442  -75.020  23.709 0.0000000000
36984  49.405  -75.291  23.387 0.0000000000
36985  49.324  -75.607  22.954 0.0000000000
37003  49.080  -75.792  22.592 0.0000000000
37040  47.384  -75.679  20.105 0.0000000000
37055  47.474  -75.291  19.316 0.0000000000
37067  47.791  -75.123  18.827 0.0000000000
38540  50.547  -74.051  25.124 0.0000000000
38568  49.816  -74.516  24.218 0.0000000000
38569  48.780  -74.816  24.225 0.0000000000
38588  49.613  -74.623  23.829 0.0000000000
38589  49.516  -74.733  23.584 0.0000000000
38607  49.255  -75.140  22.728 0.0000000000
38634  48.933  -75.301  22.284 0.0000000000
38635  48.493  -75.250  21.766 0.0000000000
38649  48.433  -74.480  21.715 0.0000000000
38672  47.703  -74.342  19.686 0.0000000000
38673  47.508  -74.902  19.865 0.0000000000
38700  48.794  -74.593  18.414 0.0000000000
38701  48.145  -74.792  18.601 0.0000000000
40146  51.541  -73.462  26.557 0.0000000000
40147  50.648  -73.471  26.860 0.0000000000
40155  51.049  -73.695  26.451 0.0000000000
40156  50.520  -73.826  26.325 0.0000000000
40163  50.789  -73.892  25.336 0.0000000000
40173  51.092  -73.647  25.189 0.0000000000
40175  50.297  -74.276  24.580 0.0000000000
40181  50.509  -73.958  24.456 0.0000000000
40182  50.060  -74.264  24.162 0.0000000000
40197  49.784  -74.241  23.829 0.0000000000
40198  49.543  -74.405  23.425 0.0000000000
40279  48.213  -73.667  21.222 0.0000000000
40293  47.908  -73.756  20.525 0.0000000000
40315  47.968  -74.008  19.274 0.0000000000
40335  48.763  -74.000  18.597 0.0000000000
40336  48.218  -74.239  18.755 0.0000000000
41785  52.555  -72.661  27.372 0.0000000000
41786  52.518  -72.569  27.883 0.0000000000
41787  52.238  -73.049  27.829 0.0000000000
41788  51.702  -72.910  27.728 0.0000000000
41789  51.255  -72.946  27.594 0.0000000000
41798  52.134  -73.011  27.047 0.0000000000
41814  52.803  -72.330  26.257 0.0000000000
41815  52.030  -73.147  26.422 0.0000000000
41816  51.730  -73.330  26.136 0.0000000000
41817  50.051  -73.547  26.704 0.0000000000
41828  52.061  -73.004  25.912 0.0000000000
41830  51.504  -73.358  25.540 0.0000000000
41837  52.335  -72.600  25.618 0.0000000000
41838  52.051  -72.809  25.327 0.0000000000
41840  51.294  -73.357  25.070 0.0000000000
41841  50.888  -73.609  24.791 0.0000000000
41849  51.474  -73.073  24.915 0.0000000000
41850  51.141  -73.236  24.679 0.0000000000
41851  50.722  -73.552  24.371 0.0000000000
41858  51.031  -72.975  24.221 0.0000000000
41860  50.083  -73.803  23.764 0.0000000000
41873  49.773  -73.600  23.340 0.0000000000
41896  49.340  -73.130  22.395 0.0000000000
41923  48.779  -73.154  21.848 0.0000000000
41949  48.080  -73.123  20.617 0.0000000000
41969  47.983  -73.256  20.007 0.0000000000
41985  48.477  -73.094  19.110 0.0000000000
41986  48.065  -73.425  19.422 0.0000000000
43370  52.532  -72.377  28.205 0.0000000000
43371  52.177  -72.381  28.239 0.0000000000
43385  53.029  -72.024  27.099 0.0000000000
43386  52.775  -72.368  27.581 0.0000000000
43387  52.235  -72.572  28.075 0.0000000000
43389  51.418  -72.618  27.915 0.0000000000
43398  53.027  -72.012  26.783 0.0000000000
43400  50.903  -72.574  27.591 0.0000000000
43404  46.632  -72.306  27.182 0.0000000000
43405  46.068  -72.520  27.154 0.0000000000
43412  53.071  -71.893  26.126 0.0000000000
43414  52.889  -72.296  26.662 0.0000000000
43416  46.502  -72.550  26.716 0.0000000000
43424  53.291  -71.698  25.523 0.0000000000
43425  52.725  -72.309  25.729 0.0000000000
43432  52.932  -72.001  25.379 0.0000000000
43434  52.082  -72.438  24.840 0.0000000000
43442  52.396  -71.990  24.654 0.0000000000
43444  51.474  -72.740  24.506 0.0000000000
43451  52.365  -71.687  24.126 0.0000000000
43452  51.271  -72.379  23.907 0.0000000000
43454  50.320  -73.232  23.696 0.0000000000
43462  50.546  -72.560  23.541 0.0000000000
43463  50.104  -72.864  23.315 0.0000000000
43464  49.716  -73.039  22.875 0.0000000000
43480  49.467  -72.409  22.340 0.0000000000
43505  48.674  -72.556  21.457 0.0000000000
43531  48.505  -72.297  20.927 0.0000000000
43552  48.381  -72.131  20.282 0.0000000000
43553  48.156  -72.694  20.145 0.0000000000
43595  49.112  -72.779  18.769 0.0000000000
44992  52.879  -71.846  28.189 0.0000000000
44993  52.508  -72.099  28.401 0.0000000000
45008  53.440  -71.439  27.188 0.0000000000
45009  53.128  -71.839  27.812 0.0000000000
45012  51.670  -72.301  28.096 0.0000000000
45029  53.600  -71.293  26.779 0.0000000000
45030  53.185  -71.778  27.098 0.0000000000
45031  50.304  -72.200  27.164 0.0000000000
45033  48.620  -72.409  26.916 0.0000000000
45034  48.165  -72.382  26.855 0.0000000000
45035  47.251  -72.206  27.005 0.0000000000
45049  53.455  -71.590  26.486 0.0000000000
45053  47.171  -71.952  27.089 0.0000000000
45065  53.760  -70.974  25.847 0.0000000000
45066  45.619  -72.312  26.029 0.0000000000
45074  53.532  -71.414  25.165 0.0000000000
45082  52.962  -71.953  24.781 0.0000000000
45083  52.669  -71.647  24.350 0.0000000000
45084  51.715  -72.175  24.131 0.0000000000
45091  52.744  -71.280  23.925 0.0000000000
45101  53.092  -71.123  24.062 0.0000000000
45102  52.527  -70.971  23.374 0.0000000000
45104  51.704  -71.450  23.309 0.0000000000
45105  50.804  -71.942  23.213 0.0000000000
45106  50.268  -72.177  23.113 0.0000000000
45116  50.497  -71.516  22.565 0.0000000000
45118  49.388  -71.808  21.954 0.0000000000
45151  48.703  -71.725  20.647 0.0000000000
45197  49.516  -71.656  18.852 0.0000000000
45221  50.334  -71.930  18.532 0.0000000000
46637  52.636  -71.544  28.423 0.0000000000
46645  53.591  -70.902  27.469 0.0000000000
46646  52.745  -70.951  28.370 0.0000000000
46647  52.214  -71.085  28.199 0.0000000000
46648  51.689  -71.550  27.990 0.0000000000
46667  54.042  -70.458  26.240 0.0000000000
46668  53.879  -70.758  26.692 0.0000000000
46669  51.212  -71.818  27.757 0.0000000000
46671  50.370  -71.530  26.899 0.0000000000
46691  53.832  -70.848  26.162 0.0000000000
46692  50.516  -70.920  26.669 0.0000000000
46693  50.007  -70.924  26.399 0.0000000000
46694  49.492  -71.122  26.312 0.0000000000
46696  48.136  -71.490  26.406 0.0000000000
46709  53.927  -70.674  25.948 0.0000000000
46711  49.066  -70.972  26.094 0.0000000000
46712  48.514  -70.934  25.976 0.0000000000
46713  47.927  -70.964  25.968 0.0000000000
46714  47.371  -70.958  26.046 0.0000000000
46726  53.855  -70.588  25.409 0.0000000000
46727  53.813  -70.985  25.232 0.0000000000
46728  45.104  -71.646  25.174 0.0000000000
46735  53.330  -71.067  24.048 0.0000000000
46743  53.353  -70.314  23.533 0.0000000000
46751  53.026  -70.506  23.341 0.0000000000
46752  52.737  -70.478  22.960 0.0000000000
46753  52.094  -70.900  22.813 0.0000000000
46755  51.184  -71.380  22.811 0.0000000000
46763  52.487  -70.341  22.332 0.0000000000
46764  51.931  -70.657  22.302 0.0000000000
46765  51.503  -70.908  22.396 0.0000000000
46766  49.797  -71.250  21.945 0.0000000000
46775  50.018  -70.689  21.416 0.0000000000
46776  49.481  -70.994  21.213 0.0000000000
46790  49.282  -70.924  20.566 0.0000000000
46791  48.928  -71.264  20.416 0.0000000000
46809  49.170  -71.008  20.023 0.0000000000
46835  49.463  -71.146  19.187 0.0000000000
48353  53.493  -70.798  27.825 0.0000000000
48354  53.223  -70.634  28.141 0.0000000000
48355  53.029  -70.520  28.258 0.0000000000
48364  54.193  -69.927  27.017 0.0000000000
48365  53.985  -70.435  26.966 0.0000000000
48366  53.716  -70.603  27.367 0.0000000000
48386  51.535  -70.241  27.355 0.0000000000
48387  51.199  -70.101  26.873 0.0000000000
48389  44.529  -71.083  27.290 0.0000000000
48410  54.087  -70.163  26.128 0.0000000000
48413  49.989  -70.224  26.024 0.0000000000
48415  46.255  -71.012  26.616 0.0000000000
48431  53.964  -70.204  25.630 0.0000000000
48432  49.566  -69.989  25.676 0.0000000000
48433  48.987  -70.351  25.652 0.0000000000
48435  47.188  -70.500  25.604 0.0000000000
48451  53.728  -70.708  24.848 0.0000000000
48452  47.682  -70.466  25.473 0.0000000000
48453  47.314  -70.067  25.149 0.0000000000
48466  53.713  -70.272  24.618 0.0000000000
48467  53.599  -70.383  24.244 0.0000000000
48475  53.571  -70.071  24.111 0.0000000000
48476  53.482  -70.016  23.822 0.0000000000
48484  53.344  -69.957  23.281 0.0000000000
48485  53.187  -69.678  22.568 0.0000000000
48486  53.064  -70.083  22.736 0.0000000000
48487  52.903  -70.086  22.369 0.0000000000
48495  53.098  -69.737  22.169 0.0000000000
48496  52.387  -70.140  21.948 0.0000000000
48498  51.093  -70.584  22.038 0.0000000000
48507  51.348  -70.149  21.610 0.0000000000
48515  50.006  -70.131  20.348 0.0000000000
48528  49.561  -70.549  20.152 0.0000000000
48538  50.142  -70.381  19.200 0.0000000000
48539  49.576  -70.738  19.569 0.0000000000
48553  50.906  -70.470  18.234 0.0000000000
50030  53.929  -69.710  27.738 0.0000000000
50031  53.563  -69.654  27.879 0.0000000000
50043  54.253  -69.507  27.194 0.0000000000
50044  54.059  -70.003  27.415 0.0000000000
50061  54.271  -69.794  26.624 0.0000000000
50063  51.829  -69.890  27.461 0.0000000000
50085  53.968  -69.813  25.950 0.0000000000
50086  54.145  -69.316  26.478 0.0000000000
50087  51.210  -69.520  26.608 0.0000000000
50088  50.751  -69.340  26.213 0.0000000000
50089  50.389  -69.808  26.047 0.0000000000
50091  44.463  -69.806  26.176 0.0000000000
50112  53.889  -69.832  25.390 0.0000000000
50115  46.207  -69.955  25.348 0.0000000000
50117  45.228  -69.245  25.343 0.0000000000
50118  44.697  -69.335  25.620 0.0000000000
50133  53.826  -69.869  25.046 0.0000000000
50135  48.663  -69.828  25.202 0.0000000000
50136  47.423  -69.559  24.915 0.0000000000
50137  46.165  -69.344  25.035 0.0000000000
50138  45.684  -69.111  25.103 0.0000000000
50161  53.436  -69.887  23.761 0.0000000000
50172  53.208  -69.658  23.052 0.0000000000
50184  53.457  -69.313  21.844 0.0000000000
50185  53.220  -69.571  21.901 0.0000000000
50195  53.758  -69.055  21.449 0.0000000000
50196  53.519  -69.306  21.489 0.0000000000
50198  52.465  -69.572  21.219 0.0000000000
50199  51.650  -69.721  21.179 0.0000000000
50208  52.850  -69.221  20.937 0.0000000000
50210  51.177  -69.514  20.672 0.0000000000
50211  50.515  -69.770  20.539 0.0000000000
50217  51.497  -69.202  20.216 0.0000000000
50219  50.398  -69.815  19.961 0.0000000000
50225  50.950  -69.538  19.072 0.0000000000
50233  50.680  -69.975  18.671 0.0000000000
50243  52.412  -69.484  17.078 0.0000000000
51653  54.261  -69.234  27.452 0.0000000000
51654  54.081  -68.919  27.804 0.0000000000
51665  54.340  -69.057  27.141 0.0000000000
51666  52.993  -68.920  27.794 0.0000000000
51680  54.265  -68.760  26.842 0.0000000000
51681  51.968  -69.421  27.297 0.0000000000
51699  53.885  -69.403  26.090 0.0000000000
51702  51.156  -68.832  26.486 0.0000000000
51728  53.664  -68.869  26.102 0.0000000000
51729  53.275  -68.849  25.719 0.0000000000
51730  53.023  -68.490  25.517 0.0000000000
51731  50.205  -68.562  25.846 0.0000000000
51732  49.817  -68.662  25.552 0.0000000000
51733  49.316  -68.687  25.192 0.0000000000
51757  53.765  -69.760  25.138 0.0000000000
51758  53.351  -69.422  25.286 0.0000000000
51760  52.690  -68.677  24.986 0.0000000000
51761  52.459  -68.279  24.911 0.0000000000
51763  47.782  -69.151  24.829 0.0000000000
51764  47.201  -69.055  24.791 0.0000000000
51784  53.739  -69.877  24.868 0.0000000000
51785  53.411  -69.619  24.812 0.0000000000
51786  52.946  -69.302  24.647 0.0000000000
51787  52.704  -69.088  24.411 0.0000000000
51789  51.742  -68.585  24.143 0.0000000000
51798  53.246  -69.612  24.154 0.0000000000
51799  52.847  -69.257  23.898 0.0000000000
51800  52.510  -68.888  23.707 0.0000000000
51802  51.846  -68.747  23.428 0.0000000000
51810  52.847  -69.020  23.043 0.0000000000
51811  53.115  -68.663  22.272 0.0000000000
51812  52.586  -68.603  22.790 0.0000000000
51813  52.047  -68.643  22.645 0.0000000000
51826  53.615  -68.920  21.812 0.0000000000
51828  52.301  -68.322  21.944 0.0000000000
51835  53.758  -68.820  21.127 0.0000000000
51840  53.497  -68.534  20.897 0.0000000000
51841  52.843  -68.840  20.581 0.0000000000
51844  52.995  -68.307  20.581 0.0000000000
51845  52.576  -68.562  20.054 0.0000000000
51847  51.241  -69.314  19.624 0.0000000000
51851  52.357  -68.432  19.389 0.0000000000
51864  52.156  -68.878  17.605 0.0000000000
53131  54.017  -68.559  28.058 0.0000000000
53132  53.605  -68.772  28.020 0.0000000000
53138  54.263  -68.038  27.729 0.0000000000
53148  51.754  -68.054  26.966 0.0000000000
53155  54.219  -68.049  26.755 0.0000000000
53156  54.043  -67.947  26.404 0.0000000000
53158  50.922  -68.241  26.292 0.0000000000
53169  53.762  -67.858  26.130 0.0000000000
53170  53.384  -67.813  25.829 0.0000000000
53171  53.173  -67.594  25.461 0.0000000000
53173  50.017  -68.111  25.699 0.0000000000
53194  52.758  -67.740  25.170 0.0000000000
53195  52.214  -67.862  24.854 0.0000000000
53196  51.691  -67.989  24.416 0.0000000000
53198  48.448  -68.046  24.820 0.0000000000
53200  46.984  -68.463  24.692 0.0000000000
53201  46.397  -68.331  24.682 0.0000000000
53203  45.319  -68.090  24.728 0.0000000000
53227  51.371  -68.245  23.823 0.0000000000
53228  51.042  -67.695  23.704 0.0000000000
53229  47.324  -67.581  24.485 0.0000000000
53231  46.162  -67.780  24.498 0.0000000000
53232  45.577  -67.724  24.520 0.0000000000
53248  50.852  -68.062  23.390 0.0000000000
53249  50.241  -67.898  23.157 0.0000000000
53258  52.992  -68.397  22.184 0.0000000000
53259  51.669  -68.634  22.418 0.0000000000
53260  50.794  -68.358  22.758 0.0000000000
53262  49.618  -67.900  22.423 0.0000000000
53276  53.685  -68.448  21.499 0.0000000000
53277  53.246  -68.228  21.765 0.0000000000
53279  52.003  -68.378  21.827 0.0000000000
53280  50.927  -68.213  21.605 0.0000000000
53282  49.356  -67.729  21.966 0.0000000000
53291  53.521  -68.270  21.281 0.0000000000
53292  52.908  -68.080  21.413 0.0000000000
53301  53.302  -68.215  20.926 0.0000000000
53308  52.747  -67.672  19.831 0.0000000000
53309  52.647  -67.805  19.137 0.0000000000
54567  54.003  -67.857  28.012 0.0000000000
54578  54.333  -67.631  27.464 0.0000000000
54580  53.750  -67.562  28.083 0.0000000000
54593  54.325  -67.359  26.947 0.0000000000
54604  54.272  -67.249  26.165 0.0000000000
54605  50.737  -67.710  26.164 0.0000000000
54612  53.675  -67.202  25.622 0.0000000000
54614  49.808  -67.563  25.599 0.0000000000
54620  52.588  -67.339  24.931 0.0000000000
54622  51.554  -67.424  24.307 0.0000000000
54624  48.194  -67.455  24.703 0.0000000000
54625  47.719  -67.368  24.538 0.0000000000
54639  51.236  -67.329  23.919 0.0000000000
54640  50.818  -67.221  23.650 0.0000000000
54641  50.400  -67.128  23.470 0.0000000000
54643  46.950  -67.347  24.318 0.0000000000
54645  45.866  -67.258  24.267 0.0000000000
54646  45.312  -67.319  24.306 0.0000000000
54665  50.012  -67.286  23.204 0.0000000000
54680  49.744  -67.631  22.835 0.0000000000
54682  48.919  -66.964  22.580 0.0000000000
54698  48.865  -67.283  22.106 0.0000000000
54712  52.603  -67.849  21.032 0.0000000000
54729  52.715  -67.708  20.652 0.0000000000
54730  52.354  -67.486  20.464 0.0000000000
54739  52.954  -67.881  20.477 0.0000000000
54740  52.610  -67.467  20.114 0.0000000000
55994  54.315  -67.115  27.254 0.0000000000
55995  54.340  -66.590  27.067 0.0000000000
56020  52.813  -66.423  27.450 0.0000000000
56042  54.490  -66.900  26.179 0.0000000000
56061  54.696  -66.342  25.902 0.0000000000
56063  54.352  -66.755  25.645 0.0000000000
56066  50.128  -67.061  25.799 0.0000000000
56067  49.608  -66.970  25.498 0.0000000000
56077  53.601  -66.236  24.849 0.0000000000
56078  53.052  -66.796  24.898 0.0000000000
56079  52.403  -66.885  24.623 0.0000000000
56080  51.799  -66.932  24.400 0.0000000000
56083  47.931  -66.935  24.580 0.0000000000
56098  51.399  -66.880  24.029 0.0000000000
56100  50.583  -66.705  23.518 0.0000000000
56102  46.286  -66.859  24.174 0.0000000000
56103  45.690  -66.686  24.120 0.0000000000
56105  44.397  -66.916  24.194 0.0000000000
56117  50.157  -66.838  23.313 0.0000000000
56118  49.763  -66.748  23.037 0.0000000000
56133  49.246  -66.652  22.823 0.0000000000
56134  48.557  -66.541  22.384 0.0000000000
56155  48.221  -66.462  21.935 0.0000000000
57573  53.569  -66.291  27.535 0.0000000000
57586  54.502  -66.421  26.484 0.0000000000
57587  54.164  -65.948  27.040 0.0000000000
57624  54.200  -66.185  25.280 0.0000000000
57643  54.033  -65.669  25.160 0.0000000000
57644  53.981  -65.795  24.851 0.0000000000
57646  52.209  -66.368  24.285 0.0000000000
57648  49.030  -65.885  25.065 0.0000000000
57650  48.126  -66.001  24.697 0.0000000000
57665  52.009  -65.861  23.870 0.0000000000
57666  51.038  -66.329  23.626 0.0000000000
57667  47.619  -65.725  24.385 0.0000000000
57669  46.585  -65.858  24.093 0.0000000000
57686  49.596  -66.238  22.886 0.0000000000
57701  49.112  -66.166  22.680 0.0000000000
57702  48.685  -66.138  22.417 0.0000000000
57703  48.322  -66.151  22.186 0.0000000000
59312  54.324  -65.624  25.983 0.0000000000
59324  54.086  -65.513  25.497 0.0000000000
59327  49.746  -65.271  25.465 0.0000000000
59339  53.690  -65.339  24.896 0.0000000000
59342  48.073  -65.398  24.674 0.0000000000
59358  52.878  -65.087  24.034 0.0000000000
59359  52.343  -65.277  23.820 0.0000000000
59360  51.970  -64.976  23.720 0.0000000000
59363  47.283  -65.221  24.274 0.0000000000
59365  46.215  -65.282  24.005 0.0000000000
59383  49.847  -65.339  22.871 0.0000000000
60880  53.972  -65.083  25.787 0.0000000000
60893  50.082  -64.723  25.518 0.0000000000
60899  53.658  -64.898  25.057 0.0000000000
60901  48.983  -64.661  25.023 0.0000000000
60902  48.528  -64.971  24.841 0.0000000000
60903  47.981  -64.839  24.611 0.0000000000
60910  53.105  -64.703  24.281 0.0000000000
60912  51.882  -64.622  23.768 0.0000000000
60913  51.413  -64.906  23.495 0.0000000000
60914  47.520  -64.764  24.360 0.0000000000
60915  47.018  -64.745  24.190 0.0000000000
60917  45.901  -64.770  23.927 0.0000000000
60931  50.353  -65.006  23.009 0.0000000000
60932  49.817  -64.758  22.774 0.0000000000
60933  45.366  -64.774  23.736 0.0000000000
60949  48.949  -64.608  22.345 0.0000000000
62389  49.838  -64.213  25.383 0.0000000000
62400  52.754  -64.314  24.154 0.0000000000
62401  52.148  -64.265  23.881 0.0000000000
62402  47.813  -64.325  24.468 0.0000000000
62404  46.747  -64.230  24.148 0.0000000000
62412  52.899  -63.951  24.153 0.0000000000
62425  50.325  -63.927  22.930 0.0000000000
62426  49.765  -64.152  22.728 0.0000000000
62427  49.149  -64.135  22.517 0.0000000000
62428  48.656  -64.154  22.251 0.0000000000
62433  48.076  -64.151  22.001 0.0000000000
63825  49.655  -63.624  25.260 0.0000000000
63833  49.259  -63.133  25.062 0.0000000000
63834  48.753  -63.309  24.842 0.0000000000
63840  47.441  -63.265  24.294 0.0000000000
63842  46.511  -63.704  24.121 0.0000000000
63843  45.719  -63.250  24.065 0.0000000000
63852  52.923  -63.452  23.785 0.0000000000
63855  51.342  -63.661  23.102 0.0000000000
63856  50.773  -63.704  22.984 0.0000000000
63869  51.887  -63.285  23.113 0.0000000000
63870  50.940  -63.280  22.879 0.0000000000
65304  49.493  -62.535  25.061 0.0000000000
65312  47.184  -62.752  24.295 0.0000000000
65333  51.155  -62.747  22.641 0.0000000000
65334  50.478  -62.895  22.797 0.0000000000
65335  49.743  -63.077  22.826 0.0000000000
65349  49.280  -62.494  22.600 0.0000000000
65350  48.690  -62.648  22.286 0.0000000000
66744  47.561  -62.294  24.444 0.0000000000
66745  46.955  -62.209  24.412 0.0000000000
69578  47.621  -60.880  24.691 0.0000000000
292300  53.553  -71.156  24.910 0.0000000000
292592  51.846  -73.268  26.708 0.0000000000
293126  47.547  -68.560  24.676 0.0000000000
295870  52.297  -71.477  23.737 0.0000000000
295932  52.667  -69.022  23.679 0.0000000000
295971  52.043  -73.167  26.522 0.0000000000
297094  51.221  -70.682  27.200 0.0000000000
297756  50.873  -65.212  23.259 0.0000000000
298323  45.315  -70.394  26.284 0.0000000000
298720  54.668  -66.632  26.116 0.0000000000
299964  46.236  -70.491  25.928 0.0000000000
300226  50.229  -70.192  20.954 0.0000000000
301947  52.669  -72.696  26.706 0.0000000000
302003  46.109  -64.181  24.036 0.0000000000
302987  46.719  -66.529  24.159 0.0000000000
303927  49.019  -68.091  25.066 0.0000000000
304479  52.154  -68.371  18.094 0.0000000000
305001  46.275  -63.203  24.125 0.0000000000
305349  48.138  -75.329  18.449 0.0000000000
306048  51.515  -71.897  23.630 0.0000000000
306102  53.303  -71.432  24.746 0.0000000000
306252  53.637  -64.263  25.256 0.0000000000
307348  46.760  -67.008  24.216 0.0000000000
308825  49.879  -65.847  22.948 0.0000000000
309377  54.705  -66.476  25.727 0.0000000000
309525  53.019  -71.354  24.310 0.0000000000
309607  49.615  -69.320  25.444 0.0000000000
309843  46.844  -63.231  24.194 0.0000000000
310114  52.023  -68.726  24.207 0.0000000000
310794  50.750  -69.613  19.613 0.0000000000
310960  44.840  -67.271  24.306 0.0000000000
312581  53.721  -70.227  27.689 0.0000000000
314419  48.362  -72.337  19.791 0.0000000000
315123  48.489  -66.983  21.696 0.0000000000
315148  49.278  -65.091  22.612 0.0000000000
315486  50.119  -65.835  25.666 0.0000000000
316462  48.339  -71.911  26.676 0.0000000000
317101  51.058  -66.494  26.376 0.0000000000
317324  47.091  -65.649  24.195 0.0000000000
317337  51.813  -72.460  24.586 0.0000000000
317362  49.697  -66.404  25.521 0.0000000000
318020  48.931  -65.656  22.447 0.0000000000
318225  50.188  -66.497  25.773 0.0000000000
318430  48.183  -66.517  24.690 0.0000000000
319173  48.074  -63.906  24.595 0.0000000000
319438  51.443  -65.951  23.680 0.0000000000
319971  52.646  -68.564  27.611 0.0000000000
320191  45.935  -65.778  23.986 0.0000000000
320614  50.779  -72.052  27.476 0.0000000000
321220  49.290  -71.430  21.524 0.0000000000
323147  52.902  -72.112  26.010 0.0000000000
323542  48.147  -65.128  22.153 0.0000000000
323906  49.240  -73.862  22.489 0.0000000000
324378  51.544  -68.589  26.876 0.0000000000
324438  50.544  -67.268  26.057 0.0000000000
324495  51.748  -69.059  19.015 0.0000000000
325083  47.301  -68.071  24.622 0.0000000000
325367  49.181  -71.456  26.415 0.0000000000
325630  51.203  -67.782  26.437 0.0000000000
328498  46.784  -72.114  27.320 0.0000000000
328630  48.651  -71.979  19.557 0.0000000000
329079  46.334  -62.147  24.318 0.0000000000
329281  51.015  -73.432  26.934 0.0000000000
329594  52.782  -70.816  23.406 0.0000000000
329986  49.296  -64.192  25.160 0.0000000000
330078  53.708  -71.106  26.428 0.0000000000
330469  53.253  -65.395  24.329 0.0000000000
330972  49.047  -76.113  22.925 0.0000000000
331665  51.211  -65.307  23.458 0.0000000000
333063  49.232  -66.325  25.212 0.0000000000
333089  49.005  -71.545  19.349 0.0000000000
333203  54.590  -66.647  25.782 0.0000000000
333408  53.215  -71.218  28.129 0.0000000000
333966  50.575  -68.315  22.190 0.0000000000
336558  54.196  -66.894  27.484 0.0000000000
337257  50.602  -66.157  23.403 0.0000000000
339147  53.373  -68.333  25.949 0.0000000000
339258  54.181  -68.387  27.883 0.0000000000
341111  48.652  -64.557  24.881 0.0000000000
343156  53.569  -65.439  24.585 0.0000000000
343820  49.405  -66.644  25.344 0.0000000000
343996  51.454  -68.293  21.690 0.0000000000
344116  50.923  -71.018  22.318 0.0000000000
344130  48.504  -73.383  21.498 0.0000000000
344468  48.510  -71.990  19.899 0.0000000000
345384  53.506  -70.381  23.898 0.0000000000
345718  53.170  -71.768  27.355 0.0000000000
346366  48.366  -75.822  23.705 0.0000000000
346692  53.248  -69.856  22.967 0.0000000000
347045  54.176  -70.088  26.333 0.0000000000
347090  52.079  -71.915  24.141 0.0000000000
347567  49.178  -72.159  21.893 0.0000000000
347771  48.095  -77.545  17.954 0.0000000000
347988  46.029  -79.151  18.963 0.0000000000
348316  52.705  -69.760  21.579 0.0000000000
348774  51.483  -67.877  26.677 0.0000000000
349013  51.316  -71.214  27.537 0.0000000000
349231  49.897  -63.642  22.864 0.0000000000
