#!ascii label  , from subject sub-v2s5x29559_ses-1 vox2ras=TkReg
1710
118939  -33.989  -38.259  58.814 0.0000000000
117414  -17.371  -39.943  62.273 0.0000000000
114462  -25.415  -40.394  59.945 0.0000000000
160288  -44.418  -18.689  43.016 0.0000000000
294950  -45.800  -14.103  36.989 0.0000000000
118805  -10.048  -38.542  65.802 0.0000000000
154621  -39.977  -21.203  45.873 0.0000000000
125243  -35.492  -35.740  56.383 0.0000000000
116032  -29.517  -39.586  58.662 0.0000000000
120287  -13.582  -38.070  63.723 0.0000000000
114292  -13.193  -41.001  66.586 0.0000000000
123554  -29.712  -36.694  56.242 0.0000000000
126829  -30.610  -35.301  54.523 0.0000000000
118880  -21.884  -39.122  61.617 0.0000000000
285405  -27.797  -36.848  58.818 0.0000000000
140025  -35.433  -28.781  46.725 0.0000000000
146458  -38.066  -25.667  45.811 0.0000000000
293748  -43.314  -24.088  44.093 0.0000000000
102576  -8.337  -45.510  68.317 0.0000000000
97678  -4.846  -47.868  70.165 0.0000000000
282485  -30.145  -32.839  54.428 0.0000000000
137168  -30.391  -30.437  51.613 0.0000000000
137232  -32.225  -30.634  48.577 0.0000000000
107501  -10.492  -43.511  67.044 0.0000000000
272553  -17.439  -41.608  64.288 0.0000000000
112699  -19.965  -41.432  64.465 0.0000000000
270214  -31.958  -39.115  58.352 0.0000000000
121851  -16.804  -37.066  62.931 0.0000000000
118849  -15.467  -39.030  62.829 0.0000000000
114364  -15.245  -40.610  64.193 0.0000000000
125207  -29.900  -36.987  57.715 0.0000000000
123536  -28.816  -36.693  57.029 0.0000000000
298007  -34.721  -25.906  47.184 0.0000000000
321749  -37.071  -26.897  46.479 0.0000000000
149196  -36.533  -24.278  46.242 0.0000000000
151940  -40.638  -22.926  43.835 0.0000000000
295554  -43.446  -22.138  43.026 0.0000000000
150622  -46.127  -22.649  44.308 0.0000000000
154699  -46.050  -21.004  41.999 0.0000000000
156084  -47.652  -21.126  40.509 0.0000000000
129467  -29.983  -33.805  56.090 0.0000000000
129487  -30.219  -33.790  54.836 0.0000000000
284928  -28.476  -32.674  55.372 0.0000000000
139895  -28.345  -28.800  52.562 0.0000000000
303616  -29.411  -28.208  50.691 0.0000000000
137193  -31.013  -30.699  50.134 0.0000000000
142496  -31.216  -27.944  49.312 0.0000000000
141220  -33.221  -28.230  48.849 0.0000000000
117454  -23.413  -39.261  60.748 0.0000000000
110784  -9.097  -42.188  67.294 0.0000000000
114307  -10.433  -40.932  65.825 0.0000000000
93521  -5.407  -49.903  71.159 0.0000000000
92116  -3.868  -50.740  71.615 0.0000000000
154597  -37.359  -21.108  47.190 0.0000000000
129480  -35.186  -33.953  55.721 0.0000000000
116012  -27.393  -39.821  59.473 0.0000000000
121813  -11.393  -38.032  64.842 0.0000000000
274371  -11.996  -40.493  64.977 0.0000000000
115889  -13.256  -40.169  65.036 0.0000000000
169900  -47.202  -14.020  35.141 0.0000000000
118981  -31.523  -38.676  55.883 0.0000000000
122042  -32.096  -37.240  55.232 0.0000000000
125253  -31.063  -35.944  55.530 0.0000000000
312375  -18.479  -37.585  61.664 0.0000000000
320823  -20.099  -39.392  61.522 0.0000000000
280173  -20.839  -37.534  60.924 0.0000000000
121934  -22.205  -37.042  60.126 0.0000000000
120381  -23.866  -38.007  58.911 0.0000000000
125145  -25.637  -36.192  59.375 0.0000000000
120403  -25.542  -38.057  57.716 0.0000000000
120415  -27.385  -37.960  56.789 0.0000000000
321762  -29.459  -38.600  56.344 0.0000000000
135663  -36.416  -31.625  48.126 0.0000000000
150583  -38.522  -23.556  45.057 0.0000000000
146489  -40.811  -25.810  44.457 0.0000000000
158975  -48.753  -19.340  39.533 0.0000000000
99214  -6.432  -46.669  68.984 0.0000000000
96302  -7.166  -48.488  70.692 0.0000000000
125288  -32.493  -35.933  54.313 0.0000000000
129500  -32.684  -34.171  53.826 0.0000000000
132273  -32.043  -32.190  54.106 0.0000000000
137126  -28.099  -30.866  54.046 0.0000000000
135569  -30.137  -31.092  53.545 0.0000000000
135572  -32.623  -31.007  53.860 0.0000000000
133998  -33.180  -31.653  52.569 0.0000000000
132339  -33.845  -32.568  50.917 0.0000000000
273600  -35.103  -32.823  49.372 0.0000000000
137252  -34.180  -30.220  47.521 0.0000000000
142527  -34.145  -27.619  48.034 0.0000000000
114370  -22.281  -40.792  64.420 0.0000000000
107466  -7.781  -43.460  68.029 0.0000000000
105812  -9.440  -44.707  67.823 0.0000000000
270599  -12.298  -42.077  66.315 0.0000000000
92103  -2.398  -51.323  72.059 0.0000000000
114402  -17.322  -40.744  62.762 0.0000000000
112721  -18.537  -41.683  63.865 0.0000000000
296107  -18.834  -40.862  62.741 0.0000000000
117493  -33.074  -38.787  58.350 0.0000000000
120318  -17.061  -38.178  62.488 0.0000000000
121869  -15.989  -37.753  62.691 0.0000000000
284354  -16.802  -39.412  62.470 0.0000000000
115919  -16.248  -40.559  62.983 0.0000000000
147779  -34.903  -24.586  47.783 0.0000000000
147800  -35.380  -24.971  46.912 0.0000000000
150546  -35.609  -23.261  47.010 0.0000000000
157428  -43.494  -19.488  43.643 0.0000000000
156044  -42.639  -21.041  43.340 0.0000000000
302552  -43.766  -20.537  42.883 0.0000000000
154671  -44.902  -21.337  42.835 0.0000000000
157441  -44.969  -20.192  42.143 0.0000000000
157455  -45.785  -19.920  41.559 0.0000000000
130837  -29.158  -33.252  55.826 0.0000000000
143671  -28.933  -26.903  51.639 0.0000000000
141182  -30.123  -28.332  49.952 0.0000000000
143695  -30.915  -26.611  50.260 0.0000000000
271132  -31.817  -26.826  49.778 0.0000000000
115997  -24.583  -39.798  60.362 0.0000000000
114422  -24.394  -40.596  61.636 0.0000000000
114436  -25.603  -40.391  61.193 0.0000000000
117349  -9.612  -40.059  66.535 0.0000000000
115866  -10.169  -40.237  65.964 0.0000000000
164605  -45.894  -16.054  37.353 0.0000000000
93511  -5.107  -50.451  71.549 0.0000000000
123496  -36.569  -36.489  58.517 0.0000000000
271178  -35.063  -34.951  55.770 0.0000000000
116013  -28.558  -39.575  59.092 0.0000000000
114454  -29.617  -39.911  60.515 0.0000000000
121832  -13.949  -36.986  63.562 0.0000000000
293159  -12.916  -37.085  64.220 0.0000000000
123327  -12.185  -36.900  64.958 0.0000000000
291882  -12.343  -38.485  64.221 0.0000000000
118823  -12.476  -39.192  64.340 0.0000000000
117389  -13.448  -39.426  64.076 0.0000000000
312465  -16.146  -41.806  65.552 0.0000000000
112669  -15.050  -41.420  65.691 0.0000000000
122025  -30.389  -37.273  55.689 0.0000000000
123572  -31.075  -36.889  55.530 0.0000000000
123555  -30.497  -36.438  56.084 0.0000000000
308297  -19.270  -36.267  61.937 0.0000000000
121899  -19.714  -37.456  61.136 0.0000000000
123396  -19.748  -36.247  61.491 0.0000000000
125087  -22.253  -36.043  60.682 0.0000000000
306620  -22.900  -36.125  60.147 0.0000000000
121936  -22.951  -37.332  59.716 0.0000000000
123454  -23.756  -36.197  59.484 0.0000000000
125147  -27.702  -37.240  59.082 0.0000000000
125175  -26.607  -36.760  59.092 0.0000000000
123490  -25.605  -36.989  58.719 0.0000000000
123511  -26.460  -36.855  57.958 0.0000000000
120414  -26.873  -38.081  57.033 0.0000000000
123533  -27.282  -36.979  57.322 0.0000000000
123553  -28.983  -36.800  56.230 0.0000000000
293414  -28.624  -37.428  55.865 0.0000000000
120434  -29.169  -37.425  55.734 0.0000000000
120427  -30.254  -38.184  56.076 0.0000000000
284316  -35.849  -29.825  47.264 0.0000000000
137256  -37.183  -30.247  47.825 0.0000000000
268243  -36.314  -29.434  47.045 0.0000000000
145107  -37.764  -26.387  46.501 0.0000000000
143830  -37.972  -27.352  46.743 0.0000000000
154607  -38.840  -21.139  46.378 0.0000000000
151894  -37.690  -22.408  45.571 0.0000000000
153199  -38.861  -22.323  45.039 0.0000000000
285854  -41.752  -23.486  43.675 0.0000000000
149246  -40.450  -24.239  43.918 0.0000000000
147846  -42.056  -25.060  44.264 0.0000000000
145147  -42.293  -26.069  45.380 0.0000000000
291318  -48.507  -20.331  40.168 0.0000000000
161757  -48.254  -18.275  40.322 0.0000000000
163205  -46.625  -17.260  39.495 0.0000000000
311879  -6.959  -44.509  68.281 0.0000000000
102554  -6.493  -45.579  68.715 0.0000000000
102555  -7.549  -45.945  68.708 0.0000000000
97680  -8.048  -47.767  70.543 0.0000000000
96284  -7.167  -48.781  72.004 0.0000000000
125269  -31.230  -36.059  54.909 0.0000000000
123606  -32.157  -36.396  54.556 0.0000000000
126830  -30.760  -35.379  54.358 0.0000000000
130864  -30.324  -33.323  54.479 0.0000000000
129498  -31.062  -33.896  54.074 0.0000000000
316705  -31.304  -33.364  53.946 0.0000000000
130867  -32.384  -32.907  53.952 0.0000000000
132272  -31.256  -32.627  54.096 0.0000000000
288218  -27.767  -29.135  54.604 0.0000000000
138565  -29.532  -29.893  52.145 0.0000000000
137140  -29.107  -30.223  52.894 0.0000000000
137142  -30.208  -30.512  52.734 0.0000000000
296470  -31.664  -31.227  53.630 0.0000000000
135581  -31.330  -30.789  52.541 0.0000000000
135583  -32.487  -31.158  53.184 0.0000000000
299131  -31.656  -31.171  51.737 0.0000000000
135644  -31.483  -31.026  49.204 0.0000000000
134036  -32.016  -32.061  50.404 0.0000000000
134052  -32.745  -32.195  48.942 0.0000000000
132358  -34.383  -32.892  50.002 0.0000000000
134071  -33.769  -32.131  48.659 0.0000000000
135685  -34.228  -31.369  47.875 0.0000000000
286719  -33.254  -30.656  48.101 0.0000000000
142499  -33.330  -27.566  49.268 0.0000000000
141221  -33.611  -28.210  48.642 0.0000000000
143785  -34.011  -27.184  49.100 0.0000000000
118879  -21.330  -39.152  61.546 0.0000000000
272778  -21.388  -40.305  63.181 0.0000000000
117417  -21.971  -39.896  62.611 0.0000000000
293860  -9.769  -42.596  67.174 0.0000000000
109107  -9.268  -43.125  67.520 0.0000000000
107488  -10.072  -43.874  67.362 0.0000000000
114327  -12.436  -40.906  65.399 0.0000000000
112668  -12.190  -41.303  65.596 0.0000000000
112641  -12.850  -41.262  66.592 0.0000000000
112647  -17.691  -41.884  65.966 0.0000000000
112648  -18.719  -41.768  66.131 0.0000000000
316716  -20.400  -41.590  66.156 0.0000000000
112652  -21.155  -41.392  66.370 0.0000000000
116034  -30.800  -39.586  58.735 0.0000000000
115989  -31.131  -39.972  60.522 0.0000000000
123363  -15.742  -36.829  63.261 0.0000000000
121848  -14.961  -37.669  62.873 0.0000000000
118847  -14.424  -38.646  63.338 0.0000000000
117390  -14.111  -39.648  63.943 0.0000000000
115917  -15.265  -39.939  63.543 0.0000000000
274824  -16.063  -41.330  64.092 0.0000000000
123537  -29.488  -36.564  56.909 0.0000000000
125241  -30.325  -36.176  56.725 0.0000000000
125178  -28.609  -37.332  58.825 0.0000000000
123514  -28.166  -36.851  57.898 0.0000000000
125226  -29.323  -36.851  57.691 0.0000000000
142545  -34.956  -27.413  46.965 0.0000000000
142573  -36.031  -28.066  46.506 0.0000000000
145104  -35.404  -26.549  46.600 0.0000000000
281084  -36.784  -25.892  46.591 0.0000000000
147814  -37.358  -24.913  45.959 0.0000000000
153214  -40.198  -21.877  44.399 0.0000000000
154652  -41.517  -21.519  43.607 0.0000000000
153250  -42.359  -22.235  43.077 0.0000000000
151943  -43.498  -22.944  43.417 0.0000000000
150600  -45.089  -23.541  44.289 0.0000000000
151962  -45.002  -22.313  43.378 0.0000000000
153255  -45.969  -21.922  43.366 0.0000000000
153267  -47.009  -21.768  42.584 0.0000000000
154706  -46.779  -21.039  41.094 0.0000000000
158956  -47.405  -19.523  41.180 0.0000000000
102557  -8.673  -45.835  68.744 0.0000000000
299748  -7.977  -46.334  68.981 0.0000000000
270911  -9.251  -46.285  70.243 0.0000000000
129479  -30.306  -34.270  55.795 0.0000000000
128161  -30.230  -34.378  55.126 0.0000000000
129478  -29.959  -33.881  55.394 0.0000000000
130851  -29.709  -33.436  54.994 0.0000000000
132269  -29.147  -32.702  54.514 0.0000000000
141101  -27.942  -28.196  53.603 0.0000000000
143652  -28.349  -27.227  52.496 0.0000000000
141150  -28.722  -28.390  51.550 0.0000000000
283321  -29.760  -29.703  50.970 0.0000000000
137180  -30.440  -30.420  51.002 0.0000000000
138595  -29.747  -29.375  50.421 0.0000000000
138617  -30.742  -29.717  49.386 0.0000000000
138635  -31.553  -29.656  48.802 0.0000000000
139965  -32.846  -29.185  48.595 0.0000000000
141218  -32.118  -28.577  48.979 0.0000000000
117446  -22.676  -39.313  61.586 0.0000000000
117419  -22.600  -39.816  62.541 0.0000000000
115948  -23.665  -40.515  62.483 0.0000000000
112612  -9.562  -41.724  66.679 0.0000000000
110808  -10.434  -42.619  66.678 0.0000000000
94931  -5.358  -49.013  70.393 0.0000000000
97672  -3.993  -48.212  70.709 0.0000000000
94918  -4.349  -49.409  70.676 0.0000000000
93518  -3.313  -49.618  71.147 0.0000000000
93508  -3.015  -49.999  71.469 0.0000000000
130852  -34.619  -32.928  55.174 0.0000000000
114482  -26.779  -40.201  59.705 0.0000000000
112804  -26.564  -40.475  61.158 0.0000000000
123317  -11.141  -37.008  65.544 0.0000000000
120267  -10.914  -38.321  65.243 0.0000000000
117366  -10.756  -39.346  65.338 0.0000000000
117376  -11.683  -39.482  64.833 0.0000000000
115888  -12.706  -40.094  64.905 0.0000000000
114329  -13.513  -40.705  65.773 0.0000000000
115891  -14.265  -40.345  64.827 0.0000000000
114330  -14.271  -40.817  65.721 0.0000000000
112615  -14.129  -41.161  66.774 0.0000000000
169883  -46.282  -13.914  36.031 0.0000000000
283599  -32.681  -38.818  56.576 0.0000000000
120440  -32.999  -38.373  55.763 0.0000000000
122027  -31.661  -37.675  55.423 0.0000000000
125254  -31.126  -36.285  55.308 0.0000000000
126819  -30.779  -35.320  55.069 0.0000000000
125242  -31.034  -35.818  56.177 0.0000000000
126808  -30.944  -35.237  56.419 0.0000000000
128156  -30.659  -34.732  56.165 0.0000000000
129468  -30.352  -34.213  56.518 0.0000000000
118875  -18.168  -38.803  61.835 0.0000000000
117431  -19.158  -39.660  61.879 0.0000000000
118891  -19.239  -38.649  61.436 0.0000000000
120346  -20.363  -37.992  61.113 0.0000000000
120347  -21.129  -38.075  61.004 0.0000000000
125069  -21.334  -35.773  60.759 0.0000000000
121919  -21.747  -36.976  60.578 0.0000000000
120349  -21.868  -38.139  60.728 0.0000000000
120360  -22.832  -38.477  60.313 0.0000000000
118924  -23.511  -38.575  59.715 0.0000000000
118926  -24.375  -38.883  59.048 0.0000000000
126753  -25.120  -35.662  60.001 0.0000000000
123489  -24.434  -36.434  58.685 0.0000000000
120393  -24.796  -37.996  58.272 0.0000000000
118937  -25.099  -39.200  58.206 0.0000000000
117500  -26.405  -39.526  57.770 0.0000000000
117502  -27.694  -39.118  57.898 0.0000000000
117503  -28.680  -39.506  57.633 0.0000000000
121995  -27.928  -37.083  56.587 0.0000000000
118967  -28.562  -38.572  56.595 0.0000000000
279981  -29.586  -39.260  57.046 0.0000000000
117520  -30.775  -39.194  57.033 0.0000000000
117535  -31.729  -39.130  56.718 0.0000000000
121871  -17.777  -37.642  62.343 0.0000000000
141248  -37.188  -28.259  46.709 0.0000000000
151882  -36.113  -22.451  46.768 0.0000000000
301016  -37.034  -23.722  45.690 0.0000000000
147829  -38.134  -24.629  45.440 0.0000000000
151923  -39.426  -22.860  44.465 0.0000000000
147842  -39.553  -24.582  44.483 0.0000000000
146474  -39.354  -25.706  44.708 0.0000000000
145132  -40.825  -26.480  45.740 0.0000000000
161764  -48.475  -18.223  39.144 0.0000000000
164580  -46.194  -16.626  38.562 0.0000000000
168571  -45.156  -14.273  38.430 0.0000000000
102534  -5.569  -45.769  69.534 0.0000000000
317283  -5.768  -47.532  69.543 0.0000000000
99216  -7.758  -46.895  69.067 0.0000000000
99200  -6.642  -47.661  69.438 0.0000000000
96308  -6.130  -48.414  69.900 0.0000000000
94921  -6.276  -49.230  71.157 0.0000000000
317928  -33.770  -37.594  55.435 0.0000000000
123573  -34.160  -36.772  55.425 0.0000000000
125290  -33.501  -35.757  54.420 0.0000000000
128179  -30.857  -35.028  54.040 0.0000000000
128180  -32.233  -34.716  53.775 0.0000000000
128170  -34.089  -35.007  54.652 0.0000000000
129502  -33.749  -33.925  54.380 0.0000000000
130869  -33.544  -33.196  54.360 0.0000000000
307172  -33.035  -32.030  54.490 0.0000000000
133924  -27.872  -31.784  55.129 0.0000000000
280329  -28.617  -31.774  53.942 0.0000000000
138544  -28.242  -29.652  53.251 0.0000000000
133970  -28.655  -31.263  53.560 0.0000000000
133955  -30.171  -31.863  54.189 0.0000000000
133957  -31.524  -31.609  53.988 0.0000000000
133958  -32.144  -31.550  54.131 0.0000000000
134021  -31.708  -31.581  50.834 0.0000000000
132323  -33.270  -32.152  51.631 0.0000000000
132390  -35.766  -32.356  48.552 0.0000000000
298782  -34.974  -30.626  47.507 0.0000000000
138681  -34.739  -29.546  47.107 0.0000000000
139981  -33.398  -29.151  48.297 0.0000000000
141246  -34.111  -28.675  47.783 0.0000000000
142571  -34.735  -28.078  46.967 0.0000000000
273099  -34.215  -26.592  47.791 0.0000000000
146415  -34.549  -25.418  48.131 0.0000000000
115942  -19.856  -40.589  62.532 0.0000000000
273118  -21.446  -40.878  64.406 0.0000000000
114354  -23.209  -41.072  64.761 0.0000000000
105810  -7.880  -44.042  67.797 0.0000000000
109092  -8.165  -42.648  67.986 0.0000000000
107467  -8.299  -43.793  67.851 0.0000000000
300225  -8.589  -45.034  68.235 0.0000000000
102578  -9.686  -45.645  68.453 0.0000000000
114325  -11.128  -40.859  65.335 0.0000000000
110853  -11.130  -41.884  65.698 0.0000000000
109148  -11.459  -42.748  66.334 0.0000000000
90651  -3.907  -51.771  73.523 0.0000000000
90677  -3.018  -51.408  72.316 0.0000000000
93507  -2.394  -49.912  71.667 0.0000000000
118950  -33.913  -38.141  58.264 0.0000000000
115939  -17.625  -40.412  62.512 0.0000000000
114403  -17.821  -40.929  62.640 0.0000000000
115940  -18.317  -40.601  62.419 0.0000000000
118938  -33.546  -38.507  58.466 0.0000000000
118864  -17.493  -38.725  62.188 0.0000000000
118863  -16.907  -38.865  62.402 0.0000000000
279286  -17.204  -39.398  62.274 0.0000000000
115938  -17.036  -40.376  62.686 0.0000000000
150534  -34.625  -23.569  48.216 0.0000000000
149176  -35.015  -24.035  47.470 0.0000000000
151864  -34.848  -23.165  47.875 0.0000000000
157432  -43.911  -19.579  43.199 0.0000000000
157431  -43.469  -20.120  43.297 0.0000000000
157439  -43.967  -19.984  42.916 0.0000000000
157440  -44.467  -20.034  42.455 0.0000000000
157453  -44.742  -19.658  42.120 0.0000000000
158932  -44.891  -19.189  42.057 0.0000000000
143694  -30.235  -26.773  50.324 0.0000000000
115998  -25.050  -40.103  60.130 0.0000000000
114448  -25.190  -40.388  60.851 0.0000000000
114449  -25.731  -40.406  60.455 0.0000000000
118795  -9.533  -38.794  66.390 0.0000000000
117357  -9.603  -39.425  66.363 0.0000000000
282440  -10.080  -39.211  65.779 0.0000000000
167287  -45.544  -14.919  37.448 0.0000000000
164619  -46.150  -16.193  36.930 0.0000000000
167305  -45.971  -14.920  36.422 0.0000000000
304976  -35.989  -35.627  56.659 0.0000000000
126791  -36.350  -35.485  57.100 0.0000000000
126809  -35.204  -35.305  56.066 0.0000000000
116014  -29.069  -39.581  59.062 0.0000000000
114486  -29.235  -39.625  59.626 0.0000000000
115999  -29.861  -39.529  59.571 0.0000000000
121847  -13.949  -37.714  63.529 0.0000000000
123344  -13.451  -36.694  63.912 0.0000000000
121831  -13.354  -37.524  63.872 0.0000000000
307235  -12.649  -37.793  64.166 0.0000000000
120286  -13.027  -38.269  63.998 0.0000000000
118834  -12.896  -38.950  64.111 0.0000000000
118835  -13.435  -38.711  63.829 0.0000000000
123570  -29.993  -36.952  55.847 0.0000000000
126728  -23.412  -35.283  60.634 0.0000000000
125088  -22.608  -35.891  60.592 0.0000000000
125110  -23.114  -35.575  60.300 0.0000000000
125111  -23.414  -35.793  59.859 0.0000000000
126751  -23.668  -35.505  60.102 0.0000000000
277136  -27.806  -37.012  58.928 0.0000000000
125176  -27.250  -36.850  58.981 0.0000000000
125202  -26.855  -36.799  58.484 0.0000000000
123512  -27.069  -36.749  57.864 0.0000000000
123532  -26.744  -37.137  57.492 0.0000000000
123513  -27.686  -36.760  57.855 0.0000000000
122023  -29.269  -37.052  55.791 0.0000000000
122024  -29.659  -37.269  55.701 0.0000000000
140002  -35.621  -29.314  46.915 0.0000000000
140026  -36.082  -28.907  46.756 0.0000000000
146443  -37.952  -25.898  46.305 0.0000000000
145108  -38.227  -26.354  46.555 0.0000000000
145129  -38.905  -26.132  45.924 0.0000000000
154608  -39.408  -21.112  46.356 0.0000000000
154618  -38.499  -21.378  45.941 0.0000000000
154629  -39.241  -21.293  45.542 0.0000000000
314746  -42.688  -24.208  44.026 0.0000000000
147855  -41.824  -24.547  44.046 0.0000000000
147847  -42.882  -24.531  44.336 0.0000000000
146492  -43.102  -25.304  44.657 0.0000000000
163189  -46.410  -16.982  40.694 0.0000000000
104179  -7.326  -44.991  68.297 0.0000000000
104160  -7.065  -45.532  68.445 0.0000000000
102575  -7.730  -45.482  68.421 0.0000000000
125268  -30.883  -35.743  54.792 0.0000000000
125286  -31.113  -35.814  54.490 0.0000000000
130865  -30.843  -33.316  54.179 0.0000000000
295790  -30.632  -32.706  54.300 0.0000000000
137167  -29.938  -30.186  51.837 0.0000000000
137150  -29.906  -30.208  52.436 0.0000000000
137151  -30.347  -30.437  52.225 0.0000000000
137143  -30.769  -30.630  52.655 0.0000000000
137152  -30.874  -30.601  52.078 0.0000000000
135592  -31.767  -31.097  52.292 0.0000000000
135591  -31.328  -30.845  51.913 0.0000000000
135660  -31.890  -31.302  48.797 0.0000000000
134068  -31.937  -31.855  49.035 0.0000000000
134069  -32.408  -31.800  48.697 0.0000000000
134070  -33.108  -31.967  48.579 0.0000000000
135662  -32.958  -31.418  48.237 0.0000000000
135684  -33.630  -31.261  48.027 0.0000000000
300262  -32.732  -30.835  48.362 0.0000000000
117434  -21.704  -39.583  62.089 0.0000000000
117435  -22.136  -39.549  62.130 0.0000000000
109125  -10.303  -43.005  66.992 0.0000000000
109108  -9.922  -43.295  67.316 0.0000000000
105830  -10.359  -44.371  67.591 0.0000000000
107489  -10.724  -43.928  67.357 0.0000000000
114308  -12.757  -41.169  66.008 0.0000000000
99184  -4.973  -47.261  69.929 0.0000000000
99183  -4.457  -47.309  70.390 0.0000000000
121983  -35.616  -37.013  57.980 0.0000000000
289744  -17.706  -41.690  64.933 0.0000000000
318982  -18.231  -41.948  65.931 0.0000000000
286417  -18.349  -41.740  65.005 0.0000000000
112722  -19.239  -41.586  64.008 0.0000000000
299441  -19.666  -41.642  65.062 0.0000000000
112676  -20.462  -41.574  65.706 0.0000000000
112651  -20.843  -41.506  65.968 0.0000000000
112677  -20.998  -41.359  65.424 0.0000000000
117490  -31.300  -39.281  58.399 0.0000000000
116018  -31.468  -39.693  59.382 0.0000000000
123365  -17.016  -36.591  63.333 0.0000000000
123364  -16.408  -36.707  63.328 0.0000000000
120316  -15.713  -38.218  62.639 0.0000000000
121868  -15.500  -37.818  62.763 0.0000000000
120315  -15.267  -38.114  62.765 0.0000000000
120301  -14.872  -38.305  62.937 0.0000000000
118848  -14.971  -38.970  63.131 0.0000000000
117401  -15.365  -39.458  63.141 0.0000000000
114366  -16.825  -41.015  63.501 0.0000000000
114380  -16.104  -40.783  63.341 0.0000000000
270337  -16.920  -41.455  64.212 0.0000000000
112695  -16.990  -41.668  64.844 0.0000000000
125227  -30.026  -36.377  57.325 0.0000000000
125205  -28.468  -37.054  58.433 0.0000000000
145092  -34.829  -26.411  46.878 0.0000000000
143848  -35.533  -27.139  46.754 0.0000000000
294253  -35.248  -25.980  46.730 0.0000000000
147801  -35.844  -24.955  46.569 0.0000000000
146441  -36.255  -25.443  46.492 0.0000000000
147802  -36.388  -24.858  46.312 0.0000000000
146442  -36.910  -25.312  46.238 0.0000000000
147813  -36.905  -24.655  46.097 0.0000000000
154642  -41.222  -21.253  44.119 0.0000000000
156034  -41.694  -20.952  43.851 0.0000000000
154668  -42.970  -21.426  43.057 0.0000000000
154667  -42.420  -21.614  43.087 0.0000000000
153251  -42.929  -21.955  42.971 0.0000000000
151958  -42.512  -22.689  43.178 0.0000000000
151960  -43.787  -22.523  43.098 0.0000000000
151944  -44.169  -22.848  43.332 0.0000000000
151961  -44.491  -22.403  43.103 0.0000000000
301438  -45.386  -21.152  42.643 0.0000000000
154672  -45.531  -21.615  42.983 0.0000000000
154673  -46.082  -21.600  42.847 0.0000000000
154691  -46.451  -21.451  42.366 0.0000000000
312063  -47.026  -21.572  41.915 0.0000000000
154700  -46.589  -21.228  41.632 0.0000000000
158941  -46.541  -19.330  41.601 0.0000000000
158955  -46.755  -19.676  41.252 0.0000000000
130849  -28.765  -33.007  55.680 0.0000000000
130850  -29.179  -33.271  55.272 0.0000000000
306493  -28.886  -32.967  55.177 0.0000000000
130862  -29.202  -33.095  54.813 0.0000000000
132254  -28.764  -32.696  54.821 0.0000000000
142441  -29.341  -27.618  50.809 0.0000000000
142440  -28.843  -27.587  51.398 0.0000000000
139921  -29.096  -28.664  51.067 0.0000000000
307330  -28.944  -28.995  51.495 0.0000000000
138580  -29.382  -29.265  51.129 0.0000000000
138596  -30.134  -29.949  50.652 0.0000000000
139922  -29.521  -28.786  50.654 0.0000000000
142495  -30.654  -28.079  49.502 0.0000000000
141201  -30.513  -28.626  49.640 0.0000000000
141202  -31.005  -28.544  49.218 0.0000000000
138618  -31.119  -29.770  49.055 0.0000000000
139950  -31.590  -28.725  49.052 0.0000000000
139964  -31.908  -29.064  48.888 0.0000000000
141203  -31.665  -28.251  49.155 0.0000000000
142474  -32.363  -27.082  49.636 0.0000000000
117447  -23.187  -39.530  61.353 0.0000000000
117437  -22.948  -39.728  62.042 0.0000000000
115974  -23.501  -40.014  61.622 0.0000000000
114408  -25.431  -40.557  62.389 0.0000000000
114407  -24.722  -40.913  62.569 0.0000000000
114291  -9.829  -40.734  66.410 0.0000000000
114290  -9.467  -41.194  66.790 0.0000000000
112638  -9.883  -41.457  66.264 0.0000000000
110807  -9.969  -42.107  66.421 0.0000000000
112639  -10.473  -41.703  65.924 0.0000000000
94920  -5.676  -49.409  70.848 0.0000000000
94930  -4.727  -48.997  70.338 0.0000000000
94919  -4.979  -49.462  70.615 0.0000000000
92117  -4.592  -50.905  71.840 0.0000000000
93510  -4.275  -50.417  71.258 0.0000000000
93509  -3.578  -50.226  71.259 0.0000000000
311800  -3.364  -50.608  71.575 0.0000000000
292328  -35.486  -34.270  56.057 0.0000000000
129470  -35.947  -34.000  56.351 0.0000000000
129469  -35.540  -33.665  56.075 0.0000000000
130853  -34.920  -33.502  55.456 0.0000000000
116011  -27.122  -40.010  59.445 0.0000000000
114465  -26.852  -40.024  60.151 0.0000000000
114466  -27.294  -39.811  60.079 0.0000000000
121814  -11.753  -37.569  64.698 0.0000000000
121804  -11.675  -36.997  65.207 0.0000000000
121803  -11.309  -37.538  65.078 0.0000000000
121802  -10.893  -37.648  65.281 0.0000000000
311222  -11.140  -38.028  65.053 0.0000000000
118813  -11.225  -38.986  65.113 0.0000000000
118821  -11.683  -38.983  64.785 0.0000000000
117378  -12.767  -39.749  64.625 0.0000000000
117377  -12.199  -39.503  64.654 0.0000000000
115878  -13.192  -40.472  65.378 0.0000000000
115879  -13.679  -40.511  65.504 0.0000000000
115904  -14.935  -40.219  64.034 0.0000000000
115903  -14.440  -40.084  64.310 0.0000000000
115892  -14.744  -40.445  64.585 0.0000000000
112643  -14.887  -41.433  66.256 0.0000000000
114331  -14.747  -41.053  65.439 0.0000000000
114311  -14.557  -41.112  65.996 0.0000000000
114310  -14.076  -40.915  66.295 0.0000000000
118982  -32.122  -38.941  55.849 0.0000000000
120438  -31.877  -38.249  55.631 0.0000000000
123571  -30.709  -36.627  55.679 0.0000000000
313917  -30.671  -36.004  57.095 0.0000000000
125228  -30.999  -35.734  56.637 0.0000000000
128150  -30.778  -34.735  56.920 0.0000000000
120333  -18.313  -38.173  61.662 0.0000000000
289429  -18.664  -38.552  61.575 0.0000000000
120334  -18.859  -38.083  61.445 0.0000000000
121900  -20.284  -37.233  60.926 0.0000000000
118893  -20.851  -38.668  61.201 0.0000000000
123432  -22.073  -36.698  60.481 0.0000000000
311942  -21.952  -37.331  60.420 0.0000000000
121903  -21.797  -37.678  60.641 0.0000000000
120358  -22.059  -37.966  60.523 0.0000000000
120359  -22.381  -38.267  60.377 0.0000000000
121920  -22.210  -37.622  60.234 0.0000000000
121952  -23.553  -37.436  59.232 0.0000000000
289396  -23.126  -37.804  59.625 0.0000000000
120380  -23.474  -38.134  59.418 0.0000000000
118925  -23.898  -38.623  59.283 0.0000000000
125115  -26.467  -36.180  59.964 0.0000000000
296192  -26.598  -36.222  60.390 0.0000000000
126754  -25.968  -35.710  59.829 0.0000000000
126731  -25.669  -35.515  60.478 0.0000000000
125114  -25.261  -35.857  59.532 0.0000000000
125144  -24.862  -36.221  59.092 0.0000000000
121979  -25.660  -37.514  57.952 0.0000000000
123509  -25.316  -37.198  58.344 0.0000000000
120402  -25.187  -38.088  58.006 0.0000000000
118945  -24.970  -38.614  58.056 0.0000000000
286124  -25.355  -38.504  57.694 0.0000000000
117499  -25.876  -39.588  57.769 0.0000000000
118956  -25.769  -38.547  57.374 0.0000000000
317637  -27.152  -38.355  56.954 0.0000000000
118958  -26.856  -38.650  57.105 0.0000000000
118959  -27.516  -38.623  57.001 0.0000000000
290431  -28.164  -39.180  57.915 0.0000000000
118960  -28.176  -38.859  56.957 0.0000000000
123535  -28.255  -36.792  57.185 0.0000000000
123534  -27.792  -36.925  57.256 0.0000000000
120425  -28.975  -38.143  56.165 0.0000000000
120424  -28.366  -37.867  56.267 0.0000000000
118968  -29.089  -38.874  56.580 0.0000000000
117518  -29.164  -39.271  56.911 0.0000000000
117533  -29.655  -39.067  56.645 0.0000000000
117506  -30.350  -39.184  57.386 0.0000000000
308261  -30.204  -39.023  56.590 0.0000000000
118980  -30.899  -38.400  55.996 0.0000000000
118971  -31.119  -38.915  56.263 0.0000000000
118972  -31.729  -39.084  56.174 0.0000000000
117523  -32.239  -39.062  56.956 0.0000000000
123380  -18.168  -36.612  62.171 0.0000000000
121872  -17.750  -36.997  62.462 0.0000000000
121886  -18.125  -37.195  62.028 0.0000000000
120332  -17.860  -38.208  62.022 0.0000000000
134075  -36.751  -31.966  48.509 0.0000000000
138661  -37.522  -29.802  47.625 0.0000000000
137235  -37.546  -30.596  48.152 0.0000000000
142574  -36.647  -27.803  46.507 0.0000000000
142575  -37.270  -27.491  46.560 0.0000000000
154588  -36.624  -21.165  48.149 0.0000000000
314272  -35.907  -22.101  47.280 0.0000000000
153174  -36.414  -21.859  47.106 0.0000000000
151905  -37.800  -22.978  45.226 0.0000000000
151893  -37.206  -22.990  45.610 0.0000000000
150582  -38.084  -23.564  45.204 0.0000000000
149221  -37.892  -24.085  45.428 0.0000000000
149222  -38.346  -24.111  45.169 0.0000000000
153230  -40.327  -22.380  44.065 0.0000000000
153213  -39.807  -22.356  44.469 0.0000000000
151924  -40.030  -22.919  44.219 0.0000000000
147844  -40.708  -25.337  44.075 0.0000000000
149235  -39.894  -24.108  44.265 0.0000000000
146487  -39.758  -25.226  44.507 0.0000000000
147831  -39.196  -25.003  44.718 0.0000000000
146475  -39.915  -25.879  44.530 0.0000000000
145143  -39.716  -26.235  45.066 0.0000000000
145145  -40.761  -26.249  44.946 0.0000000000
145134  -42.372  -26.276  45.922 0.0000000000
150601  -45.746  -23.302  44.347 0.0000000000
154721  -48.063  -21.611  40.528 0.0000000000
157492  -48.600  -19.819  39.815 0.0000000000
156108  -49.327  -20.336  39.735 0.0000000000
160335  -48.803  -18.767  39.302 0.0000000000
278324  -45.485  -16.103  39.352 0.0000000000
163214  -46.204  -16.803  39.199 0.0000000000
165942  -45.444  -15.881  38.841 0.0000000000
165951  -45.300  -15.470  38.475 0.0000000000
100882  -6.362  -46.065  68.897 0.0000000000
102553  -6.010  -45.676  69.070 0.0000000000
100866  -5.947  -46.253  69.157 0.0000000000
295329  -5.915  -46.804  69.236 0.0000000000
99199  -6.115  -47.285  69.279 0.0000000000
100867  -8.411  -46.729  69.397 0.0000000000
99202  -8.041  -47.224  69.661 0.0000000000
97679  -7.611  -48.116  70.474 0.0000000000
97685  -7.190  -47.894  69.876 0.0000000000
285929  -7.057  -48.217  70.229 0.0000000000
96309  -6.609  -48.127  69.815 0.0000000000
96301  -6.655  -48.493  70.276 0.0000000000
278118  -6.246  -48.736  70.312 0.0000000000
96294  -6.625  -48.830  70.832 0.0000000000
96273  -6.838  -49.041  72.458 0.0000000000
120449  -32.864  -37.921  55.402 0.0000000000
304687  -33.421  -37.970  55.553 0.0000000000
122043  -32.673  -37.430  55.077 0.0000000000
125287  -31.772  -35.869  54.340 0.0000000000
123607  -32.834  -36.529  54.556 0.0000000000
125289  -33.071  -36.006  54.360 0.0000000000
123592  -33.870  -36.489  54.981 0.0000000000
128169  -30.469  -34.420  54.617 0.0000000000
128178  -30.560  -35.016  54.339 0.0000000000
292208  -30.765  -34.506  54.249 0.0000000000
129508  -31.966  -34.304  53.770 0.0000000000
285823  -31.321  -34.413  53.997 0.0000000000
318068  -33.142  -34.947  54.123 0.0000000000
128181  -33.317  -34.507  54.142 0.0000000000
128182  -33.930  -34.549  54.457 0.0000000000
289528  -32.915  -33.221  53.952 0.0000000000
294958  -32.712  -32.334  54.249 0.0000000000
130868  -33.271  -32.444  54.449 0.0000000000
137125  -27.788  -30.682  54.580 0.0000000000
311254  -27.630  -30.841  55.098 0.0000000000
135560  -27.997  -31.200  54.370 0.0000000000
133937  -28.151  -31.756  54.463 0.0000000000
133953  -28.311  -31.358  53.980 0.0000000000
139869  -27.986  -28.614  53.115 0.0000000000
139863  -27.953  -29.107  53.419 0.0000000000
288635  -28.317  -29.199  52.938 0.0000000000
303518  -29.360  -30.667  53.054 0.0000000000
137133  -28.879  -30.716  53.246 0.0000000000
135568  -29.344  -31.107  53.393 0.0000000000
133972  -29.797  -31.496  53.878 0.0000000000
133956  -30.814  -31.763  54.051 0.0000000000
133973  -30.480  -31.420  53.882 0.0000000000
133975  -31.949  -31.169  54.125 0.0000000000
133959  -32.784  -31.183  54.235 0.0000000000
133997  -32.622  -31.554  52.444 0.0000000000
137181  -30.888  -30.790  50.804 0.0000000000
135606  -31.287  -31.176  51.236 0.0000000000
135618  -31.270  -31.249  50.542 0.0000000000
290194  -32.847  -32.446  50.172 0.0000000000
272245  -32.805  -32.398  50.784 0.0000000000
132338  -33.294  -32.387  51.128 0.0000000000
130929  -34.829  -32.938  49.818 0.0000000000
130920  -35.462  -33.132  50.558 0.0000000000
130931  -35.883  -33.185  50.082 0.0000000000
132359  -35.654  -33.022  49.615 0.0000000000
267962  -36.249  -32.865  49.584 0.0000000000
132375  -35.734  -32.648  49.136 0.0000000000
283698  -33.902  -30.732  47.793 0.0000000000
135686  -34.968  -31.235  47.745 0.0000000000
137253  -34.463  -30.720  47.563 0.0000000000
137273  -34.730  -30.100  47.374 0.0000000000
137272  -34.393  -29.782  47.379 0.0000000000
141219  -32.743  -28.503  48.872 0.0000000000
139966  -33.270  -28.654  48.613 0.0000000000
141231  -33.969  -28.163  48.213 0.0000000000
141232  -34.392  -28.143  47.653 0.0000000000
142544  -34.458  -27.525  47.420 0.0000000000
314526  -34.223  -27.102  47.746 0.0000000000
145070  -34.429  -25.838  48.549 0.0000000000
115959  -19.532  -40.233  62.121 0.0000000000
115960  -20.294  -40.250  62.207 0.0000000000
115922  -21.724  -40.505  63.538 0.0000000000
114386  -21.275  -40.645  63.551 0.0000000000
271166  -21.909  -40.822  64.326 0.0000000000
114332  -21.997  -41.067  65.262 0.0000000000
308209  -22.520  -40.965  65.603 0.0000000000
114388  -23.304  -40.886  63.770 0.0000000000
115908  -22.780  -40.750  63.739 0.0000000000
114372  -23.237  -40.927  64.362 0.0000000000
112777  -26.785  -40.579  62.273 0.0000000000
107465  -7.378  -43.704  68.151 0.0000000000
112587  -8.769  -41.849  67.646 0.0000000000
110764  -8.378  -42.072  68.142 0.0000000000
110783  -8.622  -42.404  67.661 0.0000000000
107487  -9.434  -43.714  67.563 0.0000000000
107486  -8.708  -43.523  67.702 0.0000000000
105828  -8.933  -44.091  67.859 0.0000000000
105811  -8.536  -44.363  68.102 0.0000000000
104181  -8.973  -44.818  67.991 0.0000000000
102577  -8.986  -45.436  68.320 0.0000000000
104182  -9.468  -45.152  68.107 0.0000000000
115876  -11.536  -39.962  64.882 0.0000000000
115875  -10.962  -39.879  65.164 0.0000000000
274030  -11.329  -40.409  65.040 0.0000000000
110854  -11.874  -41.920  65.714 0.0000000000
112667  -11.537  -41.338  65.493 0.0000000000
295475  -11.824  -42.417  66.072 0.0000000000
110833  -11.312  -42.346  65.979 0.0000000000
300033  -46.702  -13.882  35.597 0.0000000000
90662  -2.329  -51.830  72.889 0.0000000000
90663  -3.074  -51.781  72.965 0.0000000000
92104  -2.569  -51.220  72.085 0.0000000000
92114  -2.527  -50.696  71.787 0.0000000000
92113  -2.347  -50.704  71.786 0.0000000000
112737  -17.238  -41.230  63.171 0.0000000000
112696  -18.105  -41.671  64.412 0.0000000000
112760  -17.792  -41.362  62.845 0.0000000000
112740  -18.864  -41.603  63.489 0.0000000000
114384  -19.376  -41.358  63.481 0.0000000000
117492  -32.572  -38.993  58.300 0.0000000000
274527  -17.285  -37.486  62.635 0.0000000000
121870  -16.614  -37.664  62.685 0.0000000000
120317  -16.346  -38.339  62.505 0.0000000000
118862  -16.402  -39.073  62.588 0.0000000000
117411  -15.916  -39.408  62.843 0.0000000000
117412  -16.482  -39.705  62.673 0.0000000000
115920  -16.639  -40.605  62.923 0.0000000000
313854  -30.335  -37.082  57.740 0.0000000000
146427  -34.687  -25.463  47.567 0.0000000000
146428  -35.080  -25.458  47.041 0.0000000000
149186  -35.190  -24.472  47.183 0.0000000000
149195  -35.616  -24.390  46.715 0.0000000000
149187  -35.813  -23.839  46.645 0.0000000000
156035  -42.220  -20.661  43.699 0.0000000000
156036  -42.827  -20.416  43.554 0.0000000000
156045  -43.295  -20.879  43.116 0.0000000000
154687  -43.880  -20.978  42.776 0.0000000000
154670  -44.197  -21.416  42.861 0.0000000000
154688  -44.444  -20.889  42.619 0.0000000000
154689  -45.098  -20.818  42.482 0.0000000000
156057  -45.514  -20.699  42.215 0.0000000000
156069  -45.852  -20.467  41.644 0.0000000000
157454  -45.198  -19.624  41.737 0.0000000000
158940  -45.855  -19.427  41.631 0.0000000000
130826  -29.457  -33.447  56.288 0.0000000000
130825  -28.788  -33.033  56.336 0.0000000000
132242  -28.343  -32.661  55.983 0.0000000000
141181  -29.708  -28.372  50.336 0.0000000000
314752  -30.091  -27.252  50.110 0.0000000000
142471  -30.366  -27.673  49.865 0.0000000000
142472  -31.002  -27.492  49.557 0.0000000000
314179  -31.399  -27.619  49.406 0.0000000000
143724  -31.247  -26.901  49.769 0.0000000000
117455  -24.005  -39.553  60.589 0.0000000000
115975  -24.043  -40.255  61.352 0.0000000000
114434  -24.646  -40.378  61.138 0.0000000000
114435  -25.005  -40.527  61.420 0.0000000000
112775  -26.019  -40.396  62.244 0.0000000000
164589  -47.016  -16.572  37.882 0.0000000000
164607  -47.135  -16.462  37.288 0.0000000000
93512  -5.793  -50.214  71.745 0.0000000000
92118  -5.547  -50.692  72.065 0.0000000000
92105  -5.093  -51.006  72.402 0.0000000000
90679  -4.458  -51.281  72.415 0.0000000000
126800  -36.217  -35.047  56.658 0.0000000000
128163  -35.116  -34.510  55.718 0.0000000000
114500  -28.196  -39.687  59.262 0.0000000000
114467  -28.098  -39.760  59.943 0.0000000000
114468  -28.685  -39.690  59.930 0.0000000000
271109  -29.121  -39.716  60.218 0.0000000000
114440  -29.885  -40.511  61.462 0.0000000000
123345  -14.533  -36.715  63.468 0.0000000000
275872  -13.950  -36.302  63.671 0.0000000000
125009  -13.502  -36.148  64.127 0.0000000000
124986  -13.035  -36.104  64.727 0.0000000000
123328  -12.674  -36.711  64.671 0.0000000000
121815  -12.378  -37.342  64.521 0.0000000000
120275  -11.759  -38.246  64.465 0.0000000000
118822  -11.973  -38.866  64.523 0.0000000000
315097  -12.970  -39.389  64.240 0.0000000000
117379  -13.316  -39.910  64.539 0.0000000000
112693  -15.764  -41.404  64.718 0.0000000000
114347  -15.087  -40.954  64.783 0.0000000000
112670  -15.672  -41.603  65.359 0.0000000000
112644  -15.605  -41.740  65.969 0.0000000000
120436  -30.612  -37.831  55.709 0.0000000000
122026  -31.080  -37.500  55.544 0.0000000000
123394  -18.608  -36.964  61.792 0.0000000000
121887  -19.068  -37.414  61.373 0.0000000000
123395  -19.191  -36.731  61.543 0.0000000000
123409  -19.724  -36.870  61.137 0.0000000000
123410  -20.301  -36.578  61.042 0.0000000000
126725  -22.135  -35.590  61.062 0.0000000000
126726  -22.384  -35.668  61.060 0.0000000000
123433  -22.472  -36.473  60.406 0.0000000000
311532  -22.412  -37.299  59.913 0.0000000000
121935  -22.709  -36.834  59.941 0.0000000000
123453  -23.410  -36.824  59.579 0.0000000000
123472  -24.019  -36.700  58.978 0.0000000000
125146  -27.197  -36.974  59.300 0.0000000000
304494  -26.793  -36.593  59.545 0.0000000000
273414  -26.293  -36.296  59.582 0.0000000000
125174  -25.951  -36.664  59.081 0.0000000000
123491  -26.228  -36.993  58.650 0.0000000000
123510  -25.907  -37.149  58.188 0.0000000000
121980  -26.213  -37.293  57.695 0.0000000000
120404  -25.994  -37.893  57.520 0.0000000000
121992  -26.512  -37.673  57.267 0.0000000000
121993  -27.031  -37.515  57.079 0.0000000000
303411  -28.393  -36.873  56.315 0.0000000000
122009  -28.685  -37.080  55.790 0.0000000000
120426  -29.584  -38.081  55.964 0.0000000000
118969  -29.959  -38.646  56.356 0.0000000000
120435  -29.886  -37.629  55.729 0.0000000000
293069  -36.180  -30.758  47.798 0.0000000000
135689  -36.550  -31.065  47.958 0.0000000000
137255  -36.607  -30.428  47.785 0.0000000000
138659  -36.451  -29.912  47.440 0.0000000000
138683  -37.069  -29.501  47.198 0.0000000000
145106  -37.193  -26.404  46.493 0.0000000000
143851  -37.592  -26.921  46.552 0.0000000000
154598  -37.948  -20.907  46.922 0.0000000000
280951  -37.193  -21.895  46.437 0.0000000000
153185  -37.992  -21.560  46.167 0.0000000000
153191  -38.164  -21.880  45.727 0.0000000000
288263  -38.622  -22.972  44.973 0.0000000000
295625  -41.188  -23.200  43.663 0.0000000000
150614  -40.787  -23.626  43.798 0.0000000000
149248  -41.503  -24.110  43.784 0.0000000000
147854  -41.233  -24.723  43.878 0.0000000000
291050  -41.304  -25.570  44.311 0.0000000000
146476  -41.326  -26.075  44.731 0.0000000000
287666  -42.187  -25.836  44.966 0.0000000000
146460  -43.262  -25.708  45.221 0.0000000000
157483  -47.740  -19.876  40.591 0.0000000000
297970  -48.005  -20.404  40.437 0.0000000000
158966  -48.045  -19.389  40.477 0.0000000000
160327  -48.484  -19.005  40.270 0.0000000000
160328  -48.591  -18.941  39.810 0.0000000000
161763  -47.835  -17.970  39.728 0.0000000000
161755  -46.874  -17.554  39.936 0.0000000000
163196  -46.084  -16.768  40.143 0.0000000000
104159  -6.620  -44.933  68.547 0.0000000000
100883  -6.907  -46.132  68.779 0.0000000000
96295  -7.168  -48.643  71.311 0.0000000000
123589  -31.898  -36.715  54.968 0.0000000000
123590  -32.449  -36.910  54.842 0.0000000000
125270  -31.597  -36.211  54.730 0.0000000000
126831  -31.317  -35.402  54.155 0.0000000000
129497  -30.604  -33.902  54.365 0.0000000000
129499  -31.609  -33.797  53.849 0.0000000000
287745  -32.236  -33.620  53.915 0.0000000000
130866  -31.800  -33.097  53.943 0.0000000000
138538  -27.747  -29.612  54.299 0.0000000000
139878  -28.802  -29.299  52.486 0.0000000000
138551  -28.692  -29.751  52.850 0.0000000000
321335  -29.534  -30.023  52.594 0.0000000000
137141  -29.703  -30.363  52.784 0.0000000000
135579  -29.855  -30.782  53.073 0.0000000000
135570  -30.689  -31.067  53.554 0.0000000000
135580  -30.480  -30.792  53.137 0.0000000000
270371  -31.143  -30.906  53.181 0.0000000000
135582  -31.837  -31.086  53.003 0.0000000000
135593  -32.170  -31.293  52.579 0.0000000000
135608  -32.116  -31.411  51.902 0.0000000000
135631  -31.342  -31.134  49.824 0.0000000000
135632  -31.624  -31.626  50.137 0.0000000000
135645  -31.638  -31.507  49.408 0.0000000000
132354  -32.293  -32.359  49.890 0.0000000000
273143  -33.378  -32.616  49.845 0.0000000000
132357  -33.877  -32.749  50.225 0.0000000000
132373  -33.911  -32.777  49.596 0.0000000000
132387  -34.059  -32.555  49.049 0.0000000000
287308  -34.235  -32.408  48.582 0.0000000000
134072  -34.658  -32.393  48.359 0.0000000000
134089  -34.143  -31.984  48.229 0.0000000000
137251  -33.692  -30.110  47.920 0.0000000000
141205  -32.950  -27.970  49.062 0.0000000000
142513  -33.466  -27.856  48.976 0.0000000000
142514  -33.852  -27.668  48.697 0.0000000000
143809  -34.096  -27.039  48.365 0.0000000000
118878  -20.663  -39.251  61.496 0.0000000000
298121  -20.492  -39.754  61.836 0.0000000000
117433  -21.117  -39.641  61.954 0.0000000000
117416  -21.433  -40.010  62.581 0.0000000000
115923  -22.047  -40.468  63.530 0.0000000000
281118  -9.005  -42.638  67.457 0.0000000000
105829  -9.682  -44.308  67.576 0.0000000000
300852  -9.756  -44.984  67.995 0.0000000000
114326  -11.791  -40.901  65.221 0.0000000000
112640  -12.495  -41.516  66.166 0.0000000000
123517  -35.904  -36.432  57.665 0.0000000000
125229  -35.098  -36.214  56.666 0.0000000000
110815  -18.117  -41.886  67.201 0.0000000000
112619  -18.538  -41.822  67.010 0.0000000000
268706  -19.103  -41.736  67.088 0.0000000000
268969  -19.686  -41.635  67.358 0.0000000000
296456  -18.991  -41.698  65.073 0.0000000000
112675  -19.284  -41.665  65.679 0.0000000000
116033  -30.120  -39.439  58.569 0.0000000000
116000  -30.385  -39.677  59.816 0.0000000000
123346  -15.225  -36.515  63.564 0.0000000000
121850  -16.193  -37.220  62.953 0.0000000000
121849  -15.576  -37.361  62.931 0.0000000000
123362  -15.066  -37.042  63.173 0.0000000000
123361  -14.451  -37.324  63.229 0.0000000000
120300  -14.402  -37.986  63.208 0.0000000000
118846  -13.918  -38.397  63.537 0.0000000000
118836  -13.883  -39.076  63.597 0.0000000000
117399  -14.435  -39.305  63.505 0.0000000000
117391  -14.655  -39.841  63.757 0.0000000000
115905  -15.397  -40.347  63.788 0.0000000000
115918  -15.855  -40.323  63.371 0.0000000000
114365  -15.760  -40.687  63.785 0.0000000000
114348  -15.665  -41.031  64.207 0.0000000000
292984  -16.306  -41.637  65.071 0.0000000000
112646  -17.057  -41.945  65.924 0.0000000000
276608  -28.133  -37.241  58.988 0.0000000000
125177  -28.181  -37.031  58.851 0.0000000000
125204  -28.015  -36.869  58.411 0.0000000000
123515  -28.679  -36.886  57.862 0.0000000000
315799  -35.075  -27.867  46.766 0.0000000000
141273  -35.796  -28.345  46.578 0.0000000000
142572  -35.534  -27.758  46.635 0.0000000000
143849  -36.109  -27.427  46.594 0.0000000000
145105  -36.053  -26.813  46.515 0.0000000000
146440  -35.670  -25.509  46.654 0.0000000000
288609  -36.024  -26.085  46.559 0.0000000000
306536  -36.623  -26.556  46.454 0.0000000000
146457  -37.575  -25.464  46.156 0.0000000000
153201  -39.734  -21.745  44.905 0.0000000000
154640  -40.190  -21.427  44.747 0.0000000000
309488  -40.586  -21.958  44.049 0.0000000000
153231  -40.835  -22.288  43.805 0.0000000000
154653  -41.985  -21.239  43.323 0.0000000000
154666  -41.873  -21.799  43.232 0.0000000000
151941  -41.234  -22.608  43.664 0.0000000000
151942  -42.229  -23.005  43.512 0.0000000000
150628  -42.832  -23.105  43.460 0.0000000000
149250  -43.802  -23.750  43.924 0.0000000000
311727  -44.113  -24.214  44.297 0.0000000000
149251  -44.248  -23.570  43.990 0.0000000000
151945  -44.762  -22.782  43.582 0.0000000000
150621  -45.671  -22.669  44.149 0.0000000000
153254  -44.996  -21.899  43.154 0.0000000000
297577  -45.420  -22.017  43.471 0.0000000000
151947  -45.961  -22.244  43.923 0.0000000000
153278  -47.488  -21.806  41.390 0.0000000000
301190  -47.222  -21.220  40.880 0.0000000000
156081  -46.293  -20.181  41.209 0.0000000000
157470  -46.938  -20.087  40.943 0.0000000000
157471  -47.410  -19.997  40.819 0.0000000000
158957  -47.751  -19.456  40.970 0.0000000000
102556  -8.113  -45.884  68.722 0.0000000000
288007  -8.470  -46.195  69.131 0.0000000000
317172  -8.795  -46.377  69.525 0.0000000000
128162  -30.601  -34.785  55.470 0.0000000000
294139  -30.520  -34.869  54.804 0.0000000000
130838  -29.607  -33.506  55.612 0.0000000000
317654  -30.030  -33.410  54.733 0.0000000000
130863  -29.681  -33.130  54.568 0.0000000000
142413  -28.237  -27.713  52.902 0.0000000000
141122  -28.240  -28.242  52.724 0.0000000000
142426  -28.470  -27.314  51.943 0.0000000000
319766  -28.512  -27.889  51.863 0.0000000000
139896  -28.658  -28.937  51.997 0.0000000000
138564  -29.060  -29.483  51.829 0.0000000000
138581  -29.604  -29.784  51.518 0.0000000000
138582  -30.009  -30.121  51.239 0.0000000000
137192  -30.565  -30.308  50.376 0.0000000000
139938  -30.183  -29.011  49.964 0.0000000000
138603  -30.329  -29.699  49.976 0.0000000000
137210  -30.708  -30.221  49.715 0.0000000000
296273  -30.952  -30.115  49.288 0.0000000000
137230  -31.306  -30.142  48.884 0.0000000000
287585  -31.831  -30.120  48.685 0.0000000000
296050  -32.358  -30.059  48.575 0.0000000000
138636  -32.250  -29.545  48.722 0.0000000000
289219  -32.394  -28.968  48.817 0.0000000000
142497  -31.735  -27.767  49.304 0.0000000000
141204  -32.303  -27.986  49.109 0.0000000000
142476  -33.820  -27.390  49.741 0.0000000000
118881  -22.267  -39.164  61.651 0.0000000000
117436  -22.458  -39.531  62.129 0.0000000000
115947  -23.051  -40.101  62.722 0.0000000000
114405  -23.456  -40.639  63.142 0.0000000000
115963  -23.818  -40.476  61.863 0.0000000000
114406  -24.078  -40.940  62.840 0.0000000000
112588  -9.170  -41.613  67.159 0.0000000000
115856  -9.348  -40.622  66.949 0.0000000000
110806  -9.489  -42.074  66.907 0.0000000000
109126  -10.899  -43.054  66.711 0.0000000000
315787  -13.864  -41.232  67.025 0.0000000000
96299  -5.190  -48.455  70.121 0.0000000000
97677  -4.560  -48.423  70.341 0.0000000000
96293  -4.123  -48.886  70.522 0.0000000000
94917  -3.724  -49.261  70.903 0.0000000000
93520  -4.678  -49.942  71.005 0.0000000000
93519  -3.957  -49.831  70.986 0.0000000000
94907  -3.209  -49.078  71.238 0.0000000000
94906  -3.055  -49.167  71.321 0.0000000000
155939  -37.575  -20.777  48.640 0.0000000000
155980  -38.302  -20.747  47.292 0.0000000000
155996  -39.201  -21.044  46.891 0.0000000000
154609  -39.894  -21.158  46.359 0.0000000000
130839  -34.993  -32.644  55.836 0.0000000000
114481  -26.221  -40.471  59.521 0.0000000000
114450  -26.391  -40.351  60.573 0.0000000000
295719  -26.686  -40.159  60.150 0.0000000000
114451  -26.908  -40.236  60.619 0.0000000000
114470  -30.098  -39.770  60.316 0.0000000000
123306  -10.743  -36.722  66.090 0.0000000000
120261  -10.508  -37.825  65.493 0.0000000000
118812  -10.454  -38.316  65.514 0.0000000000
118806  -10.586  -38.794  65.434 0.0000000000
117367  -11.231  -39.503  65.029 0.0000000000
115887  -12.034  -40.137  64.857 0.0000000000
115877  -12.609  -40.521  65.150 0.0000000000
114328  -13.034  -40.956  65.782 0.0000000000
114309  -13.578  -40.854  66.208 0.0000000000
117380  -13.926  -39.968  64.469 0.0000000000
115890  -13.905  -40.272  64.918 0.0000000000
114346  -14.500  -40.703  65.139 0.0000000000
115880  -14.080  -40.510  65.386 0.0000000000
297697  -13.880  -40.701  65.871 0.0000000000
114293  -13.710  -41.012  66.708 0.0000000000
169882  -45.956  -13.985  36.466 0.0000000000
314650  -33.115  -38.642  57.498 0.0000000000
118962  -33.456  -38.311  57.546 0.0000000000
118974  -33.015  -38.593  56.174 0.0000000000
122028  -32.272  -37.797  55.415 0.0000000000
309083  -31.554  -37.070  55.368 0.0000000000
122041  -31.444  -36.510  55.157 0.0000000000
126798  -31.092  -35.311  56.857 0.0000000000
126812  -30.924  -35.291  55.809 0.0000000000
129460  -29.819  -33.786  56.933 0.0000000000
129461  -30.436  -34.151  57.262 0.0000000000
117430  -17.770  -39.396  62.098 0.0000000000
289436  -18.468  -39.469  61.991 0.0000000000
118876  -18.866  -39.058  61.726 0.0000000000
118877  -19.518  -39.264  61.510 0.0000000000
120345  -19.542  -38.078  61.260 0.0000000000
118892  -20.032  -38.787  61.291 0.0000000000
118894  -21.498  -38.638  61.164 0.0000000000
125067  -20.357  -35.877  61.214 0.0000000000
123411  -20.849  -36.216  60.862 0.0000000000
121901  -20.851  -36.952  60.747 0.0000000000
123431  -21.820  -36.128  60.670 0.0000000000
123412  -21.364  -36.597  60.685 0.0000000000
121902  -21.374  -37.430  60.729 0.0000000000
120348  -21.641  -38.129  60.859 0.0000000000
313086  -21.984  -38.715  61.065 0.0000000000
118895  -22.435  -38.956  61.117 0.0000000000
118903  -22.628  -38.747  60.686 0.0000000000
118904  -23.056  -38.842  60.653 0.0000000000
120369  -22.629  -37.857  59.959 0.0000000000
120370  -23.134  -38.260  59.883 0.0000000000
117463  -23.741  -39.205  60.291 0.0000000000
117464  -24.220  -39.360  60.085 0.0000000000
117477  -24.345  -39.119  59.548 0.0000000000
117478  -24.746  -39.318  59.153 0.0000000000
126752  -24.354  -35.578  60.020 0.0000000000
125113  -24.624  -35.859  59.532 0.0000000000
125143  -24.275  -36.140  59.178 0.0000000000
121953  -24.082  -37.325  58.596 0.0000000000
123473  -24.880  -36.776  58.582 0.0000000000
319003  -24.726  -37.101  58.254 0.0000000000
120392  -24.321  -37.925  58.505 0.0000000000
284940  -24.576  -38.406  58.415 0.0000000000
118936  -24.689  -38.920  58.568 0.0000000000
117488  -25.078  -39.549  58.650 0.0000000000
116009  -26.035  -40.222  58.997 0.0000000000
116027  -26.407  -40.027  58.661 0.0000000000
116028  -26.961  -39.889  58.931 0.0000000000
118957  -26.293  -38.794  57.288 0.0000000000
117501  -27.158  -39.352  58.007 0.0000000000
116029  -27.706  -39.661  58.755 0.0000000000
116030  -28.197  -39.618  58.929 0.0000000000
116047  -28.473  -39.445  58.343 0.0000000000
116048  -29.005  -39.572  58.121 0.0000000000
121994  -27.542  -37.368  56.889 0.0000000000
120423  -27.920  -37.623  56.499 0.0000000000
122008  -28.268  -37.262  56.044 0.0000000000
120416  -27.990  -38.270  56.681 0.0000000000
118961  -28.689  -39.159  56.861 0.0000000000
270551  -28.810  -39.413  57.168 0.0000000000
116049  -29.578  -39.527  58.099 0.0000000000
116050  -30.238  -39.325  57.880 0.0000000000
288727  -30.736  -39.257  57.579 0.0000000000
117507  -31.208  -39.214  57.683 0.0000000000
312108  -30.675  -39.109  56.609 0.0000000000
117521  -31.279  -39.168  57.103 0.0000000000
117522  -31.766  -39.174  57.328 0.0000000000
117509  -32.301  -39.109  57.681 0.0000000000
117510  -32.863  -38.886  57.835 0.0000000000
121852  -17.358  -36.834  62.895 0.0000000000
120319  -17.528  -38.045  62.417 0.0000000000
135665  -37.588  -31.149  48.418 0.0000000000
141274  -36.437  -28.376  46.570 0.0000000000
140003  -36.765  -28.894  46.852 0.0000000000
276865  -37.478  -28.890  47.034 0.0000000000
142546  -37.875  -27.909  46.834 0.0000000000
153165  -35.487  -22.166  47.741 0.0000000000
150555  -35.855  -22.900  46.863 0.0000000000
150556  -36.154  -23.239  46.485 0.0000000000
151884  -37.082  -22.381  46.015 0.0000000000
150566  -36.723  -23.193  45.994 0.0000000000
308544  -36.891  -24.147  45.991 0.0000000000
149209  -37.247  -24.349  45.865 0.0000000000
147815  -37.837  -25.049  45.786 0.0000000000
146472  -38.305  -25.302  45.370 0.0000000000
151908  -39.280  -22.292  44.746 0.0000000000
151907  -38.984  -22.919  44.700 0.0000000000
150596  -38.851  -23.467  44.784 0.0000000000
150613  -40.254  -23.528  44.047 0.0000000000
149234  -39.249  -23.911  44.530 0.0000000000
149223  -38.766  -24.041  44.866 0.0000000000
147830  -38.630  -24.732  44.978 0.0000000000
146473  -38.829  -25.457  45.035 0.0000000000
146459  -38.502  -25.877  45.435 0.0000000000
276543  -39.887  -26.454  45.690 0.0000000000
282535  -41.320  -26.282  45.388 0.0000000000
161775  -48.672  -17.819  38.696 0.0000000000
311006  -47.634  -17.727  39.200 0.0000000000
163216  -47.132  -17.251  38.951 0.0000000000
163228  -46.817  -16.790  38.443 0.0000000000
164587  -45.951  -16.262  37.959 0.0000000000
165962  -45.329  -15.328  37.928 0.0000000000
168582  -45.335  -14.011  37.919 0.0000000000
169855  -45.358  -13.839  38.363 0.0000000000
318251  -5.227  -46.068  69.782 0.0000000000
99198  -5.545  -47.130  69.549 0.0000000000
97683  -5.427  -47.807  69.766 0.0000000000
100884  -7.459  -46.417  68.866 0.0000000000
99215  -7.082  -46.808  68.927 0.0000000000
99185  -7.773  -47.673  70.038 0.0000000000
99201  -7.320  -47.374  69.392 0.0000000000
312308  -6.684  -47.175  69.114 0.0000000000
97684  -6.014  -47.887  69.596 0.0000000000
96307  -5.671  -48.283  69.820 0.0000000000
96300  -5.748  -48.678  70.149 0.0000000000
94932  -5.992  -49.006  70.593 0.0000000000
93522  -6.012  -49.676  71.447 0.0000000000
96283  -6.725  -48.979  71.508 0.0000000000
94908  -6.453  -49.399  71.723 0.0000000000
94891  -6.261  -49.884  71.990 0.0000000000
120417  -33.783  -38.045  57.151 0.0000000000
270787  -32.918  -37.113  54.762 0.0000000000
122045  -33.766  -37.104  55.207 0.0000000000
123593  -34.314  -36.296  55.458 0.0000000000
125255  -34.545  -35.789  55.549 0.0000000000
283396  -31.623  -34.886  53.897 0.0000000000
126832  -32.152  -35.309  54.026 0.0000000000
295369  -32.972  -35.433  54.172 0.0000000000
126820  -33.943  -35.512  54.690 0.0000000000
126821  -34.403  -35.267  55.119 0.0000000000
128171  -34.439  -34.549  54.887 0.0000000000
129503  -34.213  -34.034  54.614 0.0000000000
129501  -33.234  -33.832  54.119 0.0000000000
130870  -34.248  -33.226  54.577 0.0000000000
132275  -34.284  -32.436  55.020 0.0000000000
133925  -28.102  -32.216  55.564 0.0000000000
137115  -27.623  -30.626  55.644 0.0000000000
135539  -27.674  -31.251  55.376 0.0000000000
133938  -28.256  -32.285  54.923 0.0000000000
132268  -28.639  -32.281  54.398 0.0000000000
132270  -29.850  -32.391  54.428 0.0000000000
138543  -27.876  -29.597  53.719 0.0000000000
137131  -27.847  -30.232  54.006 0.0000000000
137139  -28.551  -30.191  53.202 0.0000000000
137132  -28.340  -30.648  53.592 0.0000000000
314139  -28.369  -31.075  53.742 0.0000000000
133971  -29.033  -31.539  53.726 0.0000000000
133954  -29.373  -31.970  54.239 0.0000000000
132271  -30.446  -32.233  54.314 0.0000000000
310266  -31.021  -32.114  54.175 0.0000000000
315145  -31.579  -31.960  54.125 0.0000000000
133974  -31.081  -31.334  53.743 0.0000000000
277047  -32.676  -31.585  54.356 0.0000000000
133960  -33.230  -31.241  54.645 0.0000000000
132256  -33.982  -31.538  55.348 0.0000000000
135584  -32.961  -31.076  53.529 0.0000000000
137169  -30.862  -30.707  51.441 0.0000000000
135607  -31.770  -31.388  51.378 0.0000000000
134008  -32.541  -31.802  51.664 0.0000000000
316464  -32.049  -31.821  50.861 0.0000000000
134022  -32.382  -32.081  50.975 0.0000000000
134053  -36.356  -32.377  48.960 0.0000000000
134074  -36.171  -32.066  48.346 0.0000000000
134073  -35.279  -32.218  48.260 0.0000000000
134091  -35.396  -31.751  48.032 0.0000000000
135687  -35.612  -31.353  47.886 0.0000000000
137274  -35.414  -30.213  47.455 0.0000000000
138682  -35.180  -29.689  47.086 0.0000000000
140001  -35.064  -29.222  46.799 0.0000000000
138637  -32.694  -29.755  48.528 0.0000000000
305823  -33.161  -29.789  48.265 0.0000000000
138657  -33.616  -29.581  48.033 0.0000000000
139967  -33.721  -28.673  48.286 0.0000000000
139982  -33.858  -29.179  47.917 0.0000000000
288287  -34.333  -29.249  47.418 0.0000000000
141247  -34.524  -28.674  47.195 0.0000000000
140024  -34.909  -28.692  46.819 0.0000000000
143828  -34.511  -26.873  47.249 0.0000000000
145091  -34.483  -26.340  47.352 0.0000000000
145081  -34.419  -25.982  47.843 0.0000000000
147778  -34.655  -24.916  48.275 0.0000000000
149164  -34.593  -24.055  48.550 0.0000000000
115958  -18.773  -40.046  62.207 0.0000000000
114404  -19.465  -40.900  63.001 0.0000000000
284288  -19.984  -41.021  63.489 0.0000000000
280955  -20.432  -40.463  62.732 0.0000000000
270635  -20.625  -40.814  63.503 0.0000000000
114349  -20.774  -41.051  64.526 0.0000000000
304655  -21.473  -41.139  65.190 0.0000000000
117418  -22.304  -39.807  62.631 0.0000000000
115924  -22.377  -40.418  63.502 0.0000000000
115907  -22.317  -40.703  63.905 0.0000000000
114335  -23.733  -41.430  65.071 0.0000000000
114334  -23.130  -41.215  65.113 0.0000000000
271181  -23.056  -40.973  65.679 0.0000000000
285662  -23.166  -41.137  66.355 0.0000000000
114437  -25.951  -40.363  61.132 0.0000000000
112776  -26.465  -40.462  62.156 0.0000000000
313922  -6.990  -44.067  68.241 0.0000000000
105809  -7.523  -44.412  68.017 0.0000000000
104180  -7.982  -44.991  68.281 0.0000000000
107485  -8.115  -43.237  67.855 0.0000000000
109106  -8.537  -42.944  67.621 0.0000000000
319098  -8.174  -44.543  68.173 0.0000000000
102558  -9.266  -45.873  68.853 0.0000000000
300279  -10.044  -45.331  68.238 0.0000000000
117359  -10.423  -39.782  65.574 0.0000000000
115867  -10.735  -40.317  65.454 0.0000000000
112666  -10.928  -41.333  65.613 0.0000000000
110832  -10.693  -42.256  66.103 0.0000000000
109147  -10.957  -42.628  66.332 0.0000000000
287989  -13.132  -41.405  66.963 0.0000000000
110834  -12.742  -41.717  66.697 0.0000000000
307035  -12.160  -43.039  66.963 0.0000000000
107503  -11.844  -43.445  67.199 0.0000000000
107502  -11.124  -43.540  67.019 0.0000000000
167306  -46.223  -15.003  36.071 0.0000000000
90665  -4.306  -51.523  73.082 0.0000000000
90678  -3.742  -51.453  72.508 0.0000000000
89229  -3.380  -51.990  73.423 0.0000000000
90686  -3.489  -51.115  71.895 0.0000000000
92115  -3.021  -50.864  71.808 0.0000000000
293811  -2.680  -50.139  71.637 0.0000000000
90685  -2.079  -51.423  71.927 0.0000000000
92112  -1.976  -50.737  71.587 0.0000000000
93506  -2.144  -50.045  71.641 0.0000000000
90664  -3.695  -51.705  73.090 0.0000000000
90676  -2.361  -51.665  72.639 0.0000000000
90687  -4.028  -51.157  71.994 0.0000000000
93495  -5.941  -50.275  72.329 0.0000000000
96274  -7.212  -48.739  72.639 0.0000000000
100865  -5.538  -46.447  69.490 0.0000000000
105813  -10.085  -44.833  67.897 0.0000000000
109127  -11.611  -43.129  66.752 0.0000000000
110835  -16.028  -41.976  66.438 0.0000000000
112594  -18.612  -41.792  67.502 0.0000000000
112618  -18.150  -41.980  66.529 0.0000000000
112649  -19.340  -41.676  66.428 0.0000000000
112650  -20.057  -41.607  66.511 0.0000000000
112671  -16.713  -41.838  65.455 0.0000000000
112672  -17.363  -41.764  65.451 0.0000000000
112673  -17.984  -41.822  65.488 0.0000000000
112674  -18.586  -41.766  65.551 0.0000000000
112678  -21.370  -41.313  65.660 0.0000000000
112692  -15.206  -41.342  65.186 0.0000000000
112694  -16.442  -41.481  64.438 0.0000000000
112697  -18.754  -41.659  64.510 0.0000000000
112698  -19.325  -41.626  64.620 0.0000000000
112700  -20.479  -41.434  65.106 0.0000000000
112717  -15.980  -41.010  63.777 0.0000000000
112718  -16.558  -41.172  63.842 0.0000000000
112719  -17.175  -41.328  63.733 0.0000000000
112720  -17.984  -41.654  63.905 0.0000000000
112738  -17.527  -41.473  63.182 0.0000000000
112739  -18.218  -41.589  63.191 0.0000000000
112759  -17.364  -41.162  62.904 0.0000000000
112790  -26.142  -40.385  61.655 0.0000000000
112791  -26.669  -40.567  61.762 0.0000000000
112805  -27.443  -40.193  60.785 0.0000000000
114294  -21.655  -41.145  66.507 0.0000000000
114333  -22.616  -41.094  65.153 0.0000000000
114350  -21.168  -41.114  64.931 0.0000000000
114351  -21.728  -40.966  64.776 0.0000000000
114352  -22.143  -40.944  64.789 0.0000000000
114353  -22.696  -40.969  64.770 0.0000000000
114355  -23.814  -41.277  64.707 0.0000000000
114367  -19.802  -41.323  63.891 0.0000000000
114368  -20.363  -41.036  63.996 0.0000000000
114369  -20.981  -40.826  63.924 0.0000000000
114371  -22.711  -40.818  64.366 0.0000000000
114381  -16.484  -40.847  63.306 0.0000000000
114382  -16.950  -40.812  62.982 0.0000000000
114383  -18.861  -41.330  63.079 0.0000000000
114385  -20.215  -40.740  63.043 0.0000000000
114387  -21.629  -40.745  63.932 0.0000000000
114389  -23.962  -41.076  63.519 0.0000000000
114390  -24.576  -41.209  63.178 0.0000000000
114423  -24.856  -40.677  61.990 0.0000000000
114424  -25.543  -40.430  61.834 0.0000000000
114447  -24.880  -40.170  60.639 0.0000000000
114463  -25.835  -40.481  59.842 0.0000000000
114464  -26.305  -40.361  60.034 0.0000000000
114469  -29.722  -39.642  60.027 0.0000000000
114480  -25.578  -40.358  59.386 0.0000000000
114483  -27.126  -39.916  59.632 0.0000000000
114484  -27.547  -39.774  59.710 0.0000000000
114485  -28.573  -39.676  59.517 0.0000000000
115906  -21.836  -40.753  63.998 0.0000000000
115921  -20.828  -40.505  63.144 0.0000000000
115925  -23.049  -40.487  63.275 0.0000000000
115936  -16.055  -39.914  62.927 0.0000000000
115937  -16.568  -40.207  62.776 0.0000000000
115941  -19.113  -40.494  62.537 0.0000000000
115943  -20.901  -40.226  62.745 0.0000000000
115944  -21.802  -40.173  63.141 0.0000000000
115945  -22.165  -40.084  63.124 0.0000000000
115946  -22.520  -40.027  63.053 0.0000000000
115961  -20.871  -40.017  62.247 0.0000000000
115962  -23.400  -40.170  62.136 0.0000000000
115986  -23.691  -39.819  61.057 0.0000000000
115987  -24.314  -39.991  60.872 0.0000000000
115988  -30.615  -39.977  60.334 0.0000000000
116002  -31.700  -39.677  59.802 0.0000000000
116008  -25.111  -39.902  59.195 0.0000000000
116010  -26.632  -40.170  59.238 0.0000000000
116015  -29.679  -39.551  59.122 0.0000000000
116016  -30.296  -39.537  59.200 0.0000000000
116025  -25.504  -40.006  58.784 0.0000000000
116026  -26.131  -39.957  58.068 0.0000000000
116031  -28.747  -39.499  58.736 0.0000000000
116035  -31.211  -39.480  58.959 0.0000000000
116046  -26.686  -39.798  58.291 0.0000000000
116051  -30.753  -39.431  58.139 0.0000000000
117358  -9.999  -39.742  66.057 0.0000000000
117400  -14.936  -39.510  63.412 0.0000000000
117413  -16.912  -39.872  62.491 0.0000000000
117415  -18.016  -39.989  62.210 0.0000000000
117432  -19.846  -39.819  61.772 0.0000000000
117465  -24.788  -39.632  59.761 0.0000000000
117489  -25.532  -39.726  58.167 0.0000000000
117504  -29.224  -39.471  57.449 0.0000000000
117505  -29.853  -39.276  57.466 0.0000000000
117508  -31.700  -39.146  57.887 0.0000000000
117515  -27.268  -39.041  57.386 0.0000000000
117516  -27.852  -39.050  57.356 0.0000000000
117517  -28.391  -39.298  57.254 0.0000000000
117519  -30.152  -39.147  56.931 0.0000000000
117524  -32.751  -38.873  57.244 0.0000000000
117534  -31.219  -39.127  56.604 0.0000000000
118860  -15.329  -38.573  62.733 0.0000000000
118861  -15.849  -38.769  62.630 0.0000000000
118896  -22.949  -39.208  61.019 0.0000000000
118913  -23.378  -38.763  60.258 0.0000000000
118914  -23.820  -38.964  59.847 0.0000000000
118935  -24.223  -38.491  58.730 0.0000000000
118946  -25.463  -39.063  57.756 0.0000000000
118947  -26.003  -39.120  57.532 0.0000000000
118948  -33.271  -38.591  57.956 0.0000000000
118949  -33.609  -38.327  57.999 0.0000000000
118970  -30.533  -38.778  56.331 0.0000000000
118973  -32.208  -39.154  56.208 0.0000000000
118983  -32.594  -38.827  55.968 0.0000000000
120268  -11.358  -38.517  64.998 0.0000000000
120274  -11.600  -38.571  64.737 0.0000000000
120276  -12.081  -37.890  64.302 0.0000000000
120350  -22.206  -38.538  60.703 0.0000000000
120394  -34.320  -37.897  58.542 0.0000000000
120405  -33.845  -38.041  57.738 0.0000000000
120413  -26.349  -38.291  57.212 0.0000000000
120428  -33.762  -38.098  56.567 0.0000000000
120437  -31.258  -38.077  55.625 0.0000000000
120439  -32.468  -38.353  55.663 0.0000000000
120441  -33.414  -38.259  56.097 0.0000000000
121796  -10.562  -37.260  65.743 0.0000000000
121968  -24.398  -36.861  58.388 0.0000000000
121969  -24.530  -37.348  58.260 0.0000000000
121978  -25.119  -37.589  58.216 0.0000000000
122044  -33.260  -37.471  55.120 0.0000000000
123343  -13.070  -36.442  64.223 0.0000000000
123516  -35.278  -36.762  57.510 0.0000000000
123538  -35.495  -36.365  57.128 0.0000000000
123591  -33.338  -36.858  54.825 0.0000000000
125112  -23.988  -35.809  59.651 0.0000000000
125203  -27.469  -36.717  58.394 0.0000000000
125210  -36.324  -35.865  57.607 0.0000000000
125256  -34.910  -35.837  56.081 0.0000000000
125271  -33.441  -36.309  54.560 0.0000000000
125272  -33.808  -36.043  54.729 0.0000000000
125273  -34.146  -35.886  55.098 0.0000000000
126727  -22.800  -35.428  60.818 0.0000000000
126810  -35.727  -35.219  56.344 0.0000000000
126813  -34.824  -35.323  55.660 0.0000000000
126822  -34.816  -34.817  55.370 0.0000000000
126833  -33.596  -35.113  54.316 0.0000000000
128157  -35.391  -34.805  56.065 0.0000000000
128158  -35.859  -34.627  56.338 0.0000000000
129488  -34.569  -33.781  54.978 0.0000000000
129489  -34.876  -34.215  55.307 0.0000000000
130919  -34.896  -32.986  50.334 0.0000000000
130930  -35.313  -33.072  49.954 0.0000000000
132255  -33.620  -31.789  54.921 0.0000000000
132274  -33.836  -32.413  54.755 0.0000000000
132337  -32.836  -32.209  51.383 0.0000000000
132340  -34.389  -32.811  50.660 0.0000000000
132355  -32.392  -32.366  50.450 0.0000000000
132356  -33.349  -32.553  50.497 0.0000000000
132372  -32.850  -32.360  49.522 0.0000000000
132374  -34.459  -32.811  49.440 0.0000000000
132376  -36.766  -32.611  49.370 0.0000000000
132386  -33.424  -32.369  49.157 0.0000000000
132388  -34.594  -32.617  48.896 0.0000000000
132389  -35.221  -32.557  48.716 0.0000000000
133909  -27.857  -31.674  55.710 0.0000000000
133910  -28.128  -32.100  56.094 0.0000000000
134007  -32.141  -31.604  51.256 0.0000000000
134050  -31.928  -31.995  49.655 0.0000000000
134051  -32.257  -32.212  49.189 0.0000000000
134054  -36.996  -32.183  49.056 0.0000000000
134088  -33.580  -31.717  48.280 0.0000000000
134090  -34.738  -31.872  48.035 0.0000000000
134092  -35.910  -31.702  48.093 0.0000000000
135551  -27.785  -31.280  54.826 0.0000000000
135571  -32.176  -31.119  53.603 0.0000000000
135661  -32.432  -31.227  48.522 0.0000000000
135688  -36.062  -31.234  47.898 0.0000000000
137211  -31.175  -30.568  49.386 0.0000000000
137231  -31.619  -30.622  48.841 0.0000000000
137233  -32.757  -30.263  48.415 0.0000000000
137234  -37.042  -30.791  48.117 0.0000000000
137254  -35.623  -30.816  47.686 0.0000000000
137275  -36.005  -30.287  47.636 0.0000000000
138552  -29.125  -29.754  52.474 0.0000000000
138658  -34.007  -29.692  47.696 0.0000000000
138660  -36.937  -29.972  47.623 0.0000000000
139856  -27.831  -28.592  54.627 0.0000000000
139937  -29.821  -28.810  50.254 0.0000000000
139948  -30.596  -29.147  49.483 0.0000000000
139949  -31.174  -29.224  49.053 0.0000000000
140000  -34.728  -29.105  46.986 0.0000000000
141138  -28.450  -28.372  52.177 0.0000000000
141163  -29.073  -28.099  51.100 0.0000000000
141272  -35.197  -28.233  46.677 0.0000000000
142425  -28.377  -27.793  52.361 0.0000000000
142455  -29.776  -27.763  50.254 0.0000000000
142473  -31.668  -27.295  49.509 0.0000000000
143653  -28.783  -26.821  52.202 0.0000000000
143723  -30.630  -27.101  49.946 0.0000000000
143829  -35.006  -26.882  46.843 0.0000000000
143850  -36.638  -27.173  46.506 0.0000000000
145131  -40.285  -26.447  45.357 0.0000000000
145133  -41.846  -26.304  45.723 0.0000000000
145144  -40.213  -26.232  44.812 0.0000000000
145146  -41.781  -26.082  45.100 0.0000000000
145152  -40.401  -25.959  44.558 0.0000000000
146477  -41.771  -25.762  44.677 0.0000000000
146478  -42.650  -25.738  45.065 0.0000000000
146488  -40.286  -25.504  44.346 0.0000000000
146490  -41.789  -25.415  44.385 0.0000000000
146491  -42.319  -25.456  44.621 0.0000000000
147789  -34.715  -25.059  47.879 0.0000000000
147790  -34.994  -25.000  47.405 0.0000000000
147841  -39.067  -24.444  44.703 0.0000000000
147843  -40.181  -24.847  44.179 0.0000000000
147845  -41.553  -25.138  44.065 0.0000000000
147853  -40.745  -24.807  43.876 0.0000000000
147856  -42.353  -24.522  44.230 0.0000000000
149175  -34.761  -24.081  47.965 0.0000000000
149247  -40.988  -24.187  43.783 0.0000000000
149249  -42.166  -24.033  43.859 0.0000000000
150545  -35.143  -23.468  47.371 0.0000000000
150581  -37.541  -23.563  45.376 0.0000000000
150597  -39.179  -23.309  44.524 0.0000000000
150598  -39.666  -23.431  44.344 0.0000000000
150599  -44.608  -23.755  44.196 0.0000000000
150602  -46.299  -23.101  44.617 0.0000000000
150615  -41.228  -23.727  43.700 0.0000000000
150616  -42.357  -23.490  43.661 0.0000000000
150617  -43.356  -23.482  43.713 0.0000000000
150618  -43.891  -23.253  43.743 0.0000000000
150619  -44.690  -23.254  44.037 0.0000000000
150620  -45.218  -22.985  44.058 0.0000000000
151865  -35.026  -22.614  48.110 0.0000000000
151873  -35.268  -22.842  47.509 0.0000000000
151874  -35.668  -22.591  47.186 0.0000000000
151883  -36.590  -22.691  46.279 0.0000000000
151892  -36.888  -22.801  45.954 0.0000000000
151906  -38.323  -22.450  45.249 0.0000000000
151946  -45.367  -22.363  43.872 0.0000000000
151957  -41.763  -22.347  43.400 0.0000000000
151959  -43.014  -22.533  43.060 0.0000000000
153166  -36.145  -21.671  47.766 0.0000000000
153183  -36.707  -22.137  46.567 0.0000000000
153184  -37.613  -21.928  46.094 0.0000000000
153192  -38.757  -21.677  45.437 0.0000000000
153200  -39.238  -21.738  45.167 0.0000000000
153232  -41.387  -22.063  43.612 0.0000000000
153252  -44.010  -22.012  42.982 0.0000000000
153253  -44.540  -21.794  43.035 0.0000000000
153257  -47.526  -21.907  42.842 0.0000000000
153300  -48.453  -21.782  40.746 0.0000000000
154577  -37.036  -20.927  48.560 0.0000000000
154589  -37.289  -20.969  47.943 0.0000000000
154596  -36.737  -21.302  47.456 0.0000000000
154604  -36.962  -21.571  46.876 0.0000000000
154605  -37.586  -21.407  46.579 0.0000000000
154606  -38.249  -21.233  46.480 0.0000000000
154619  -39.050  -21.224  45.868 0.0000000000
154620  -39.541  -21.199  45.895 0.0000000000
154630  -39.604  -21.324  45.422 0.0000000000
154641  -40.651  -21.456  44.357 0.0000000000
154651  -41.019  -21.769  43.874 0.0000000000
154669  -43.531  -21.566  42.931 0.0000000000
154690  -45.837  -21.261  42.522 0.0000000000
154707  -47.087  -21.454  41.266 0.0000000000
154722  -48.598  -21.554  40.524 0.0000000000
155981  -38.845  -20.723  47.358 0.0000000000
155995  -38.582  -21.013  46.893 0.0000000000
155997  -39.763  -20.977  46.807 0.0000000000
156026  -40.984  -21.038  44.593 0.0000000000
156055  -44.194  -20.497  42.652 0.0000000000
156056  -44.617  -20.467  42.449 0.0000000000
156068  -45.438  -20.146  41.831 0.0000000000
156070  -46.313  -20.779  41.359 0.0000000000
156082  -46.654  -20.575  41.028 0.0000000000
156083  -47.165  -20.670  40.806 0.0000000000
156107  -48.868  -20.259  39.757 0.0000000000
157427  -42.994  -19.821  43.853 0.0000000000
157433  -44.390  -19.377  42.640 0.0000000000
157456  -46.223  -19.708  41.431 0.0000000000
157484  -48.134  -19.807  40.230 0.0000000000
158926  -43.829  -19.172  43.474 0.0000000000
158927  -44.101  -19.094  43.139 0.0000000000
158967  -48.409  -19.346  39.999 0.0000000000
158976  -49.153  -19.305  39.138 0.0000000000
160306  -45.438  -19.069  41.856 0.0000000000
160334  -48.362  -18.452  39.731 0.0000000000
160344  -48.970  -18.347  38.837 0.0000000000
161747  -47.063  -17.423  40.414 0.0000000000
161756  -47.507  -17.770  40.048 0.0000000000
161762  -47.201  -17.652  39.577 0.0000000000
161774  -48.134  -17.744  38.966 0.0000000000
163197  -46.482  -17.252  40.094 0.0000000000
163204  -46.228  -16.939  39.704 0.0000000000
163215  -46.567  -16.977  38.927 0.0000000000
163217  -47.802  -17.302  38.736 0.0000000000
163229  -47.488  -16.945  38.269 0.0000000000
164567  -45.765  -16.323  40.102 0.0000000000
164572  -45.845  -16.483  39.608 0.0000000000
164579  -45.808  -16.382  38.995 0.0000000000
164588  -46.469  -16.529  38.059 0.0000000000
164590  -47.588  -16.659  37.689 0.0000000000
164606  -46.425  -16.395  37.448 0.0000000000
164620  -46.649  -16.308  36.820 0.0000000000
165935  -45.438  -16.012  39.853 0.0000000000
165941  -45.207  -15.373  38.902 0.0000000000
165952  -45.538  -15.860  38.228 0.0000000000
165963  -45.635  -15.543  37.352 0.0000000000
165969  -45.924  -15.792  36.864 0.0000000000
165978  -46.048  -15.472  36.409 0.0000000000
167286  -45.251  -14.614  37.941 0.0000000000
167294  -45.810  -15.116  36.887 0.0000000000
168583  -45.566  -14.300  37.472 0.0000000000
168592  -45.762  -14.585  37.114 0.0000000000
168604  -45.883  -14.522  36.670 0.0000000000
168605  -46.063  -14.461  36.210 0.0000000000
168622  -46.432  -14.459  35.814 0.0000000000
168623  -46.824  -14.511  35.432 0.0000000000
168629  -47.335  -14.564  34.685 0.0000000000
169846  -45.707  -13.422  38.647 0.0000000000
169874  -45.895  -13.631  36.800 0.0000000000
268632  -26.518  -40.498  62.587 0.0000000000
269392  -29.575  -40.298  61.021 0.0000000000
271760  -18.766  -41.788  66.646 0.0000000000
271763  -20.590  -41.551  66.524 0.0000000000
273916  -42.621  -24.968  44.430 0.0000000000
274456  -25.167  -40.134  59.656 0.0000000000
275808  -45.611  -15.841  37.736 0.0000000000
276639  -37.360  -25.870  46.513 0.0000000000
278249  -25.255  -40.363  60.377 0.0000000000
279987  -27.812  -39.418  58.450 0.0000000000
282458  -32.751  -34.866  53.975 0.0000000000
283663  -19.883  -41.632  66.001 0.0000000000
285755  -35.387  -23.858  46.993 0.0000000000
289139  -24.230  -40.753  62.207 0.0000000000
289248  -27.661  -39.801  60.167 0.0000000000
289279  -27.990  -28.089  53.142 0.0000000000
289321  -42.776  -23.775  43.746 0.0000000000
289336  -25.396  -37.795  57.990 0.0000000000
289958  -36.025  -24.377  46.437 0.0000000000
290486  -35.234  -33.370  55.807 0.0000000000
290573  -6.751  -49.127  71.979 0.0000000000
291680  -34.725  -24.478  48.258 0.0000000000
293758  -15.712  -39.800  63.207 0.0000000000
295025  -27.695  -30.088  54.585 0.0000000000
295697  -27.247  -39.932  60.377 0.0000000000
297702  -29.053  -40.044  60.727 0.0000000000
297927  -28.122  -30.058  53.534 0.0000000000
298458  -18.275  -41.207  62.720 0.0000000000
298480  -37.677  -24.523  45.707 0.0000000000
299504  -36.604  -23.753  46.155 0.0000000000
300284  -47.598  -20.419  40.642 0.0000000000
300332  -27.081  -40.512  61.223 0.0000000000
302555  -26.722  -39.102  57.492 0.0000000000
302608  -19.938  -41.620  65.511 0.0000000000
303034  -27.793  -28.991  54.029 0.0000000000
303695  -32.158  -27.517  49.355 0.0000000000
303837  -25.896  -40.069  58.475 0.0000000000
304139  -19.652  -41.638  66.887 0.0000000000
304232  -25.385  -36.625  59.017 0.0000000000
305623  -36.224  -23.894  46.386 0.0000000000
305746  -35.714  -32.030  48.243 0.0000000000
306766  -33.254  -38.448  56.869 0.0000000000
307368  -34.623  -36.211  55.832 0.0000000000
308767  -41.085  -25.165  43.976 0.0000000000
309055  -29.202  -39.592  58.527 0.0000000000
309129  -23.489  -41.285  65.458 0.0000000000
309386  -30.993  -39.187  57.341 0.0000000000
309777  -38.289  -23.092  45.096 0.0000000000
310580  -37.478  -24.069  45.603 0.0000000000
310843  -45.792  -16.223  38.507 0.0000000000
311603  -41.696  -22.850  43.570 0.0000000000
312000  -5.147  -50.819  71.955 0.0000000000
313630  -33.281  -38.725  58.787 0.0000000000
313651  -22.253  -41.028  64.981 0.0000000000
314135  -43.004  -24.874  44.458 0.0000000000
314765  -19.392  -37.108  61.250 0.0000000000
315246  -26.357  -39.131  57.514 0.0000000000
316502  -27.250  -39.619  58.595 0.0000000000
318007  -33.153  -31.144  54.446 0.0000000000
318703  -33.896  -31.597  48.091 0.0000000000
318833  -34.840  -23.660  47.743 0.0000000000
318856  -45.672  -22.131  43.719 0.0000000000
319471  -18.103  -37.755  61.922 0.0000000000
320003  -23.276  -36.387  59.870 0.0000000000
320533  -48.077  -18.034  39.370 0.0000000000
320595  -42.090  -22.613  43.346 0.0000000000
320637  -44.343  -23.136  43.799 0.0000000000
