#!ascii label  , from subject sub-v2s5x29559_ses-1 vox2ras=TkReg
1727
275233  10.205  -30.865  74.783 0.0000000000
108019  7.301  -39.472  64.045 0.0000000000
112242  4.960  -37.672  74.325 0.0000000000
123057  4.321  -32.213  68.103 0.0000000000
142464  5.970  -24.215  64.439 0.0000000000
121367  5.647  -33.573  75.379 0.0000000000
124495  4.846  -32.186  72.471 0.0000000000
124373  12.940  -31.285  77.572 0.0000000000
118265  9.334  -34.422  76.785 0.0000000000
110724  6.468  -38.435  76.244 0.0000000000
137749  2.593  -26.135  69.951 0.0000000000
134520  6.690  -27.867  66.590 0.0000000000
144948  2.909  -22.184  69.537 0.0000000000
104856  3.338  -40.999  72.626 0.0000000000
305858  5.745  -38.846  68.730 0.0000000000
118368  4.808  -34.501  71.038 0.0000000000
129352  3.171  -29.593  70.658 0.0000000000
116889  9.773  -35.308  66.708 0.0000000000
126144  9.963  -31.292  62.636 0.0000000000
131226  5.862  -29.215  60.776 0.0000000000
293535  3.891  -21.180  61.695 0.0000000000
124429  7.916  -31.874  75.545 0.0000000000
124456  7.156  -32.500  73.697 0.0000000000
127500  11.464  -30.285  76.725 0.0000000000
122895  11.253  -32.902  77.349 0.0000000000
124393  8.786  -31.516  77.416 0.0000000000
119823  6.880  -33.982  77.775 0.0000000000
142376  3.605  -24.101  70.033 0.0000000000
109259  4.463  -39.322  73.499 0.0000000000
286056  3.613  -38.154  72.002 0.0000000000
113661  4.495  -36.687  72.343 0.0000000000
127589  5.802  -30.153  70.775 0.0000000000
126011  4.519  -30.997  71.326 0.0000000000
112222  4.719  -38.112  76.014 0.0000000000
107811  5.626  -39.881  75.837 0.0000000000
311147  4.722  -39.350  75.161 0.0000000000
104794  4.203  -41.006  74.736 0.0000000000
116878  6.630  -35.164  68.344 0.0000000000
112304  7.957  -37.293  67.475 0.0000000000
120008  7.450  -33.555  67.762 0.0000000000
139397  7.544  -25.519  65.935 0.0000000000
131163  9.955  -28.825  65.029 0.0000000000
134571  9.285  -27.498  62.860 0.0000000000
127753  7.185  -30.204  61.627 0.0000000000
136222  6.547  -27.230  61.727 0.0000000000
116753  4.754  -35.900  75.356 0.0000000000
118326  4.866  -34.244  73.008 0.0000000000
121390  5.489  -33.354  73.694 0.0000000000
125993  6.746  -31.828  71.593 0.0000000000
124411  14.658  -31.902  76.166 0.0000000000
121380  13.421  -32.629  74.497 0.0000000000
121365  12.339  -33.116  75.948 0.0000000000
118287  10.781  -34.547  75.774 0.0000000000
113601  7.431  -36.451  76.541 0.0000000000
115115  5.521  -35.788  76.758 0.0000000000
131115  3.631  -28.987  67.825 0.0000000000
129440  5.981  -29.940  66.498 0.0000000000
136140  4.403  -27.089  67.369 0.0000000000
140934  5.505  -25.108  67.595 0.0000000000
144965  5.876  -22.825  67.453 0.0000000000
299263  12.759  -29.254  74.407 0.0000000000
122936  17.199  -31.894  75.423 0.0000000000
124383  17.318  -31.822  77.470 0.0000000000
127483  15.406  -30.841  77.789 0.0000000000
130894  14.306  -29.438  76.324 0.0000000000
99966  4.693  -42.660  72.114 0.0000000000
101656  5.547  -41.918  70.028 0.0000000000
107909  4.537  -39.730  70.545 0.0000000000
115240  5.490  -36.357  70.167 0.0000000000
119968  4.762  -33.305  69.394 0.0000000000
119920  3.778  -33.730  72.067 0.0000000000
282378  3.137  -32.995  69.972 0.0000000000
126040  2.804  -30.545  69.063 0.0000000000
132776  2.840  -28.061  70.455 0.0000000000
104977  7.162  -40.668  68.486 0.0000000000
107988  9.741  -39.511  66.532 0.0000000000
112360  10.228  -37.612  64.343 0.0000000000
126075  8.922  -31.083  66.204 0.0000000000
123116  10.746  -32.821  64.509 0.0000000000
116975  8.725  -35.614  63.153 0.0000000000
120097  6.555  -34.087  62.662 0.0000000000
123171  4.642  -32.509  61.230 0.0000000000
291626  3.770  -20.725  69.332 0.0000000000
147510  3.383  -21.123  66.361 0.0000000000
150381  3.547  -19.630  65.405 0.0000000000
145007  4.304  -23.220  63.552 0.0000000000
280329  3.884  -25.601  60.653 0.0000000000
125932  8.900  -31.485  75.441 0.0000000000
124454  8.654  -31.598  74.461 0.0000000000
127533  9.923  -30.994  74.166 0.0000000000
269068  11.016  -30.412  75.930 0.0000000000
125909  10.342  -30.949  77.154 0.0000000000
125920  9.385  -31.027  76.168 0.0000000000
124403  8.043  -31.571  76.569 0.0000000000
106533  5.840  -39.989  63.797 0.0000000000
110941  6.703  -38.276  63.913 0.0000000000
110756  4.908  -38.492  74.026 0.0000000000
112251  4.748  -37.632  72.881 0.0000000000
272248  4.830  -37.222  73.179 0.0000000000
317251  15.005  -31.971  73.845 0.0000000000
112232  4.724  -37.673  75.452 0.0000000000
110727  4.769  -38.736  75.806 0.0000000000
110737  4.685  -38.663  75.225 0.0000000000
297668  4.660  -39.490  74.743 0.0000000000
119994  5.534  -32.993  68.215 0.0000000000
118419  6.973  -34.498  67.955 0.0000000000
121503  5.970  -32.678  67.492 0.0000000000
140981  7.382  -24.989  64.933 0.0000000000
136184  8.755  -26.494  64.580 0.0000000000
139439  7.802  -25.438  63.337 0.0000000000
136220  7.763  -27.273  62.302 0.0000000000
141037  6.318  -24.825  62.842 0.0000000000
119866  5.325  -34.238  75.461 0.0000000000
118309  5.257  -34.300  74.456 0.0000000000
121374  5.520  -33.307  74.910 0.0000000000
124492  6.554  -32.376  72.637 0.0000000000
127587  7.050  -30.780  70.745 0.0000000000
124401  13.889  -31.847  76.784 0.0000000000
122928  13.221  -32.665  76.084 0.0000000000
122892  12.592  -32.366  76.887 0.0000000000
121341  10.459  -33.376  76.977 0.0000000000
119843  10.879  -33.770  76.250 0.0000000000
118276  10.138  -34.508  76.251 0.0000000000
115111  8.389  -35.751  76.676 0.0000000000
119834  6.290  -34.024  76.696 0.0000000000
116723  6.316  -35.194  77.117 0.0000000000
118280  5.553  -34.619  76.358 0.0000000000
115116  4.951  -35.956  76.319 0.0000000000
134466  2.597  -27.146  68.721 0.0000000000
136141  3.882  -27.295  67.876 0.0000000000
137777  3.504  -26.515  68.607 0.0000000000
307350  3.808  -23.721  69.881 0.0000000000
140910  4.537  -24.660  69.286 0.0000000000
143684  5.210  -23.738  68.762 0.0000000000
317756  5.674  -23.914  67.768 0.0000000000
144960  4.544  -22.608  68.685 0.0000000000
311584  15.658  -31.651  77.317 0.0000000000
286058  3.418  -41.485  72.530 0.0000000000
285445  3.668  -41.063  71.343 0.0000000000
293618  3.302  -40.581  71.386 0.0000000000
113691  4.723  -36.677  71.802 0.0000000000
112275  4.747  -37.906  71.331 0.0000000000
116839  5.308  -35.675  70.543 0.0000000000
319385  5.653  -34.769  69.683 0.0000000000
118379  4.976  -34.152  70.290 0.0000000000
119895  4.316  -33.639  72.568 0.0000000000
279320  4.278  -34.103  72.554 0.0000000000
310024  3.967  -32.828  72.158 0.0000000000
127611  3.728  -30.002  70.887 0.0000000000
124524  3.488  -31.656  71.309 0.0000000000
126021  2.743  -30.798  70.387 0.0000000000
124547  3.107  -32.124  69.310 0.0000000000
129353  2.733  -29.726  70.095 0.0000000000
131061  2.629  -28.809  69.637 0.0000000000
131044  2.889  -28.643  70.439 0.0000000000
119874  12.357  -33.413  74.308 0.0000000000
119879  12.952  -33.289  73.328 0.0000000000
110735  7.090  -38.108  75.365 0.0000000000
109248  7.067  -38.772  74.750 0.0000000000
109238  6.274  -38.941  75.458 0.0000000000
107812  5.120  -40.043  75.829 0.0000000000
106320  5.911  -40.130  75.532 0.0000000000
104831  3.495  -40.914  73.791 0.0000000000
298613  3.430  -41.730  73.220 0.0000000000
106450  5.811  -40.282  68.987 0.0000000000
103342  6.235  -41.104  69.098 0.0000000000
107946  6.423  -39.625  68.355 0.0000000000
115301  8.729  -36.219  67.342 0.0000000000
281929  8.424  -38.422  67.295 0.0000000000
112327  9.732  -37.269  66.125 0.0000000000
109407  10.185  -38.857  65.479 0.0000000000
115337  10.230  -36.082  65.522 0.0000000000
131144  6.229  -28.860  66.050 0.0000000000
286006  7.276  -31.168  65.469 0.0000000000
274978  8.083  -29.329  66.140 0.0000000000
129487  10.623  -29.732  63.468 0.0000000000
126102  10.743  -31.001  64.613 0.0000000000
123136  10.563  -32.385  63.194 0.0000000000
118511  10.494  -34.536  63.463 0.0000000000
121579  9.401  -33.225  62.546 0.0000000000
118534  7.742  -34.388  62.805 0.0000000000
123144  8.363  -32.994  62.295 0.0000000000
282496  6.216  -29.952  61.339 0.0000000000
126156  5.650  -31.569  61.564 0.0000000000
126169  3.975  -31.245  61.657 0.0000000000
148836  4.853  -19.882  69.237 0.0000000000
147498  3.926  -21.262  67.660 0.0000000000
148863  3.855  -19.979  67.258 0.0000000000
150437  4.979  -19.696  63.101 0.0000000000
150420  3.666  -20.028  64.019 0.0000000000
147532  3.061  -20.616  64.630 0.0000000000
146260  3.837  -22.011  62.663 0.0000000000
142499  4.269  -24.509  62.093 0.0000000000
283113  3.867  -23.895  61.425 0.0000000000
122929  6.502  -32.678  75.655 0.0000000000
124432  6.242  -32.621  74.857 0.0000000000
124442  7.413  -32.308  74.419 0.0000000000
127486  12.599  -30.684  77.673 0.0000000000
122878  11.994  -32.266  77.332 0.0000000000
275191  11.366  -31.177  77.477 0.0000000000
122879  10.124  -32.460  77.867 0.0000000000
121330  8.829  -32.908  78.072 0.0000000000
118255  7.866  -34.498  77.831 0.0000000000
122882  7.717  -32.713  77.695 0.0000000000
122913  7.245  -32.322  76.612 0.0000000000
140864  2.553  -24.891  71.086 0.0000000000
139340  2.779  -24.835  69.373 0.0000000000
142358  2.619  -24.257  70.955 0.0000000000
143666  2.644  -23.208  70.979 0.0000000000
146178  2.758  -22.116  70.644 0.0000000000
107865  3.486  -40.002  73.180 0.0000000000
107875  3.352  -39.612  72.475 0.0000000000
110775  4.200  -38.611  72.455 0.0000000000
292127  4.506  -37.415  72.063 0.0000000000
292186  4.593  -36.044  71.998 0.0000000000
125995  5.364  -31.586  71.768 0.0000000000
125996  4.753  -31.457  71.905 0.0000000000
127590  4.920  -30.519  71.007 0.0000000000
129329  4.560  -29.885  70.864 0.0000000000
129350  4.490  -29.316  70.836 0.0000000000
132775  3.497  -28.468  71.071 0.0000000000
110717  5.724  -38.267  76.545 0.0000000000
109227  6.072  -38.896  75.937 0.0000000000
109229  5.095  -39.257  75.870 0.0000000000
300491  5.095  -39.814  75.678 0.0000000000
107813  5.033  -40.197  75.817 0.0000000000
104775  4.403  -40.937  75.253 0.0000000000
106321  4.468  -40.696  75.165 0.0000000000
305666  4.449  -40.218  74.246 0.0000000000
113721  6.196  -36.526  68.666 0.0000000000
110861  7.087  -38.126  68.205 0.0000000000
115284  7.086  -35.808  68.082 0.0000000000
116893  7.859  -35.049  68.002 0.0000000000
120006  8.821  -34.182  67.399 0.0000000000
136163  7.381  -26.877  66.396 0.0000000000
132868  8.567  -28.019  65.976 0.0000000000
134534  8.705  -27.478  65.612 0.0000000000
132898  10.152  -28.187  63.543 0.0000000000
129496  9.693  -29.536  62.586 0.0000000000
126153  8.875  -30.987  62.013 0.0000000000
131200  8.733  -29.085  62.141 0.0000000000
286618  7.159  -28.610  61.802 0.0000000000
301842  6.189  -28.252  61.479 0.0000000000
148973  4.915  -20.709  61.401 0.0000000000
321444  3.958  -22.779  60.045 0.0000000000
146306  4.947  -22.165  59.802 0.0000000000
321088  4.608  -36.900  74.980 0.0000000000
115169  4.620  -36.367  73.879 0.0000000000
116770  4.812  -35.704  74.028 0.0000000000
311573  5.271  -33.717  73.408 0.0000000000
122980  5.048  -32.496  72.619 0.0000000000
124458  6.213  -32.506  73.828 0.0000000000
124493  5.721  -32.401  72.578 0.0000000000
124510  5.480  -32.003  72.248 0.0000000000
126008  6.432  -31.296  71.025 0.0000000000
124410  15.036  -31.862  75.917 0.0000000000
274935  14.752  -32.184  74.745 0.0000000000
273378  13.947  -32.515  75.519 0.0000000000
121353  11.885  -32.945  76.408 0.0000000000
119853  11.416  -34.076  75.893 0.0000000000
118295  11.312  -34.618  75.117 0.0000000000
113612  7.541  -37.111  75.615 0.0000000000
112209  7.243  -37.388  76.310 0.0000000000
116721  7.264  -35.317  77.786 0.0000000000
115113  6.834  -36.358  77.175 0.0000000000
112210  6.585  -37.351  76.672 0.0000000000
113605  4.922  -37.065  76.706 0.0000000000
302177  4.458  -36.700  75.811 0.0000000000
127657  4.033  -30.478  67.883 0.0000000000
126079  5.381  -31.549  66.824 0.0000000000
131132  4.625  -29.028  67.011 0.0000000000
132855  5.197  -28.218  66.841 0.0000000000
136151  5.144  -27.334  66.989 0.0000000000
139368  4.142  -25.680  68.588 0.0000000000
137775  4.902  -26.300  67.747 0.0000000000
137800  5.833  -26.547  66.951 0.0000000000
140946  6.163  -25.197  66.538 0.0000000000
142418  6.541  -23.982  66.376 0.0000000000
143713  6.287  -23.430  65.650 0.0000000000
129267  11.576  -29.907  74.527 0.0000000000
124426  16.560  -31.833  75.375 0.0000000000
122903  19.600  -32.298  76.655 0.0000000000
122877  18.320  -31.866  77.361 0.0000000000
122905  18.205  -31.950  76.505 0.0000000000
306396  17.088  -31.841  76.451 0.0000000000
122925  16.649  -31.868  76.128 0.0000000000
271281  15.940  -31.767  75.895 0.0000000000
124388  14.547  -31.610  77.138 0.0000000000
311452  14.265  -30.645  77.775 0.0000000000
127492  14.569  -30.165  77.687 0.0000000000
306702  13.542  -30.208  77.440 0.0000000000
129237  12.854  -29.758  76.493 0.0000000000
129258  12.069  -29.785  75.549 0.0000000000
104931  4.977  -41.197  70.355 0.0000000000
109339  5.184  -39.136  69.137 0.0000000000
293695  3.449  -38.927  71.263 0.0000000000
283638  5.315  -38.141  70.055 0.0000000000
282177  5.742  -38.107  69.332 0.0000000000
115256  5.816  -36.043  69.590 0.0000000000
118405  5.967  -33.932  68.784 0.0000000000
119995  4.945  -32.856  68.460 0.0000000000
115175  4.518  -35.871  72.823 0.0000000000
116802  4.469  -34.779  71.949 0.0000000000
118358  4.453  -34.519  71.700 0.0000000000
124513  3.771  -32.124  71.824 0.0000000000
121432  3.340  -33.290  71.115 0.0000000000
119945  4.404  -33.838  70.589 0.0000000000
121453  4.103  -33.092  69.544 0.0000000000
123034  3.476  -32.502  68.708 0.0000000000
268902  3.721  -31.508  68.295 0.0000000000
129394  3.150  -29.828  68.317 0.0000000000
132814  2.665  -28.459  68.926 0.0000000000
136087  2.640  -26.893  70.771 0.0000000000
134430  3.297  -28.011  71.231 0.0000000000
136071  2.907  -26.865  71.576 0.0000000000
137719  2.754  -26.187  71.628 0.0000000000
107853  7.042  -39.462  73.838 0.0000000000
107827  6.075  -39.531  75.393 0.0000000000
293446  7.324  -39.419  67.633 0.0000000000
274949  8.385  -40.507  67.318 0.0000000000
109428  8.988  -38.773  63.886 0.0000000000
123091  6.760  -31.878  65.958 0.0000000000
292661  8.158  -32.390  66.892 0.0000000000
121517  9.328  -32.876  66.364 0.0000000000
129456  9.750  -29.883  66.003 0.0000000000
278654  10.241  -32.071  65.331 0.0000000000
120031  10.643  -33.959  65.606 0.0000000000
115353  10.685  -35.400  64.287 0.0000000000
312675  9.887  -36.258  63.523 0.0000000000
112393  7.862  -37.270  63.353 0.0000000000
316289  7.435  -36.292  63.076 0.0000000000
124695  7.122  -31.972  61.873 0.0000000000
320017  5.376  -33.454  62.412 0.0000000000
147450  4.321  -21.290  70.827 0.0000000000
147449  4.898  -20.914  70.717 0.0000000000
147486  2.877  -21.071  69.640 0.0000000000
146191  4.277  -22.034  68.002 0.0000000000
146203  5.050  -21.968  66.878 0.0000000000
144984  5.305  -22.288  65.426 0.0000000000
148869  2.570  -20.153  66.414 0.0000000000
146221  4.294  -21.535  64.770 0.0000000000
143730  5.118  -23.612  64.058 0.0000000000
141039  5.286  -24.556  62.423 0.0000000000
282543  5.410  -26.097  61.424 0.0000000000
132940  5.126  -28.068  60.716 0.0000000000
136241  4.432  -26.950  59.918 0.0000000000
127518  9.846  -31.081  75.364 0.0000000000
127526  9.722  -31.139  74.763 0.0000000000
317298  10.442  -30.654  74.292 0.0000000000
127516  10.821  -30.301  75.385 0.0000000000
311835  10.556  -30.800  76.135 0.0000000000
127509  9.745  -31.080  75.893 0.0000000000
125931  9.354  -31.234  75.681 0.0000000000
106531  6.716  -40.013  64.175 0.0000000000
108020  6.498  -39.373  63.987 0.0000000000
315617  6.213  -39.085  63.844 0.0000000000
109431  7.038  -38.983  63.945 0.0000000000
305743  5.020  -38.029  73.992 0.0000000000
112247  5.044  -37.658  73.588 0.0000000000
283005  4.942  -37.315  73.789 0.0000000000
312937  15.865  -31.865  74.436 0.0000000000
122952  15.644  -31.857  73.820 0.0000000000
122953  15.205  -31.953  74.286 0.0000000000
112233  4.797  -37.970  74.981 0.0000000000
110746  4.871  -38.269  74.551 0.0000000000
121486  5.294  -32.535  67.909 0.0000000000
120011  5.865  -32.796  67.917 0.0000000000
121504  5.380  -32.504  67.436 0.0000000000
140982  6.803  -24.730  64.784 0.0000000000
140999  7.385  -24.852  64.350 0.0000000000
141015  7.264  -24.834  63.841 0.0000000000
305405  7.406  -25.382  62.975 0.0000000000
141016  6.702  -24.737  63.447 0.0000000000
119876  5.370  -33.731  74.894 0.0000000000
124389  13.399  -31.640  77.306 0.0000000000
122891  13.161  -32.112  76.793 0.0000000000
124390  12.799  -31.884  77.187 0.0000000000
119831  9.656  -33.996  77.025 0.0000000000
118264  9.863  -34.221  76.531 0.0000000000
118277  9.572  -34.683  76.423 0.0000000000
116731  9.840  -34.975  76.123 0.0000000000
116732  9.197  -35.077  76.275 0.0000000000
116733  8.742  -35.262  76.620 0.0000000000
116719  8.629  -34.988  77.050 0.0000000000
119855  5.843  -33.651  75.847 0.0000000000
271705  5.810  -34.019  76.332 0.0000000000
119856  5.450  -34.210  75.933 0.0000000000
118289  5.287  -34.810  75.895 0.0000000000
136104  2.521  -26.808  69.581 0.0000000000
136121  2.705  -26.512  68.544 0.0000000000
137765  2.746  -26.004  68.839 0.0000000000
144949  3.626  -22.949  70.104 0.0000000000
143679  4.093  -23.552  69.407 0.0000000000
295771  3.876  -22.794  69.329 0.0000000000
143685  4.579  -23.166  69.005 0.0000000000
144955  3.845  -22.421  69.100 0.0000000000
104885  3.347  -41.067  71.942 0.0000000000
106377  3.308  -40.399  72.376 0.0000000000
115215  4.884  -35.911  71.519 0.0000000000
115228  5.031  -36.182  70.941 0.0000000000
116828  5.046  -35.401  71.026 0.0000000000
279932  5.083  -34.949  70.590 0.0000000000
122981  4.536  -32.799  72.386 0.0000000000
121412  4.118  -33.406  72.455 0.0000000000
127592  3.329  -30.566  70.914 0.0000000000
301266  3.137  -30.096  70.527 0.0000000000
127612  2.706  -30.325  70.181 0.0000000000
129369  2.798  -29.168  70.191 0.0000000000
305170  3.237  -29.116  70.746 0.0000000000
110723  7.000  -38.011  75.763 0.0000000000
109237  6.846  -38.607  75.197 0.0000000000
110736  6.578  -38.454  75.614 0.0000000000
106308  4.986  -40.652  76.008 0.0000000000
106307  5.452  -40.610  75.827 0.0000000000
103192  3.524  -41.407  73.931 0.0000000000
313110  3.318  -41.255  73.229 0.0000000000
107948  5.899  -39.580  68.696 0.0000000000
106467  6.229  -39.910  68.651 0.0000000000
109353  6.297  -39.094  68.422 0.0000000000
322708  9.404  -35.726  66.778 0.0000000000
113767  9.146  -36.748  66.620 0.0000000000
116907  9.758  -35.828  66.433 0.0000000000
113765  9.934  -36.844  65.873 0.0000000000
284483  10.156  -35.759  66.061 0.0000000000
132871  6.444  -28.462  66.177 0.0000000000
284795  7.362  -29.387  66.222 0.0000000000
131142  7.658  -28.798  65.958 0.0000000000
127741  10.142  -30.658  62.793 0.0000000000
126132  10.752  -31.020  63.486 0.0000000000
124667  10.312  -31.830  62.890 0.0000000000
121578  9.955  -33.084  62.588 0.0000000000
290187  9.625  -32.608  62.470 0.0000000000
279442  8.915  -32.766  62.515 0.0000000000
124680  9.089  -32.123  62.474 0.0000000000
129520  5.815  -30.019  61.114 0.0000000000
127763  4.454  -30.424  61.651 0.0000000000
127764  4.168  -30.609  61.585 0.0000000000
148817  5.903  -20.408  69.441 0.0000000000
150305  5.151  -19.571  68.727 0.0000000000
150325  4.530  -19.496  68.212 0.0000000000
317161  4.897  -19.388  68.365 0.0000000000
279871  4.154  -20.349  62.406 0.0000000000
150438  4.484  -19.687  63.203 0.0000000000
292421  3.929  -20.132  62.895 0.0000000000
147561  3.832  -20.852  63.247 0.0000000000
147583  3.791  -21.298  62.281 0.0000000000
145020  3.851  -22.536  62.378 0.0000000000
310807  3.826  -22.112  61.362 0.0000000000
124414  6.938  -32.450  75.498 0.0000000000
124431  6.958  -32.460  74.989 0.0000000000
269714  7.720  -31.881  75.026 0.0000000000
125963  9.347  -31.107  73.781 0.0000000000
127495  12.262  -30.332  77.226 0.0000000000
316117  11.692  -30.889  77.402 0.0000000000
311289  11.420  -30.619  77.217 0.0000000000
125910  9.712  -31.034  77.228 0.0000000000
309800  10.145  -31.221  77.571 0.0000000000
124377  9.565  -31.709  77.993 0.0000000000
121329  9.680  -33.052  77.825 0.0000000000
301425  8.727  -32.224  78.107 0.0000000000
121331  8.154  -33.153  78.024 0.0000000000
124379  8.457  -31.926  77.775 0.0000000000
124412  7.932  -31.609  76.054 0.0000000000
124395  7.636  -31.873  76.934 0.0000000000
124405  7.146  -32.487  76.102 0.0000000000
122914  6.896  -32.880  76.192 0.0000000000
315392  2.583  -24.664  71.452 0.0000000000
143658  2.711  -23.088  71.579 0.0000000000
144930  3.089  -22.575  71.738 0.0000000000
144938  2.741  -22.644  71.138 0.0000000000
146161  3.987  -22.079  72.019 0.0000000000
109268  3.772  -39.485  72.963 0.0000000000
293607  4.300  -39.079  72.862 0.0000000000
288346  4.615  -37.202  72.487 0.0000000000
112255  4.405  -37.748  72.093 0.0000000000
113681  4.564  -36.737  72.217 0.0000000000
292187  4.482  -36.206  72.243 0.0000000000
286585  5.509  -30.619  71.035 0.0000000000
126010  5.178  -31.085  71.378 0.0000000000
129349  5.056  -29.353  70.661 0.0000000000
131042  4.813  -28.923  70.754 0.0000000000
132774  4.539  -28.582  71.064 0.0000000000
112212  5.010  -37.864  76.508 0.0000000000
110726  5.201  -38.654  76.161 0.0000000000
109230  4.779  -39.280  75.610 0.0000000000
300629  4.904  -39.868  75.403 0.0000000000
107828  4.704  -40.301  75.347 0.0000000000
320707  4.754  -39.865  75.113 0.0000000000
109250  4.629  -39.050  74.132 0.0000000000
107854  4.516  -39.669  74.227 0.0000000000
296773  4.309  -39.921  73.655 0.0000000000
115286  6.451  -35.863  68.381 0.0000000000
113734  6.422  -36.438  68.199 0.0000000000
115285  6.581  -35.825  68.234 0.0000000000
118435  7.184  -33.970  67.933 0.0000000000
118418  7.366  -34.615  67.945 0.0000000000
118434  7.765  -34.366  67.947 0.0000000000
296635  8.367  -34.892  67.878 0.0000000000
120007  8.116  -33.994  67.706 0.0000000000
137812  7.383  -26.126  66.224 0.0000000000
136162  7.918  -26.609  66.182 0.0000000000
292410  8.244  -26.401  65.832 0.0000000000
136197  8.964  -26.632  63.847 0.0000000000
134557  9.317  -27.195  63.824 0.0000000000
134562  9.774  -27.805  63.146 0.0000000000
131179  10.138  -28.849  63.263 0.0000000000
132915  9.338  -28.258  62.579 0.0000000000
129497  9.160  -29.526  62.151 0.0000000000
132923  8.830  -28.451  62.320 0.0000000000
136221  7.080  -27.099  62.030 0.0000000000
134583  7.274  -27.681  62.209 0.0000000000
134584  6.674  -27.669  61.954 0.0000000000
131204  6.394  -28.641  61.607 0.0000000000
134585  6.316  -27.568  61.525 0.0000000000
148954  5.425  -20.569  61.886 0.0000000000
148972  5.460  -20.854  61.425 0.0000000000
146296  4.648  -21.882  60.216 0.0000000000
146295  5.220  -21.779  60.119 0.0000000000
115156  4.587  -36.296  74.689 0.0000000000
116762  5.018  -35.498  74.749 0.0000000000
119882  5.366  -33.717  74.118 0.0000000000
121401  5.139  -33.471  72.886 0.0000000000
311613  5.259  -33.266  72.953 0.0000000000
124457  6.492  -32.497  73.916 0.0000000000
124444  6.114  -32.595  74.331 0.0000000000
315792  6.228  -32.433  73.516 0.0000000000
124509  6.219  -32.210  72.102 0.0000000000
125994  5.988  -31.723  71.661 0.0000000000
122926  14.393  -32.210  75.747 0.0000000000
121363  13.433  -32.771  75.602 0.0000000000
319904  12.944  -32.902  75.885 0.0000000000
122894  11.728  -32.574  77.146 0.0000000000
122893  11.987  -32.392  77.162 0.0000000000
121339  11.523  -32.929  76.822 0.0000000000
119854  11.123  -34.334  76.130 0.0000000000
119842  11.190  -33.720  76.061 0.0000000000
118286  11.244  -34.502  75.717 0.0000000000
119865  11.618  -34.286  75.456 0.0000000000
118296  10.889  -34.750  75.273 0.0000000000
116750  10.640  -35.082  74.902 0.0000000000
116761  9.915  -35.331  74.684 0.0000000000
113606  7.829  -36.322  76.060 0.0000000000
113607  7.428  -36.885  76.175 0.0000000000
112220  7.306  -37.497  75.865 0.0000000000
119822  7.398  -33.943  77.974 0.0000000000
116708  7.411  -34.918  77.933 0.0000000000
116709  7.023  -34.950  77.980 0.0000000000
115100  5.998  -35.688  77.117 0.0000000000
115099  6.514  -35.811  77.363 0.0000000000
115114  6.003  -36.249  77.093 0.0000000000
113603  6.454  -36.767  76.891 0.0000000000
113604  5.739  -36.889  76.942 0.0000000000
112211  5.673  -37.582  76.776 0.0000000000
287654  5.168  -36.390  76.763 0.0000000000
115130  4.597  -36.176  75.863 0.0000000000
115145  4.515  -36.519  75.363 0.0000000000
113613  4.625  -37.088  75.417 0.0000000000
129408  3.622  -29.589  67.920 0.0000000000
129423  4.090  -29.923  67.719 0.0000000000
131133  3.996  -29.317  67.331 0.0000000000
136128  4.034  -26.789  67.972 0.0000000000
134488  4.298  -27.585  67.279 0.0000000000
136152  4.796  -27.455  67.079 0.0000000000
134503  5.162  -27.825  66.884 0.0000000000
136139  4.848  -26.969  67.210 0.0000000000
140898  2.755  -24.334  69.744 0.0000000000
139357  3.459  -25.673  69.166 0.0000000000
139356  3.971  -25.114  69.135 0.0000000000
142382  5.101  -24.506  68.731 0.0000000000
140923  4.733  -25.228  68.741 0.0000000000
139377  5.335  -25.810  67.833 0.0000000000
295892  5.312  -26.200  67.586 0.0000000000
139376  5.642  -25.745  67.468 0.0000000000
300797  5.978  -25.854  66.963 0.0000000000
290226  5.876  -25.156  67.143 0.0000000000
143694  5.788  -23.200  67.856 0.0000000000
142407  5.912  -23.765  67.450 0.0000000000
143693  6.075  -23.358  67.254 0.0000000000
143706  6.297  -23.410  66.251 0.0000000000
144970  5.976  -22.938  66.821 0.0000000000
130943  12.222  -29.446  74.444 0.0000000000
130962  12.282  -29.351  73.974 0.0000000000
130961  12.768  -29.208  73.711 0.0000000000
122935  17.372  -31.855  75.065 0.0000000000
124440  17.254  -31.778  74.587 0.0000000000
270451  16.875  -31.820  74.717 0.0000000000
124425  16.839  -31.861  75.389 0.0000000000
124368  17.839  -31.762  77.681 0.0000000000
317555  18.448  -31.726  77.882 0.0000000000
319463  17.776  -31.865  77.261 0.0000000000
271672  18.222  -31.951  76.929 0.0000000000
122888  17.630  -31.873  76.993 0.0000000000
122906  17.570  -31.828  76.483 0.0000000000
122889  17.096  -31.831  77.011 0.0000000000
122908  16.655  -31.828  76.749 0.0000000000
273450  16.295  -31.789  76.541 0.0000000000
125897  15.696  -31.455  77.658 0.0000000000
125906  15.129  -31.478  77.405 0.0000000000
125907  14.410  -31.196  77.496 0.0000000000
125898  14.966  -31.044  77.640 0.0000000000
129234  15.274  -29.577  76.759 0.0000000000
129222  14.352  -29.868  77.283 0.0000000000
127493  14.020  -30.214  77.595 0.0000000000
129223  13.810  -29.871  77.155 0.0000000000
302431  13.216  -29.928  77.020 0.0000000000
129236  13.617  -29.638  76.509 0.0000000000
130925  13.054  -29.227  75.120 0.0000000000
130908  12.697  -29.482  75.613 0.0000000000
130926  12.380  -29.450  75.028 0.0000000000
129266  11.927  -29.779  74.849 0.0000000000
311557  4.895  -42.622  71.596 0.0000000000
293565  3.517  -40.505  70.838 0.0000000000
103299  4.817  -41.327  70.963 0.0000000000
295553  4.450  -40.267  70.599 0.0000000000
106435  4.996  -39.967  69.564 0.0000000000
107922  5.033  -39.661  69.981 0.0000000000
293696  3.423  -38.722  71.772 0.0000000000
304829  3.335  -39.247  71.749 0.0000000000
286055  3.563  -38.434  71.757 0.0000000000
113704  5.169  -36.970  70.380 0.0000000000
305790  4.980  -38.225  70.774 0.0000000000
317823  5.297  -37.533  70.189 0.0000000000
113703  5.366  -37.123  69.925 0.0000000000
113712  5.895  -36.604  69.202 0.0000000000
113713  5.628  -36.700  69.698 0.0000000000
118394  5.237  -34.134  69.596 0.0000000000
118393  5.836  -34.348  69.213 0.0000000000
119967  5.403  -33.620  69.005 0.0000000000
119980  5.478  -33.312  68.559 0.0000000000
119981  4.846  -33.041  68.738 0.0000000000
302174  4.733  -35.776  73.329 0.0000000000
317387  4.559  -36.384  73.270 0.0000000000
116778  4.577  -35.041  72.836 0.0000000000
119909  3.935  -33.796  72.407 0.0000000000
118337  4.265  -34.068  72.357 0.0000000000
118348  4.068  -34.058  72.164 0.0000000000
279220  3.984  -33.945  71.763 0.0000000000
124523  4.108  -31.518  71.649 0.0000000000
124534  3.142  -31.843  70.845 0.0000000000
123002  3.183  -32.144  71.297 0.0000000000
272761  3.198  -32.775  70.804 0.0000000000
119946  3.705  -33.663  70.744 0.0000000000
121441  3.376  -33.365  70.312 0.0000000000
119957  3.880  -33.481  70.083 0.0000000000
121454  3.467  -33.240  69.601 0.0000000000
269759  2.947  -31.335  69.016 0.0000000000
124561  3.196  -32.152  68.838 0.0000000000
124576  3.636  -31.949  68.442 0.0000000000
270032  3.435  -31.456  68.458 0.0000000000
127635  3.294  -30.565  68.276 0.0000000000
127628  2.862  -30.230  68.546 0.0000000000
132799  2.586  -28.254  69.676 0.0000000000
134451  2.545  -27.606  69.664 0.0000000000
134431  2.773  -27.517  70.557 0.0000000000
122946  14.129  -32.385  74.644 0.0000000000
121379  13.917  -32.244  74.014 0.0000000000
121388  13.450  -32.765  73.714 0.0000000000
301762  6.799  -39.119  74.578 0.0000000000
109258  7.104  -38.996  74.200 0.0000000000
109239  5.829  -39.378  75.849 0.0000000000
99958  4.559  -42.588  72.739 0.0000000000
103365  6.965  -41.170  68.819 0.0000000000
101689  6.644  -41.829  69.195 0.0000000000
103340  7.044  -41.608  68.911 0.0000000000
103363  7.622  -41.702  68.401 0.0000000000
299335  7.390  -37.658  67.769 0.0000000000
110860  7.375  -38.435  67.954 0.0000000000
110859  7.850  -38.078  67.520 0.0000000000
297293  9.176  -39.376  66.871 0.0000000000
107975  8.556  -39.552  67.140 0.0000000000
106486  8.605  -40.078  67.019 0.0000000000
103384  8.468  -41.205  67.357 0.0000000000
314105  9.803  -40.025  66.164 0.0000000000
110924  10.191  -38.210  64.735 0.0000000000
108006  9.986  -39.359  64.944 0.0000000000
109426  10.071  -38.626  64.455 0.0000000000
108016  9.256  -39.327  64.182 0.0000000000
110937  9.339  -38.225  63.903 0.0000000000
278454  5.413  -31.092  66.803 0.0000000000
308426  5.868  -31.753  66.496 0.0000000000
294811  6.602  -31.595  65.823 0.0000000000
126076  8.101  -31.409  65.866 0.0000000000
124620  7.444  -31.862  65.582 0.0000000000
123088  8.400  -32.181  66.334 0.0000000000
123070  8.745  -32.635  66.751 0.0000000000
123087  9.089  -32.262  66.237 0.0000000000
132883  9.101  -28.448  65.892 0.0000000000
131154  9.080  -28.931  66.020 0.0000000000
129469  9.888  -29.394  65.580 0.0000000000
276250  10.775  -32.157  64.522 0.0000000000
126103  10.641  -31.385  64.967 0.0000000000
123105  10.536  -32.501  65.076 0.0000000000
121529  10.411  -32.943  65.422 0.0000000000
311471  10.689  -33.626  65.177 0.0000000000
118474  10.730  -34.699  64.982 0.0000000000
312579  10.816  -34.027  64.383 0.0000000000
118512  9.921  -34.788  63.111 0.0000000000
323235  10.014  -35.372  63.410 0.0000000000
314365  9.007  -35.960  63.294 0.0000000000
113850  8.990  -36.762  63.440 0.0000000000
115389  8.601  -36.199  63.240 0.0000000000
113852  7.431  -36.707  63.152 0.0000000000
272748  8.060  -35.781  63.110 0.0000000000
120096  7.376  -33.951  62.685 0.0000000000
301096  6.122  -34.355  62.815 0.0000000000
126154  7.690  -30.840  61.681 0.0000000000
281044  7.817  -31.527  61.873 0.0000000000
126155  7.273  -31.350  61.642 0.0000000000
124698  4.636  -32.008  61.879 0.0000000000
272348  5.754  -32.570  61.951 0.0000000000
121600  4.949  -32.975  62.137 0.0000000000
120129  4.950  -33.961  61.455 0.0000000000
275973  5.388  -20.683  70.608 0.0000000000
148802  4.710  -20.522  70.184 0.0000000000
148803  4.091  -20.928  70.292 0.0000000000
148819  3.858  -20.568  69.787 0.0000000000
274873  3.589  -21.353  68.998 0.0000000000
147505  3.652  -21.217  66.984 0.0000000000
312100  4.217  -21.726  67.398 0.0000000000
146204  4.156  -21.529  66.615 0.0000000000
144977  5.233  -22.143  66.107 0.0000000000
146210  4.037  -21.426  65.967 0.0000000000
151979  5.281  -19.214  65.374 0.0000000000
151958  4.863  -18.754  66.130 0.0000000000
151959  4.371  -18.578  66.363 0.0000000000
279797  3.832  -19.298  66.702 0.0000000000
150382  2.729  -19.399  65.487 0.0000000000
146231  3.960  -21.773  63.972 0.0000000000
147547  3.872  -21.156  64.468 0.0000000000
309380  4.325  -21.864  64.292 0.0000000000
144991  4.676  -22.203  64.521 0.0000000000
143731  4.677  -23.420  63.836 0.0000000000
142485  5.011  -24.397  63.317 0.0000000000
274660  4.831  -24.316  63.146 0.0000000000
139479  4.478  -25.323  61.367 0.0000000000
139478  4.919  -25.521  61.509 0.0000000000
139495  4.935  -26.080  61.151 0.0000000000
136229  5.191  -26.975  60.721 0.0000000000
136230  4.781  -26.544  60.416 0.0000000000
142529  3.973  -23.925  60.066 0.0000000000
125922  8.452  -31.560  75.734 0.0000000000
125933  8.289  -31.493  75.100 0.0000000000
125942  8.830  -31.456  74.942 0.0000000000
125950  9.320  -31.205  74.402 0.0000000000
127543  9.795  -30.758  73.481 0.0000000000
127507  11.430  -30.474  76.261 0.0000000000
272071  11.166  -30.516  76.910 0.0000000000
127502  10.505  -30.962  76.441 0.0000000000
125914  10.096  -30.949  76.714 0.0000000000
125911  9.101  -31.078  77.066 0.0000000000
124402  8.638  -31.414  76.790 0.0000000000
125916  8.988  -31.065  76.476 0.0000000000
125921  8.926  -31.226  75.970 0.0000000000
109446  6.133  -38.681  63.374 0.0000000000
110960  6.293  -37.903  63.043 0.0000000000
110766  4.660  -38.676  73.279 0.0000000000
280008  4.955  -38.096  73.395 0.0000000000
113645  4.517  -36.646  72.883 0.0000000000
112223  4.703  -38.230  75.497 0.0000000000
109240  4.718  -38.870  74.682 0.0000000000
118421  5.910  -33.695  68.625 0.0000000000
118420  6.669  -34.257  68.346 0.0000000000
119993  6.294  -33.399  68.228 0.0000000000
120010  6.545  -33.100  67.974 0.0000000000
121502  6.598  -32.675  67.476 0.0000000000
140967  7.235  -25.241  65.508 0.0000000000
137822  8.201  -25.981  65.418 0.0000000000
139417  7.981  -25.450  65.039 0.0000000000
137842  8.520  -26.025  63.941 0.0000000000
137851  8.705  -26.339  63.161 0.0000000000
136214  8.349  -26.841  62.267 0.0000000000
137861  8.191  -26.270  62.543 0.0000000000
275092  7.509  -26.130  62.221 0.0000000000
137863  6.342  -25.940  62.256 0.0000000000
118297  5.125  -35.076  75.351 0.0000000000
306127  5.222  -34.882  74.775 0.0000000000
270227  5.272  -34.406  75.032 0.0000000000
121382  5.539  -33.311  74.581 0.0000000000
124476  6.571  -32.445  73.270 0.0000000000
125992  7.513  -31.855  71.654 0.0000000000
126007  7.264  -31.464  71.111 0.0000000000
122909  14.147  -32.108  76.241 0.0000000000
122910  13.518  -32.339  76.376 0.0000000000
122911  12.861  -32.589  76.486 0.0000000000
121352  12.476  -32.884  76.389 0.0000000000
288741  10.849  -33.172  77.156 0.0000000000
121340  11.116  -33.206  76.815 0.0000000000
119829  10.711  -33.470  76.605 0.0000000000
119844  10.455  -34.057  76.401 0.0000000000
118288  10.311  -34.680  75.907 0.0000000000
269928  8.216  -35.974  76.175 0.0000000000
115112  7.846  -36.077  76.548 0.0000000000
119833  6.693  -34.047  77.154 0.0000000000
118257  6.836  -34.605  77.802 0.0000000000
118279  6.105  -34.601  76.700 0.0000000000
116734  5.832  -35.201  76.697 0.0000000000
116735  5.375  -35.320  76.292 0.0000000000
116744  4.987  -35.564  75.846 0.0000000000
132827  2.984  -28.109  68.221 0.0000000000
132840  3.659  -28.385  67.817 0.0000000000
134477  3.160  -27.523  68.306 0.0000000000
136129  3.402  -26.983  68.435 0.0000000000
140897  3.819  -24.552  69.661 0.0000000000
142375  4.153  -24.168  69.612 0.0000000000
142383  4.721  -24.014  69.195 0.0000000000
318053  5.333  -24.079  68.468 0.0000000000
140935  5.399  -24.424  67.983 0.0000000000
142394  5.527  -23.670  68.304 0.0000000000
143689  5.270  -23.002  68.426 0.0000000000
144959  4.889  -22.320  68.292 0.0000000000
122923  17.459  -31.907  75.790 0.0000000000
124386  16.033  -31.685  77.317 0.0000000000
273558  13.851  -29.237  75.871 0.0000000000
101609  4.388  -41.968  72.673 0.0000000000
101624  4.632  -42.045  71.961 0.0000000000
301601  3.563  -41.346  71.848 0.0000000000
318876  3.338  -40.110  70.991 0.0000000000
292126  4.558  -37.391  72.050 0.0000000000
112269  4.135  -38.049  72.042 0.0000000000
292738  4.845  -37.311  71.488 0.0000000000
113696  5.034  -36.846  70.869 0.0000000000
115241  5.190  -36.443  70.584 0.0000000000
116852  5.653  -35.488  69.974 0.0000000000
116853  5.360  -34.840  70.168 0.0000000000
304715  4.848  -33.840  69.745 0.0000000000
119894  4.820  -33.933  72.773 0.0000000000
322038  4.425  -34.279  72.497 0.0000000000
306764  3.941  -33.714  72.436 0.0000000000
121423  3.801  -33.542  72.359 0.0000000000
127591  4.207  -30.495  71.035 0.0000000000
126012  3.770  -31.071  71.232 0.0000000000
126020  3.097  -31.352  70.745 0.0000000000
297257  2.891  -31.968  70.206 0.0000000000
308656  3.053  -32.511  69.813 0.0000000000
126028  2.661  -31.414  69.933 0.0000000000
126029  2.629  -30.766  69.732 0.0000000000
127629  2.822  -29.887  69.201 0.0000000000
129370  2.794  -29.366  69.519 0.0000000000
121389  12.805  -32.988  74.028 0.0000000000
119880  12.355  -33.511  73.619 0.0000000000
112241  7.444  -37.786  75.086 0.0000000000
109249  6.572  -39.028  75.017 0.0000000000
104810  4.143  -40.890  74.213 0.0000000000
306066  4.031  -41.303  74.581 0.0000000000
101593  3.852  -41.940  73.216 0.0000000000
288352  3.689  -41.765  72.896 0.0000000000
104949  5.602  -40.865  69.398 0.0000000000
318563  5.784  -41.608  69.621 0.0000000000
104966  6.051  -40.857  69.122 0.0000000000
104965  6.427  -40.775  68.919 0.0000000000
106465  7.025  -40.003  68.315 0.0000000000
113749  8.353  -36.674  67.406 0.0000000000
110874  8.302  -37.755  67.287 0.0000000000
112316  8.544  -37.226  67.202 0.0000000000
110892  9.308  -37.657  66.462 0.0000000000
110891  9.781  -38.353  66.461 0.0000000000
107987  10.040  -39.511  66.018 0.0000000000
282932  9.952  -37.850  66.098 0.0000000000
289909  10.136  -37.991  65.456 0.0000000000
113807  10.264  -37.017  64.563 0.0000000000
287994  6.137  -29.309  66.197 0.0000000000
127675  6.295  -30.666  66.241 0.0000000000
129439  6.521  -30.013  66.283 0.0000000000
275413  7.466  -30.579  65.964 0.0000000000
127673  8.039  -30.467  66.092 0.0000000000
129478  10.674  -29.447  63.957 0.0000000000
129468  10.305  -29.566  64.781 0.0000000000
127720  10.788  -30.529  64.187 0.0000000000
126117  10.886  -31.169  63.992 0.0000000000
123126  10.783  -32.409  63.866 0.0000000000
120054  10.786  -33.724  63.965 0.0000000000
277242  10.324  -33.610  63.001 0.0000000000
120092  9.893  -33.664  62.628 0.0000000000
278150  9.147  -34.718  62.968 0.0000000000
118514  8.140  -34.783  62.855 0.0000000000
120094  8.613  -33.968  62.695 0.0000000000
120095  8.075  -33.925  62.670 0.0000000000
121581  7.834  -33.404  62.449 0.0000000000
127761  6.534  -30.353  61.411 0.0000000000
127754  6.956  -30.870  61.482 0.0000000000
126166  6.166  -30.995  61.333 0.0000000000
124712  4.547  -31.540  61.825 0.0000000000
124714  3.997  -31.756  61.559 0.0000000000
288411  5.242  -20.190  69.518 0.0000000000
148837  4.268  -20.055  69.318 0.0000000000
147492  4.019  -20.913  68.453 0.0000000000
148852  4.154  -20.014  68.774 0.0000000000
148857  4.096  -20.277  67.828 0.0000000000
147499  3.495  -20.662  67.182 0.0000000000
152014  4.487  -19.485  64.127 0.0000000000
150399  3.626  -19.735  64.308 0.0000000000
297381  2.607  -19.601  64.993 0.0000000000
148911  3.054  -20.227  64.313 0.0000000000
302166  3.818  -21.458  63.497 0.0000000000
145008  4.008  -22.781  63.023 0.0000000000
285540  4.330  -23.638  62.973 0.0000000000
269601  3.948  -23.308  62.384 0.0000000000
295432  3.980  -23.952  61.930 0.0000000000
298094  3.828  -24.657  61.057 0.0000000000
121366  5.926  -33.268  75.579 0.0000000000
308214  5.739  -33.189  75.140 0.0000000000
122940  6.347  -32.628  75.227 0.0000000000
124443  6.730  -32.551  74.605 0.0000000000
317427  6.989  -32.668  74.171 0.0000000000
302133  8.099  -31.833  74.545 0.0000000000
124474  7.903  -32.011  73.231 0.0000000000
125900  13.045  -30.811  77.845 0.0000000000
125901  12.537  -30.994  77.667 0.0000000000
124374  11.743  -31.811  77.507 0.0000000000
277656  11.500  -32.382  77.533 0.0000000000
125908  10.917  -30.827  77.160 0.0000000000
125902  10.693  -31.241  77.569 0.0000000000
121327  10.845  -32.369  77.680 0.0000000000
121328  10.412  -33.204  77.541 0.0000000000
119819  9.326  -33.622  77.610 0.0000000000
119832  9.066  -34.149  77.293 0.0000000000
118266  8.840  -34.589  77.081 0.0000000000
119820  8.638  -33.673  77.778 0.0000000000
119821  8.026  -33.827  77.884 0.0000000000
121333  7.041  -33.476  77.765 0.0000000000
124394  8.278  -31.768  77.147 0.0000000000
122897  7.364  -32.362  77.226 0.0000000000
121344  6.769  -33.398  77.243 0.0000000000
121355  6.576  -33.246  76.504 0.0000000000
122915  6.305  -33.116  75.979 0.0000000000
139319  2.528  -25.521  71.023 0.0000000000
269389  2.572  -25.493  70.138 0.0000000000
276788  2.581  -24.865  70.242 0.0000000000
140882  2.643  -24.393  70.325 0.0000000000
142369  2.767  -24.002  70.204 0.0000000000
290129  2.724  -23.673  72.067 0.0000000000
286920  2.708  -23.716  70.721 0.0000000000
143672  3.225  -23.425  70.273 0.0000000000
144945  2.748  -22.629  70.673 0.0000000000
144944  2.717  -22.031  70.210 0.0000000000
109278  3.463  -38.937  72.417 0.0000000000
110790  3.493  -38.397  72.050 0.0000000000
282591  4.526  -38.129  72.628 0.0000000000
285917  3.712  -38.079  72.015 0.0000000000
112263  3.935  -38.001  71.987 0.0000000000
116816  4.857  -35.107  71.476 0.0000000000
124511  4.957  -31.892  72.345 0.0000000000
124512  4.558  -31.958  72.121 0.0000000000
129328  5.291  -29.947  70.808 0.0000000000
129351  3.834  -29.452  70.921 0.0000000000
131043  3.891  -28.945  70.970 0.0000000000
315075  6.376  -37.959  76.586 0.0000000000
110725  5.800  -38.765  76.261 0.0000000000
109228  5.532  -39.165  76.062 0.0000000000
295108  5.413  -39.652  75.906 0.0000000000
104758  4.699  -41.012  75.864 0.0000000000
106309  4.661  -40.702  75.660 0.0000000000
107842  4.574  -40.154  74.825 0.0000000000
106335  4.374  -40.662  74.583 0.0000000000
106350  4.192  -40.591  73.780 0.0000000000
284881  6.088  -38.251  68.704 0.0000000000
110847  6.536  -38.645  68.545 0.0000000000
112307  6.452  -36.962  68.021 0.0000000000
112306  6.810  -37.182  67.847 0.0000000000
113732  7.177  -36.491  67.822 0.0000000000
116877  6.837  -35.063  68.041 0.0000000000
115303  7.646  -35.559  67.828 0.0000000000
115302  8.137  -36.021  67.610 0.0000000000
288588  8.596  -35.703  67.569 0.0000000000
116891  8.763  -35.331  67.511 0.0000000000
118431  9.436  -34.655  67.040 0.0000000000
136164  6.722  -27.191  66.495 0.0000000000
132870  7.288  -28.259  66.184 0.0000000000
134518  7.914  -27.817  66.126 0.0000000000
309130  8.294  -27.519  66.030 0.0000000000
132890  9.190  -27.907  65.410 0.0000000000
136172  8.782  -26.975  65.159 0.0000000000
134544  9.439  -27.600  64.491 0.0000000000
131171  10.054  -28.516  64.266 0.0000000000
131170  10.313  -28.873  63.796 0.0000000000
131190  10.238  -29.412  63.065 0.0000000000
286119  9.772  -30.148  62.659 0.0000000000
126145  9.339  -31.460  62.313 0.0000000000
127742  9.324  -30.062  62.273 0.0000000000
127751  8.638  -30.111  61.872 0.0000000000
129507  8.230  -29.946  61.792 0.0000000000
307837  8.364  -28.020  62.175 0.0000000000
296728  7.715  -28.772  61.795 0.0000000000
129508  6.991  -29.602  61.610 0.0000000000
129509  6.455  -29.494  61.554 0.0000000000
322096  6.270  -29.035  61.512 0.0000000000
131215  5.741  -28.657  61.002 0.0000000000
148955  4.721  -20.471  62.055 0.0000000000
147597  4.149  -21.195  61.224 0.0000000000
277342  4.008  -21.988  60.738 0.0000000000
147607  4.350  -21.604  60.689 0.0000000000
297014  5.544  -22.349  59.124 0.0000000000
106530  7.482  -40.175  64.042 0.0000000000
113614  4.705  -37.009  74.333 0.0000000000
118319  4.984  -35.030  73.368 0.0000000000
116769  5.063  -34.953  74.167 0.0000000000
118318  5.142  -34.255  73.577 0.0000000000
122969  4.882  -33.137  72.619 0.0000000000
122942  5.674  -33.092  74.837 0.0000000000
122948  5.672  -33.149  74.252 0.0000000000
122956  5.632  -33.094  73.556 0.0000000000
124477  6.211  -32.476  73.025 0.0000000000
122967  5.706  -32.857  73.299 0.0000000000
124478  5.433  -32.648  72.793 0.0000000000
124494  5.067  -32.187  72.532 0.0000000000
126009  5.762  -31.260  71.254 0.0000000000
308925  5.987  -30.802  70.948 0.0000000000
270630  15.533  -31.814  75.562 0.0000000000
122937  14.886  -32.037  75.333 0.0000000000
122938  14.324  -32.393  75.189 0.0000000000
122939  13.773  -32.614  75.116 0.0000000000
122927  13.787  -32.466  75.922 0.0000000000
270663  13.273  -32.824  75.100 0.0000000000
121381  12.829  -33.016  74.747 0.0000000000
119875  12.038  -33.901  74.589 0.0000000000
124391  12.365  -32.178  77.155 0.0000000000
122912  12.290  -32.662  76.665 0.0000000000
121354  11.281  -33.304  76.382 0.0000000000
119841  11.591  -33.399  76.017 0.0000000000
119852  11.756  -33.582  75.570 0.0000000000
118294  11.729  -34.367  74.877 0.0000000000
118307  11.278  -34.473  74.482 0.0000000000
116751  10.235  -35.219  75.077 0.0000000000
318578  7.790  -36.847  75.410 0.0000000000
112231  7.323  -37.616  75.482 0.0000000000
112221  7.004  -37.885  76.266 0.0000000000
118267  8.390  -34.683  77.370 0.0000000000
115097  7.798  -35.706  77.201 0.0000000000
317465  7.378  -36.130  77.087 0.0000000000
116722  6.785  -35.257  77.715 0.0000000000
115098  7.049  -35.826  77.564 0.0000000000
113602  7.055  -36.918  76.630 0.0000000000
300485  4.560  -36.566  76.379 0.0000000000
306623  4.503  -37.317  76.184 0.0000000000
295051  4.759  -37.405  74.913 0.0000000000
126063  4.357  -31.380  67.775 0.0000000000
124604  5.153  -32.029  66.976 0.0000000000
275238  4.906  -30.838  67.049 0.0000000000
127677  5.082  -30.486  66.952 0.0000000000
129441  5.422  -29.840  66.823 0.0000000000
132839  4.242  -28.094  67.283 0.0000000000
132856  4.748  -28.382  66.988 0.0000000000
307511  5.483  -28.765  66.751 0.0000000000
131130  5.554  -28.456  66.718 0.0000000000
132854  5.515  -28.165  66.712 0.0000000000
134501  6.092  -27.491  66.668 0.0000000000
318230  2.670  -25.498  69.319 0.0000000000
139369  3.663  -26.037  68.694 0.0000000000
137776  4.230  -26.278  68.123 0.0000000000
139367  4.855  -25.812  68.228 0.0000000000
137789  4.577  -26.663  67.539 0.0000000000
137788  5.029  -26.558  67.403 0.0000000000
137801  5.286  -26.833  67.172 0.0000000000
136149  6.185  -26.878  66.610 0.0000000000
137799  6.299  -26.243  66.501 0.0000000000
310428  6.761  -26.034  66.288 0.0000000000
139398  6.921  -25.679  66.092 0.0000000000
291851  5.747  -24.428  67.344 0.0000000000
140947  6.142  -24.575  66.745 0.0000000000
278033  6.427  -24.688  66.172 0.0000000000
142434  6.564  -24.366  65.806 0.0000000000
143712  6.513  -24.005  65.484 0.0000000000
127525  10.753  -30.459  74.734 0.0000000000
129269  10.813  -30.373  74.038 0.0000000000
129276  11.563  -29.904  73.957 0.0000000000
130963  11.844  -29.587  73.678 0.0000000000
124427  15.818  -31.839  75.153 0.0000000000
122887  18.960  -32.002  77.032 0.0000000000
122924  17.035  -31.889  75.809 0.0000000000
124387  15.205  -31.697  76.990 0.0000000000
124400  14.602  -31.799  76.604 0.0000000000
278244  13.973  -31.501  77.367 0.0000000000
125899  13.634  -31.046  77.696 0.0000000000
127490  15.817  -30.387  77.674 0.0000000000
127491  15.171  -30.256  77.626 0.0000000000
129221  14.926  -29.858  77.281 0.0000000000
127484  14.850  -30.547  77.795 0.0000000000
127485  13.587  -30.576  77.712 0.0000000000
127494  12.984  -30.409  77.429 0.0000000000
129224  12.575  -30.041  76.881 0.0000000000
129238  12.260  -29.897  76.467 0.0000000000
129247  13.124  -29.548  76.034 0.0000000000
129248  12.483  -29.701  76.074 0.0000000000
280250  12.038  -29.940  76.093 0.0000000000
301602  11.548  -30.074  75.867 0.0000000000
129249  11.131  -30.027  75.490 0.0000000000
103277  4.537  -41.555  71.604 0.0000000000
103276  5.081  -41.871  70.872 0.0000000000
103298  5.249  -41.698  70.244 0.0000000000
104967  5.371  -40.492  69.405 0.0000000000
106452  5.331  -40.098  69.146 0.0000000000
302325  5.434  -38.826  68.907 0.0000000000
106396  3.302  -39.913  71.660 0.0000000000
107887  3.341  -39.561  71.022 0.0000000000
107898  3.699  -39.459  70.900 0.0000000000
110812  4.388  -38.534  71.438 0.0000000000
110824  4.785  -38.722  70.854 0.0000000000
109315  4.775  -39.207  70.489 0.0000000000
296983  5.171  -38.749  70.090 0.0000000000
302284  5.146  -38.576  69.263 0.0000000000
110849  5.603  -38.552  68.810 0.0000000000
112288  5.981  -37.113  68.885 0.0000000000
115272  6.446  -35.234  68.676 0.0000000000
116851  5.982  -35.195  69.266 0.0000000000
118392  6.080  -34.690  69.047 0.0000000000
121487  4.838  -32.495  68.156 0.0000000000
113631  4.776  -36.878  73.540 0.0000000000
116791  4.484  -35.036  72.424 0.0000000000
115187  4.457  -36.039  72.418 0.0000000000
115201  4.516  -35.534  72.199 0.0000000000
292122  4.650  -35.275  71.884 0.0000000000
122991  4.327  -32.489  72.151 0.0000000000
122992  3.747  -32.673  71.981 0.0000000000
119921  3.517  -33.215  71.891 0.0000000000
273096  3.342  -32.633  71.604 0.0000000000
119934  3.651  -33.701  71.439 0.0000000000
119933  4.222  -33.970  71.236 0.0000000000
119956  4.476  -33.654  69.896 0.0000000000
123023  3.326  -32.820  69.326 0.0000000000
121464  3.599  -32.868  69.074 0.0000000000
121463  4.244  -32.734  69.019 0.0000000000
121476  4.338  -32.532  68.480 0.0000000000
123044  4.288  -32.211  68.137 0.0000000000
124591  4.101  -31.609  68.074 0.0000000000
126055  3.965  -31.039  67.874 0.0000000000
274571  3.647  -30.225  68.099 0.0000000000
285584  3.272  -29.276  68.194 0.0000000000
129383  2.816  -29.567  68.786 0.0000000000
283760  2.940  -29.271  68.491 0.0000000000
131095  3.037  -28.763  68.303 0.0000000000
311851  2.601  -27.844  68.882 0.0000000000
134409  3.087  -27.485  71.437 0.0000000000
279877  2.550  -26.201  70.964 0.0000000000
278358  14.539  -32.080  74.183 0.0000000000
122954  14.485  -32.094  73.621 0.0000000000
121387  13.930  -32.388  73.338 0.0000000000
107841  6.425  -39.453  74.738 0.0000000000
101672  6.371  -42.136  69.625 0.0000000000
109352  6.600  -39.271  68.243 0.0000000000
107945  6.900  -39.503  68.103 0.0000000000
107961  7.247  -39.915  67.957 0.0000000000
109366  7.656  -38.949  67.509 0.0000000000
319048  7.562  -39.682  67.490 0.0000000000
314453  7.667  -40.179  67.674 0.0000000000
103385  7.980  -41.499  67.908 0.0000000000
103399  8.467  -41.862  67.202 0.0000000000
106496  9.973  -39.931  65.629 0.0000000000
108018  8.062  -39.305  63.938 0.0000000000
123073  5.490  -32.247  66.844 0.0000000000
123092  6.193  -32.020  66.568 0.0000000000
123072  6.789  -32.128  66.805 0.0000000000
287002  7.110  -31.729  65.509 0.0000000000
123090  7.199  -32.061  65.907 0.0000000000
121500  8.004  -32.914  67.442 0.0000000000
121499  8.442  -32.948  67.311 0.0000000000
120005  9.270  -33.898  66.965 0.0000000000
120004  9.911  -34.172  66.627 0.0000000000
131141  8.487  -28.723  66.039 0.0000000000
129437  9.105  -29.868  66.148 0.0000000000
127671  9.390  -30.430  66.160 0.0000000000
127689  10.210  -30.548  65.444 0.0000000000
126090  10.122  -30.964  65.721 0.0000000000
124617  9.415  -31.631  66.070 0.0000000000
123086  9.598  -32.485  65.910 0.0000000000
120020  10.235  -33.755  66.053 0.0000000000
118445  10.417  -34.457  66.087 0.0000000000
116924  10.459  -35.539  65.568 0.0000000000
115354  10.456  -35.883  64.785 0.0000000000
278266  10.391  -36.484  64.224 0.0000000000
118493  10.721  -34.895  63.985 0.0000000000
113848  10.267  -36.440  63.727 0.0000000000
113830  9.862  -37.281  63.790 0.0000000000
112391  9.354  -37.272  63.608 0.0000000000
110938  8.609  -38.288  63.674 0.0000000000
110939  7.884  -38.276  63.757 0.0000000000
110957  7.484  -37.787  63.620 0.0000000000
112394  7.066  -37.265  63.268 0.0000000000
314456  6.413  -36.723  63.062 0.0000000000
124694  8.541  -31.692  62.158 0.0000000000
123155  7.858  -32.159  62.106 0.0000000000
121597  6.833  -33.132  62.241 0.0000000000
124696  6.206  -32.074  61.723 0.0000000000
123157  6.594  -32.603  61.944 0.0000000000
121583  6.350  -33.584  62.447 0.0000000000
120116  5.390  -34.264  62.491 0.0000000000
270563  4.342  -21.589  71.441 0.0000000000
146168  3.598  -21.764  70.795 0.0000000000
146177  2.739  -21.515  70.306 0.0000000000
147474  2.906  -21.005  70.043 0.0000000000
146182  2.689  -21.504  69.829 0.0000000000
146187  2.844  -21.732  69.208 0.0000000000
146192  4.011  -22.043  68.675 0.0000000000
146197  5.069  -22.105  67.660 0.0000000000
269366  3.986  -21.695  68.167 0.0000000000
144971  5.643  -22.370  67.302 0.0000000000
295961  5.557  -22.448  66.604 0.0000000000
144976  5.789  -22.765  65.964 0.0000000000
144989  5.711  -22.986  65.224 0.0000000000
148864  2.874  -20.036  66.785 0.0000000000
147506  2.824  -20.644  66.742 0.0000000000
148881  2.545  -19.998  65.670 0.0000000000
147518  2.788  -20.748  65.307 0.0000000000
147517  3.435  -20.890  65.771 0.0000000000
146220  4.850  -21.852  65.023 0.0000000000
144990  5.171  -22.567  64.805 0.0000000000
143729  5.549  -23.877  64.327 0.0000000000
141017  5.873  -24.560  63.197 0.0000000000
141038  5.738  -24.730  62.454 0.0000000000
139459  5.810  -25.458  62.083 0.0000000000
141040  4.886  -24.582  62.241 0.0000000000
139477  5.344  -25.542  61.796 0.0000000000
136224  5.916  -26.866  61.268 0.0000000000
134594  5.863  -27.722  61.187 0.0000000000
306736  5.414  -28.142  60.906 0.0000000000
131216  5.307  -28.600  60.666 0.0000000000
143788  3.869  -23.247  60.326 0.0000000000
286711  3.811  -24.598  60.399 0.0000000000
136242  4.159  -26.340  60.063 0.0000000000
134609  4.568  -27.457  60.011 0.0000000000
129537  5.341  -29.548  60.018 0.0000000000
103251  4.180  -41.495  72.413 0.0000000000
103319  6.251  -41.633  69.339 0.0000000000
103320  5.519  -41.464  69.695 0.0000000000
103341  6.624  -41.346  68.991 0.0000000000
103364  7.344  -41.325  68.603 0.0000000000
104932  4.519  -40.818  70.804 0.0000000000
104950  5.128  -41.114  69.948 0.0000000000
104951  5.017  -40.590  70.131 0.0000000000
104978  6.679  -40.424  68.662 0.0000000000
104979  6.226  -40.222  68.793 0.0000000000
104991  7.330  -40.394  68.188 0.0000000000
104999  8.814  -40.957  66.918 0.0000000000
105008  9.357  -40.882  65.834 0.0000000000
106364  3.358  -40.673  73.197 0.0000000000
106410  3.499  -39.913  70.656 0.0000000000
106451  5.718  -39.934  68.873 0.0000000000
106466  6.458  -39.919  68.490 0.0000000000
106487  8.218  -40.029  67.199 0.0000000000
106532  6.270  -39.967  64.116 0.0000000000
107933  5.292  -39.787  69.044 0.0000000000
107934  5.089  -39.678  69.179 0.0000000000
107947  6.231  -39.462  68.444 0.0000000000
107974  9.180  -39.951  66.741 0.0000000000
107976  7.985  -39.374  67.315 0.0000000000
107995  10.094  -39.351  65.435 0.0000000000
107996  9.904  -39.715  65.197 0.0000000000
108021  6.159  -39.447  63.858 0.0000000000
109304  4.367  -39.004  71.174 0.0000000000
109327  5.087  -39.271  69.686 0.0000000000
109338  5.599  -39.065  68.795 0.0000000000
109351  7.067  -39.108  67.990 0.0000000000
109354  5.847  -39.107  68.679 0.0000000000
109379  9.482  -38.916  66.709 0.0000000000
109380  8.843  -38.945  67.070 0.0000000000
109381  8.296  -39.057  67.340 0.0000000000
109396  10.129  -39.039  65.847 0.0000000000
109397  9.948  -38.971  66.305 0.0000000000
109415  10.150  -38.875  64.938 0.0000000000
109416  9.882  -39.113  64.515 0.0000000000
109427  9.690  -38.718  64.164 0.0000000000
109429  8.325  -38.809  63.755 0.0000000000
109430  7.581  -38.814  63.920 0.0000000000
109432  6.212  -38.772  63.743 0.0000000000
109433  5.982  -39.055  63.585 0.0000000000
109447  5.784  -38.967  63.156 0.0000000000
110835  5.322  -38.403  69.229 0.0000000000
110846  7.130  -38.589  68.245 0.0000000000
110848  6.013  -38.810  68.649 0.0000000000
110872  9.072  -38.323  66.800 0.0000000000
110873  8.726  -37.746  66.891 0.0000000000
110890  10.134  -38.493  65.914 0.0000000000
110909  10.230  -38.501  65.289 0.0000000000
110936  10.034  -38.112  64.202 0.0000000000
110940  7.163  -38.293  63.813 0.0000000000
110942  6.326  -38.387  63.335 0.0000000000
110956  8.244  -37.790  63.508 0.0000000000
110958  6.949  -37.925  63.547 0.0000000000
110959  6.429  -37.805  63.221 0.0000000000
112281  5.062  -37.534  70.697 0.0000000000
112289  5.785  -37.403  69.469 0.0000000000
112290  5.620  -37.869  69.816 0.0000000000
112296  6.417  -37.633  68.251 0.0000000000
112297  6.196  -37.254  68.349 0.0000000000
112298  5.978  -37.859  68.987 0.0000000000
112305  7.356  -37.060  67.625 0.0000000000
112315  8.906  -37.209  66.661 0.0000000000
112341  10.169  -37.529  64.978 0.0000000000
112375  10.051  -37.548  64.072 0.0000000000
112376  9.659  -37.705  63.864 0.0000000000
112377  8.953  -37.754  63.690 0.0000000000
112392  8.616  -37.277  63.455 0.0000000000
112395  6.442  -37.236  63.159 0.0000000000
113731  7.743  -36.615  67.585 0.0000000000
113733  6.642  -36.447  68.001 0.0000000000
113748  8.795  -36.733  67.041 0.0000000000
113766  9.556  -36.741  66.247 0.0000000000
113784  10.110  -36.944  65.291 0.0000000000
113829  10.116  -37.024  64.034 0.0000000000
113849  9.794  -36.790  63.586 0.0000000000
113851  7.884  -36.274  63.116 0.0000000000
113853  6.562  -36.760  63.103 0.0000000000
115271  6.062  -36.014  69.066 0.0000000000
115283  7.539  -36.081  67.772 0.0000000000
115300  9.071  -35.841  67.139 0.0000000000
115320  9.897  -36.282  66.062 0.0000000000
115321  9.397  -36.215  66.596 0.0000000000
115322  9.088  -36.363  66.976 0.0000000000
115370  10.510  -35.947  63.985 0.0000000000
115387  10.211  -35.902  63.591 0.0000000000
115388  9.280  -36.280  63.428 0.0000000000
116720  8.006  -35.076  77.469 0.0000000000
116866  6.510  -34.442  68.641 0.0000000000
116876  7.237  -35.095  67.960 0.0000000000
116890  9.238  -35.321  67.149 0.0000000000
116892  8.394  -35.306  67.817 0.0000000000
116906  10.283  -35.201  66.206 0.0000000000
116941  10.637  -35.243  64.945 0.0000000000
116958  10.558  -35.454  63.744 0.0000000000
116974  9.303  -35.226  63.167 0.0000000000
116976  8.019  -35.304  62.984 0.0000000000
118254  8.512  -34.282  77.572 0.0000000000
118256  7.173  -34.523  77.985 0.0000000000
118268  6.587  -34.627  77.113 0.0000000000
118275  10.684  -34.371  76.195 0.0000000000
118278  9.043  -34.823  76.692 0.0000000000
118430  10.042  -34.762  66.620 0.0000000000
118432  8.832  -34.833  67.475 0.0000000000
118433  8.326  -34.335  67.740 0.0000000000
118458  10.673  -34.428  65.467 0.0000000000
118492  10.803  -34.498  64.456 0.0000000000
118510  10.729  -34.271  63.966 0.0000000000
118513  8.645  -35.058  62.976 0.0000000000
118515  7.513  -34.909  62.864 0.0000000000
118533  8.338  -34.336  62.786 0.0000000000
118535  7.042  -34.516  62.758 0.0000000000
119830  10.209  -33.779  76.758 0.0000000000
119992  6.822  -33.773  68.120 0.0000000000
120009  7.033  -33.178  67.873 0.0000000000
120019  10.556  -33.406  65.593 0.0000000000
120021  9.618  -33.499  66.457 0.0000000000
120040  10.755  -34.107  64.957 0.0000000000
120069  10.591  -33.960  63.444 0.0000000000
120070  10.174  -34.158  62.985 0.0000000000
120071  9.592  -34.235  62.819 0.0000000000
120072  8.915  -34.281  62.817 0.0000000000
120093  9.201  -33.801  62.663 0.0000000000
120098  6.060  -33.945  62.782 0.0000000000
120099  5.563  -34.309  62.815 0.0000000000
120115  5.504  -33.833  62.686 0.0000000000
121332  7.566  -33.345  77.877 0.0000000000
121342  10.022  -33.586  77.381 0.0000000000
121343  7.145  -32.950  77.501 0.0000000000
121345  6.435  -33.589  76.778 0.0000000000
121356  6.127  -33.507  76.223 0.0000000000
121364  12.894  -32.877  76.018 0.0000000000
121372  12.823  -33.094  75.413 0.0000000000
121498  9.008  -33.228  66.889 0.0000000000
121501  7.276  -32.591  67.427 0.0000000000
121505  4.829  -32.270  67.787 0.0000000000
121516  9.947  -33.087  65.852 0.0000000000
121528  10.634  -33.139  65.076 0.0000000000
121552  10.774  -33.134  63.966 0.0000000000
121565  10.654  -33.399  63.464 0.0000000000
121566  10.335  -33.027  63.034 0.0000000000
121580  8.633  -33.450  62.521 0.0000000000
121582  7.065  -33.517  62.578 0.0000000000
121584  5.683  -33.499  62.582 0.0000000000
121598  6.104  -33.112  62.144 0.0000000000
121599  5.339  -32.991  62.163 0.0000000000
121601  5.027  -33.475  61.912 0.0000000000
121613  4.770  -33.314  61.239 0.0000000000
122880  9.275  -32.302  78.101 0.0000000000
122881  8.242  -32.450  78.030 0.0000000000
122896  7.895  -32.110  77.507 0.0000000000
122898  6.913  -32.775  76.940 0.0000000000
122930  5.983  -32.925  75.299 0.0000000000
122941  5.930  -32.833  74.980 0.0000000000
122947  5.829  -32.897  74.582 0.0000000000
122955  5.806  -32.920  73.980 0.0000000000
122968  5.360  -32.923  72.920 0.0000000000
123010  3.087  -32.364  70.495 0.0000000000
123045  3.859  -32.268  68.422 0.0000000000
123058  3.963  -31.899  68.266 0.0000000000
123071  7.523  -32.286  66.939 0.0000000000
123074  4.923  -32.308  67.201 0.0000000000
123089  7.712  -32.009  66.174 0.0000000000
123106  10.049  -32.522  65.498 0.0000000000
123143  10.134  -32.488  62.701 0.0000000000
123145  7.883  -32.808  62.169 0.0000000000
123146  7.407  -33.115  62.261 0.0000000000
123156  7.298  -32.635  62.086 0.0000000000
123158  4.852  -32.465  62.104 0.0000000000
123159  4.829  -32.739  61.882 0.0000000000
123170  4.469  -31.982  61.801 0.0000000000
124375  11.088  -31.782  77.679 0.0000000000
124376  10.289  -31.671  77.862 0.0000000000
124378  8.971  -31.762  77.968 0.0000000000
124392  9.249  -31.273  77.671 0.0000000000
124404  7.513  -31.843  76.360 0.0000000000
124413  7.530  -32.129  75.775 0.0000000000
124424  17.164  -31.838  74.972 0.0000000000
124430  7.425  -32.252  75.354 0.0000000000
124508  7.014  -32.039  72.152 0.0000000000
124605  4.625  -31.838  67.618 0.0000000000
124616  9.866  -31.955  65.740 0.0000000000
124618  8.678  -31.759  66.137 0.0000000000
124619  7.934  -31.822  65.798 0.0000000000
124621  4.938  -31.569  67.387 0.0000000000
124634  10.611  -31.856  64.993 0.0000000000
124635  10.326  -31.503  65.454 0.0000000000
124636  9.940  -31.386  65.861 0.0000000000
124647  10.879  -31.553  64.552 0.0000000000
124657  10.865  -31.789  64.073 0.0000000000
124666  10.738  -31.676  63.463 0.0000000000
124679  9.814  -31.969  62.473 0.0000000000
124697  5.191  -32.061  61.907 0.0000000000
124713  4.003  -31.498  61.757 0.0000000000
125903  9.762  -31.348  77.742 0.0000000000
125915  9.493  -30.963  76.635 0.0000000000
125917  8.460  -31.291  76.254 0.0000000000
125941  9.307  -31.393  75.045 0.0000000000
125951  8.936  -31.327  74.075 0.0000000000
126039  3.140  -30.883  68.495 0.0000000000
126047  3.491  -31.101  68.247 0.0000000000
126064  4.180  -30.914  67.801 0.0000000000
126074  9.677  -30.978  66.052 0.0000000000
126077  7.035  -31.414  65.448 0.0000000000
126078  5.991  -31.317  66.300 0.0000000000
126089  10.402  -30.957  65.172 0.0000000000
126133  10.502  -31.156  63.060 0.0000000000
126152  8.951  -30.408  62.015 0.0000000000
126167  5.215  -31.007  61.385 0.0000000000
126168  4.084  -31.074  61.650 0.0000000000
127487  12.000  -30.651  77.441 0.0000000000
127496  10.673  -30.823  76.763 0.0000000000
127499  11.921  -30.025  76.834 0.0000000000
127501  11.048  -30.754  76.428 0.0000000000
127503  9.996  -31.015  76.257 0.0000000000
127508  10.068  -30.938  75.916 0.0000000000
127517  10.379  -30.632  75.343 0.0000000000
127532  10.342  -30.556  73.756 0.0000000000
127622  2.693  -30.121  69.695 0.0000000000
127643  3.685  -30.822  68.094 0.0000000000
127656  4.493  -30.342  67.408 0.0000000000
127672  8.695  -30.437  66.200 0.0000000000
127674  6.928  -30.779  65.909 0.0000000000
127676  5.723  -30.583  66.680 0.0000000000
127690  9.953  -30.435  65.917 0.0000000000
127706  10.454  -30.370  64.839 0.0000000000
127721  10.711  -29.948  64.267 0.0000000000
127732  10.812  -30.091  63.803 0.0000000000
127733  10.618  -30.473  63.324 0.0000000000
127743  8.940  -29.961  62.034 0.0000000000
127752  8.383  -30.526  61.796 0.0000000000
127762  5.720  -30.592  61.165 0.0000000000
127772  5.463  -30.238  61.051 0.0000000000
129235  14.668  -29.657  76.752 0.0000000000
129239  11.796  -30.162  76.377 0.0000000000
129259  11.537  -29.921  75.207 0.0000000000
129260  11.126  -30.080  74.935 0.0000000000
129268  11.098  -30.246  74.293 0.0000000000
129278  10.818  -30.342  73.445 0.0000000000
129438  7.745  -29.939  66.134 0.0000000000
129442  4.847  -29.733  67.021 0.0000000000
129455  10.109  -30.020  65.488 0.0000000000
129457  9.387  -29.362  65.998 0.0000000000
129495  10.194  -30.046  63.041 0.0000000000
129506  8.650  -29.666  61.947 0.0000000000
129518  6.680  -29.896  61.539 0.0000000000
129519  6.114  -29.490  61.261 0.0000000000
129527  5.642  -29.650  60.494 0.0000000000
130944  11.840  -29.641  74.139 0.0000000000
131131  5.135  -28.607  66.845 0.0000000000
131143  6.897  -28.849  66.103 0.0000000000
131145  5.832  -28.765  66.404 0.0000000000
131146  5.186  -29.133  66.846 0.0000000000
131153  9.506  -28.880  65.708 0.0000000000
131162  10.287  -29.028  64.354 0.0000000000
131191  9.905  -28.984  62.833 0.0000000000
131201  8.075  -29.299  61.913 0.0000000000
131202  7.372  -29.174  61.733 0.0000000000
131203  6.668  -28.992  61.645 0.0000000000
131214  6.041  -28.758  61.248 0.0000000000
131227  5.182  -28.888  60.331 0.0000000000
132853  6.039  -28.024  66.590 0.0000000000
132857  4.194  -28.681  67.373 0.0000000000
132869  7.986  -28.321  65.994 0.0000000000
132872  5.898  -28.504  66.390 0.0000000000
132882  9.482  -28.449  65.400 0.0000000000
132889  9.665  -28.210  64.800 0.0000000000
132899  9.918  -27.987  64.132 0.0000000000
132914  9.882  -28.327  62.908 0.0000000000
132924  8.214  -28.658  62.126 0.0000000000
132925  7.659  -28.225  62.034 0.0000000000
132926  6.890  -28.065  62.039 0.0000000000
132927  6.124  -27.984  61.457 0.0000000000
134489  3.736  -27.822  67.807 0.0000000000
134502  5.503  -27.706  66.791 0.0000000000
134504  4.795  -27.918  67.005 0.0000000000
134519  7.384  -27.547  66.456 0.0000000000
134545  9.052  -27.383  65.041 0.0000000000
134556  9.712  -27.677  63.724 0.0000000000
134563  9.414  -27.439  63.322 0.0000000000
134570  9.502  -27.910  62.769 0.0000000000
134572  8.818  -27.171  62.521 0.0000000000
134581  8.948  -27.800  62.445 0.0000000000
134582  8.435  -27.423  62.230 0.0000000000
134595  4.843  -27.435  60.447 0.0000000000
134603  4.596  -28.098  60.349 0.0000000000
136150  5.647  -27.142  66.915 0.0000000000
136173  8.367  -26.980  65.895 0.0000000000
136185  8.517  -26.466  65.291 0.0000000000
136207  9.107  -26.932  63.106 0.0000000000
136223  6.256  -26.828  61.510 0.0000000000
136228  5.586  -27.192  61.017 0.0000000000
136236  4.444  -26.715  60.021 0.0000000000
137787  5.569  -26.327  67.377 0.0000000000
137811  7.950  -26.073  66.015 0.0000000000
137813  6.747  -26.556  66.298 0.0000000000
137831  8.373  -25.989  64.749 0.0000000000
137852  8.226  -25.864  63.243 0.0000000000
137860  8.697  -26.670  62.626 0.0000000000
137862  6.955  -26.161  62.107 0.0000000000
137869  7.747  -26.608  62.074 0.0000000000
137870  7.192  -26.478  62.023 0.0000000000
137871  6.629  -26.513  61.862 0.0000000000
137872  5.932  -26.175  61.758 0.0000000000
137879  5.417  -26.562  61.008 0.0000000000
137880  5.005  -26.402  60.783 0.0000000000
137881  3.997  -26.061  60.220 0.0000000000
139386  6.398  -25.712  66.379 0.0000000000
139406  7.907  -25.595  65.649 0.0000000000
139407  7.715  -25.279  65.524 0.0000000000
139418  7.806  -25.113  64.514 0.0000000000
139429  8.103  -25.541  64.316 0.0000000000
139430  7.772  -25.114  63.923 0.0000000000
139440  7.370  -25.051  63.399 0.0000000000
139457  7.727  -25.758  62.754 0.0000000000
139458  6.901  -25.125  62.923 0.0000000000
139460  5.363  -24.945  62.049 0.0000000000
139496  4.492  -25.774  61.160 0.0000000000
140922  5.206  -25.221  68.222 0.0000000000
140959  6.916  -25.321  65.782 0.0000000000
140968  6.850  -24.991  65.362 0.0000000000
141000  6.796  -24.630  64.133 0.0000000000
141018  5.214  -24.475  62.995 0.0000000000
141041  4.678  -24.676  62.127 0.0000000000
141056  5.242  -25.003  61.981 0.0000000000
141057  4.771  -24.950  61.828 0.0000000000
141058  4.434  -24.904  61.754 0.0000000000
141075  4.072  -25.062  61.183 0.0000000000
141088  3.707  -24.976  60.680 0.0000000000
142419  6.155  -23.954  66.994 0.0000000000
142449  6.534  -24.637  65.304 0.0000000000
142463  6.280  -24.403  64.924 0.0000000000
142474  6.122  -24.424  63.887 0.0000000000
142475  5.628  -24.237  64.048 0.0000000000
142476  5.244  -24.126  63.795 0.0000000000
142484  5.392  -24.421  63.596 0.0000000000
142486  4.661  -24.290  62.909 0.0000000000
142497  4.981  -24.484  62.877 0.0000000000
142498  4.677  -24.494  62.511 0.0000000000
142508  3.957  -24.446  61.531 0.0000000000
142538  4.007  -23.944  59.415 0.0000000000
143699  6.248  -23.543  66.750 0.0000000000
143705  6.659  -23.781  65.932 0.0000000000
143721  5.996  -23.743  64.966 0.0000000000
143722  5.354  -23.328  64.642 0.0000000000
143739  4.919  -23.981  63.524 0.0000000000
143740  4.725  -23.787  63.261 0.0000000000
143749  4.245  -24.021  62.539 0.0000000000
143761  3.829  -23.316  61.678 0.0000000000
143774  3.891  -23.292  61.020 0.0000000000
143805  3.952  -23.231  59.668 0.0000000000
144966  5.542  -22.573  67.849 0.0000000000
144997  4.797  -23.027  64.370 0.0000000000
144998  4.357  -22.719  64.110 0.0000000000
144999  4.096  -22.528  63.737 0.0000000000
145033  3.824  -22.643  61.835 0.0000000000
145046  3.854  -22.666  61.201 0.0000000000
145060  3.917  -22.680  60.568 0.0000000000
145073  4.744  -22.667  59.611 0.0000000000
146169  3.534  -22.245  71.239 0.0000000000
146209  4.676  -21.762  66.224 0.0000000000
146215  4.776  -21.775  65.620 0.0000000000
146216  4.152  -21.467  65.322 0.0000000000
146246  3.921  -22.053  63.324 0.0000000000
146283  3.887  -21.575  61.250 0.0000000000
146305  5.521  -22.067  59.600 0.0000000000
146308  4.072  -22.309  60.141 0.0000000000
146319  5.235  -22.431  59.334 0.0000000000
147462  3.578  -21.369  70.413 0.0000000000
147511  2.698  -20.738  66.128 0.0000000000
147531  3.693  -20.909  65.039 0.0000000000
147548  3.643  -20.860  64.011 0.0000000000
147572  3.880  -20.772  62.613 0.0000000000
147595  5.187  -21.151  61.036 0.0000000000
147596  4.626  -21.155  61.040 0.0000000000
147605  5.496  -21.428  60.575 0.0000000000
147606  4.923  -21.515  60.605 0.0000000000
147608  4.072  -21.563  60.940 0.0000000000
148816  6.621  -20.485  69.419 0.0000000000
148835  5.501  -19.937  69.071 0.0000000000
148896  2.628  -20.114  64.800 0.0000000000
148924  3.761  -20.308  63.620 0.0000000000
148939  5.298  -20.153  62.377 0.0000000000
148940  4.658  -20.028  62.574 0.0000000000
148941  4.169  -19.901  62.779 0.0000000000
148956  4.147  -20.756  61.793 0.0000000000
148974  4.465  -20.806  61.458 0.0000000000
150306  4.591  -19.675  68.820 0.0000000000
150347  2.697  -19.528  66.264 0.0000000000
150359  3.614  -19.461  65.987 0.0000000000
150400  2.816  -19.782  64.491 0.0000000000
150419  4.163  -19.697  63.636 0.0000000000
150439  4.060  -19.828  63.182 0.0000000000
150455  5.122  -19.829  62.762 0.0000000000
150456  4.512  -19.752  62.893 0.0000000000
151980  4.336  -19.173  65.638 0.0000000000
151996  4.867  -19.310  64.752 0.0000000000
151997  4.012  -19.543  64.820 0.0000000000
151998  2.889  -19.407  64.824 0.0000000000
268998  9.119  -27.000  64.498 0.0000000000
269313  8.417  -35.452  77.063 0.0000000000
269736  2.758  -29.013  68.943 0.0000000000
269834  6.004  -29.165  61.081 0.0000000000
269964  8.317  -33.688  67.548 0.0000000000
270580  6.393  -28.095  61.686 0.0000000000
271933  8.410  -29.882  66.180 0.0000000000
272622  7.361  -32.264  74.833 0.0000000000
273752  7.490  -41.071  68.343 0.0000000000
275068  10.512  -29.242  63.502 0.0000000000
275110  10.023  -37.395  65.689 0.0000000000
275355  2.630  -23.751  71.348 0.0000000000
275885  12.347  -31.678  77.405 0.0000000000
276051  7.124  -29.999  66.188 0.0000000000
276664  6.001  -32.438  67.011 0.0000000000
276790  3.771  -21.870  61.895 0.0000000000
277981  5.345  -27.665  60.859 0.0000000000
279608  7.960  -27.234  66.375 0.0000000000
279658  11.611  -30.243  77.092 0.0000000000
279940  9.535  -30.726  62.278 0.0000000000
280270  3.896  -23.976  60.821 0.0000000000
280568  10.791  -33.519  64.576 0.0000000000
280640  10.228  -36.471  64.980 0.0000000000
282716  6.613  -31.490  61.519 0.0000000000
284104  6.902  -36.278  63.019 0.0000000000
284221  11.951  -31.200  77.468 0.0000000000
284262  6.363  -25.173  62.407 0.0000000000
284363  7.047  -25.649  62.495 0.0000000000
285427  9.482  -35.791  63.370 0.0000000000
285723  7.725  -31.048  65.763 0.0000000000
286369  10.571  -34.935  65.561 0.0000000000
286730  6.618  -29.372  66.120 0.0000000000
287075  4.476  -27.850  59.936 0.0000000000
287967  3.865  -24.583  59.752 0.0000000000
288122  10.787  -34.961  64.503 0.0000000000
288205  8.449  -32.429  62.266 0.0000000000
288931  7.612  -29.760  61.771 0.0000000000
289686  11.845  -29.717  74.449 0.0000000000
290223  6.341  -24.530  64.467 0.0000000000
291119  4.393  -26.103  60.832 0.0000000000
293341  5.903  -41.273  69.321 0.0000000000
293364  6.521  -25.272  66.081 0.0000000000
293418  14.149  -29.666  76.801 0.0000000000
293593  6.440  -40.339  64.212 0.0000000000
293860  10.671  -32.875  63.497 0.0000000000
294740  8.997  -31.396  74.599 0.0000000000
294810  7.450  -31.531  65.380 0.0000000000
295393  8.148  -35.512  67.785 0.0000000000
295974  5.702  -29.245  66.673 0.0000000000
296231  7.421  -41.746  68.675 0.0000000000
297073  10.080  -36.508  65.573 0.0000000000
297190  3.874  -21.436  62.950 0.0000000000
297681  8.113  -25.589  63.757 0.0000000000
297951  8.303  -30.889  66.084 0.0000000000
298327  8.775  -29.336  66.102 0.0000000000
298509  6.730  -39.680  68.260 0.0000000000
298826  6.620  -28.459  61.766 0.0000000000
299392  8.249  -36.754  63.270 0.0000000000
300316  5.485  -32.481  67.122 0.0000000000
300815  8.760  -33.613  67.237 0.0000000000
301420  5.364  -22.726  58.877 0.0000000000
302504  4.277  -21.982  60.306 0.0000000000
302873  9.382  -28.881  62.485 0.0000000000
304835  5.391  -18.956  66.411 0.0000000000
305129  10.545  -30.514  75.745 0.0000000000
305371  9.236  -37.126  66.357 0.0000000000
305547  3.921  -20.797  62.095 0.0000000000
305679  6.613  -31.264  65.816 0.0000000000
306148  5.851  -28.396  61.185 0.0000000000
308559  11.874  -32.667  76.780 0.0000000000
309368  2.989  -30.397  70.517 0.0000000000
309412  3.820  -32.562  68.692 0.0000000000
309510  10.834  -30.647  63.727 0.0000000000
309875  8.275  -31.120  61.910 0.0000000000
309995  4.905  -36.605  71.302 0.0000000000
310336  5.540  -30.153  61.245 0.0000000000
310978  6.615  -24.935  65.757 0.0000000000
311710  9.333  -40.478  66.252 0.0000000000
312587  4.346  -29.659  67.195 0.0000000000
312606  7.914  -40.810  67.913 0.0000000000
313343  8.622  -34.644  62.867 0.0000000000
315010  5.020  -32.397  62.129 0.0000000000
315660  9.471  -32.080  65.954 0.0000000000
315708  7.817  -30.255  61.752 0.0000000000
315950  7.513  -32.255  73.424 0.0000000000
316037  5.880  -40.101  68.906 0.0000000000
316150  4.768  -18.328  66.563 0.0000000000
316348  6.580  -24.793  65.546 0.0000000000
317148  10.020  -35.536  66.376 0.0000000000
318177  5.903  -28.166  61.254 0.0000000000
318685  6.375  -31.771  66.172 0.0000000000
318783  10.949  -33.415  76.447 0.0000000000
318922  7.958  -32.607  67.262 0.0000000000
319015  7.904  -27.713  62.252 0.0000000000
319164  2.743  -29.720  69.659 0.0000000000
319849  10.110  -33.358  62.769 0.0000000000
320016  8.374  -31.872  74.122 0.0000000000
320388  9.980  -29.782  62.830 0.0000000000
320858  6.165  -38.298  63.057 0.0000000000
320894  10.802  -32.980  77.593 0.0000000000
321067  3.855  -24.283  61.280 0.0000000000
321142  4.151  -22.310  64.093 0.0000000000
321510  10.430  -35.029  63.511 0.0000000000
321773  4.894  -40.069  70.180 0.0000000000
322476  6.915  -33.471  68.011 0.0000000000
