#!ascii label  , from subject sub-v2s5x29559_ses-1 vox2ras=TkReg
1916
124612  19.243  -31.485  65.883 0.0000000000
308358  29.015  -35.416  71.031 0.0000000000
152294  36.242  -19.369  48.429 0.0000000000
139599  28.251  -25.608  56.661 0.0000000000
127703  29.584  -30.040  65.395 0.0000000000
174094  48.586  -8.770  42.282 0.0000000000
150652  36.952  -19.741  52.876 0.0000000000
150694  31.854  -20.095  51.338 0.0000000000
120030  14.802  -34.162  65.576 0.0000000000
118401  23.021  -34.030  68.311 0.0000000000
288231  24.244  -36.213  64.500 0.0000000000
120111  21.204  -33.795  62.031 0.0000000000
164351  41.972  -13.730  45.241 0.0000000000
121419  21.122  -32.696  71.970 0.0000000000
124520  17.227  -31.528  71.177 0.0000000000
156831  40.953  -17.087  48.950 0.0000000000
119943  13.083  -33.545  70.278 0.0000000000
110810  10.513  -37.594  70.104 0.0000000000
150580  31.271  -20.214  56.977 0.0000000000
134608  30.956  -27.345  59.770 0.0000000000
127750  26.773  -30.130  62.102 0.0000000000
120049  26.222  -33.432  63.930 0.0000000000
156707  37.968  -16.716  55.118 0.0000000000
150655  34.657  -19.416  52.385 0.0000000000
155234  34.849  -17.644  54.837 0.0000000000
153675  39.798  -17.886  55.262 0.0000000000
121549  17.688  -33.088  63.479 0.0000000000
118491  16.033  -35.008  63.941 0.0000000000
123103  16.224  -32.558  65.643 0.0000000000
284607  21.692  -32.729  67.203 0.0000000000
121524  22.095  -33.327  65.206 0.0000000000
123121  20.113  -32.213  64.128 0.0000000000
310677  18.795  -34.265  62.318 0.0000000000
153833  36.489  -18.205  46.381 0.0000000000
150716  38.438  -19.876  50.143 0.0000000000
153791  38.644  -17.912  48.849 0.0000000000
158458  38.549  -16.539  47.135 0.0000000000
124471  16.649  -31.849  73.460 0.0000000000
122999  15.281  -31.963  70.802 0.0000000000
122966  14.467  -32.089  72.954 0.0000000000
318274  10.052  -35.503  73.161 0.0000000000
115200  10.834  -35.894  71.510 0.0000000000
110787  9.827  -37.631  71.376 0.0000000000
107885  8.348  -39.537  71.511 0.0000000000
109266  7.530  -38.938  73.307 0.0000000000
136218  31.989  -26.730  62.245 0.0000000000
281905  30.699  -28.957  62.392 0.0000000000
131224  29.437  -29.316  60.434 0.0000000000
127730  28.244  -30.238  63.489 0.0000000000
115416  23.500  -37.019  62.069 0.0000000000
115363  25.574  -36.359  63.942 0.0000000000
307818  24.195  -37.077  61.283 0.0000000000
118570  25.172  -34.680  61.256 0.0000000000
145105  29.140  -22.664  56.774 0.0000000000
146352  28.586  -21.691  53.885 0.0000000000
141167  27.519  -24.877  53.967 0.0000000000
179698  51.562  -6.363  40.487 0.0000000000
308349  49.933  -8.398  40.374 0.0000000000
147734  36.532  -21.410  49.911 0.0000000000
147737  34.861  -21.644  50.054 0.0000000000
147675  38.878  -21.232  52.877 0.0000000000
115236  25.563  -35.869  69.606 0.0000000000
113718  26.599  -36.356  67.880 0.0000000000
116885  23.465  -34.750  66.604 0.0000000000
118489  22.890  -34.883  63.716 0.0000000000
117024  21.874  -35.107  61.340 0.0000000000
162959  44.302  -14.426  47.469 0.0000000000
165760  45.154  -12.316  46.024 0.0000000000
170032  45.703  -10.612  44.890 0.0000000000
171453  46.279  -9.688  42.238 0.0000000000
317585  20.196  -31.797  69.092 0.0000000000
126038  18.195  -31.279  69.524 0.0000000000
124518  19.167  -31.543  71.448 0.0000000000
119941  22.171  -33.335  69.945 0.0000000000
161535  41.596  -15.425  47.326 0.0000000000
123031  16.140  -32.356  68.971 0.0000000000
119978  13.994  -33.928  68.345 0.0000000000
115269  12.412  -35.748  67.979 0.0000000000
118335  12.251  -34.230  71.958 0.0000000000
115238  11.849  -36.045  69.616 0.0000000000
104793  5.940  -41.251  74.981 0.0000000000
155188  34.749  -17.521  57.531 0.0000000000
142554  29.590  -23.894  58.288 0.0000000000
139521  30.727  -25.173  60.094 0.0000000000
136266  29.664  -26.868  57.917 0.0000000000
309194  30.445  -29.562  58.038 0.0000000000
302716  27.865  -29.532  59.436 0.0000000000
127795  25.454  -30.664  59.403 0.0000000000
116884  27.604  -35.424  66.764 0.0000000000
121511  27.938  -33.168  65.873 0.0000000000
124641  27.617  -31.483  64.971 0.0000000000
124665  25.892  -31.719  63.367 0.0000000000
123168  25.428  -32.262  61.670 0.0000000000
152192  31.516  -19.268  54.397 0.0000000000
146386  29.614  -21.570  51.348 0.0000000000
156678  37.772  -16.425  56.349 0.0000000000
323214  36.205  -16.963  55.031 0.0000000000
308638  36.442  -16.638  56.453 0.0000000000
158297  38.834  -16.515  56.711 0.0000000000
124646  18.297  -31.941  64.624 0.0000000000
123114  16.881  -32.535  64.793 0.0000000000
124614  17.934  -31.809  65.966 0.0000000000
314318  20.406  -31.806  66.386 0.0000000000
123100  21.128  -32.386  65.593 0.0000000000
124644  19.680  -31.880  64.574 0.0000000000
123123  18.931  -32.039  63.607 0.0000000000
153819  36.319  -18.629  47.432 0.0000000000
152279  37.284  -19.385  49.049 0.0000000000
152277  38.412  -18.684  49.493 0.0000000000
153793  37.092  -18.591  48.521 0.0000000000
153804  37.434  -17.752  47.966 0.0000000000
113643  9.377  -36.420  72.941 0.0000000000
113659  9.774  -36.481  72.223 0.0000000000
110772  9.266  -37.607  72.039 0.0000000000
109291  9.156  -38.238  71.576 0.0000000000
110773  8.734  -38.057  72.309 0.0000000000
107874  7.911  -39.195  72.391 0.0000000000
301753  31.879  -28.688  63.608 0.0000000000
129476  29.991  -29.723  64.267 0.0000000000
285603  29.308  -29.621  62.876 0.0000000000
127718  28.503  -30.134  64.324 0.0000000000
115230  29.532  -35.356  70.007 0.0000000000
317058  23.091  -36.917  61.294 0.0000000000
113887  23.806  -37.386  61.914 0.0000000000
115445  23.559  -37.327  61.046 0.0000000000
280770  24.109  -37.077  60.817 0.0000000000
141155  28.308  -24.339  56.827 0.0000000000
143863  27.851  -23.644  55.704 0.0000000000
174084  48.398  -8.775  43.938 0.0000000000
175402  49.532  -8.372  43.739 0.0000000000
273941  50.161  -8.257  42.644 0.0000000000
175417  50.347  -8.266  41.288 0.0000000000
174099  49.224  -8.698  41.305 0.0000000000
301788  36.572  -21.496  51.186 0.0000000000
147735  35.878  -21.656  49.947 0.0000000000
147704  35.466  -21.486  51.191 0.0000000000
150678  33.229  -19.557  52.039 0.0000000000
319623  33.511  -20.462  50.666 0.0000000000
149155  32.348  -20.392  50.536 0.0000000000
152187  38.564  -18.956  53.797 0.0000000000
150650  37.967  -20.043  53.030 0.0000000000
284145  37.711  -21.425  51.031 0.0000000000
118472  15.220  -34.477  64.805 0.0000000000
116904  13.983  -35.378  66.042 0.0000000000
116848  24.329  -34.560  68.884 0.0000000000
115267  24.438  -35.582  68.127 0.0000000000
118414  23.262  -34.554  67.403 0.0000000000
120066  21.419  -33.280  63.660 0.0000000000
306312  22.440  -34.265  64.336 0.0000000000
120110  21.711  -34.035  62.520 0.0000000000
117008  22.274  -35.054  61.869 0.0000000000
118572  21.429  -34.531  61.454 0.0000000000
118556  20.432  -34.207  61.525 0.0000000000
131352  29.575  -29.011  56.221 0.0000000000
162978  43.342  -14.130  46.543 0.0000000000
164324  44.681  -13.489  46.665 0.0000000000
165763  43.715  -13.107  45.571 0.0000000000
311688  43.963  -11.789  44.486 0.0000000000
170046  44.277  -10.916  43.310 0.0000000000
171439  45.899  -10.126  43.857 0.0000000000
123005  20.683  -32.516  70.422 0.0000000000
124528  19.914  -32.069  69.950 0.0000000000
122986  20.339  -32.394  71.516 0.0000000000
119930  21.902  -33.031  71.120 0.0000000000
123017  21.164  -32.430  69.376 0.0000000000
160036  42.882  -15.760  48.390 0.0000000000
158442  41.379  -16.371  48.684 0.0000000000
160062  39.007  -15.884  46.475 0.0000000000
124531  18.179  -31.386  70.406 0.0000000000
124559  17.066  -31.597  69.174 0.0000000000
124544  16.801  -31.473  70.281 0.0000000000
121439  13.686  -32.759  70.241 0.0000000000
121450  14.505  -32.915  69.626 0.0000000000
119966  13.378  -33.943  69.313 0.0000000000
116864  13.072  -35.234  67.941 0.0000000000
118391  12.987  -34.869  69.242 0.0000000000
118324  11.967  -34.352  72.947 0.0000000000
113695  10.922  -36.833  70.407 0.0000000000
269083  11.291  -36.016  70.584 0.0000000000
275843  11.328  -36.739  69.957 0.0000000000
113711  11.984  -36.579  68.800 0.0000000000
145090  30.357  -22.589  58.610 0.0000000000
134592  31.398  -27.297  61.234 0.0000000000
137878  31.330  -25.480  61.192 0.0000000000
136240  30.717  -26.124  60.007 0.0000000000
137933  29.838  -25.962  58.721 0.0000000000
136256  30.281  -26.977  58.741 0.0000000000
132993  29.956  -28.236  57.708 0.0000000000
132975  30.931  -28.631  58.844 0.0000000000
129515  28.140  -29.351  61.541 0.0000000000
131240  28.980  -29.481  59.797 0.0000000000
129526  27.187  -29.424  60.653 0.0000000000
127793  26.727  -29.892  59.518 0.0000000000
126163  26.293  -30.278  61.435 0.0000000000
113746  25.174  -36.276  66.155 0.0000000000
113726  27.223  -36.091  67.188 0.0000000000
113779  26.048  -36.579  65.566 0.0000000000
296620  26.256  -34.730  63.979 0.0000000000
116936  26.423  -35.130  64.873 0.0000000000
120037  26.716  -33.515  64.762 0.0000000000
121521  27.812  -32.408  65.574 0.0000000000
123110  26.696  -32.265  64.579 0.0000000000
124653  27.087  -31.355  64.494 0.0000000000
121546  26.006  -32.938  63.840 0.0000000000
319240  24.672  -35.524  60.141 0.0000000000
120127  25.232  -33.830  61.381 0.0000000000
153628  32.677  -18.693  57.724 0.0000000000
153676  33.222  -18.056  55.954 0.0000000000
150604  31.138  -19.831  55.876 0.0000000000
143880  27.851  -23.289  53.013 0.0000000000
147678  29.036  -21.540  52.521 0.0000000000
181114  51.497  -5.456  39.170 0.0000000000
152189  37.343  -18.599  53.724 0.0000000000
150654  35.718  -19.555  52.869 0.0000000000
153719  36.084  -18.103  53.749 0.0000000000
153721  34.681  -18.411  53.703 0.0000000000
152207  33.478  -18.477  53.352 0.0000000000
156675  39.955  -16.983  56.463 0.0000000000
155229  38.674  -17.528  55.076 0.0000000000
283835  16.821  -33.806  63.718 0.0000000000
121539  15.970  -33.329  64.733 0.0000000000
123104  15.668  -32.931  65.884 0.0000000000
121482  22.418  -33.435  67.396 0.0000000000
120001  22.586  -33.671  66.593 0.0000000000
121525  21.932  -33.099  65.565 0.0000000000
121548  21.138  -32.601  64.377 0.0000000000
121575  20.380  -32.846  62.799 0.0000000000
120113  20.059  -33.812  61.820 0.0000000000
121577  19.355  -32.841  62.591 0.0000000000
120067  18.027  -33.684  62.819 0.0000000000
163008  40.648  -13.948  44.050 0.0000000000
119889  21.068  -32.844  72.921 0.0000000000
152264  39.735  -19.170  50.139 0.0000000000
153781  39.746  -18.395  49.430 0.0000000000
156833  39.494  -17.519  48.504 0.0000000000
158445  39.871  -16.694  48.130 0.0000000000
288204  38.543  -17.243  48.058 0.0000000000
155391  37.495  -17.379  47.066 0.0000000000
124488  16.841  -31.824  72.922 0.0000000000
124521  16.558  -31.633  71.246 0.0000000000
124489  15.972  -31.768  72.281 0.0000000000
122989  14.852  -31.982  71.724 0.0000000000
121421  13.827  -32.726  71.454 0.0000000000
116776  11.131  -34.710  72.899 0.0000000000
115186  10.581  -35.480  72.476 0.0000000000
113680  10.234  -36.818  71.300 0.0000000000
112274  10.283  -37.591  70.619 0.0000000000
109301  9.766  -38.363  70.738 0.0000000000
134580  31.945  -28.035  62.319 0.0000000000
132939  31.379  -28.687  61.385 0.0000000000
323272  31.424  -29.808  60.484 0.0000000000
269398  30.025  -29.115  61.541 0.0000000000
129503  28.844  -29.747  62.180 0.0000000000
127739  27.573  -30.230  62.840 0.0000000000
115383  23.640  -36.281  63.509 0.0000000000
113823  24.861  -36.737  63.748 0.0000000000
279816  24.278  -37.068  62.772 0.0000000000
115401  24.782  -36.683  62.764 0.0000000000
320547  25.354  -35.356  62.587 0.0000000000
120085  25.579  -33.913  62.705 0.0000000000
117022  24.750  -36.067  61.305 0.0000000000
117038  24.602  -36.120  60.441 0.0000000000
147643  30.365  -21.463  56.805 0.0000000000
149054  30.056  -21.102  55.852 0.0000000000
145116  28.781  -22.396  55.789 0.0000000000
143874  27.612  -23.553  54.280 0.0000000000
178243  51.650  -7.058  41.240 0.0000000000
176826  50.724  -7.383  40.165 0.0000000000
150728  36.525  -20.393  49.056 0.0000000000
150751  35.717  -20.143  47.802 0.0000000000
149187  35.500  -20.920  48.679 0.0000000000
149137  34.535  -20.679  51.201 0.0000000000
147738  33.649  -21.168  49.857 0.0000000000
152163  40.635  -18.793  55.208 0.0000000000
150619  40.355  -20.096  54.149 0.0000000000
147685  39.969  -21.363  52.328 0.0000000000
147714  38.746  -21.112  50.889 0.0000000000
149177  37.376  -20.500  49.738 0.0000000000
115221  27.657  -35.866  70.721 0.0000000000
281989  27.778  -35.957  69.355 0.0000000000
115251  26.183  -36.016  68.859 0.0000000000
115281  24.811  -35.811  67.597 0.0000000000
115336  23.658  -35.326  65.667 0.0000000000
118454  22.659  -34.131  65.455 0.0000000000
284606  23.054  -34.825  65.079 0.0000000000
116953  23.330  -35.590  63.958 0.0000000000
116990  22.947  -35.441  63.022 0.0000000000
312603  22.685  -35.637  61.977 0.0000000000
115430  22.615  -36.320  61.274 0.0000000000
167175  46.781  -11.811  46.571 0.0000000000
167197  44.115  -12.127  45.029 0.0000000000
168629  45.491  -11.401  45.787 0.0000000000
170017  46.510  -10.750  46.095 0.0000000000
171423  46.866  -9.974  45.158 0.0000000000
172729  47.210  -9.430  44.008 0.0000000000
172738  47.210  -9.240  42.437 0.0000000000
174112  48.198  -9.180  41.446 0.0000000000
124586  19.757  -31.291  67.533 0.0000000000
124587  18.880  -31.275  67.461 0.0000000000
126046  19.246  -31.180  69.213 0.0000000000
124530  18.836  -31.277  70.463 0.0000000000
313612  18.480  -31.259  71.310 0.0000000000
121398  19.838  -32.312  72.965 0.0000000000
311045  17.966  -31.706  72.806 0.0000000000
270867  17.446  -31.768  73.741 0.0000000000
115195  28.158  -35.315  71.756 0.0000000000
313470  26.967  -35.505  71.143 0.0000000000
116823  24.915  -35.276  70.544 0.0000000000
292682  23.764  -34.505  69.385 0.0000000000
322715  23.278  -34.192  70.727 0.0000000000
119951  22.605  -33.764  69.202 0.0000000000
121472  21.787  -32.958  68.128 0.0000000000
124584  21.075  -32.035  67.750 0.0000000000
161517  44.688  -15.311  48.587 0.0000000000
161533  43.242  -15.044  47.484 0.0000000000
162980  41.520  -14.758  46.390 0.0000000000
160050  39.761  -16.032  47.169 0.0000000000
161547  40.361  -15.298  46.366 0.0000000000
162991  40.564  -14.644  45.523 0.0000000000
124603  17.347  -31.861  67.004 0.0000000000
123068  16.201  -32.439  66.896 0.0000000000
121496  15.232  -32.880  66.779 0.0000000000
123021  15.508  -32.543  69.802 0.0000000000
121474  14.785  -33.144  68.478 0.0000000000
120003  14.292  -34.254  67.013 0.0000000000
116888  13.512  -34.912  67.049 0.0000000000
300107  13.048  -35.621  67.029 0.0000000000
121411  13.500  -33.063  72.343 0.0000000000
119932  12.766  -33.940  71.028 0.0000000000
118357  12.152  -34.525  71.199 0.0000000000
116826  12.474  -34.813  70.047 0.0000000000
115255  12.175  -36.047  68.866 0.0000000000
106348  6.793  -39.918  73.968 0.0000000000
156636  35.979  -17.206  57.898 0.0000000000
149028  31.290  -20.779  57.883 0.0000000000
146327  30.437  -21.977  57.879 0.0000000000
143844  29.158  -23.377  57.332 0.0000000000
141146  28.980  -24.521  57.675 0.0000000000
141110  30.249  -24.860  59.331 0.0000000000
139561  29.462  -25.418  58.145 0.0000000000
137962  29.104  -26.138  57.411 0.0000000000
269801  29.246  -27.583  56.995 0.0000000000
133002  29.870  -28.878  57.399 0.0000000000
129573  29.858  -30.220  57.475 0.0000000000
129533  30.139  -30.348  59.251 0.0000000000
131278  29.074  -30.233  58.650 0.0000000000
129575  28.655  -30.048  57.675 0.0000000000
129577  27.084  -29.909  58.112 0.0000000000
127806  25.936  -30.353  58.493 0.0000000000
127670  29.661  -30.506  66.244 0.0000000000
115247  28.807  -35.811  69.154 0.0000000000
116860  28.771  -35.182  68.521 0.0000000000
118412  28.719  -34.304  67.737 0.0000000000
116919  26.458  -35.587  65.308 0.0000000000
118451  27.384  -34.532  66.077 0.0000000000
119999  28.493  -33.404  67.208 0.0000000000
121509  28.520  -32.412  66.371 0.0000000000
320698  28.233  -31.159  65.965 0.0000000000
126101  28.224  -30.592  65.300 0.0000000000
126115  27.744  -30.670  64.531 0.0000000000
126130  27.181  -30.741  63.830 0.0000000000
126143  26.587  -30.692  62.930 0.0000000000
121574  25.626  -33.216  62.878 0.0000000000
123153  25.595  -31.997  62.545 0.0000000000
307923  25.857  -30.915  62.272 0.0000000000
272321  25.472  -31.454  61.143 0.0000000000
156683  34.943  -17.141  56.248 0.0000000000
153707  33.356  -17.964  54.528 0.0000000000
150659  32.301  -19.163  53.103 0.0000000000
286140  30.197  -20.380  54.532 0.0000000000
149106  30.302  -20.185  52.502 0.0000000000
147706  30.833  -20.953  51.180 0.0000000000
172768  48.562  -9.326  40.299 0.0000000000
158270  37.602  -16.471  57.487 0.0000000000
156679  37.167  -16.296  56.581 0.0000000000
271158  36.934  -16.570  57.230 0.0000000000
158269  38.017  -16.404  57.379 0.0000000000
309121  18.611  -31.810  65.058 0.0000000000
124632  18.008  -31.878  65.293 0.0000000000
124613  18.558  -31.560  66.293 0.0000000000
124611  19.895  -31.460  66.134 0.0000000000
274003  19.819  -31.588  65.522 0.0000000000
124630  19.322  -31.680  65.135 0.0000000000
124645  19.026  -31.839  64.602 0.0000000000
152309  36.253  -19.003  47.965 0.0000000000
152324  35.991  -19.287  47.432 0.0000000000
150750  35.927  -19.527  47.942 0.0000000000
152293  36.873  -19.063  48.684 0.0000000000
152292  37.501  -18.722  48.849 0.0000000000
152308  36.587  -18.860  48.356 0.0000000000
153805  36.655  -18.491  48.093 0.0000000000
113644  8.933  -36.693  73.265 0.0000000000
112248  9.123  -36.968  72.667 0.0000000000
112254  8.939  -37.524  72.483 0.0000000000
110764  8.403  -37.874  72.814 0.0000000000
110774  8.197  -38.299  72.645 0.0000000000
129454  30.298  -29.794  65.685 0.0000000000
129475  30.711  -29.484  64.548 0.0000000000
129466  29.992  -29.823  64.957 0.0000000000
129477  29.286  -29.809  64.490 0.0000000000
127717  28.858  -30.006  64.626 0.0000000000
116797  30.315  -34.752  71.332 0.0000000000
116822  29.501  -35.280  70.666 0.0000000000
115429  23.519  -37.288  61.591 0.0000000000
305713  28.158  -24.990  56.582 0.0000000000
141156  27.912  -24.693  56.147 0.0000000000
174089  48.265  -8.796  43.324 0.0000000000
174083  49.021  -8.509  44.261 0.0000000000
316905  49.047  -8.622  42.995 0.0000000000
174093  49.128  -8.635  42.587 0.0000000000
277201  49.338  -8.638  41.923 0.0000000000
274096  48.830  -8.761  41.737 0.0000000000
149119  36.540  -20.710  52.229 0.0000000000
147703  35.928  -21.393  51.528 0.0000000000
149120  35.855  -21.012  52.173 0.0000000000
150679  32.652  -19.616  51.967 0.0000000000
149139  32.693  -20.035  51.036 0.0000000000
149140  32.080  -20.113  51.052 0.0000000000
147724  31.747  -20.901  50.394 0.0000000000
149141  31.638  -20.281  51.126 0.0000000000
150637  37.748  -19.634  53.252 0.0000000000
150636  38.278  -19.797  53.333 0.0000000000
150651  37.456  -19.867  52.925 0.0000000000
316199  37.544  -20.764  52.401 0.0000000000
118455  14.949  -34.459  65.213 0.0000000000
118473  14.962  -35.009  64.971 0.0000000000
118456  14.579  -34.737  65.474 0.0000000000
116923  14.380  -35.433  65.535 0.0000000000
118443  14.414  -34.436  65.885 0.0000000000
118388  23.331  -34.171  68.720 0.0000000000
116863  23.324  -34.360  67.968 0.0000000000
118415  22.883  -34.292  67.704 0.0000000000
120087  21.374  -33.476  62.824 0.0000000000
120086  21.901  -33.819  63.512 0.0000000000
118555  21.547  -34.250  61.780 0.0000000000
120128  21.131  -34.094  61.493 0.0000000000
118573  20.920  -34.292  61.364 0.0000000000
120112  20.697  -33.782  61.691 0.0000000000
131327  29.028  -29.538  56.546 0.0000000000
162987  42.884  -13.986  46.083 0.0000000000
278843  43.467  -13.604  46.035 0.0000000000
164341  43.055  -13.435  45.608 0.0000000000
170052  44.350  -10.788  42.663 0.0000000000
121429  20.923  -32.669  71.022 0.0000000000
122996  20.723  -32.568  70.966 0.0000000000
274872  20.911  -32.756  71.413 0.0000000000
121418  21.456  -32.830  71.305 0.0000000000
121437  21.189  -32.647  70.339 0.0000000000
156822  40.788  -17.413  49.132 0.0000000000
158424  41.651  -16.724  49.362 0.0000000000
158433  41.544  -16.539  49.089 0.0000000000
158434  41.101  -16.711  48.833 0.0000000000
268808  17.669  -31.646  70.721 0.0000000000
275550  17.459  -31.467  70.231 0.0000000000
124532  16.999  -31.541  70.720 0.0000000000
121452  13.363  -33.140  70.082 0.0000000000
121451  13.886  -33.026  69.769 0.0000000000
119955  13.257  -33.561  69.810 0.0000000000
118390  13.163  -34.581  68.946 0.0000000000
118377  13.038  -34.243  69.593 0.0000000000
118316  11.776  -34.200  73.560 0.0000000000
112273  10.993  -37.097  70.020 0.0000000000
307828  10.913  -37.435  69.747 0.0000000000
309590  11.279  -37.076  69.605 0.0000000000
134602  31.186  -27.708  60.321 0.0000000000
136235  30.818  -26.697  60.047 0.0000000000
304814  30.614  -26.833  59.403 0.0000000000
136249  30.362  -26.697  59.075 0.0000000000
134614  30.528  -27.070  58.968 0.0000000000
132974  30.738  -27.779  58.866 0.0000000000
312660  31.151  -28.263  59.263 0.0000000000
129505  27.626  -29.541  61.837 0.0000000000
129516  27.549  -29.352  61.205 0.0000000000
129517  26.961  -29.605  61.243 0.0000000000
127769  26.694  -29.805  61.080 0.0000000000
127760  26.589  -29.900  61.603 0.0000000000
115315  24.650  -36.063  65.781 0.0000000000
113761  25.763  -36.619  65.833 0.0000000000
113762  25.327  -36.498  65.502 0.0000000000
284491  26.177  -34.086  63.643 0.0000000000
118487  26.472  -33.978  64.506 0.0000000000
120048  26.394  -33.452  64.399 0.0000000000
121534  26.663  -32.853  64.677 0.0000000000
121545  26.264  -32.827  64.275 0.0000000000
120065  26.015  -33.473  63.497 0.0000000000
152138  31.772  -19.379  57.153 0.0000000000
152137  32.121  -18.782  56.858 0.0000000000
150595  31.177  -20.105  56.619 0.0000000000
155245  37.411  -17.633  54.312 0.0000000000
153718  36.768  -18.333  53.654 0.0000000000
155256  36.714  -17.683  54.096 0.0000000000
155233  35.582  -17.252  54.706 0.0000000000
153704  35.514  -17.889  54.205 0.0000000000
153705  35.016  -18.212  54.198 0.0000000000
152206  34.137  -18.627  53.286 0.0000000000
153706  34.231  -18.023  54.171 0.0000000000
156633  40.634  -16.619  57.624 0.0000000000
156693  38.183  -16.535  55.669 0.0000000000
156692  38.594  -16.690  55.741 0.0000000000
155217  38.486  -16.885  55.217 0.0000000000
155244  37.979  -17.730  54.488 0.0000000000
123102  16.793  -32.313  65.365 0.0000000000
121538  16.617  -32.947  64.420 0.0000000000
123115  16.382  -32.771  65.033 0.0000000000
121526  15.885  -32.993  65.331 0.0000000000
121495  21.982  -33.088  67.022 0.0000000000
121513  22.088  -33.243  66.267 0.0000000000
123065  21.718  -32.861  66.615 0.0000000000
124643  20.273  -32.167  64.641 0.0000000000
123111  20.980  -32.380  64.932 0.0000000000
271151  20.730  -32.403  64.487 0.0000000000
273309  20.997  -32.726  63.895 0.0000000000
123120  20.457  -32.474  63.925 0.0000000000
121576  19.865  -32.778  62.584 0.0000000000
123133  19.763  -32.197  63.456 0.0000000000
123135  18.257  -32.553  63.545 0.0000000000
123134  18.676  -32.554  63.214 0.0000000000
294506  17.678  -33.487  63.095 0.0000000000
150705  39.284  -20.194  50.723 0.0000000000
277653  39.262  -19.273  50.129 0.0000000000
152291  38.144  -18.326  49.005 0.0000000000
153782  38.718  -18.251  49.296 0.0000000000
287636  38.999  -18.092  49.189 0.0000000000
155331  39.519  -18.039  49.132 0.0000000000
155347  39.275  -17.797  48.743 0.0000000000
156842  39.067  -17.162  48.211 0.0000000000
155364  38.332  -17.570  48.474 0.0000000000
153818  36.606  -18.064  47.107 0.0000000000
155392  36.997  -17.765  46.699 0.0000000000
313565  16.530  -31.844  72.472 0.0000000000
124472  16.224  -31.820  72.977 0.0000000000
274066  15.149  -31.833  72.848 0.0000000000
122978  14.716  -32.051  72.372 0.0000000000
122990  14.276  -32.323  71.892 0.0000000000
121410  13.850  -32.640  72.085 0.0000000000
115173  10.349  -35.026  73.415 0.0000000000
275209  10.513  -35.161  72.809 0.0000000000
112252  9.524  -36.958  72.017 0.0000000000
275573  9.950  -36.655  71.808 0.0000000000
112262  9.923  -37.219  71.537 0.0000000000
112268  10.198  -37.336  70.997 0.0000000000
110800  9.964  -37.940  70.947 0.0000000000
110801  9.601  -38.040  71.285 0.0000000000
109303  8.788  -38.865  71.445 0.0000000000
311814  9.001  -39.037  71.007 0.0000000000
107863  7.629  -39.393  72.939 0.0000000000
106362  7.477  -39.942  73.132 0.0000000000
131188  31.182  -28.741  62.761 0.0000000000
132913  32.188  -28.166  62.855 0.0000000000
131187  31.782  -28.368  62.468 0.0000000000
132922  31.645  -28.401  62.020 0.0000000000
273232  31.297  -28.819  61.474 0.0000000000
131211  30.877  -29.139  61.221 0.0000000000
311585  30.779  -28.943  61.748 0.0000000000
129486  28.823  -30.041  63.113 0.0000000000
273297  29.080  -29.750  62.427 0.0000000000
127737  28.561  -30.155  63.038 0.0000000000
129494  28.447  -29.977  62.523 0.0000000000
127738  28.072  -30.169  63.024 0.0000000000
279632  23.671  -36.637  62.920 0.0000000000
115382  24.054  -36.898  63.129 0.0000000000
115402  23.793  -37.190  62.358 0.0000000000
113886  24.028  -37.260  61.766 0.0000000000
113868  24.216  -37.024  62.238 0.0000000000
296703  24.657  -36.538  62.140 0.0000000000
116988  25.052  -35.994  62.374 0.0000000000
117005  24.858  -35.974  61.819 0.0000000000
115428  24.468  -36.712  61.052 0.0000000000
115444  24.497  -36.704  60.796 0.0000000000
146334  29.806  -22.010  56.750 0.0000000000
146337  29.628  -21.840  56.299 0.0000000000
145110  28.914  -22.466  56.319 0.0000000000
142581  27.643  -24.122  55.268 0.0000000000
143869  27.670  -23.593  55.032 0.0000000000
142585  27.606  -24.197  54.483 0.0000000000
175425  50.180  -8.189  40.742 0.0000000000
175427  50.569  -7.769  40.402 0.0000000000
175428  50.150  -8.121  40.125 0.0000000000
175432  50.264  -7.916  39.626 0.0000000000
174116  49.947  -8.381  39.914 0.0000000000
149178  36.769  -20.849  49.478 0.0000000000
149179  35.997  -20.672  48.946 0.0000000000
147749  36.119  -21.196  49.416 0.0000000000
147736  35.389  -21.808  49.800 0.0000000000
147750  35.222  -21.577  48.947 0.0000000000
270035  35.102  -21.767  49.456 0.0000000000
147751  34.663  -21.607  49.019 0.0000000000
302500  35.249  -19.885  52.548 0.0000000000
150675  35.313  -20.553  52.262 0.0000000000
150676  34.748  -19.996  52.126 0.0000000000
147739  32.932  -21.078  50.093 0.0000000000
147721  33.426  -20.943  50.422 0.0000000000
147753  33.159  -21.213  49.381 0.0000000000
288035  33.418  -21.444  48.737 0.0000000000
155201  40.401  -17.614  56.308 0.0000000000
153663  40.854  -18.131  56.150 0.0000000000
153674  40.395  -18.257  55.534 0.0000000000
149089  38.918  -20.497  53.612 0.0000000000
152185  39.951  -19.596  54.057 0.0000000000
321589  39.305  -20.705  53.839 0.0000000000
147667  39.583  -21.209  53.689 0.0000000000
147674  39.437  -21.396  53.024 0.0000000000
147700  39.229  -21.155  51.625 0.0000000000
147687  38.837  -21.247  52.143 0.0000000000
147716  37.468  -21.366  50.473 0.0000000000
149167  37.713  -20.898  50.128 0.0000000000
147733  37.163  -21.178  49.968 0.0000000000
150727  37.044  -20.091  49.301 0.0000000000
273630  26.737  -35.708  70.340 0.0000000000
284743  26.755  -35.903  69.844 0.0000000000
321794  25.942  -36.074  69.363 0.0000000000
116872  24.072  -34.896  67.359 0.0000000000
318158  24.388  -35.769  68.057 0.0000000000
115297  23.986  -35.064  66.741 0.0000000000
115316  24.044  -35.539  66.078 0.0000000000
115317  23.670  -35.050  66.255 0.0000000000
121512  22.315  -33.444  65.756 0.0000000000
120016  22.589  -33.747  66.070 0.0000000000
120028  22.449  -33.727  65.363 0.0000000000
118507  22.396  -34.364  63.613 0.0000000000
283497  22.832  -34.744  64.469 0.0000000000
116938  23.132  -34.995  64.460 0.0000000000
116954  23.061  -35.267  63.730 0.0000000000
116970  23.128  -35.659  63.476 0.0000000000
117023  22.373  -35.695  61.582 0.0000000000
115431  22.041  -35.870  61.238 0.0000000000
120114  19.362  -34.183  62.077 0.0000000000
118557  19.843  -34.528  61.735 0.0000000000
118558  19.342  -34.830  61.917 0.0000000000
162948  45.558  -14.670  48.344 0.0000000000
164330  44.848  -12.905  46.245 0.0000000000
165743  45.816  -12.988  46.752 0.0000000000
165751  46.082  -12.504  46.562 0.0000000000
165750  46.628  -12.244  46.722 0.0000000000
167177  45.654  -12.214  46.269 0.0000000000
165779  42.622  -12.695  44.257 0.0000000000
165778  43.164  -12.494  44.504 0.0000000000
170033  44.739  -11.133  44.490 0.0000000000
168644  44.459  -11.582  44.755 0.0000000000
168638  45.271  -11.252  45.411 0.0000000000
168637  45.761  -11.053  45.721 0.0000000000
170024  46.173  -10.669  45.670 0.0000000000
171418  46.683  -10.293  45.716 0.0000000000
171431  46.077  -10.408  45.128 0.0000000000
171445  45.814  -9.973  43.147 0.0000000000
171438  46.290  -9.735  43.509 0.0000000000
301982  46.639  -9.536  43.212 0.0000000000
172733  47.142  -9.355  43.186 0.0000000000
172739  46.718  -9.463  42.674 0.0000000000
275611  20.142  -31.384  68.235 0.0000000000
124571  19.718  -31.284  68.788 0.0000000000
124556  19.851  -31.525  69.321 0.0000000000
273116  19.490  -31.719  70.790 0.0000000000
124529  19.451  -31.616  70.334 0.0000000000
269100  19.115  -31.403  70.958 0.0000000000
121397  20.241  -32.568  72.927 0.0000000000
122962  19.041  -31.841  73.515 0.0000000000
124486  18.463  -31.625  72.540 0.0000000000
124468  18.353  -31.733  73.072 0.0000000000
124469  17.732  -31.746  73.257 0.0000000000
115196  27.798  -35.348  71.698 0.0000000000
269691  24.433  -35.104  70.133 0.0000000000
119928  22.428  -33.633  70.152 0.0000000000
118364  22.839  -33.891  70.175 0.0000000000
118376  23.065  -34.007  69.624 0.0000000000
119940  22.529  -33.730  69.737 0.0000000000
121459  22.014  -33.024  68.384 0.0000000000
121448  22.019  -33.077  69.033 0.0000000000
123030  20.895  -32.335  69.341 0.0000000000
123040  20.982  -32.135  68.658 0.0000000000
124569  20.887  -32.013  68.440 0.0000000000
124585  20.488  -31.578  67.643 0.0000000000
149197  35.396  -20.730  48.059 0.0000000000
160037  42.282  -15.856  48.387 0.0000000000
161527  42.779  -15.485  47.880 0.0000000000
160046  42.077  -15.485  47.794 0.0000000000
162972  42.488  -14.766  46.962 0.0000000000
161545  41.582  -15.083  46.819 0.0000000000
158457  38.968  -16.467  47.413 0.0000000000
158456  39.529  -16.404  47.582 0.0000000000
158466  39.220  -16.073  47.050 0.0000000000
160075  38.819  -15.797  45.806 0.0000000000
160074  39.297  -15.585  46.073 0.0000000000
161557  39.592  -15.265  45.705 0.0000000000
161556  40.103  -15.070  45.785 0.0000000000
323060  39.886  -15.011  45.465 0.0000000000
124572  18.547  -31.232  68.154 0.0000000000
124588  18.004  -31.477  67.447 0.0000000000
124573  17.793  -31.329  68.284 0.0000000000
124575  16.647  -32.002  68.722 0.0000000000
124590  16.777  -32.161  68.037 0.0000000000
123055  16.220  -32.412  67.598 0.0000000000
123069  15.640  -32.592  67.156 0.0000000000
123056  15.667  -32.598  67.889 0.0000000000
124522  15.906  -31.752  71.061 0.0000000000
319977  15.742  -31.886  70.578 0.0000000000
123007  15.378  -32.306  70.292 0.0000000000
121475  14.352  -33.446  68.773 0.0000000000
121461  14.685  -33.056  69.129 0.0000000000
119977  14.379  -33.539  68.008 0.0000000000
119990  14.462  -33.656  67.295 0.0000000000
119991  14.111  -34.064  67.634 0.0000000000
118429  13.995  -34.689  66.779 0.0000000000
118416  13.892  -34.545  67.364 0.0000000000
116875  12.786  -35.501  67.628 0.0000000000
116874  13.177  -35.229  67.342 0.0000000000
115282  12.575  -35.874  67.410 0.0000000000
119908  12.608  -33.926  72.253 0.0000000000
119907  13.078  -33.553  71.953 0.0000000000
119918  13.101  -33.590  71.298 0.0000000000
119919  12.667  -33.927  71.597 0.0000000000
115185  10.992  -35.366  72.125 0.0000000000
116801  11.382  -35.045  71.944 0.0000000000
115213  11.835  -35.698  70.325 0.0000000000
116814  11.886  -35.044  70.932 0.0000000000
116827  12.200  -35.121  70.337 0.0000000000
118367  12.340  -34.605  70.615 0.0000000000
116838  12.241  -35.456  69.747 0.0000000000
116850  12.371  -35.627  69.070 0.0000000000
281689  12.041  -35.980  69.233 0.0000000000
106332  6.488  -39.820  74.422 0.0000000000
283622  6.061  -40.665  74.981 0.0000000000
106349  6.486  -40.403  74.363 0.0000000000
153614  33.838  -18.542  58.429 0.0000000000
149015  31.396  -20.856  58.202 0.0000000000
147634  31.034  -21.196  58.004 0.0000000000
147626  30.722  -21.697  58.148 0.0000000000
143823  29.920  -23.504  58.576 0.0000000000
145091  29.930  -23.063  58.204 0.0000000000
143834  29.307  -23.593  57.712 0.0000000000
142563  28.954  -23.893  57.518 0.0000000000
142555  29.290  -24.147  57.997 0.0000000000
139510  31.122  -25.317  60.694 0.0000000000
141098  30.543  -24.837  59.696 0.0000000000
137948  29.567  -26.156  58.055 0.0000000000
139560  29.616  -25.662  58.485 0.0000000000
305031  29.536  -25.915  58.074 0.0000000000
290813  29.357  -25.849  57.853 0.0000000000
136267  29.391  -26.467  57.728 0.0000000000
136281  29.022  -26.915  57.151 0.0000000000
136280  29.512  -27.238  57.423 0.0000000000
131301  30.240  -28.981  57.869 0.0000000000
131302  30.149  -29.676  57.614 0.0000000000
131326  29.835  -29.533  57.120 0.0000000000
131223  30.516  -30.090  60.374 0.0000000000
131237  31.230  -29.917  59.604 0.0000000000
311539  29.878  -30.098  59.991 0.0000000000
129534  28.334  -29.397  59.454 0.0000000000
131259  28.995  -30.148  59.297 0.0000000000
129546  28.272  -30.014  59.096 0.0000000000
129559  28.480  -30.095  58.330 0.0000000000
129576  27.808  -29.839  57.798 0.0000000000
129547  27.640  -29.731  59.192 0.0000000000
127794  26.028  -30.273  59.341 0.0000000000
276845  26.465  -30.081  58.924 0.0000000000
127807  25.429  -30.642  58.700 0.0000000000
124747  25.043  -31.160  59.023 0.0000000000
115249  27.480  -36.002  68.768 0.0000000000
115248  28.217  -35.927  68.771 0.0000000000
115264  27.781  -35.987  68.159 0.0000000000
115293  27.466  -35.837  66.937 0.0000000000
277154  28.030  -35.876  67.626 0.0000000000
116871  28.186  -35.440  67.481 0.0000000000
116870  28.427  -34.905  68.006 0.0000000000
118413  28.283  -34.760  67.394 0.0000000000
113842  25.199  -36.684  63.693 0.0000000000
113798  26.034  -36.534  64.949 0.0000000000
318520  26.057  -36.256  64.601 0.0000000000
120026  27.333  -33.695  65.844 0.0000000000
118452  27.006  -34.365  65.545 0.0000000000
319151  27.945  -34.023  66.308 0.0000000000
120000  28.277  -33.904  66.768 0.0000000000
121493  28.337  -33.223  66.424 0.0000000000
121492  28.763  -32.743  66.980 0.0000000000
121510  28.166  -32.641  65.990 0.0000000000
123109  27.648  -31.995  65.141 0.0000000000
123098  27.773  -32.009  65.553 0.0000000000
124627  27.752  -31.483  65.417 0.0000000000
126088  28.574  -30.711  65.920 0.0000000000
124640  27.777  -30.938  65.062 0.0000000000
126114  28.117  -30.419  64.707 0.0000000000
123131  26.246  -31.813  63.890 0.0000000000
124663  26.777  -31.271  64.044 0.0000000000
126131  26.691  -30.979  63.464 0.0000000000
124677  26.129  -31.162  63.150 0.0000000000
118551  25.331  -34.491  62.155 0.0000000000
120109  25.537  -33.746  62.234 0.0000000000
121611  25.375  -33.014  61.671 0.0000000000
123154  25.540  -32.443  62.179 0.0000000000
124693  25.580  -31.833  62.079 0.0000000000
124692  25.704  -31.564  62.268 0.0000000000
124710  25.725  -31.255  61.981 0.0000000000
126165  25.759  -31.064  61.541 0.0000000000
123184  25.201  -32.026  61.052 0.0000000000
155170  35.690  -17.372  58.117 0.0000000000
156682  35.429  -17.113  56.808 0.0000000000
155203  34.842  -17.323  56.821 0.0000000000
302337  32.599  -18.334  55.052 0.0000000000
153689  33.178  -18.053  55.159 0.0000000000
152175  32.430  -18.585  54.553 0.0000000000
153724  32.748  -18.321  53.772 0.0000000000
152210  32.147  -19.184  53.799 0.0000000000
147651  29.177  -21.547  55.060 0.0000000000
149063  29.973  -20.776  55.136 0.0000000000
147659  29.034  -21.421  54.289 0.0000000000
146376  29.018  -21.786  52.103 0.0000000000
147677  29.492  -21.101  52.584 0.0000000000
147692  30.051  -20.676  52.086 0.0000000000
149125  30.529  -20.292  51.967 0.0000000000
147707  30.137  -21.073  51.515 0.0000000000
181113  51.963  -5.101  39.416 0.0000000000
181121  51.869  -4.963  38.816 0.0000000000
182559  52.769  -4.202  38.661 0.0000000000
172758  48.385  -9.280  40.903 0.0000000000
172769  48.059  -9.476  40.512 0.0000000000
156694  37.485  -16.458  55.741 0.0000000000
156708  37.347  -16.726  55.079 0.0000000000
306467  36.905  -16.582  55.500 0.0000000000
287700  36.482  -16.796  55.517 0.0000000000
156710  35.774  -16.725  55.321 0.0000000000
158299  37.984  -16.389  56.816 0.0000000000
123124  17.747  -32.598  63.907 0.0000000000
121550  17.087  -33.138  63.872 0.0000000000
123113  17.853  -32.293  64.359 0.0000000000
123101  17.461  -32.152  64.900 0.0000000000
123083  16.685  -32.119  65.942 0.0000000000
124610  20.959  -32.194  66.302 0.0000000000
123082  21.393  -32.582  66.270 0.0000000000
124628  20.391  -31.940  65.686 0.0000000000
316970  20.607  -32.161  65.089 0.0000000000
124655  19.820  -32.009  64.240 0.0000000000
123122  19.552  -31.971  63.797 0.0000000000
124656  19.211  -31.902  64.127 0.0000000000
123112  18.467  -32.073  63.987 0.0000000000
153834  36.242  -18.646  46.715 0.0000000000
150725  38.174  -19.386  49.709 0.0000000000
152265  38.759  -19.104  49.916 0.0000000000
152278  37.879  -19.002  49.247 0.0000000000
153792  37.672  -18.252  48.581 0.0000000000
155365  37.860  -17.569  48.277 0.0000000000
289355  37.246  -18.125  48.237 0.0000000000
282204  36.834  -18.006  47.765 0.0000000000
124453  16.196  -31.829  73.585 0.0000000000
122952  15.644  -31.857  73.820 0.0000000000
113660  9.487  -36.675  72.410 0.0000000000
311531  9.605  -37.468  71.693 0.0000000000
110788  9.460  -37.830  71.673 0.0000000000
110789  9.028  -37.986  72.037 0.0000000000
109292  8.726  -38.433  71.913 0.0000000000
107873  8.266  -39.001  71.885 0.0000000000
109276  8.282  -38.608  72.310 0.0000000000
109277  7.893  -38.782  72.796 0.0000000000
131169  31.977  -28.730  64.201 0.0000000000
131177  31.131  -28.969  63.446 0.0000000000
131189  30.396  -29.159  63.192 0.0000000000
129493  29.937  -29.261  62.662 0.0000000000
269023  29.370  -29.742  63.933 0.0000000000
127729  28.892  -29.932  64.083 0.0000000000
313618  28.628  -30.139  63.635 0.0000000000
113901  23.980  -37.351  61.370 0.0000000000
322615  24.304  -37.033  61.052 0.0000000000
113914  23.691  -37.287  60.592 0.0000000000
143854  28.530  -23.415  56.616 0.0000000000
143862  28.227  -23.181  55.994 0.0000000000
142571  28.084  -24.109  56.417 0.0000000000
141161  27.671  -24.714  55.475 0.0000000000
174079  48.117  -8.935  44.232 0.0000000000
174067  48.497  -8.839  45.153 0.0000000000
174077  48.854  -8.522  44.871 0.0000000000
175415  51.110  -7.820  41.910 0.0000000000
175412  50.137  -8.389  41.899 0.0000000000
174098  49.873  -8.532  41.321 0.0000000000
174109  49.679  -8.607  40.808 0.0000000000
147717  36.858  -21.510  50.508 0.0000000000
147718  36.072  -21.552  50.720 0.0000000000
147719  35.290  -21.571  50.556 0.0000000000
150677  33.837  -19.579  52.045 0.0000000000
149122  34.288  -19.949  51.570 0.0000000000
150691  33.589  -19.789  51.409 0.0000000000
149154  32.997  -20.565  50.596 0.0000000000
147740  32.273  -21.056  49.884 0.0000000000
153699  39.312  -18.388  54.422 0.0000000000
152174  39.764  -18.777  54.437 0.0000000000
150635  38.842  -19.906  53.585 0.0000000000
149103  38.176  -20.496  52.859 0.0000000000
299367  38.392  -21.255  52.063 0.0000000000
149117  37.940  -21.047  52.438 0.0000000000
147702  37.157  -21.471  51.025 0.0000000000
296464  15.659  -34.572  64.292 0.0000000000
115225  25.027  -35.549  69.883 0.0000000000
115237  25.121  -35.455  69.109 0.0000000000
282173  24.386  -34.681  68.414 0.0000000000
116873  23.761  -34.502  67.489 0.0000000000
116886  23.202  -34.622  66.905 0.0000000000
121535  21.882  -33.296  64.566 0.0000000000
120038  22.232  -33.696  64.851 0.0000000000
120050  22.058  -33.753  64.292 0.0000000000
315415  22.112  -33.990  63.827 0.0000000000
118529  22.183  -34.395  62.881 0.0000000000
118528  22.635  -34.824  63.012 0.0000000000
118554  22.002  -34.519  62.160 0.0000000000
118571  21.834  -34.668  61.609 0.0000000000
115432  21.361  -35.629  61.144 0.0000000000
117025  21.075  -35.048  61.368 0.0000000000
133003  29.546  -28.789  56.711 0.0000000000
162970  43.686  -14.449  47.108 0.0000000000
162968  44.847  -13.837  47.248 0.0000000000
162977  43.849  -13.933  46.678 0.0000000000
164331  44.295  -13.542  46.337 0.0000000000
165762  44.274  -12.862  45.614 0.0000000000
167217  43.560  -11.964  44.092 0.0000000000
167227  43.283  -11.847  43.534 0.0000000000
274514  44.773  -10.772  43.791 0.0000000000
170039  45.385  -10.589  44.320 0.0000000000
171446  45.329  -10.346  43.482 0.0000000000
171455  45.273  -10.126  42.707 0.0000000000
171463  45.342  -10.143  42.058 0.0000000000
123019  20.396  -32.359  69.891 0.0000000000
124555  20.186  -32.061  69.481 0.0000000000
122997  20.309  -32.342  70.873 0.0000000000
122998  19.852  -32.034  71.137 0.0000000000
119953  22.020  -33.116  69.937 0.0000000000
276126  21.949  -32.986  69.647 0.0000000000
121436  21.825  -32.798  70.162 0.0000000000
123018  20.824  -32.521  69.999 0.0000000000
158431  42.527  -16.162  49.297 0.0000000000
160029  41.878  -16.258  48.831 0.0000000000
160039  41.150  -15.971  48.012 0.0000000000
158467  38.775  -16.227  46.834 0.0000000000
126019  18.004  -31.278  69.874 0.0000000000
124558  17.671  -31.399  69.013 0.0000000000
124543  17.555  -31.424  69.621 0.0000000000
301608  16.946  -31.490  69.790 0.0000000000
124560  16.530  -31.888  69.369 0.0000000000
123009  14.180  -32.444  70.608 0.0000000000
123022  14.944  -32.705  69.946 0.0000000000
121438  14.300  -32.684  70.074 0.0000000000
121462  14.174  -33.236  69.348 0.0000000000
119965  13.876  -33.716  69.038 0.0000000000
118402  13.712  -34.464  67.963 0.0000000000
118403  13.263  -34.799  68.255 0.0000000000
118404  12.922  -35.123  68.538 0.0000000000
116865  12.676  -35.468  68.224 0.0000000000
119892  12.465  -33.894  72.950 0.0000000000
118323  12.205  -34.211  72.490 0.0000000000
113689  10.941  -36.377  70.842 0.0000000000
115214  11.138  -35.740  71.140 0.0000000000
318733  11.226  -36.445  70.424 0.0000000000
115227  11.540  -36.284  70.078 0.0000000000
115239  11.606  -36.438  69.582 0.0000000000
113701  11.834  -36.264  69.183 0.0000000000
113702  11.587  -36.662  69.363 0.0000000000
146320  30.931  -21.833  58.694 0.0000000000
146309  30.927  -22.037  59.099 0.0000000000
145076  30.561  -22.731  59.100 0.0000000000
143808  30.081  -23.611  58.950 0.0000000000
136227  31.404  -26.750  61.380 0.0000000000
137867  31.569  -26.007  61.723 0.0000000000
279545  31.331  -26.131  61.223 0.0000000000
290346  30.916  -26.121  60.356 0.0000000000
137904  30.614  -25.624  59.871 0.0000000000
139522  30.439  -25.346  59.614 0.0000000000
137920  30.394  -26.136  59.384 0.0000000000
136250  30.090  -26.421  58.866 0.0000000000
306797  29.964  -26.827  58.439 0.0000000000
134632  29.753  -27.551  57.699 0.0000000000
134622  30.107  -27.262  58.275 0.0000000000
132983  30.464  -28.131  58.240 0.0000000000
131277  30.716  -29.126  58.342 0.0000000000
131225  28.708  -29.189  60.946 0.0000000000
271382  28.107  -29.252  60.741 0.0000000000
129524  28.206  -29.234  60.070 0.0000000000
129535  27.737  -29.350  59.916 0.0000000000
129548  27.312  -29.618  59.605 0.0000000000
129536  27.187  -29.531  60.140 0.0000000000
127783  26.356  -30.028  60.199 0.0000000000
127771  26.037  -30.383  60.680 0.0000000000
113729  25.930  -36.193  67.080 0.0000000000
113727  26.896  -36.242  67.556 0.0000000000
113744  26.272  -36.268  66.761 0.0000000000
113759  26.529  -36.248  66.491 0.0000000000
115313  26.724  -35.951  66.271 0.0000000000
116967  26.063  -35.408  63.862 0.0000000000
116952  26.320  -35.341  64.332 0.0000000000
118469  26.420  -34.612  64.442 0.0000000000
118468  26.686  -34.331  64.936 0.0000000000
120027  27.003  -33.598  65.284 0.0000000000
121522  27.449  -32.880  65.449 0.0000000000
121533  27.182  -32.387  64.953 0.0000000000
124642  27.215  -31.728  64.749 0.0000000000
123119  26.127  -32.230  64.019 0.0000000000
123132  25.859  -32.463  63.700 0.0000000000
118587  24.914  -34.849  60.720 0.0000000000
287072  25.019  -34.210  60.860 0.0000000000
120139  24.737  -33.754  60.577 0.0000000000
121624  24.777  -33.085  60.620 0.0000000000
123185  24.903  -32.551  60.701 0.0000000000
121636  24.528  -33.480  59.918 0.0000000000
153644  33.675  -18.080  57.555 0.0000000000
155189  33.689  -17.856  56.866 0.0000000000
153664  33.220  -18.151  56.629 0.0000000000
152164  32.132  -18.675  55.520 0.0000000000
152177  31.295  -19.390  55.139 0.0000000000
146353  28.349  -22.262  53.475 0.0000000000
305748  29.017  -21.365  53.549 0.0000000000
316460  28.491  -22.168  52.953 0.0000000000
178273  51.020  -6.560  39.717 0.0000000000
179708  51.376  -6.189  39.979 0.0000000000
279601  37.000  -18.895  53.332 0.0000000000
150653  36.344  -19.743  52.925 0.0000000000
152220  36.699  -19.246  53.078 0.0000000000
152221  36.099  -19.110  53.110 0.0000000000
152222  35.448  -18.828  52.997 0.0000000000
155246  36.053  -17.581  54.218 0.0000000000
152205  35.236  -18.554  53.377 0.0000000000
153733  34.883  -18.650  53.015 0.0000000000
152224  33.852  -18.951  52.812 0.0000000000
150657  33.492  -19.277  52.558 0.0000000000
150658  32.918  -19.157  52.531 0.0000000000
155186  40.762  -17.309  56.727 0.0000000000
155202  39.654  -17.312  56.083 0.0000000000
158267  39.405  -16.574  56.741 0.0000000000
156691  39.095  -16.900  56.033 0.0000000000
155228  39.161  -17.701  55.196 0.0000000000
153688  38.450  -17.936  54.730 0.0000000000
152188  37.863  -18.839  53.867 0.0000000000
120052  16.340  -34.359  63.940 0.0000000000
121551  16.404  -33.504  64.089 0.0000000000
120053  15.925  -33.901  64.312 0.0000000000
120039  15.579  -33.861  64.707 0.0000000000
120029  15.110  -33.960  65.195 0.0000000000
305029  15.071  -33.641  65.658 0.0000000000
119989  22.612  -33.532  67.743 0.0000000000
119988  22.739  -34.101  67.454 0.0000000000
121494  22.426  -33.485  66.774 0.0000000000
123099  21.485  -32.721  65.285 0.0000000000
277379  21.607  -32.918  64.683 0.0000000000
121547  21.454  -32.953  64.224 0.0000000000
121559  20.933  -33.028  63.286 0.0000000000
120088  20.802  -33.303  62.374 0.0000000000
121596  20.248  -33.233  62.161 0.0000000000
120089  19.673  -33.292  62.191 0.0000000000
120090  19.045  -33.625  62.429 0.0000000000
121562  19.214  -32.439  63.002 0.0000000000
121563  18.674  -33.165  62.809 0.0000000000
164352  41.451  -13.758  44.787 0.0000000000
164360  42.156  -13.224  44.634 0.0000000000
317904  41.702  -13.425  44.296 0.0000000000
121408  20.788  -32.755  72.544 0.0000000000
152254  40.593  -19.456  50.714 0.0000000000
152263  40.289  -19.102  50.147 0.0000000000
152276  38.820  -18.539  49.607 0.0000000000
152275  39.356  -18.716  49.829 0.0000000000
153780  40.275  -18.353  49.431 0.0000000000
155345  40.263  -17.593  48.909 0.0000000000
156832  40.545  -17.302  48.727 0.0000000000
156840  40.266  -17.061  48.457 0.0000000000
156841  39.693  -17.047  48.345 0.0000000000
156853  38.583  -16.951  47.670 0.0000000000
155379  37.701  -17.395  47.698 0.0000000000
156855  37.964  -17.130  47.389 0.0000000000
156854  38.142  -16.729  47.038 0.0000000000
156885  37.658  -17.091  46.080 0.0000000000
124504  17.082  -31.753  72.242 0.0000000000
124505  16.530  -31.802  71.912 0.0000000000
124506  15.985  -31.723  71.626 0.0000000000
122988  15.378  -31.868  71.357 0.0000000000
276186  15.672  -31.751  72.747 0.0000000000
122977  15.309  -31.827  72.319 0.0000000000
123000  14.705  -32.030  71.015 0.0000000000
123001  14.243  -32.362  71.248 0.0000000000
121430  13.637  -32.646  70.781 0.0000000000
121440  13.254  -33.048  70.463 0.0000000000
116767  10.976  -34.540  73.473 0.0000000000
116790  10.845  -35.098  72.596 0.0000000000
273473  10.615  -35.806  72.034 0.0000000000
113679  10.368  -36.268  71.663 0.0000000000
276920  10.569  -36.468  71.204 0.0000000000
113690  10.555  -36.882  70.806 0.0000000000
112267  10.544  -37.211  70.461 0.0000000000
109313  9.771  -38.769  70.419 0.0000000000
109302  9.279  -38.528  71.167 0.0000000000
134569  32.196  -28.015  62.820 0.0000000000
136219  31.738  -27.314  61.932 0.0000000000
134593  31.252  -27.949  61.018 0.0000000000
132950  31.380  -28.740  60.656 0.0000000000
301609  31.389  -28.363  59.837 0.0000000000
131210  31.396  -29.389  60.776 0.0000000000
131222  31.119  -29.825  60.614 0.0000000000
131212  30.136  -29.226  60.910 0.0000000000
131199  29.622  -29.369  62.190 0.0000000000
129502  29.327  -29.324  61.793 0.0000000000
131213  29.346  -29.195  61.141 0.0000000000
295761  28.394  -29.497  61.883 0.0000000000
129504  27.959  -29.652  62.211 0.0000000000
127749  27.366  -29.918  62.375 0.0000000000
115364  24.116  -36.541  63.740 0.0000000000
115348  24.977  -36.590  64.396 0.0000000000
113844  24.424  -36.922  63.377 0.0000000000
113843  24.771  -36.823  63.290 0.0000000000
113869  23.993  -37.249  62.241 0.0000000000
115381  25.326  -36.353  63.397 0.0000000000
116987  25.341  -35.857  62.912 0.0000000000
118506  25.657  -35.052  62.976 0.0000000000
118526  25.813  -34.169  63.141 0.0000000000
118527  25.475  -34.681  62.608 0.0000000000
118552  25.101  -35.198  61.596 0.0000000000
115443  24.691  -36.204  60.899 0.0000000000
117037  24.904  -35.460  61.085 0.0000000000
117061  24.773  -35.525  60.598 0.0000000000
149040  30.873  -20.719  56.950 0.0000000000
149045  30.848  -20.507  56.395 0.0000000000
147646  30.213  -21.292  56.371 0.0000000000
147648  29.395  -21.694  55.750 0.0000000000
146341  28.482  -22.244  54.783 0.0000000000
143868  28.053  -23.152  55.473 0.0000000000
143873  27.888  -23.074  54.783 0.0000000000
292666  28.116  -22.576  53.954 0.0000000000
143877  27.706  -23.433  53.622 0.0000000000
178255  51.355  -6.837  40.707 0.0000000000
176803  51.005  -7.704  41.209 0.0000000000
176816  51.196  -7.281  40.923 0.0000000000
176825  51.054  -6.986  40.466 0.0000000000
176835  50.349  -7.647  39.302 0.0000000000
278526  35.907  -19.841  48.276 0.0000000000
149186  35.774  -20.363  48.409 0.0000000000
149180  35.641  -21.142  49.133 0.0000000000
150674  35.951  -20.284  52.576 0.0000000000
149136  35.257  -21.060  51.686 0.0000000000
147720  34.614  -21.286  50.700 0.0000000000
149153  34.060  -20.798  50.688 0.0000000000
268948  34.192  -21.233  50.283 0.0000000000
271295  34.391  -21.452  49.633 0.0000000000
147752  33.883  -21.349  49.175 0.0000000000
152173  40.293  -19.177  54.663 0.0000000000
150612  40.537  -19.801  54.483 0.0000000000
149116  40.422  -21.101  51.773 0.0000000000
280477  39.198  -20.792  50.863 0.0000000000
149165  38.741  -20.485  50.536 0.0000000000
147715  38.265  -21.359  51.001 0.0000000000
149166  38.215  -20.643  50.299 0.0000000000
150717  37.893  -20.114  49.998 0.0000000000
150726  37.605  -19.725  49.531 0.0000000000
150739  36.680  -19.715  48.861 0.0000000000
115220  28.245  -35.903  70.622 0.0000000000
277227  28.493  -35.931  70.076 0.0000000000
115233  27.888  -35.966  70.030 0.0000000000
115250  27.147  -35.996  69.455 0.0000000000
115265  26.447  -36.123  68.340 0.0000000000
115253  25.240  -35.399  68.478 0.0000000000
115266  25.812  -35.918  68.338 0.0000000000
115280  25.705  -36.002  67.654 0.0000000000
115296  25.009  -35.979  66.786 0.0000000000
115335  24.120  -35.866  65.353 0.0000000000
118428  22.690  -34.179  66.899 0.0000000000
118427  22.837  -34.373  66.727 0.0000000000
118441  22.865  -34.382  66.142 0.0000000000
118471  22.560  -34.165  64.892 0.0000000000
118470  22.883  -34.640  65.132 0.0000000000
116921  23.140  -34.761  65.811 0.0000000000
116920  23.319  -35.060  65.312 0.0000000000
116937  23.329  -35.260  64.582 0.0000000000
115365  23.712  -35.870  64.180 0.0000000000
116969  23.309  -35.966  63.375 0.0000000000
116989  23.312  -36.050  62.966 0.0000000000
117006  23.153  -35.984  62.330 0.0000000000
117007  22.704  -35.256  62.431 0.0000000000
115417  22.975  -36.383  61.691 0.0000000000
115446  22.876  -36.921  60.990 0.0000000000
137978  28.393  -26.269  56.699 0.0000000000
168615  47.422  -11.404  47.050 0.0000000000
164349  43.290  -12.828  45.075 0.0000000000
165770  43.980  -12.602  45.205 0.0000000000
165769  44.463  -12.355  45.412 0.0000000000
167207  43.809  -12.009  44.619 0.0000000000
167196  44.601  -11.865  45.235 0.0000000000
167186  45.327  -11.860  45.957 0.0000000000
167185  45.822  -11.702  46.165 0.0000000000
170012  46.693  -11.048  46.404 0.0000000000
170011  47.245  -10.966  46.695 0.0000000000
170010  47.352  -10.451  46.532 0.0000000000
172711  47.388  -9.918  45.736 0.0000000000
172718  47.616  -9.562  45.187 0.0000000000
171430  46.541  -10.013  44.733 0.0000000000
172724  46.879  -9.736  44.686 0.0000000000
172723  47.476  -9.448  44.527 0.0000000000
301954  47.690  -9.288  44.082 0.0000000000
174090  47.897  -8.979  43.194 0.0000000000
174095  48.031  -8.912  42.255 0.0000000000
174100  48.352  -8.943  41.820 0.0000000000
172737  47.617  -9.048  42.092 0.0000000000
124600  19.309  -31.279  66.708 0.0000000000
124601  18.513  -31.453  66.901 0.0000000000
312875  19.075  -31.198  68.677 0.0000000000
126037  18.812  -31.107  69.551 0.0000000000
124542  19.648  -31.704  69.825 0.0000000000
126036  19.282  -31.283  69.714 0.0000000000
126027  18.715  -31.164  69.894 0.0000000000
124519  18.313  -31.456  70.775 0.0000000000
308271  18.028  -31.273  71.663 0.0000000000
121409  20.164  -32.473  72.433 0.0000000000
122987  19.710  -31.989  71.925 0.0000000000
121386  19.766  -32.238  73.457 0.0000000000
122976  19.530  -32.019  72.628 0.0000000000
124501  19.052  -31.766  72.234 0.0000000000
124502  18.495  -31.420  71.910 0.0000000000
124487  17.839  -31.488  72.243 0.0000000000
270450  17.427  -31.653  72.829 0.0000000000
124470  17.157  -31.815  73.378 0.0000000000
124451  16.925  -31.807  73.839 0.0000000000
272973  17.125  -31.734  74.203 0.0000000000
124452  16.564  -31.824  73.858 0.0000000000
115192  30.094  -35.013  71.975 0.0000000000
115194  28.791  -35.260  71.648 0.0000000000
115206  28.064  -35.700  71.084 0.0000000000
115222  27.206  -35.715  70.867 0.0000000000
313493  26.733  -35.516  70.782 0.0000000000
115209  26.390  -35.353  71.154 0.0000000000
115224  25.517  -35.774  70.213 0.0000000000
116834  24.626  -35.026  69.402 0.0000000000
116835  24.223  -34.766  69.665 0.0000000000
116825  23.602  -34.458  70.583 0.0000000000
118389  23.092  -34.010  68.948 0.0000000000
119963  22.907  -33.838  68.650 0.0000000000
119976  22.576  -33.462  68.248 0.0000000000
121483  21.936  -33.086  67.644 0.0000000000
123052  21.647  -32.872  67.760 0.0000000000
121460  21.883  -32.853  68.755 0.0000000000
123039  21.571  -32.631  68.424 0.0000000000
123053  21.455  -32.470  67.582 0.0000000000
124598  20.806  -31.904  67.022 0.0000000000
124599  20.131  -31.449  66.896 0.0000000000
302503  35.758  -19.737  47.457 0.0000000000
161516  45.365  -15.221  48.830 0.0000000000
161525  44.416  -14.897  48.021 0.0000000000
160027  43.464  -15.806  48.786 0.0000000000
161518  43.985  -15.337  48.368 0.0000000000
162960  43.852  -15.008  47.674 0.0000000000
162971  43.011  -14.643  47.015 0.0000000000
283254  42.675  -14.412  46.568 0.0000000000
269542  41.768  -14.457  46.149 0.0000000000
158444  40.436  -16.679  48.246 0.0000000000
158454  40.686  -16.287  47.833 0.0000000000
160049  40.364  -15.931  47.308 0.0000000000
160060  40.039  -15.650  46.779 0.0000000000
160059  40.663  -15.533  46.883 0.0000000000
161546  41.019  -15.090  46.477 0.0000000000
162990  41.207  -14.497  45.889 0.0000000000
162999  41.008  -14.199  45.206 0.0000000000
299100  40.476  -14.347  45.017 0.0000000000
124602  17.929  -31.703  66.652 0.0000000000
124615  17.311  -31.943  66.299 0.0000000000
123067  16.740  -32.164  66.599 0.0000000000
124589  17.283  -31.670  67.763 0.0000000000
123054  16.813  -32.224  67.325 0.0000000000
123084  16.167  -32.467  66.237 0.0000000000
123085  15.631  -32.656  66.513 0.0000000000
299576  15.335  -33.028  66.282 0.0000000000
120017  14.805  -33.895  66.081 0.0000000000
124533  16.315  -31.653  70.583 0.0000000000
123020  16.000  -32.185  69.586 0.0000000000
123032  15.598  -32.613  69.231 0.0000000000
123033  15.076  -32.828  69.460 0.0000000000
123043  15.147  -32.827  68.860 0.0000000000
121473  15.193  -32.829  68.172 0.0000000000
121497  14.895  -33.289  67.037 0.0000000000
120002  14.663  -33.839  66.689 0.0000000000
120018  14.375  -34.333  66.439 0.0000000000
118444  14.088  -34.795  66.239 0.0000000000
116887  13.641  -35.043  66.534 0.0000000000
116905  13.470  -35.581  66.464 0.0000000000
321878  13.340  -35.256  66.868 0.0000000000
115298  13.255  -36.023  66.593 0.0000000000
121399  13.881  -32.505  72.689 0.0000000000
121422  13.443  -33.111  71.680 0.0000000000
119931  13.086  -33.589  70.746 0.0000000000
116775  11.578  -34.620  72.666 0.0000000000
118336  11.913  -34.460  72.341 0.0000000000
118347  12.002  -34.492  71.785 0.0000000000
116815  11.465  -35.260  71.411 0.0000000000
116800  11.719  -34.775  71.601 0.0000000000
118346  12.356  -34.204  71.365 0.0000000000
118356  12.509  -34.218  70.830 0.0000000000
118366  12.674  -34.331  70.352 0.0000000000
118365  12.914  -34.007  70.103 0.0000000000
118378  12.793  -34.569  69.836 0.0000000000
116849  12.671  -35.390  68.837 0.0000000000
115254  12.410  -35.701  68.576 0.0000000000
115270  12.250  -36.124  68.390 0.0000000000
113719  12.299  -36.208  67.806 0.0000000000
109267  7.243  -39.083  73.709 0.0000000000
106363  7.158  -39.948  73.538 0.0000000000
104808  6.911  -40.489  73.645 0.0000000000
156634  36.953  -16.930  58.256 0.0000000000
152117  32.769  -19.029  58.183 0.0000000000
152119  31.895  -19.534  57.739 0.0000000000
149039  31.215  -20.533  57.402 0.0000000000
147640  30.970  -20.996  57.546 0.0000000000
146330  30.314  -21.908  57.385 0.0000000000
145104  29.507  -22.391  57.005 0.0000000000
145096  30.168  -22.382  57.977 0.0000000000
145100  29.640  -22.499  57.397 0.0000000000
145101  29.310  -22.881  57.165 0.0000000000
142564  28.636  -24.072  57.180 0.0000000000
141147  28.717  -24.302  57.281 0.0000000000
139581  28.616  -24.940  57.121 0.0000000000
291506  30.311  -23.767  59.253 0.0000000000
142539  29.973  -24.240  59.083 0.0000000000
139534  29.926  -25.329  59.025 0.0000000000
141111  29.774  -24.916  58.953 0.0000000000
299493  29.496  -24.443  58.355 0.0000000000
141135  29.378  -24.800  58.098 0.0000000000
139580  29.044  -25.216  57.584 0.0000000000
291353  28.726  -25.780  57.078 0.0000000000
137963  28.770  -26.419  57.016 0.0000000000
304762  29.590  -28.075  57.233 0.0000000000
129595  29.575  -29.900  57.038 0.0000000000
277448  29.236  -30.112  57.195 0.0000000000
131236  31.407  -29.134  59.434 0.0000000000
131256  30.997  -29.487  58.930 0.0000000000
129544  30.550  -29.775  58.506 0.0000000000
131239  29.698  -30.283  59.552 0.0000000000
131258  29.682  -30.292  58.952 0.0000000000
129557  30.175  -30.024  58.062 0.0000000000
129574  29.339  -30.273  57.852 0.0000000000
277199  28.270  -29.854  57.319 0.0000000000
129598  27.072  -29.869  57.373 0.0000000000
127823  26.481  -30.033  57.570 0.0000000000
129561  27.053  -29.824  58.900 0.0000000000
127824  26.058  -30.421  57.857 0.0000000000
127688  29.369  -30.296  65.649 0.0000000000
115231  28.940  -35.792  69.745 0.0000000000
116846  29.049  -35.366  69.027 0.0000000000
115263  28.219  -35.851  68.208 0.0000000000
115262  28.591  -35.706  68.601 0.0000000000
116859  29.258  -34.632  68.980 0.0000000000
118411  29.196  -33.697  68.100 0.0000000000
113780  25.778  -36.689  65.251 0.0000000000
115333  26.266  -36.249  65.371 0.0000000000
116901  26.892  -35.516  66.053 0.0000000000
116935  26.665  -34.972  65.355 0.0000000000
116917  27.007  -35.014  65.806 0.0000000000
118440  27.718  -34.818  66.565 0.0000000000
118426  28.129  -34.506  66.863 0.0000000000
313800  28.687  -33.665  67.622 0.0000000000
119987  28.982  -33.164  67.545 0.0000000000
121481  29.252  -32.387  67.489 0.0000000000
123080  28.059  -32.050  65.997 0.0000000000
123079  28.648  -31.792  66.337 0.0000000000
124608  29.270  -31.174  66.633 0.0000000000
126073  28.952  -30.902  66.287 0.0000000000
126087  29.083  -30.595  66.025 0.0000000000
127704  29.010  -30.138  65.147 0.0000000000
127705  28.552  -30.260  64.901 0.0000000000
127719  28.153  -30.304  64.142 0.0000000000
124652  27.471  -31.182  64.693 0.0000000000
126116  27.338  -30.944  64.324 0.0000000000
126129  27.678  -30.547  64.065 0.0000000000
127731  27.642  -30.409  63.455 0.0000000000
126142  27.093  -30.558  63.198 0.0000000000
276221  26.391  -30.543  62.390 0.0000000000
120084  25.725  -33.495  63.170 0.0000000000
121558  25.798  -33.049  63.426 0.0000000000
276382  25.677  -32.802  63.207 0.0000000000
121595  25.629  -33.100  62.240 0.0000000000
123141  25.614  -32.687  62.708 0.0000000000
124678  25.715  -31.457  62.782 0.0000000000
313266  26.049  -30.930  62.650 0.0000000000
126151  26.312  -30.411  61.937 0.0000000000
126164  25.998  -30.724  61.793 0.0000000000
126177  26.059  -30.584  61.273 0.0000000000
126178  25.631  -30.908  60.756 0.0000000000
124725  24.867  -32.146  60.429 0.0000000000
124736  24.768  -32.036  59.782 0.0000000000
124735  24.874  -31.459  59.679 0.0000000000
156657  36.320  -17.000  57.389 0.0000000000
156697  35.479  -17.000  55.988 0.0000000000
156712  34.664  -17.607  55.169 0.0000000000
155205  33.904  -17.702  56.131 0.0000000000
155236  34.002  -17.849  55.022 0.0000000000
315354  34.040  -17.928  54.486 0.0000000000
153723  33.232  -18.135  53.807 0.0000000000
152226  32.731  -18.823  52.979 0.0000000000
269572  32.432  -19.291  52.500 0.0000000000
149052  30.776  -20.410  55.758 0.0000000000
150613  30.951  -19.929  55.332 0.0000000000
150622  30.649  -20.040  54.316 0.0000000000
280509  29.486  -21.048  53.210 0.0000000000
149076  30.178  -20.221  53.895 0.0000000000
150640  30.776  -19.851  53.607 0.0000000000
150660  31.279  -19.677  52.698 0.0000000000
150681  31.437  -19.901  52.062 0.0000000000
149123  31.533  -20.184  51.487 0.0000000000
174111  48.666  -8.955  41.251 0.0000000000
174118  48.846  -8.977  40.603 0.0000000000
174117  49.466  -8.734  40.314 0.0000000000
172767  49.069  -9.100  40.024 0.0000000000
107864  7.305  -39.442  73.402 0.0000000000
112253  9.273  -37.174  72.251 0.0000000000
113717  27.073  -36.150  68.165 0.0000000000
113728  26.368  -36.235  67.410 0.0000000000
113743  26.710  -36.200  67.038 0.0000000000
113745  25.719  -36.304  66.522 0.0000000000
113760  26.134  -36.446  66.158 0.0000000000
113781  25.372  -36.526  64.960 0.0000000000
113799  25.589  -36.552  64.689 0.0000000000
113800  24.528  -36.622  63.905 0.0000000000
113821  25.784  -36.396  64.433 0.0000000000
113822  25.330  -36.604  64.134 0.0000000000
115205  28.487  -35.547  71.130 0.0000000000
115207  27.583  -35.725  71.234 0.0000000000
115208  27.381  -35.525  71.534 0.0000000000
115219  28.922  -35.745  70.464 0.0000000000
115223  26.171  -35.678  70.534 0.0000000000
115232  28.402  -35.927  69.488 0.0000000000
115234  27.255  -35.953  70.189 0.0000000000
115235  26.157  -35.893  69.894 0.0000000000
115246  29.275  -35.444  69.487 0.0000000000
115252  25.677  -35.818  68.968 0.0000000000
115268  24.277  -35.679  67.943 0.0000000000
115277  27.959  -35.746  67.109 0.0000000000
115278  27.477  -36.086  67.637 0.0000000000
115279  26.217  -36.187  67.927 0.0000000000
115294  26.958  -36.006  66.753 0.0000000000
115295  25.379  -35.974  67.117 0.0000000000
115299  12.875  -36.078  66.996 0.0000000000
115312  27.150  -35.657  66.520 0.0000000000
115314  26.312  -36.266  65.953 0.0000000000
115332  26.476  -35.801  65.791 0.0000000000
115334  24.803  -36.237  65.057 0.0000000000
115347  26.266  -35.943  64.785 0.0000000000
115349  23.722  -35.662  65.121 0.0000000000
115362  26.033  -35.974  64.232 0.0000000000
115380  25.763  -35.945  63.756 0.0000000000
115415  24.433  -36.687  61.632 0.0000000000
116777  10.702  -34.848  73.142 0.0000000000
116789  11.266  -34.908  72.419 0.0000000000
116798  29.920  -35.104  71.477 0.0000000000
116809  29.997  -35.058  70.895 0.0000000000
116810  29.434  -35.195  71.265 0.0000000000
116821  30.054  -35.111  70.371 0.0000000000
116836  23.606  -34.433  69.847 0.0000000000
116837  12.646  -35.179  69.473 0.0000000000
116847  24.733  -35.002  68.739 0.0000000000
116861  28.334  -35.568  68.067 0.0000000000
116862  24.067  -34.734  67.974 0.0000000000
116883  27.985  -35.159  67.031 0.0000000000
116900  27.279  -35.167  66.305 0.0000000000
116902  23.339  -34.908  66.018 0.0000000000
116903  23.198  -34.665  66.378 0.0000000000
116918  26.680  -35.390  65.652 0.0000000000
116968  25.687  -35.574  63.382 0.0000000000
118354  22.800  -33.856  70.724 0.0000000000
118363  23.325  -34.163  70.085 0.0000000000
118374  23.827  -34.453  68.964 0.0000000000
118375  23.269  -34.157  69.436 0.0000000000
118387  23.916  -34.428  68.475 0.0000000000
118417  13.431  -34.887  67.684 0.0000000000
118425  28.407  -34.108  67.272 0.0000000000
118442  22.727  -34.078  66.394 0.0000000000
118453  22.834  -34.454  65.546 0.0000000000
118457  14.271  -34.950  65.709 0.0000000000
118488  26.327  -34.028  64.126 0.0000000000
118505  25.971  -34.814  63.485 0.0000000000
118553  22.403  -34.782  62.452 0.0000000000
118569  25.413  -34.283  61.707 0.0000000000
119942  21.955  -32.890  70.462 0.0000000000
119944  12.806  -34.002  70.585 0.0000000000
119952  22.220  -33.461  69.485 0.0000000000
119954  13.700  -33.453  69.516 0.0000000000
119964  22.440  -33.464  68.842 0.0000000000
119975  22.843  -33.843  67.987 0.0000000000
119979  13.551  -34.263  68.645 0.0000000000
119986  29.649  -33.095  67.887 0.0000000000
120051  21.713  -33.365  64.073 0.0000000000
120126  25.402  -33.578  61.871 0.0000000000
120156  24.469  -33.929  59.540 0.0000000000
121420  20.755  -32.576  72.033 0.0000000000
121428  21.683  -32.711  70.713 0.0000000000
121431  13.292  -33.047  71.017 0.0000000000
121449  21.591  -32.689  69.826 0.0000000000
121471  22.219  -33.264  67.894 0.0000000000
121484  15.203  -32.837  67.440 0.0000000000
121485  14.837  -33.221  67.729 0.0000000000
121514  15.205  -33.389  65.924 0.0000000000
121515  15.052  -33.417  66.447 0.0000000000
121523  27.043  -33.059  65.118 0.0000000000
121527  15.392  -33.392  65.311 0.0000000000
121536  21.673  -32.946  64.971 0.0000000000
121537  21.303  -32.635  64.800 0.0000000000
121560  20.540  -32.684  63.446 0.0000000000
121561  20.057  -32.537  63.177 0.0000000000
121564  18.190  -33.142  63.222 0.0000000000
121612  25.038  -33.335  61.092 0.0000000000
122979  14.225  -32.294  72.408 0.0000000000
123006  19.977  -32.163  70.397 0.0000000000
123008  14.753  -32.325  70.464 0.0000000000
123029  21.324  -32.420  68.815 0.0000000000
123041  16.195  -32.377  68.302 0.0000000000
123042  15.641  -32.606  68.584 0.0000000000
123066  21.363  -32.403  66.976 0.0000000000
123081  21.664  -32.796  65.968 0.0000000000
123097  28.051  -31.475  66.011 0.0000000000
123125  17.241  -32.584  64.345 0.0000000000
123140  25.674  -32.178  63.100 0.0000000000
123142  19.631  -32.454  62.905 0.0000000000
123169  25.135  -32.703  61.173 0.0000000000
124503  17.485  -31.453  71.684 0.0000000000
124545  16.397  -31.697  69.974 0.0000000000
124546  15.873  -31.959  70.125 0.0000000000
124554  20.602  -32.043  68.979 0.0000000000
124557  18.453  -31.208  68.951 0.0000000000
124570  20.355  -31.676  68.773 0.0000000000
124574  17.158  -31.592  68.490 0.0000000000
124609  28.615  -31.322  66.272 0.0000000000
124626  28.024  -31.062  65.631 0.0000000000
124629  20.039  -31.901  65.026 0.0000000000
124631  18.571  -31.754  65.627 0.0000000000
124633  17.320  -31.984  65.635 0.0000000000
124654  26.666  -31.749  64.361 0.0000000000
124664  26.287  -31.355  63.551 0.0000000000
124711  25.536  -31.628  61.651 0.0000000000
124724  25.020  -31.516  60.462 0.0000000000
124748  24.818  -31.870  59.036 0.0000000000
126017  19.144  -31.304  70.110 0.0000000000
126018  18.623  -31.230  70.189 0.0000000000
126100  28.753  -30.413  65.488 0.0000000000
126187  25.219  -30.975  59.923 0.0000000000
126215  25.563  -30.745  58.064 0.0000000000
126216  25.173  -31.193  58.244 0.0000000000
127687  29.920  -30.151  65.981 0.0000000000
127740  26.975  -30.306  62.547 0.0000000000
127748  27.872  -30.005  62.613 0.0000000000
127759  27.066  -29.679  61.740 0.0000000000
127770  26.363  -30.154  60.931 0.0000000000
127782  26.791  -29.697  60.515 0.0000000000
127784  25.730  -30.425  60.099 0.0000000000
129467  29.254  -29.935  64.928 0.0000000000
129484  29.621  -29.543  63.328 0.0000000000
129485  29.042  -29.835  63.503 0.0000000000
129525  27.808  -29.274  60.552 0.0000000000
129545  30.191  -30.240  58.675 0.0000000000
129558  29.763  -30.257  58.238 0.0000000000
129560  27.725  -29.886  58.652 0.0000000000
129597  27.716  -29.818  57.132 0.0000000000
131176  31.734  -28.506  63.067 0.0000000000
131178  30.526  -29.328  63.923 0.0000000000
131197  31.307  -28.618  62.083 0.0000000000
131198  30.339  -29.028  61.923 0.0000000000
131221  31.598  -29.530  60.192 0.0000000000
131238  30.486  -30.280  59.815 0.0000000000
131257  30.623  -30.098  59.116 0.0000000000
132938  31.643  -27.865  61.799 0.0000000000
132964  30.890  -27.545  59.350 0.0000000000
134579  32.121  -27.547  62.630 0.0000000000
134601  31.174  -26.513  60.730 0.0000000000
134621  30.412  -27.342  58.566 0.0000000000
134631  30.038  -27.646  57.923 0.0000000000
136265  29.854  -27.133  58.088 0.0000000000
137891  31.153  -25.852  60.688 0.0000000000
137892  30.849  -25.635  60.311 0.0000000000
137905  30.280  -25.877  59.302 0.0000000000
137947  29.850  -26.565  58.373 0.0000000000
139511  30.910  -25.255  60.379 0.0000000000
139535  29.677  -25.422  58.799 0.0000000000
141121  29.630  -24.416  58.702 0.0000000000
141134  29.477  -25.053  58.597 0.0000000000
141164  27.612  -24.762  54.739 0.0000000000
142545  29.828  -23.919  58.718 0.0000000000
142570  28.354  -23.837  56.768 0.0000000000
142576  28.098  -23.706  56.296 0.0000000000
142577  27.844  -24.146  55.901 0.0000000000
143790  30.752  -23.603  59.551 0.0000000000
143807  30.485  -23.257  59.214 0.0000000000
143822  30.237  -23.112  58.777 0.0000000000
143833  29.698  -23.304  58.030 0.0000000000
143843  29.497  -23.069  57.580 0.0000000000
143845  28.691  -23.684  57.049 0.0000000000
143853  28.978  -23.174  56.905 0.0000000000
145097  29.819  -22.744  57.817 0.0000000000
145106  28.710  -22.814  56.403 0.0000000000
145111  28.458  -22.746  55.956 0.0000000000
145117  28.412  -22.634  55.232 0.0000000000
145122  28.133  -22.596  54.524 0.0000000000
145123  27.813  -22.985  54.119 0.0000000000
145127  27.944  -22.850  53.497 0.0000000000
145129  28.255  -22.653  52.840 0.0000000000
146310  30.699  -22.270  58.918 0.0000000000
146321  30.572  -22.116  58.404 0.0000000000
146328  30.027  -22.266  57.636 0.0000000000
146331  29.900  -22.151  57.197 0.0000000000
146333  30.194  -21.827  56.936 0.0000000000
146335  29.378  -22.225  56.570 0.0000000000
146338  29.165  -22.090  56.049 0.0000000000
146340  28.894  -22.056  55.334 0.0000000000
146344  28.738  -21.844  54.595 0.0000000000
146345  28.369  -22.185  54.196 0.0000000000
146364  28.730  -21.752  53.103 0.0000000000
146375  29.487  -21.364  51.976 0.0000000000
146385  30.253  -21.404  51.008 0.0000000000
147617  31.157  -21.551  58.951 0.0000000000
147625  31.102  -21.359  58.475 0.0000000000
147635  30.667  -21.510  57.623 0.0000000000
147641  30.650  -21.221  57.164 0.0000000000
147644  30.047  -21.619  56.491 0.0000000000
147647  29.821  -21.472  56.078 0.0000000000
147650  29.668  -21.317  55.472 0.0000000000
147658  29.552  -21.178  54.709 0.0000000000
147668  29.458  -21.052  53.910 0.0000000000
147673  40.157  -21.352  52.983 0.0000000000
147676  38.500  -20.982  52.555 0.0000000000
147686  39.346  -21.388  52.290 0.0000000000
147688  37.968  -21.411  51.692 0.0000000000
147689  37.472  -21.157  52.127 0.0000000000
147690  36.969  -21.138  51.969 0.0000000000
147691  36.465  -21.240  51.796 0.0000000000
147699  39.813  -21.163  51.672 0.0000000000
147701  37.363  -21.403  51.575 0.0000000000
147705  34.997  -21.300  51.124 0.0000000000
147722  32.688  -20.822  50.348 0.0000000000
147723  32.089  -20.690  50.269 0.0000000000
149014  31.634  -20.597  58.220 0.0000000000
149027  31.517  -20.422  57.785 0.0000000000
149046  30.532  -21.006  56.707 0.0000000000
149053  30.441  -20.854  56.167 0.0000000000
149062  30.543  -20.298  55.105 0.0000000000
149077  29.830  -20.673  54.280 0.0000000000
149088  39.821  -20.698  53.953 0.0000000000
149090  38.447  -20.248  53.287 0.0000000000
149091  30.217  -20.155  53.176 0.0000000000
149092  29.815  -20.614  53.535 0.0000000000
149101  38.960  -21.092  53.595 0.0000000000
149102  38.589  -20.722  53.200 0.0000000000
149104  37.654  -20.311  52.579 0.0000000000
149105  30.873  -20.041  52.304 0.0000000000
149107  29.861  -20.595  52.824 0.0000000000
149118  37.176  -20.519  52.281 0.0000000000
149121  34.843  -20.500  51.824 0.0000000000
149124  30.998  -20.233  51.693 0.0000000000
149134  39.574  -20.987  51.136 0.0000000000
149135  39.089  -21.111  51.145 0.0000000000
149138  33.257  -20.083  50.914 0.0000000000
149142  31.179  -20.475  51.216 0.0000000000
149143  30.618  -20.549  51.557 0.0000000000
149152  38.003  -21.231  50.518 0.0000000000
149156  31.903  -20.454  50.582 0.0000000000
150579  31.553  -20.018  57.451 0.0000000000
150594  31.385  -19.713  56.917 0.0000000000
150603  31.366  -19.470  56.281 0.0000000000
150621  31.049  -19.809  54.695 0.0000000000
150633  40.022  -20.165  54.003 0.0000000000
150634  39.497  -20.146  53.819 0.0000000000
150638  31.710  -19.361  53.187 0.0000000000
150639  31.362  -19.375  53.716 0.0000000000
150656  34.079  -19.292  52.432 0.0000000000
150661  30.742  -19.894  52.906 0.0000000000
150672  37.206  -20.077  52.598 0.0000000000
150673  36.728  -20.136  52.530 0.0000000000
150680  32.018  -19.791  51.867 0.0000000000
150692  32.977  -19.813  51.447 0.0000000000
150693  32.360  -19.930  51.382 0.0000000000
150702  40.730  -20.052  51.019 0.0000000000
150715  38.969  -19.743  50.337 0.0000000000
150740  36.194  -20.068  48.635 0.0000000000
152102  33.899  -18.712  58.882 0.0000000000
152103  33.290  -18.806  58.509 0.0000000000
152118  32.281  -19.156  57.918 0.0000000000
152154  32.174  -18.695  56.165 0.0000000000
152155  31.733  -19.146  56.590 0.0000000000
152165  31.559  -19.077  55.537 0.0000000000
152176  31.824  -19.047  54.901 0.0000000000
152190  32.510  -18.651  53.998 0.0000000000
152191  32.164  -19.046  54.350 0.0000000000
152201  38.063  -19.372  53.543 0.0000000000
152202  37.522  -19.186  53.530 0.0000000000
152203  36.414  -18.722  53.374 0.0000000000
152204  35.807  -18.599  53.408 0.0000000000
152208  32.954  -18.458  53.381 0.0000000000
152209  32.602  -18.702  53.492 0.0000000000
152219  37.238  -19.402  53.106 0.0000000000
152223  34.464  -18.929  52.700 0.0000000000
152225  33.181  -18.761  52.945 0.0000000000
152255  40.022  -19.536  50.579 0.0000000000
153645  33.200  -18.261  57.320 0.0000000000
153646  32.651  -18.513  57.092 0.0000000000
153665  32.707  -18.436  56.389 0.0000000000
153677  32.705  -18.344  55.674 0.0000000000
153685  40.075  -18.480  54.958 0.0000000000
153686  39.520  -18.151  54.819 0.0000000000
153687  38.970  -17.970  54.776 0.0000000000
153690  32.854  -18.158  54.658 0.0000000000
153700  38.796  -18.400  54.323 0.0000000000
153701  38.230  -18.327  54.215 0.0000000000
153702  37.720  -18.089  53.982 0.0000000000
153703  37.194  -18.072  53.955 0.0000000000
153708  32.881  -18.134  54.150 0.0000000000
153720  35.377  -18.352  53.826 0.0000000000
153722  33.888  -18.201  53.754 0.0000000000
153772  40.110  -18.827  49.861 0.0000000000
155173  34.216  -17.877  57.494 0.0000000000
155187  35.295  -17.263  57.536 0.0000000000
155204  34.403  -17.430  56.040 0.0000000000
155206  33.553  -17.839  56.213 0.0000000000
155215  40.088  -17.779  55.827 0.0000000000
155216  39.396  -17.491  55.650 0.0000000000
155218  34.361  -17.742  55.355 0.0000000000
155219  33.987  -17.777  55.496 0.0000000000
155220  33.606  -17.815  55.613 0.0000000000
155230  38.216  -17.535  54.812 0.0000000000
155231  37.024  -17.280  54.637 0.0000000000
155232  36.397  -17.225  54.576 0.0000000000
155235  34.277  -17.871  54.836 0.0000000000
155237  33.663  -17.861  55.021 0.0000000000
155247  35.053  -17.845  54.515 0.0000000000
155248  34.500  -17.947  54.533 0.0000000000
155249  33.771  -17.892  54.698 0.0000000000
155327  41.431  -17.415  49.496 0.0000000000
155329  40.497  -17.813  49.269 0.0000000000
155330  39.974  -17.977  49.120 0.0000000000
155346  39.818  -17.715  48.803 0.0000000000
155348  38.068  -17.908  48.620 0.0000000000
155363  38.881  -17.548  48.481 0.0000000000
155380  37.149  -17.642  47.364 0.0000000000
156635  36.591  -17.092  58.255 0.0000000000
156653  41.054  -17.105  57.289 0.0000000000
156654  40.220  -16.655  57.046 0.0000000000
156655  36.948  -16.795  57.881 0.0000000000
156656  36.624  -16.889  57.675 0.0000000000
156658  35.849  -17.116  57.475 0.0000000000
156676  39.215  -16.727  56.312 0.0000000000
156677  38.589  -16.500  56.329 0.0000000000
156680  36.641  -16.618  56.911 0.0000000000
156681  36.056  -16.840  56.744 0.0000000000
156695  36.793  -16.522  56.094 0.0000000000
156696  36.200  -16.758  56.014 0.0000000000
156698  34.781  -17.270  55.642 0.0000000000
156709  36.767  -16.903  55.053 0.0000000000
156711  35.128  -17.094  55.203 0.0000000000
156830  41.341  -16.832  49.270 0.0000000000
156843  38.120  -17.295  47.949 0.0000000000
156868  37.734  -17.009  46.774 0.0000000000
158243  38.217  -16.463  57.792 0.0000000000
158298  38.346  -16.400  56.909 0.0000000000
158300  37.444  -16.373  57.038 0.0000000000
158432  41.951  -16.381  49.108 0.0000000000
158435  40.734  -16.986  48.591 0.0000000000
158443  40.924  -16.555  48.397 0.0000000000
158446  39.255  -16.722  47.995 0.0000000000
158455  40.120  -16.392  47.675 0.0000000000
158481  38.578  -16.077  46.301 0.0000000000
160028  42.314  -16.015  48.849 0.0000000000
160038  41.707  -15.947  48.342 0.0000000000
160047  41.527  -15.728  47.830 0.0000000000
160048  41.028  -15.764  47.468 0.0000000000
160061  39.479  -15.735  46.662 0.0000000000
160073  39.785  -15.433  46.239 0.0000000000
161524  44.956  -14.889  48.318 0.0000000000
161526  43.394  -15.476  48.029 0.0000000000
161534  42.607  -15.057  47.392 0.0000000000
161536  41.200  -15.421  46.959 0.0000000000
161544  42.079  -15.073  47.158 0.0000000000
161555  40.648  -14.965  46.009 0.0000000000
161566  40.049  -14.772  45.159 0.0000000000
161567  39.523  -15.074  45.102 0.0000000000
162958  44.871  -14.413  47.885 0.0000000000
162969  44.236  -13.902  46.957 0.0000000000
162979  42.049  -14.672  46.609 0.0000000000
162988  42.272  -14.266  46.128 0.0000000000
162989  41.849  -14.155  45.742 0.0000000000
162998  41.494  -14.081  45.378 0.0000000000
164323  45.185  -13.218  46.686 0.0000000000
164332  43.795  -13.721  46.314 0.0000000000
164339  44.434  -13.168  46.025 0.0000000000
164340  44.050  -13.382  45.928 0.0000000000
164342  42.415  -13.821  45.674 0.0000000000
164350  42.605  -13.320  45.148 0.0000000000
164361  41.164  -13.668  44.210 0.0000000000
165752  45.474  -12.677  46.331 0.0000000000
165761  44.709  -12.568  45.810 0.0000000000
165771  42.767  -12.883  44.706 0.0000000000
165788  43.023  -12.363  44.044 0.0000000000
165789  42.576  -12.527  43.698 0.0000000000
167176  46.245  -12.011  46.458 0.0000000000
167187  44.885  -12.163  45.744 0.0000000000
167195  45.065  -11.698  45.573 0.0000000000
167198  43.648  -12.285  44.794 0.0000000000
167206  44.236  -11.848  44.914 0.0000000000
168618  46.999  -11.474  46.637 0.0000000000
168619  46.352  -11.448  46.356 0.0000000000
168627  46.204  -11.057  46.092 0.0000000000
168628  45.911  -11.331  46.044 0.0000000000
168639  44.767  -11.629  45.153 0.0000000000
168643  44.914  -11.259  44.936 0.0000000000
168652  43.793  -11.620  43.899 0.0000000000
170016  46.916  -10.586  46.334 0.0000000000
170025  45.704  -10.806  45.314 0.0000000000
170026  45.269  -10.934  44.973 0.0000000000
170045  44.818  -10.568  43.049 0.0000000000
171417  47.162  -10.167  46.069 0.0000000000
171424  46.450  -10.247  45.310 0.0000000000
171444  46.257  -9.695  42.874 0.0000000000
171454  45.759  -9.864  42.441 0.0000000000
172719  47.183  -9.942  45.479 0.0000000000
172728  47.621  -9.247  43.486 0.0000000000
172730  46.772  -9.641  44.271 0.0000000000
172732  47.657  -9.036  42.764 0.0000000000
172734  46.745  -9.548  43.736 0.0000000000
172744  47.755  -9.174  41.613 0.0000000000
172746  46.782  -9.469  42.054 0.0000000000
174066  49.039  -8.442  45.364 0.0000000000
174068  48.041  -9.119  44.875 0.0000000000
174078  48.441  -8.777  44.572 0.0000000000
174085  47.950  -9.007  43.711 0.0000000000
174088  48.913  -8.624  43.458 0.0000000000
174092  49.696  -8.582  42.415 0.0000000000
174101  47.991  -9.013  41.853 0.0000000000
174110  49.142  -8.786  40.841 0.0000000000
175395  49.604  -8.217  44.316 0.0000000000
175416  50.678  -8.060  41.568 0.0000000000
175424  50.595  -7.996  41.051 0.0000000000
175431  50.528  -7.691  39.974 0.0000000000
176817  50.848  -7.505  40.654 0.0000000000
178254  51.838  -6.575  41.015 0.0000000000
178264  51.175  -6.679  40.203 0.0000000000
178265  50.861  -6.869  39.893 0.0000000000
179716  51.585  -5.597  39.744 0.0000000000
182551  52.372  -4.612  39.056 0.0000000000
268921  35.555  -21.721  49.466 0.0000000000
269047  25.622  -35.431  70.779 0.0000000000
269500  19.354  -31.240  68.148 0.0000000000
269966  24.494  -35.770  66.489 0.0000000000
269994  28.825  -29.239  61.614 0.0000000000
271483  24.332  -35.647  67.243 0.0000000000
272392  16.953  -31.673  71.634 0.0000000000
273748  46.029  -10.239  44.481 0.0000000000
273940  34.318  -17.698  56.778 0.0000000000
273991  17.863  -31.352  71.223 0.0000000000
274574  47.139  -9.784  45.103 0.0000000000
276073  11.187  -35.462  71.673 0.0000000000
276180  26.800  -29.753  59.948 0.0000000000
277169  33.681  -17.958  54.213 0.0000000000
277224  32.190  -19.018  57.482 0.0000000000
278247  48.679  -8.696  42.926 0.0000000000
278299  29.203  -21.810  51.696 0.0000000000
278587  22.799  -34.410  67.238 0.0000000000
279060  23.672  -34.617  67.084 0.0000000000
279106  21.364  -33.014  73.021 0.0000000000
279812  37.686  -17.207  54.765 0.0000000000
279822  31.633  -20.726  58.503 0.0000000000
280216  32.009  -28.228  62.464 0.0000000000
280685  31.088  -19.670  54.130 0.0000000000
281621  31.244  -30.140  60.264 0.0000000000
281927  15.510  -31.815  71.869 0.0000000000
282494  39.222  -18.322  49.509 0.0000000000
283232  40.083  -17.402  48.607 0.0000000000
283356  30.326  -20.682  55.637 0.0000000000
283509  21.241  -32.221  67.973 0.0000000000
283643  46.409  -9.876  44.105 0.0000000000
283820  33.881  -20.194  50.983 0.0000000000
283952  41.221  -17.130  49.262 0.0000000000
284635  40.805  -14.039  44.611 0.0000000000
285303  42.840  -15.899  48.963 0.0000000000
286421  21.770  -32.761  69.308 0.0000000000
287350  26.808  -36.039  68.819 0.0000000000
287512  20.647  -31.750  68.215 0.0000000000
287919  48.135  -8.828  42.772 0.0000000000
288175  27.729  -35.967  67.245 0.0000000000
288676  30.147  -29.504  63.826 0.0000000000
288816  24.762  -34.344  60.473 0.0000000000
288985  31.866  -19.486  52.547 0.0000000000
290848  22.624  -33.649  67.128 0.0000000000
293147  19.236  -32.111  63.376 0.0000000000
293302  38.645  -21.292  51.482 0.0000000000
294071  19.255  -31.881  73.042 0.0000000000
294495  31.736  -18.991  55.991 0.0000000000
295768  31.284  -29.098  64.072 0.0000000000
299709  10.024  -35.365  73.532 0.0000000000
301382  22.447  -33.523  66.259 0.0000000000
302090  35.095  -19.045  52.625 0.0000000000
302751  32.113  -18.755  55.057 0.0000000000
302810  34.344  -19.634  52.075 0.0000000000
303974  27.499  -36.004  69.772 0.0000000000
303999  26.502  -35.977  69.354 0.0000000000
304074  23.475  -36.606  62.513 0.0000000000
304232  29.556  -29.333  56.685 0.0000000000
304330  38.879  -17.186  55.465 0.0000000000
304883  25.264  -35.568  68.091 0.0000000000
305662  28.773  -29.990  62.617 0.0000000000
306973  31.553  -26.560  61.717 0.0000000000
308260  40.907  -18.530  55.723 0.0000000000
308667  38.428  -21.067  50.563 0.0000000000
308802  36.908  -21.391  51.514 0.0000000000
309424  47.757  -9.311  44.583 0.0000000000
311164  28.646  -29.210  60.328 0.0000000000
311817  37.244  -16.554  57.559 0.0000000000
312554  30.442  -21.611  57.143 0.0000000000
313335  25.153  -35.273  62.177 0.0000000000
313399  44.236  -11.529  44.327 0.0000000000
313601  38.233  -16.474  56.158 0.0000000000
313876  29.126  -21.352  52.974 0.0000000000
314960  21.948  -33.272  64.847 0.0000000000
315049  11.466  -35.529  70.884 0.0000000000
315594  31.188  -27.197  60.611 0.0000000000
316888  36.347  -20.766  49.229 0.0000000000
317858  22.746  -34.179  65.931 0.0000000000
318171  33.305  -18.015  54.151 0.0000000000
318961  27.533  -32.501  65.278 0.0000000000
319116  24.018  -37.125  62.621 0.0000000000
319129  25.026  -33.751  60.999 0.0000000000
320294  37.688  -17.912  48.352 0.0000000000
320423  29.706  -29.145  61.320 0.0000000000
320490  18.723  -31.905  64.316 0.0000000000
320737  30.512  -26.386  59.509 0.0000000000
321462  21.205  -32.956  63.834 0.0000000000
321734  24.909  -35.869  67.165 0.0000000000
323195  31.146  -19.558  53.221 0.0000000000
