#!ascii label  , from subject sub-v2s5x29560_ses-1 vox2ras=TkReg
1968
104551  31.319  -26.695  61.913 0.0000000000
251048  41.488  -10.882  50.705 0.0000000000
117353  32.136  -20.931  56.535 0.0000000000
86057  15.023  -35.437  77.893 0.0000000000
104376  26.286  -26.418  68.042 0.0000000000
123000  34.041  -17.544  54.963 0.0000000000
93437  20.290  -31.760  72.284 0.0000000000
83206  18.765  -36.798  75.107 0.0000000000
95136  23.150  -30.855  69.563 0.0000000000
137689  45.476  -10.504  49.172 0.0000000000
241604  31.326  -23.402  64.037 0.0000000000
115657  29.199  -21.377  62.272 0.0000000000
110107  34.800  -24.143  62.373 0.0000000000
143919  43.946  -6.362  49.239 0.0000000000
145283  46.845  -6.176  45.539 0.0000000000
133214  38.635  -12.392  52.753 0.0000000000
281124  42.820  -16.575  53.240 0.0000000000
123056  37.852  -17.424  53.279 0.0000000000
115846  38.141  -21.940  55.550 0.0000000000
98549  31.382  -30.343  66.296 0.0000000000
84544  13.129  -36.477  81.925 0.0000000000
90241  10.070  -33.625  84.381 0.0000000000
247169  9.724  -30.430  88.380 0.0000000000
288664  28.768  -26.896  64.143 0.0000000000
96857  26.961  -31.036  67.192 0.0000000000
124234  27.100  -16.939  60.626 0.0000000000
118850  31.468  -19.844  60.130 0.0000000000
150260  50.276  -2.739  44.220 0.0000000000
137674  43.435  -10.598  49.830 0.0000000000
131845  43.831  -13.052  52.162 0.0000000000
108763  32.150  -24.923  62.713 0.0000000000
110125  31.618  -23.789  61.549 0.0000000000
106074  33.646  -25.865  61.412 0.0000000000
139988  40.824  -8.719  51.004 0.0000000000
143898  42.855  -6.727  51.198 0.0000000000
140010  42.163  -8.292  49.502 0.0000000000
140032  43.761  -8.246  48.320 0.0000000000
90170  8.618  -33.538  89.435 0.0000000000
128121  38.266  -14.819  53.099 0.0000000000
126956  36.563  -15.698  53.405 0.0000000000
120357  33.153  -19.168  55.519 0.0000000000
118942  34.941  -20.169  54.547 0.0000000000
115833  34.849  -21.782  56.027 0.0000000000
114252  34.817  -22.493  58.548 0.0000000000
83182  16.472  -36.391  76.631 0.0000000000
243543  18.024  -38.433  77.661 0.0000000000
81660  16.079  -37.459  78.626 0.0000000000
81639  15.502  -37.834  80.392 0.0000000000
86004  14.099  -35.600  79.906 0.0000000000
91736  11.643  -32.589  83.116 0.0000000000
91679  9.643  -31.904  86.073 0.0000000000
255797  27.671  -26.591  66.187 0.0000000000
100143  27.443  -29.179  65.007 0.0000000000
100127  25.812  -28.794  66.347 0.0000000000
90432  23.186  -33.440  71.633 0.0000000000
93464  24.725  -32.459  70.542 0.0000000000
117206  31.248  -20.650  63.142 0.0000000000
117269  29.487  -20.191  61.346 0.0000000000
126934  34.782  -16.007  55.100 0.0000000000
125647  32.086  -16.526  56.735 0.0000000000
257329  30.439  -17.162  57.048 0.0000000000
89002  21.242  -33.675  72.676 0.0000000000
84701  20.526  -35.855  74.442 0.0000000000
88964  18.966  -34.305  73.313 0.0000000000
87500  17.233  -34.652  75.491 0.0000000000
88882  16.456  -34.299  77.346 0.0000000000
100069  23.863  -28.626  68.253 0.0000000000
100040  22.653  -29.048  69.746 0.0000000000
93490  21.475  -31.551  70.654 0.0000000000
115595  28.721  -21.103  66.607 0.0000000000
117186  27.072  -20.244  64.073 0.0000000000
111421  29.120  -23.258  63.397 0.0000000000
114153  31.748  -22.470  61.875 0.0000000000
148995  46.451  -3.997  46.064 0.0000000000
145273  45.550  -6.033  47.122 0.0000000000
140042  46.319  -8.515  47.262 0.0000000000
134594  40.000  -11.795  51.916 0.0000000000
130534  41.900  -13.562  52.344 0.0000000000
285621  40.173  -14.399  52.824 0.0000000000
124356  40.046  -17.222  52.935 0.0000000000
118956  40.673  -20.049  54.061 0.0000000000
123014  35.776  -18.128  53.827 0.0000000000
118960  37.861  -20.090  54.206 0.0000000000
100174  31.613  -28.911  63.891 0.0000000000
102999  33.803  -27.623  63.886 0.0000000000
138843  39.543  -9.394  52.836 0.0000000000
88846  13.561  -33.607  79.970 0.0000000000
87379  12.268  -34.273  81.450 0.0000000000
277356  11.597  -35.254  82.912 0.0000000000
85966  11.039  -35.808  85.048 0.0000000000
87360  9.332  -34.129  85.756 0.0000000000
91675  8.682  -32.813  87.418 0.0000000000
94821  8.105  -30.775  89.302 0.0000000000
96498  8.175  -30.202  90.987 0.0000000000
103017  29.900  -27.451  62.646 0.0000000000
100160  29.613  -29.419  64.301 0.0000000000
96881  29.480  -30.958  66.405 0.0000000000
96816  25.365  -30.641  68.700 0.0000000000
274743  29.203  -18.335  57.588 0.0000000000
120258  27.245  -19.539  61.488 0.0000000000
279456  29.005  -19.834  59.476 0.0000000000
115766  30.942  -21.060  58.751 0.0000000000
105988  36.559  -26.190  64.700 0.0000000000
147815  51.653  -4.447  42.216 0.0000000000
147778  47.682  -4.610  44.405 0.0000000000
145304  49.772  -6.041  42.641 0.0000000000
272449  42.064  -10.827  50.437 0.0000000000
133241  43.296  -12.047  51.051 0.0000000000
133235  42.474  -12.276  51.501 0.0000000000
107448  31.935  -25.768  62.066 0.0000000000
107466  32.721  -25.558  61.500 0.0000000000
104549  32.950  -26.801  61.696 0.0000000000
137667  40.980  -9.958  50.608 0.0000000000
139996  41.648  -8.254  50.277 0.0000000000
137677  41.854  -9.675  50.011 0.0000000000
137694  42.610  -9.605  49.379 0.0000000000
91646  8.249  -32.457  89.942 0.0000000000
129276  36.817  -14.541  53.554 0.0000000000
129262  36.325  -14.796  54.338 0.0000000000
118912  32.175  -19.947  55.834 0.0000000000
117377  34.116  -20.342  55.471 0.0000000000
115834  33.811  -21.543  55.948 0.0000000000
112873  35.238  -22.443  57.044 0.0000000000
114288  33.246  -22.182  57.032 0.0000000000
84646  15.784  -36.210  77.408 0.0000000000
83153  16.202  -36.945  77.775 0.0000000000
83155  15.393  -36.617  78.292 0.0000000000
83125  14.772  -36.685  79.238 0.0000000000
84620  14.598  -35.484  78.902 0.0000000000
104421  27.120  -26.391  66.973 0.0000000000
246178  26.391  -27.092  65.736 0.0000000000
102941  25.545  -27.471  66.666 0.0000000000
90380  23.093  -33.873  72.632 0.0000000000
124188  27.198  -17.115  65.022 0.0000000000
118777  31.237  -20.003  63.219 0.0000000000
125636  31.164  -16.243  57.162 0.0000000000
126884  30.694  -15.591  57.751 0.0000000000
91901  20.731  -32.655  72.144 0.0000000000
281041  20.059  -33.892  73.196 0.0000000000
273668  19.438  -33.323  72.772 0.0000000000
90345  17.572  -33.464  74.468 0.0000000000
88900  17.482  -33.632  75.997 0.0000000000
87464  16.902  -34.483  76.677 0.0000000000
102862  23.588  -27.816  69.738 0.0000000000
96755  20.500  -30.917  71.956 0.0000000000
96768  21.442  -30.447  70.989 0.0000000000
269374  20.822  -31.517  71.668 0.0000000000
91928  21.464  -32.973  71.341 0.0000000000
114101  28.562  -22.470  64.974 0.0000000000
111384  29.665  -23.617  64.397 0.0000000000
276251  33.308  -23.810  61.423 0.0000000000
111444  31.384  -23.281  61.488 0.0000000000
112762  33.232  -22.779  62.037 0.0000000000
114137  33.223  -22.384  62.486 0.0000000000
111418  34.900  -23.366  63.040 0.0000000000
143910  43.300  -6.596  50.140 0.0000000000
147755  45.419  -4.696  47.787 0.0000000000
145264  44.508  -6.104  48.231 0.0000000000
138901  44.469  -9.348  48.656 0.0000000000
256347  44.802  -8.172  47.663 0.0000000000
138899  45.681  -9.879  48.321 0.0000000000
133228  39.164  -12.168  52.425 0.0000000000
131836  40.058  -13.234  52.557 0.0000000000
131837  39.380  -13.113  52.785 0.0000000000
125711  37.908  -16.447  52.951 0.0000000000
263338  38.938  -16.076  52.807 0.0000000000
123054  39.070  -17.679  53.037 0.0000000000
121737  40.285  -18.687  53.442 0.0000000000
121739  38.972  -18.741  53.459 0.0000000000
125672  34.469  -16.570  54.844 0.0000000000
124325  35.262  -16.954  53.888 0.0000000000
122999  34.527  -18.024  54.377 0.0000000000
115864  36.742  -21.194  54.953 0.0000000000
118962  36.649  -19.835  54.398 0.0000000000
117391  37.980  -21.205  54.833 0.0000000000
115862  39.876  -21.590  54.855 0.0000000000
98600  31.255  -29.289  64.832 0.0000000000
100155  32.835  -28.541  64.952 0.0000000000
134574  38.244  -11.579  53.595 0.0000000000
136152  38.823  -10.840  52.861 0.0000000000
136160  39.540  -10.809  51.961 0.0000000000
84690  19.613  -36.577  74.600 0.0000000000
81697  19.580  -37.776  75.750 0.0000000000
83092  14.204  -37.177  81.327 0.0000000000
81615  15.247  -37.965  81.703 0.0000000000
83084  14.156  -37.237  81.927 0.0000000000
83075  12.982  -36.837  82.904 0.0000000000
90262  13.140  -33.022  80.979 0.0000000000
87381  13.019  -34.343  80.678 0.0000000000
90258  12.351  -33.000  81.550 0.0000000000
90248  10.857  -33.447  83.923 0.0000000000
88832  11.103  -33.989  83.103 0.0000000000
87370  10.728  -34.532  83.883 0.0000000000
262068  11.302  -35.665  83.923 0.0000000000
87365  10.502  -34.742  84.288 0.0000000000
87358  10.164  -35.092  85.420 0.0000000000
88818  9.590  -33.938  84.745 0.0000000000
94856  9.696  -30.843  87.236 0.0000000000
91674  8.980  -32.274  86.996 0.0000000000
93215  8.841  -31.793  87.751 0.0000000000
268209  8.311  -31.420  88.414 0.0000000000
96528  9.051  -30.283  88.520 0.0000000000
104480  30.112  -27.004  64.561 0.0000000000
104496  30.613  -26.817  63.546 0.0000000000
104498  29.260  -27.088  63.167 0.0000000000
101599  29.673  -28.518  63.386 0.0000000000
282283  28.548  -28.330  63.596 0.0000000000
96909  27.212  -30.461  66.249 0.0000000000
96907  28.375  -30.388  65.798 0.0000000000
243914  28.192  -31.241  66.842 0.0000000000
98487  23.616  -29.532  68.960 0.0000000000
98504  24.934  -29.581  68.207 0.0000000000
96798  24.143  -30.823  69.071 0.0000000000
91965  25.994  -32.531  70.495 0.0000000000
128115  42.228  -14.927  52.908 0.0000000000
129295  43.204  -14.402  52.800 0.0000000000
282255  43.896  -15.994  53.332 0.0000000000
126830  27.812  -15.869  60.208 0.0000000000
125602  28.827  -16.602  58.237 0.0000000000
124250  27.595  -17.244  59.467 0.0000000000
117207  27.844  -20.877  63.071 0.0000000000
260218  27.215  -19.846  62.930 0.0000000000
118791  27.673  -20.491  61.881 0.0000000000
118822  30.182  -19.581  60.677 0.0000000000
118840  29.312  -19.696  60.291 0.0000000000
271363  30.391  -19.982  59.628 0.0000000000
117304  30.313  -20.265  59.151 0.0000000000
117294  31.503  -21.002  59.748 0.0000000000
115726  33.132  -21.329  59.720 0.0000000000
104478  35.184  -26.977  64.703 0.0000000000
149035  50.771  -3.596  43.351 0.0000000000
283429  46.204  -4.941  45.705 0.0000000000
149006  47.246  -4.008  45.214 0.0000000000
145293  47.242  -5.544  44.594 0.0000000000
143972  49.092  -6.796  43.515 0.0000000000
142677  50.067  -7.315  43.130 0.0000000000
95059  20.169  -30.791  72.839 0.0000000000
93427  19.293  -32.005  73.209 0.0000000000
279061  44.280  -10.899  49.819 0.0000000000
136174  45.554  -11.267  50.555 0.0000000000
134614  44.280  -11.645  50.630 0.0000000000
110063  32.249  -23.937  63.616 0.0000000000
110087  30.968  -24.026  63.080 0.0000000000
110108  31.925  -24.565  62.350 0.0000000000
278818  33.006  -24.445  61.432 0.0000000000
108800  34.540  -24.810  61.694 0.0000000000
142547  42.607  -6.943  52.442 0.0000000000
141261  42.109  -7.401  50.968 0.0000000000
142569  42.441  -7.395  49.762 0.0000000000
142579  43.135  -7.070  49.268 0.0000000000
143926  43.685  -7.018  48.659 0.0000000000
140019  42.868  -8.392  48.878 0.0000000000
138888  43.580  -9.518  49.121 0.0000000000
286652  8.953  -34.079  88.544 0.0000000000
131822  37.880  -12.723  53.601 0.0000000000
130526  38.275  -13.393  52.986 0.0000000000
129275  37.290  -14.228  53.376 0.0000000000
128123  37.189  -15.269  53.107 0.0000000000
125712  37.297  -16.404  53.126 0.0000000000
121693  33.646  -18.396  55.179 0.0000000000
272050  34.318  -19.028  54.552 0.0000000000
118944  34.174  -19.846  55.199 0.0000000000
117375  34.893  -21.154  55.289 0.0000000000
114335  36.315  -21.934  55.765 0.0000000000
114285  36.281  -22.518  56.903 0.0000000000
112845  36.849  -22.841  58.654 0.0000000000
96852  31.516  -31.316  67.197 0.0000000000
83180  17.432  -37.050  76.171 0.0000000000
81688  18.380  -37.949  76.333 0.0000000000
81690  17.258  -37.237  76.763 0.0000000000
80168  17.115  -37.977  78.200 0.0000000000
288637  16.799  -38.568  79.175 0.0000000000
83114  14.362  -36.596  80.266 0.0000000000
84576  13.633  -36.176  80.957 0.0000000000
242020  12.582  -32.233  82.673 0.0000000000
252162  11.307  -32.115  84.350 0.0000000000
91696  10.585  -32.308  84.876 0.0000000000
91697  9.974  -32.587  85.037 0.0000000000
93232  10.743  -31.198  86.225 0.0000000000
94854  10.968  -30.765  86.922 0.0000000000
247567  10.529  -30.170  88.067 0.0000000000
104464  28.279  -26.437  65.417 0.0000000000
101584  27.809  -28.200  64.167 0.0000000000
102970  27.207  -27.428  64.996 0.0000000000
100126  26.475  -29.033  65.813 0.0000000000
98551  26.322  -29.758  66.846 0.0000000000
93466  23.518  -32.301  70.580 0.0000000000
95112  24.196  -31.604  69.901 0.0000000000
91948  23.797  -32.732  70.905 0.0000000000
121733  42.944  -18.050  53.782 0.0000000000
124218  27.106  -16.806  62.262 0.0000000000
242134  30.668  -21.261  62.707 0.0000000000
288814  29.397  -21.131  61.782 0.0000000000
287596  30.071  -20.481  62.051 0.0000000000
275796  30.738  -19.326  61.723 0.0000000000
151512  49.779  -2.429  45.013 0.0000000000
94791  7.709  -30.763  91.542 0.0000000000
126908  34.585  -15.728  56.268 0.0000000000
125644  33.769  -16.263  56.135 0.0000000000
124306  33.137  -17.239  55.702 0.0000000000
122976  32.332  -17.693  55.992 0.0000000000
121680  31.561  -18.408  56.228 0.0000000000
120347  31.442  -19.049  56.262 0.0000000000
88984  22.081  -34.274  72.927 0.0000000000
87511  21.989  -34.918  74.536 0.0000000000
87526  21.093  -34.742  73.731 0.0000000000
86137  19.891  -35.114  73.760 0.0000000000
86121  18.521  -35.429  74.248 0.0000000000
90383  18.094  -33.242  73.075 0.0000000000
87531  17.860  -34.664  73.814 0.0000000000
84692  17.650  -35.800  74.988 0.0000000000
84661  16.948  -35.710  76.063 0.0000000000
86071  16.147  -35.189  76.787 0.0000000000
86056  15.419  -35.108  77.405 0.0000000000
104401  24.988  -26.756  67.768 0.0000000000
102883  23.955  -27.471  68.759 0.0000000000
101487  23.495  -28.635  68.919 0.0000000000
98472  22.894  -29.615  69.506 0.0000000000
100013  21.857  -29.172  70.930 0.0000000000
96783  21.958  -30.457  70.579 0.0000000000
95114  22.850  -31.278  69.970 0.0000000000
91950  22.513  -32.590  70.919 0.0000000000
90408  22.215  -33.750  72.009 0.0000000000
286526  28.383  -19.398  66.306 0.0000000000
121528  27.295  -18.698  65.292 0.0000000000
117164  27.512  -20.700  65.214 0.0000000000
276959  27.997  -21.597  64.450 0.0000000000
277683  29.045  -21.812  63.126 0.0000000000
110088  30.486  -23.826  62.623 0.0000000000
251147  29.951  -22.918  62.530 0.0000000000
114141  29.891  -22.173  62.599 0.0000000000
115654  31.793  -21.748  62.706 0.0000000000
115637  32.698  -21.645  63.373 0.0000000000
148984  45.954  -3.680  47.741 0.0000000000
147762  45.859  -4.604  46.659 0.0000000000
145280  45.837  -5.890  46.733 0.0000000000
141310  44.617  -7.148  47.587 0.0000000000
252415  45.466  -7.434  47.139 0.0000000000
134607  40.889  -11.547  51.400 0.0000000000
133236  41.775  -12.285  51.637 0.0000000000
133226  40.673  -12.509  52.126 0.0000000000
130522  40.942  -13.982  52.706 0.0000000000
128117  41.027  -14.971  52.847 0.0000000000
258716  39.226  -14.630  52.975 0.0000000000
263337  40.170  -15.318  52.808 0.0000000000
124354  41.594  -16.874  53.104 0.0000000000
121735  41.575  -18.371  53.595 0.0000000000
118954  42.633  -19.632  54.402 0.0000000000
126942  35.769  -15.651  53.888 0.0000000000
261565  36.344  -16.589  53.493 0.0000000000
123041  36.796  -17.745  53.501 0.0000000000
121725  35.494  -18.664  54.095 0.0000000000
120386  36.609  -18.956  54.000 0.0000000000
120400  37.987  -19.136  53.761 0.0000000000
251826  39.626  -20.345  53.946 0.0000000000
101633  32.030  -27.970  62.599 0.0000000000
103033  32.984  -27.448  62.626 0.0000000000
101596  33.009  -28.114  63.979 0.0000000000
101566  33.883  -28.175  65.365 0.0000000000
138851  40.002  -9.067  51.870 0.0000000000
253887  40.167  -10.491  51.341 0.0000000000
87403  14.873  -34.305  78.240 0.0000000000
88849  14.642  -33.281  78.935 0.0000000000
87404  14.406  -34.657  78.783 0.0000000000
86021  13.778  -34.969  79.840 0.0000000000
85994  13.355  -35.503  80.815 0.0000000000
85987  12.932  -35.384  81.391 0.0000000000
88838  11.620  -33.790  81.967 0.0000000000
273919  12.071  -35.077  82.117 0.0000000000
84546  12.390  -35.660  82.304 0.0000000000
264361  11.958  -36.259  83.375 0.0000000000
257164  11.896  -36.343  83.914 0.0000000000
87353  9.582  -34.912  87.183 0.0000000000
91688  9.362  -32.711  85.944 0.0000000000
88799  8.841  -33.732  86.878 0.0000000000
88796  8.892  -34.128  87.490 0.0000000000
90180  8.371  -33.227  88.427 0.0000000000
91654  8.230  -32.672  89.295 0.0000000000
93195  8.125  -31.725  89.959 0.0000000000
96517  8.501  -30.053  89.589 0.0000000000
259899  8.083  -30.328  90.464 0.0000000000
94801  8.054  -31.089  90.908 0.0000000000
106037  31.347  -26.073  62.188 0.0000000000
106005  31.066  -26.519  63.164 0.0000000000
104531  30.501  -27.007  62.239 0.0000000000
254510  30.367  -28.025  62.714 0.0000000000
100159  30.722  -29.257  64.265 0.0000000000
98601  30.547  -29.638  64.913 0.0000000000
98604  28.475  -29.620  64.452 0.0000000000
98585  29.464  -29.914  65.125 0.0000000000
96904  30.351  -30.735  66.098 0.0000000000
100096  24.733  -28.776  67.361 0.0000000000
98529  25.663  -29.612  67.589 0.0000000000
96835  26.203  -30.665  67.942 0.0000000000
95133  25.109  -31.389  69.402 0.0000000000
95131  25.902  -31.622  69.170 0.0000000000
96814  27.357  -31.840  68.302 0.0000000000
270414  42.775  -13.044  52.087 0.0000000000
125600  29.648  -16.026  57.893 0.0000000000
122970  29.974  -18.101  57.045 0.0000000000
120338  30.560  -19.427  57.029 0.0000000000
281150  27.119  -18.362  64.314 0.0000000000
122887  26.909  -18.103  62.555 0.0000000000
122903  26.968  -17.984  61.514 0.0000000000
118825  28.261  -20.125  60.982 0.0000000000
120276  27.610  -19.327  60.500 0.0000000000
121628  27.264  -18.527  59.913 0.0000000000
120305  28.982  -19.312  58.438 0.0000000000
118891  30.005  -20.092  57.904 0.0000000000
117355  31.287  -21.089  57.513 0.0000000000
114255  32.979  -22.081  58.108 0.0000000000
104526  34.245  -26.734  62.638 0.0000000000
106035  35.014  -25.925  62.794 0.0000000000
108745  36.283  -25.151  63.763 0.0000000000
108722  37.244  -25.232  64.875 0.0000000000
110052  36.577  -23.965  63.920 0.0000000000
150298  52.603  -3.405  42.515 0.0000000000
150263  48.040  -3.395  44.941 0.0000000000
253606  48.819  -3.854  44.017 0.0000000000
145291  48.214  -6.225  43.995 0.0000000000
145306  48.816  -5.509  43.151 0.0000000000
149051  49.857  -4.081  43.301 0.0000000000
146564  50.639  -5.116  42.353 0.0000000000
144013  51.697  -6.313  41.880 0.0000000000
134616  42.382  -11.449  50.682 0.0000000000
134605  42.014  -11.728  51.211 0.0000000000
106056  31.720  -26.292  61.870 0.0000000000
106055  32.529  -26.421  61.543 0.0000000000
104550  32.142  -26.883  61.908 0.0000000000
252664  41.119  -10.520  50.687 0.0000000000
138877  41.315  -9.449  50.305 0.0000000000
137666  41.544  -10.247  50.375 0.0000000000
136194  42.044  -10.277  50.134 0.0000000000
93194  8.133  -31.946  90.488 0.0000000000
117365  32.417  -20.538  55.962 0.0000000000
117364  33.104  -20.669  55.790 0.0000000000
115836  32.745  -21.110  56.205 0.0000000000
115812  33.114  -21.760  56.434 0.0000000000
115813  32.480  -21.506  56.784 0.0000000000
84630  15.348  -35.856  77.615 0.0000000000
268959  15.542  -36.425  77.877 0.0000000000
84631  15.098  -36.096  78.194 0.0000000000
84619  14.800  -35.995  78.664 0.0000000000
254880  14.825  -35.631  78.394 0.0000000000
104398  26.751  -26.410  67.476 0.0000000000
104422  26.421  -26.516  66.835 0.0000000000
104399  25.946  -26.289  67.166 0.0000000000
88963  23.010  -34.246  73.495 0.0000000000
88982  23.393  -34.048  73.199 0.0000000000
122837  27.666  -17.590  66.183 0.0000000000
291057  20.465  -32.191  72.183 0.0000000000
90410  20.382  -33.019  72.517 0.0000000000
91902  20.168  -32.414  72.427 0.0000000000
280546  20.507  -31.447  72.006 0.0000000000
93448  20.690  -32.093  71.882 0.0000000000
112723  29.396  -23.072  64.834 0.0000000000
111383  30.457  -23.518  64.319 0.0000000000
111441  33.842  -23.752  61.682 0.0000000000
111442  33.053  -23.313  61.645 0.0000000000
111429  34.094  -23.393  62.205 0.0000000000
112760  34.279  -23.158  62.861 0.0000000000
145240  43.764  -6.297  49.804 0.0000000000
145239  44.208  -5.866  50.170 0.0000000000
262765  44.243  -5.918  49.489 0.0000000000
146499  44.552  -5.481  48.976 0.0000000000
145255  44.755  -5.467  48.263 0.0000000000
143925  44.221  -6.321  48.769 0.0000000000
137703  45.234  -10.070  48.832 0.0000000000
138900  45.045  -9.580  48.552 0.0000000000
281684  45.741  -10.265  48.777 0.0000000000
137702  46.207  -10.240  48.446 0.0000000000
85953  10.065  -35.331  87.482 0.0000000000
131851  39.091  -12.641  52.646 0.0000000000
131838  38.732  -12.983  52.824 0.0000000000
124359  38.212  -17.011  53.040 0.0000000000
125710  38.575  -16.565  52.879 0.0000000000
123055  38.468  -17.546  53.201 0.0000000000
123038  39.327  -18.208  53.269 0.0000000000
123039  38.637  -18.144  53.379 0.0000000000
124316  34.101  -16.953  55.072 0.0000000000
124315  34.426  -17.298  54.602 0.0000000000
284791  34.257  -17.757  54.681 0.0000000000
115847  37.461  -21.813  55.392 0.0000000000
254422  37.359  -21.344  54.993 0.0000000000
255959  37.867  -21.639  55.121 0.0000000000
98582  31.547  -29.490  65.468 0.0000000000
98581  32.143  -29.405  65.657 0.0000000000
266091  31.789  -29.825  66.007 0.0000000000
134586  38.366  -11.881  52.994 0.0000000000
282841  38.375  -11.465  53.155 0.0000000000
134585  38.816  -11.828  52.552 0.0000000000
83213  18.976  -36.533  74.625 0.0000000000
83193  19.658  -37.282  75.419 0.0000000000
81708  19.109  -37.306  75.442 0.0000000000
83093  13.547  -36.558  81.481 0.0000000000
280976  13.887  -36.918  81.591 0.0000000000
83085  13.659  -36.903  82.080 0.0000000000
83086  13.134  -36.794  82.381 0.0000000000
290698  12.782  -32.856  81.271 0.0000000000
90240  10.662  -33.245  84.196 0.0000000000
88833  10.871  -33.970  83.656 0.0000000000
88826  10.569  -33.999  84.114 0.0000000000
87366  10.104  -34.331  84.495 0.0000000000
94831  9.873  -30.600  88.039 0.0000000000
94844  9.395  -31.008  87.699 0.0000000000
94832  9.300  -30.710  88.117 0.0000000000
242533  29.123  -26.796  64.766 0.0000000000
104462  29.807  -27.008  64.997 0.0000000000
247756  29.371  -26.946  64.078 0.0000000000
104499  28.842  -27.133  63.534 0.0000000000
103002  28.683  -27.682  63.385 0.0000000000
104481  28.376  -27.131  63.839 0.0000000000
96884  26.999  -30.811  66.724 0.0000000000
96883  27.553  -31.029  66.572 0.0000000000
96856  27.477  -31.317  67.067 0.0000000000
282487  28.129  -31.571  67.504 0.0000000000
246306  27.340  -31.387  67.645 0.0000000000
272351  23.632  -30.667  69.298 0.0000000000
96818  23.736  -30.232  68.904 0.0000000000
126968  42.590  -15.509  52.918 0.0000000000
126967  43.226  -15.460  53.010 0.0000000000
277230  43.238  -16.287  53.387 0.0000000000
125541  27.280  -16.239  61.500 0.0000000000
126801  27.599  -15.714  61.201 0.0000000000
125553  27.423  -16.228  60.808 0.0000000000
278293  27.653  -16.735  59.674 0.0000000000
124241  27.250  -17.142  60.007 0.0000000000
115659  28.318  -21.207  62.611 0.0000000000
117231  28.044  -20.894  62.264 0.0000000000
115680  28.494  -21.218  62.138 0.0000000000
120284  31.233  -19.552  60.227 0.0000000000
118838  30.302  -19.688  60.141 0.0000000000
118851  30.944  -19.956  59.816 0.0000000000
117295  30.670  -20.285  59.510 0.0000000000
247828  31.684  -20.511  60.163 0.0000000000
262099  32.036  -21.063  60.021 0.0000000000
150259  50.695  -2.728  44.101 0.0000000000
267126  51.042  -2.941  43.818 0.0000000000
150273  50.783  -3.201  43.676 0.0000000000
145284  46.514  -5.914  45.820 0.0000000000
146527  46.874  -5.145  45.013 0.0000000000
145287  47.019  -5.808  45.099 0.0000000000
96735  20.416  -30.315  73.049 0.0000000000
95060  19.819  -31.060  73.153 0.0000000000
96736  19.992  -30.489  73.283 0.0000000000
96742  20.454  -30.518  72.517 0.0000000000
136208  43.972  -10.443  49.700 0.0000000000
134625  44.299  -11.304  50.128 0.0000000000
134626  43.754  -11.488  50.300 0.0000000000
133233  43.780  -12.295  51.433 0.0000000000
133232  44.402  -12.343  51.648 0.0000000000
110085  32.162  -24.525  63.167 0.0000000000
281177  31.776  -24.368  62.698 0.0000000000
107465  33.209  -25.729  61.372 0.0000000000
108802  32.558  -24.963  61.575 0.0000000000
107490  33.709  -25.354  61.312 0.0000000000
108821  33.683  -24.750  61.322 0.0000000000
107464  34.644  -25.302  61.780 0.0000000000
285466  40.857  -8.333  51.395 0.0000000000
141255  41.364  -7.581  51.967 0.0000000000
274940  41.281  -8.106  51.017 0.0000000000
139995  41.878  -8.396  49.813 0.0000000000
141271  42.025  -7.914  50.014 0.0000000000
141282  42.365  -7.780  49.498 0.0000000000
252375  42.766  -7.191  49.551 0.0000000000
142581  42.567  -7.420  49.425 0.0000000000
141290  43.026  -8.038  48.783 0.0000000000
140009  42.472  -8.274  49.180 0.0000000000
137675  42.922  -10.248  49.666 0.0000000000
137693  43.217  -9.847  49.345 0.0000000000
283602  43.491  -10.230  49.612 0.0000000000
137692  43.813  -9.986  49.377 0.0000000000
88790  8.965  -33.894  89.007 0.0000000000
277813  37.486  -13.234  53.652 0.0000000000
130505  37.386  -13.679  53.507 0.0000000000
128102  36.754  -15.158  53.387 0.0000000000
262591  36.977  -15.579  53.178 0.0000000000
126973  36.924  -16.014  53.207 0.0000000000
121694  33.143  -18.562  55.438 0.0000000000
120356  33.555  -18.988  55.245 0.0000000000
267113  33.528  -19.435  55.338 0.0000000000
115852  34.194  -21.073  55.620 0.0000000000
117376  34.539  -20.785  55.334 0.0000000000
115850  35.095  -21.543  55.579 0.0000000000
115849  35.751  -21.689  55.576 0.0000000000
115831  35.786  -22.086  56.088 0.0000000000
114312  36.316  -22.249  56.295 0.0000000000
242302  35.771  -22.340  56.670 0.0000000000
114270  34.980  -22.542  57.551 0.0000000000
112857  35.938  -22.779  57.893 0.0000000000
112847  35.518  -22.721  58.393 0.0000000000
112830  35.921  -22.671  58.946 0.0000000000
290218  37.899  -12.304  53.888 0.0000000000
83181  16.982  -36.711  76.461 0.0000000000
83168  16.811  -36.931  77.072 0.0000000000
83154  15.867  -36.921  78.137 0.0000000000
81669  16.858  -37.612  77.926 0.0000000000
80169  16.652  -37.713  78.419 0.0000000000
80153  16.823  -38.240  78.748 0.0000000000
257098  16.440  -37.911  78.885 0.0000000000
81649  16.075  -37.849  79.225 0.0000000000
244675  15.599  -37.373  79.092 0.0000000000
83126  14.427  -36.245  79.694 0.0000000000
83113  14.719  -36.857  79.834 0.0000000000
275248  14.169  -36.082  80.204 0.0000000000
84575  14.061  -36.347  80.649 0.0000000000
84588  13.853  -35.819  80.458 0.0000000000
93250  11.398  -31.490  84.702 0.0000000000
91695  10.986  -32.007  84.694 0.0000000000
242242  10.972  -31.643  85.160 0.0000000000
91686  10.391  -31.914  85.357 0.0000000000
93242  10.834  -31.387  85.718 0.0000000000
94842  10.626  -30.582  87.306 0.0000000000
104419  28.380  -26.689  66.697 0.0000000000
281338  28.205  -26.414  66.015 0.0000000000
104443  28.705  -26.447  66.050 0.0000000000
104465  27.692  -26.711  65.540 0.0000000000
104444  27.279  -27.098  65.624 0.0000000000
101553  25.762  -28.070  66.276 0.0000000000
258581  26.217  -27.701  65.785 0.0000000000
285009  26.205  -29.035  66.207 0.0000000000
98572  26.510  -29.448  66.358 0.0000000000
100109  26.098  -29.227  66.643 0.0000000000
91949  23.230  -32.666  70.914 0.0000000000
91925  23.511  -33.057  71.267 0.0000000000
126778  27.507  -15.816  63.095 0.0000000000
124213  27.103  -16.915  62.802 0.0000000000
117229  30.255  -20.869  62.393 0.0000000000
117228  30.750  -20.599  62.822 0.0000000000
120207  31.241  -19.463  63.162 0.0000000000
118806  30.654  -19.534  62.360 0.0000000000
120235  31.113  -19.296  62.291 0.0000000000
94788  7.590  -30.872  92.519 0.0000000000
125643  34.290  -16.112  55.988 0.0000000000
125646  32.642  -16.595  56.438 0.0000000000
124307  32.784  -17.602  55.688 0.0000000000
251165  32.047  -17.139  56.418 0.0000000000
124280  30.996  -16.950  56.812 0.0000000000
124292  31.321  -17.313  56.508 0.0000000000
250618  31.218  -18.004  56.540 0.0000000000
121671  30.726  -18.253  56.814 0.0000000000
88985  21.456  -34.185  72.984 0.0000000000
87547  21.709  -34.630  73.455 0.0000000000
271738  21.139  -34.470  73.319 0.0000000000
87550  19.657  -34.194  73.347 0.0000000000
87528  20.040  -34.613  73.592 0.0000000000
87529  19.423  -34.726  73.514 0.0000000000
86138  19.149  -35.228  73.869 0.0000000000
87530  18.688  -34.721  73.638 0.0000000000
93416  18.814  -31.605  73.622 0.0000000000
91880  18.716  -32.265  73.445 0.0000000000
90356  18.063  -32.625  73.674 0.0000000000
88942  17.402  -33.998  74.705 0.0000000000
282109  17.549  -34.016  73.847 0.0000000000
87513  17.348  -34.569  74.290 0.0000000000
86122  17.644  -35.161  74.209 0.0000000000
86107  17.285  -35.347  75.166 0.0000000000
84676  17.348  -35.956  75.537 0.0000000000
86093  17.079  -35.183  75.800 0.0000000000
285562  16.522  -34.934  76.597 0.0000000000
87442  16.478  -34.644  76.943 0.0000000000
87443  15.938  -34.822  77.103 0.0000000000
104358  24.881  -26.743  69.059 0.0000000000
102860  24.274  -27.161  69.245 0.0000000000
101452  23.185  -28.166  70.022 0.0000000000
101469  23.285  -28.378  69.482 0.0000000000
279705  22.965  -28.614  69.703 0.0000000000
100039  23.197  -29.087  69.290 0.0000000000
98458  22.410  -29.499  69.835 0.0000000000
95096  21.243  -30.967  71.070 0.0000000000
95095  21.658  -31.004  70.611 0.0000000000
95115  22.257  -31.053  70.195 0.0000000000
277015  21.834  -31.511  70.319 0.0000000000
93489  22.436  -31.656  70.240 0.0000000000
93468  21.998  -32.005  70.603 0.0000000000
91900  21.289  -33.078  71.892 0.0000000000
90434  21.960  -33.362  71.733 0.0000000000
90409  21.641  -33.507  72.220 0.0000000000
89000  22.440  -34.055  72.409 0.0000000000
117149  28.504  -20.384  66.278 0.0000000000
118698  27.721  -19.782  65.709 0.0000000000
115596  28.179  -21.137  66.064 0.0000000000
112738  28.700  -22.816  64.226 0.0000000000
114119  28.341  -22.150  64.388 0.0000000000
112739  28.508  -22.436  63.763 0.0000000000
114130  28.315  -21.701  63.861 0.0000000000
112765  28.887  -22.468  63.313 0.0000000000
279478  31.318  -23.997  61.943 0.0000000000
111419  30.408  -23.846  63.287 0.0000000000
110110  30.900  -23.985  62.247 0.0000000000
112773  31.309  -22.741  61.701 0.0000000000
111430  30.820  -23.222  61.885 0.0000000000
114140  30.744  -22.522  62.098 0.0000000000
267991  30.275  -22.481  62.412 0.0000000000
252853  30.615  -21.866  62.540 0.0000000000
114139  31.342  -22.112  62.221 0.0000000000
112753  34.077  -22.507  63.065 0.0000000000
114128  33.191  -22.026  63.049 0.0000000000
143897  43.197  -6.389  51.632 0.0000000000
150217  46.168  -3.263  48.035 0.0000000000
150218  45.888  -3.456  48.311 0.0000000000
146519  45.526  -5.086  47.426 0.0000000000
147758  45.663  -4.597  47.363 0.0000000000
243645  45.621  -5.443  47.053 0.0000000000
146523  45.862  -5.226  46.564 0.0000000000
141298  43.780  -7.573  48.253 0.0000000000
142594  44.236  -7.212  47.977 0.0000000000
141297  44.359  -7.656  47.723 0.0000000000
140043  45.544  -8.164  47.428 0.0000000000
141309  44.894  -7.619  47.359 0.0000000000
251469  46.084  -7.814  47.074 0.0000000000
142599  45.995  -7.106  46.978 0.0000000000
134608  40.260  -11.463  51.618 0.0000000000
133238  40.461  -11.979  51.770 0.0000000000
130536  40.653  -13.488  52.372 0.0000000000
130523  40.239  -13.962  52.716 0.0000000000
129298  41.284  -14.471  52.794 0.0000000000
129299  40.619  -14.487  52.835 0.0000000000
274307  38.213  -14.344  53.088 0.0000000000
129302  38.728  -14.500  53.056 0.0000000000
125709  39.818  -16.671  52.801 0.0000000000
278501  39.749  -15.614  52.770 0.0000000000
126969  40.200  -16.010  52.746 0.0000000000
260245  40.799  -16.101  52.849 0.0000000000
124355  41.034  -17.049  53.111 0.0000000000
124346  41.425  -17.405  53.293 0.0000000000
123051  40.862  -17.563  53.236 0.0000000000
120396  40.672  -19.140  53.578 0.0000000000
120395  41.295  -18.966  53.698 0.0000000000
118955  41.361  -19.898  54.149 0.0000000000
128090  35.688  -15.515  54.422 0.0000000000
126943  35.363  -15.920  54.193 0.0000000000
123043  35.497  -17.543  53.825 0.0000000000
286688  35.552  -16.528  53.761 0.0000000000
124349  35.907  -16.937  53.645 0.0000000000
124348  36.618  -17.060  53.461 0.0000000000
123042  36.149  -17.612  53.615 0.0000000000
120389  34.565  -19.376  54.423 0.0000000000
121726  34.770  -18.708  54.292 0.0000000000
120388  35.196  -19.233  54.281 0.0000000000
118961  37.236  -19.919  54.358 0.0000000000
120385  36.977  -19.448  54.171 0.0000000000
120384  37.610  -19.539  54.072 0.0000000000
120401  37.307  -19.019  53.899 0.0000000000
118974  38.259  -19.654  53.939 0.0000000000
120399  38.630  -19.239  53.619 0.0000000000
118959  38.493  -20.194  54.081 0.0000000000
101614  31.716  -28.285  63.047 0.0000000000
101613  32.306  -28.181  63.203 0.0000000000
101597  32.467  -28.279  63.784 0.0000000000
100140  33.050  -28.757  65.511 0.0000000000
101567  33.374  -28.361  65.153 0.0000000000
254684  40.385  -8.266  52.670 0.0000000000
138852  39.629  -9.484  52.225 0.0000000000
134609  39.736  -11.373  51.909 0.0000000000
269489  39.752  -10.496  51.595 0.0000000000
136168  39.973  -10.955  51.591 0.0000000000
136167  40.527  -10.977  51.344 0.0000000000
86105  21.259  -35.521  74.981 0.0000000000
84674  21.887  -35.634  75.470 0.0000000000
84687  21.443  -36.006  75.490 0.0000000000
80205  18.031  -38.046  76.905 0.0000000000
80116  15.899  -38.135  80.836 0.0000000000
88872  15.802  -34.103  77.789 0.0000000000
90269  13.801  -32.868  80.248 0.0000000000
90277  14.528  -32.896  79.561 0.0000000000
282763  14.218  -33.368  79.306 0.0000000000
87390  14.216  -33.913  79.022 0.0000000000
88850  13.864  -33.819  79.498 0.0000000000
87391  13.981  -34.528  79.392 0.0000000000
87383  13.564  -34.320  79.858 0.0000000000
87378  12.671  -34.267  81.027 0.0000000000
85995  13.052  -34.833  80.995 0.0000000000
252331  12.638  -34.806  81.419 0.0000000000
90250  11.851  -32.691  82.498 0.0000000000
90254  11.864  -33.140  81.933 0.0000000000
90255  11.552  -33.366  82.299 0.0000000000
262974  11.310  -34.741  82.940 0.0000000000
87373  11.671  -34.864  82.478 0.0000000000
85976  11.965  -35.429  82.633 0.0000000000
84532  12.139  -36.057  82.833 0.0000000000
85972  11.720  -35.740  83.125 0.0000000000
85969  11.143  -35.733  84.416 0.0000000000
84517  11.588  -36.089  84.238 0.0000000000
87359  9.658  -34.710  85.612 0.0000000000
85963  10.479  -35.548  85.823 0.0000000000
85964  9.993  -35.223  86.053 0.0000000000
85960  9.984  -35.291  86.771 0.0000000000
87356  9.485  -34.719  86.367 0.0000000000
91687  9.787  -32.203  85.545 0.0000000000
90222  9.453  -32.994  85.310 0.0000000000
91667  8.864  -32.211  87.474 0.0000000000
90199  8.760  -33.010  86.880 0.0000000000
90200  8.765  -33.478  87.419 0.0000000000
88797  8.759  -33.873  87.913 0.0000000000
90189  8.602  -33.321  87.910 0.0000000000
93209  8.194  -31.071  88.825 0.0000000000
93202  8.225  -31.960  88.908 0.0000000000
93203  8.133  -31.397  89.370 0.0000000000
91647  8.158  -32.089  89.502 0.0000000000
98194  9.051  -29.889  89.917 0.0000000000
96506  8.349  -29.938  90.284 0.0000000000
277135  8.021  -30.512  91.122 0.0000000000
96484  7.604  -30.292  91.298 0.0000000000
107432  31.941  -25.689  62.509 0.0000000000
285382  30.190  -26.925  63.152 0.0000000000
104512  30.487  -26.807  62.719 0.0000000000
247322  30.661  -26.553  62.182 0.0000000000
104513  30.216  -27.148  62.584 0.0000000000
101635  30.813  -27.850  62.505 0.0000000000
100177  29.367  -28.949  63.852 0.0000000000
100176  30.444  -28.865  63.661 0.0000000000
260825  30.028  -29.100  64.019 0.0000000000
272206  30.180  -29.495  64.447 0.0000000000
98602  29.865  -29.712  64.775 0.0000000000
101585  27.405  -28.370  64.635 0.0000000000
100162  27.898  -29.090  64.445 0.0000000000
98587  27.995  -29.618  64.789 0.0000000000
96906  29.230  -30.581  65.958 0.0000000000
98568  29.021  -30.120  65.456 0.0000000000
98567  29.649  -30.261  65.607 0.0000000000
96880  29.963  -31.004  66.324 0.0000000000
96879  30.505  -31.176  66.403 0.0000000000
274826  29.833  -31.492  66.715 0.0000000000
264488  24.348  -27.812  67.565 0.0000000000
101522  24.605  -28.149  67.122 0.0000000000
101507  24.303  -28.361  67.670 0.0000000000
98484  25.193  -30.085  68.429 0.0000000000
100095  25.206  -29.264  67.847 0.0000000000
98503  25.400  -29.860  68.024 0.0000000000
98502  25.822  -30.214  67.698 0.0000000000
96836  25.593  -30.416  68.178 0.0000000000
93486  24.472  -32.045  70.225 0.0000000000
95111  24.776  -31.779  69.775 0.0000000000
93485  25.008  -32.271  70.030 0.0000000000
93484  26.312  -32.272  70.057 0.0000000000
93504  25.986  -31.906  69.608 0.0000000000
95130  26.460  -31.813  69.249 0.0000000000
95151  26.861  -31.780  68.798 0.0000000000
131856  41.841  -12.745  51.924 0.0000000000
131855  42.328  -12.656  51.859 0.0000000000
131847  42.169  -13.118  52.089 0.0000000000
128003  30.083  -14.920  59.078 0.0000000000
126846  29.162  -15.565  58.987 0.0000000000
122939  28.672  -17.813  58.002 0.0000000000
124272  29.281  -16.938  57.722 0.0000000000
121657  29.657  -18.628  57.326 0.0000000000
244945  30.273  -19.071  57.130 0.0000000000
120339  29.983  -19.009  57.297 0.0000000000
120174  27.366  -19.172  64.644 0.0000000000
121529  27.433  -18.729  64.484 0.0000000000
120195  27.190  -19.158  63.984 0.0000000000
120222  26.954  -19.538  62.645 0.0000000000
120209  26.790  -19.128  62.920 0.0000000000
120223  26.846  -19.117  62.372 0.0000000000
122896  26.959  -18.020  61.965 0.0000000000
121592  26.916  -18.617  61.680 0.0000000000
289301  29.257  -20.810  61.514 0.0000000000
117271  28.300  -20.611  61.367 0.0000000000
117270  28.820  -20.457  61.251 0.0000000000
118854  28.847  -19.696  59.996 0.0000000000
118841  28.612  -19.747  60.511 0.0000000000
251031  28.218  -19.543  60.178 0.0000000000
121617  27.266  -18.859  60.398 0.0000000000
120287  27.845  -19.049  59.744 0.0000000000
121637  28.147  -18.655  59.025 0.0000000000
120295  28.947  -19.698  59.027 0.0000000000
117318  30.304  -20.455  58.837 0.0000000000
118876  29.944  -20.240  58.556 0.0000000000
117338  30.197  -20.462  58.300 0.0000000000
118890  30.405  -20.330  57.676 0.0000000000
115790  31.238  -21.174  58.078 0.0000000000
115764  32.358  -21.690  58.043 0.0000000000
115765  31.655  -21.332  58.429 0.0000000000
115742  34.067  -21.721  59.401 0.0000000000
103014  33.623  -27.465  63.316 0.0000000000
103032  33.475  -27.282  62.753 0.0000000000
103013  34.098  -27.259  63.566 0.0000000000
281836  35.921  -26.441  64.701 0.0000000000
106002  35.433  -26.268  63.807 0.0000000000
106001  35.981  -26.130  64.282 0.0000000000
107445  35.292  -25.347  62.676 0.0000000000
107417  36.475  -25.674  64.180 0.0000000000
288625  36.961  -24.406  64.076 0.0000000000
273806  36.599  -23.522  64.033 0.0000000000
149048  51.497  -3.595  42.835 0.0000000000
150284  52.300  -3.068  42.912 0.0000000000
149061  51.838  -3.885  42.463 0.0000000000
147824  52.002  -4.749  41.873 0.0000000000
150224  46.444  -3.401  46.944 0.0000000000
242548  47.383  -4.404  44.833 0.0000000000
286522  47.637  -3.742  45.104 0.0000000000
149005  47.791  -4.005  44.749 0.0000000000
150262  48.761  -3.207  44.702 0.0000000000
147777  48.207  -4.220  44.164 0.0000000000
143987  49.376  -6.445  43.036 0.0000000000
145295  48.929  -6.141  43.243 0.0000000000
145305  49.292  -5.771  42.922 0.0000000000
146551  49.260  -5.111  43.055 0.0000000000
146550  49.757  -5.222  42.758 0.0000000000
147802  50.109  -4.541  42.917 0.0000000000
145318  50.161  -5.538  42.425 0.0000000000
269158  42.985  -10.730  49.918 0.0000000000
136192  43.285  -11.149  50.042 0.0000000000
134615  43.103  -11.632  50.549 0.0000000000
134604  42.724  -11.917  51.085 0.0000000000
133234  43.121  -12.332  51.481 0.0000000000
107447  32.104  -25.280  62.314 0.0000000000
269388  32.346  -25.406  61.864 0.0000000000
275549  32.808  -26.053  61.434 0.0000000000
271749  33.219  -26.321  61.444 0.0000000000
138866  40.886  -9.301  50.686 0.0000000000
139997  41.231  -8.757  50.531 0.0000000000
138876  41.640  -8.892  50.043 0.0000000000
138875  42.085  -9.058  49.638 0.0000000000
138890  42.462  -8.877  49.286 0.0000000000
137676  42.292  -9.951  49.757 0.0000000000
136193  42.481  -10.557  50.006 0.0000000000
90161  8.440  -33.083  89.647 0.0000000000
130506  36.918  -13.978  53.758 0.0000000000
129261  36.591  -14.366  54.029 0.0000000000
129277  36.434  -14.899  53.799 0.0000000000
128103  36.230  -15.394  53.665 0.0000000000
118925  32.678  -19.497  55.661 0.0000000000
118924  33.266  -19.709  55.489 0.0000000000
117378  33.520  -20.223  55.574 0.0000000000
117363  33.699  -20.829  55.695 0.0000000000
250173  34.374  -21.635  55.853 0.0000000000
114313  35.276  -22.116  56.409 0.0000000000
114315  34.251  -21.931  56.262 0.0000000000
249415  34.354  -22.394  57.210 0.0000000000
114272  33.990  -22.438  57.757 0.0000000000
84645  16.097  -35.939  76.885 0.0000000000
83169  16.256  -36.635  77.300 0.0000000000
282682  15.943  -36.639  77.717 0.0000000000
83138  15.511  -36.992  78.616 0.0000000000
83124  15.148  -36.959  78.976 0.0000000000
83139  14.958  -36.571  78.671 0.0000000000
84606  14.624  -36.154  79.088 0.0000000000
275775  14.465  -35.693  79.447 0.0000000000
94876  11.322  -31.138  86.140 0.0000000000
279434  27.298  -26.544  66.481 0.0000000000
248044  27.060  -26.950  65.898 0.0000000000
104445  26.717  -26.722  66.333 0.0000000000
102940  26.010  -27.102  66.235 0.0000000000
290562  25.482  -28.073  66.563 0.0000000000
90431  23.798  -33.427  71.752 0.0000000000
90406  23.481  -33.767  72.149 0.0000000000
117205  32.232  -21.131  63.547 0.0000000000
285495  31.032  -20.242  63.019 0.0000000000
117184  31.765  -20.472  63.509 0.0000000000
125635  31.816  -15.965  57.179 0.0000000000
125619  31.430  -15.664  57.503 0.0000000000
125620  30.890  -15.861  57.460 0.0000000000
125621  30.423  -16.079  57.545 0.0000000000
260114  21.010  -33.195  72.388 0.0000000000
88986  20.724  -33.913  73.146 0.0000000000
89003  20.694  -33.407  72.753 0.0000000000
90381  20.044  -33.461  72.842 0.0000000000
288862  19.153  -33.926  73.113 0.0000000000
91868  18.010  -32.285  74.416 0.0000000000
91859  17.920  -32.629  75.049 0.0000000000
90335  17.550  -33.532  75.238 0.0000000000
88921  17.370  -34.045  75.448 0.0000000000
88922  17.264  -34.161  75.943 0.0000000000
101453  22.688  -28.538  70.153 0.0000000000
98437  21.076  -29.948  71.741 0.0000000000
98449  21.241  -30.039  71.280 0.0000000000
96769  20.973  -30.408  71.385 0.0000000000
95082  20.794  -30.907  71.504 0.0000000000
269048  21.184  -31.555  71.208 0.0000000000
93469  21.461  -32.006  70.952 0.0000000000
93447  21.163  -32.278  71.365 0.0000000000
91929  21.049  -32.653  71.693 0.0000000000
253923  28.601  -21.688  66.178 0.0000000000
112711  29.053  -22.634  65.433 0.0000000000
112724  28.989  -22.896  64.780 0.0000000000
111402  29.360  -23.644  63.924 0.0000000000
110139  32.048  -23.738  61.429 0.0000000000
278758  31.833  -23.408  61.404 0.0000000000
111443  32.307  -23.357  61.440 0.0000000000
112771  32.612  -22.866  61.785 0.0000000000
114152  32.270  -22.471  62.003 0.0000000000
114151  32.824  -22.450  62.139 0.0000000000
112752  34.542  -22.840  63.286 0.0000000000
143903  43.229  -6.463  50.851 0.0000000000
146484  44.518  -5.337  50.548 0.0000000000
147752  45.515  -4.158  48.101 0.0000000000
253659  45.116  -4.984  48.094 0.0000000000
146514  45.170  -5.262  47.777 0.0000000000
145263  44.970  -5.777  47.813 0.0000000000
140017  44.193  -8.763  48.350 0.0000000000
279025  44.735  -8.629  47.997 0.0000000000
138913  44.913  -9.089  48.281 0.0000000000
140030  45.326  -8.767  47.912 0.0000000000
140029  45.884  -8.816  47.622 0.0000000000
140028  46.359  -9.244  47.678 0.0000000000
138911  46.282  -9.884  47.997 0.0000000000
134595  39.513  -11.853  52.150 0.0000000000
133227  40.023  -12.244  52.203 0.0000000000
131850  39.692  -12.593  52.583 0.0000000000
130524  39.589  -13.734  52.824 0.0000000000
263336  38.249  -15.382  52.984 0.0000000000
126970  38.740  -15.609  52.905 0.0000000000
265927  39.190  -16.650  52.788 0.0000000000
124357  39.436  -17.205  52.872 0.0000000000
123052  40.281  -17.687  53.104 0.0000000000
123053  39.681  -17.724  53.010 0.0000000000
121738  39.623  -18.752  53.425 0.0000000000
120397  39.973  -19.343  53.573 0.0000000000
125671  34.924  -16.199  54.508 0.0000000000
124326  34.820  -16.806  54.301 0.0000000000
123016  34.913  -17.464  54.115 0.0000000000
123015  35.118  -18.098  54.006 0.0000000000
286786  36.032  -20.523  54.665 0.0000000000
118963  36.068  -19.803  54.368 0.0000000000
117413  36.307  -20.210  54.608 0.0000000000
117411  37.457  -20.432  54.525 0.0000000000
117410  38.093  -20.676  54.418 0.0000000000
117409  38.754  -20.664  54.254 0.0000000000
254474  38.559  -21.077  54.669 0.0000000000
100157  31.747  -28.982  64.474 0.0000000000
100173  32.102  -28.620  64.144 0.0000000000
100142  31.905  -29.117  65.091 0.0000000000
100125  32.702  -29.151  65.898 0.0000000000
136131  38.484  -11.067  54.034 0.0000000000
136142  38.686  -10.611  53.834 0.0000000000
270301  38.736  -10.573  53.293 0.0000000000
137649  38.966  -10.267  52.994 0.0000000000
137648  39.292  -9.904  52.606 0.0000000000
136161  39.182  -10.535  52.437 0.0000000000
281157  39.129  -11.306  52.322 0.0000000000
84689  20.255  -36.412  74.795 0.0000000000
84688  20.859  -36.153  75.110 0.0000000000
83203  20.509  -36.675  75.347 0.0000000000
81696  20.276  -37.541  76.003 0.0000000000
81628  14.644  -37.412  80.961 0.0000000000
81627  15.205  -37.900  81.067 0.0000000000
254302  14.714  -37.568  81.659 0.0000000000
81605  14.048  -37.273  82.544 0.0000000000
90261  13.618  -32.723  80.672 0.0000000000
90270  13.320  -33.332  80.459 0.0000000000
87384  13.242  -34.056  80.321 0.0000000000
88843  12.936  -33.818  80.758 0.0000000000
88841  12.468  -33.564  81.144 0.0000000000
90247  11.082  -33.098  83.430 0.0000000000
90251  11.375  -33.246  82.790 0.0000000000
87369  10.990  -34.663  83.465 0.0000000000
85973  11.313  -35.339  83.407 0.0000000000
87364  10.868  -35.185  83.952 0.0000000000
85970  10.687  -35.335  84.598 0.0000000000
85967  10.603  -35.440  85.240 0.0000000000
87361  10.274  -34.957  84.811 0.0000000000
87362  9.819  -34.566  84.997 0.0000000000
88810  9.480  -34.193  85.215 0.0000000000
93224  9.784  -30.969  86.744 0.0000000000
93234  9.458  -31.683  86.602 0.0000000000
93225  9.261  -31.501  87.205 0.0000000000
91668  8.491  -32.610  87.959 0.0000000000
94845  8.825  -31.341  88.048 0.0000000000
94833  8.598  -30.809  88.416 0.0000000000
94820  8.374  -30.382  88.969 0.0000000000
98176  7.877  -29.883  91.244 0.0000000000
104497  29.996  -26.955  63.706 0.0000000000
103018  29.332  -27.330  62.772 0.0000000000
101616  29.665  -27.872  62.794 0.0000000000
101617  29.127  -27.795  63.001 0.0000000000
101600  28.976  -28.389  63.414 0.0000000000
100178  28.817  -28.824  63.748 0.0000000000
98588  27.329  -29.547  65.506 0.0000000000
254719  27.826  -29.810  65.332 0.0000000000
98570  27.569  -30.041  65.825 0.0000000000
275421  28.221  -30.975  66.353 0.0000000000
96882  28.814  -31.125  66.368 0.0000000000
96854  29.180  -31.308  67.076 0.0000000000
96855  28.840  -31.281  67.077 0.0000000000
100050  23.742  -29.166  68.694 0.0000000000
98505  24.303  -29.370  68.356 0.0000000000
98486  24.116  -29.766  68.645 0.0000000000
98485  24.696  -29.898  68.472 0.0000000000
252843  24.965  -30.318  68.671 0.0000000000
91945  25.845  -32.717  71.070 0.0000000000
93463  25.347  -32.476  70.500 0.0000000000
130521  41.595  -13.993  52.694 0.0000000000
130520  42.235  -13.974  52.694 0.0000000000
129296  42.545  -14.405  52.829 0.0000000000
128101  43.909  -15.481  53.140 0.0000000000
126800  27.955  -15.241  60.931 0.0000000000
126829  28.345  -15.586  59.807 0.0000000000
126847  28.585  -15.806  59.271 0.0000000000
281292  28.324  -16.278  59.099 0.0000000000
125584  28.382  -16.675  58.725 0.0000000000
274302  28.312  -17.728  58.492 0.0000000000
117185  27.348  -20.715  63.705 0.0000000000
118778  27.042  -19.709  63.589 0.0000000000
117208  27.294  -20.322  63.283 0.0000000000
117232  27.572  -20.416  62.597 0.0000000000
118809  27.428  -20.164  61.675 0.0000000000
118823  29.642  -19.745  60.789 0.0000000000
118824  29.046  -19.917  60.896 0.0000000000
118839  29.839  -19.646  60.302 0.0000000000
118852  29.775  -19.849  59.711 0.0000000000
118853  29.277  -19.851  59.698 0.0000000000
118864  29.405  -19.986  59.146 0.0000000000
118863  29.903  -20.104  59.103 0.0000000000
117303  30.677  -20.591  59.147 0.0000000000
285142  31.103  -20.944  59.336 0.0000000000
115743  32.244  -21.450  58.919 0.0000000000
287737  31.914  -21.266  59.552 0.0000000000
102983  34.491  -27.583  64.695 0.0000000000
102997  34.722  -27.178  64.439 0.0000000000
102982  34.984  -27.422  64.919 0.0000000000
104457  35.884  -26.991  65.404 0.0000000000
104456  36.350  -26.751  65.689 0.0000000000
150286  51.167  -3.288  43.336 0.0000000000
149062  51.284  -4.118  42.554 0.0000000000
147765  46.265  -4.460  45.859 0.0000000000
148994  46.923  -3.761  45.740 0.0000000000
242677  46.477  -4.762  45.389 0.0000000000
147768  46.953  -4.552  45.087 0.0000000000
146531  47.246  -4.921  44.630 0.0000000000
143971  49.543  -7.086  43.303 0.0000000000
143986  49.840  -6.712  42.829 0.0000000000
144002  50.240  -6.256  42.491 0.0000000000
143985  50.307  -7.004  42.539 0.0000000000
95070  20.011  -31.351  72.686 0.0000000000
93438  19.940  -31.896  72.602 0.0000000000
93426  19.715  -31.684  73.007 0.0000000000
95061  19.418  -31.394  73.406 0.0000000000
98426  20.997  -29.863  72.368 0.0000000000
96754  20.682  -30.351  71.982 0.0000000000
136206  45.131  -10.787  49.571 0.0000000000
136189  45.334  -11.064  50.038 0.0000000000
136190  44.748  -11.070  49.896 0.0000000000
136175  44.877  -11.404  50.468 0.0000000000
134603  43.750  -11.864  50.847 0.0000000000
133231  44.855  -12.335  51.807 0.0000000000
269287  30.717  -23.812  63.738 0.0000000000
110086  31.708  -24.184  63.222 0.0000000000
259280  31.447  -24.174  62.528 0.0000000000
110109  31.725  -24.205  62.017 0.0000000000
108782  32.189  -24.899  61.981 0.0000000000
110124  32.180  -24.295  61.584 0.0000000000
277240  33.640  -24.202  61.380 0.0000000000
110123  34.176  -24.405  61.553 0.0000000000
110122  34.650  -24.445  61.946 0.0000000000
141253  42.095  -7.282  51.551 0.0000000000
260828  42.256  -7.208  51.111 0.0000000000
141262  41.929  -7.774  50.654 0.0000000000
142560  42.370  -7.377  50.389 0.0000000000
142559  42.598  -6.987  50.702 0.0000000000
143911  43.088  -6.861  49.819 0.0000000000
246511  43.438  -6.996  49.025 0.0000000000
250687  43.795  -6.681  48.935 0.0000000000
142588  43.309  -7.394  48.823 0.0000000000
141289  43.418  -7.932  48.550 0.0000000000
140018  43.469  -8.544  48.620 0.0000000000
283929  42.761  -8.851  49.053 0.0000000000
138903  43.271  -9.018  48.908 0.0000000000
138902  43.851  -9.152  48.773 0.0000000000
138887  44.126  -9.669  49.055 0.0000000000
137691  44.332  -10.152  49.324 0.0000000000
87347  9.342  -34.659  88.177 0.0000000000
131839  38.249  -12.881  52.994 0.0000000000
131840  37.819  -13.318  53.181 0.0000000000
130527  37.826  -13.889  53.116 0.0000000000
129303  37.710  -14.521  53.144 0.0000000000
129304  37.183  -14.783  53.203 0.0000000000
128122  37.661  -15.088  53.059 0.0000000000
126972  37.542  -15.771  52.990 0.0000000000
124360  37.586  -16.891  53.159 0.0000000000
122988  33.761  -17.862  55.174 0.0000000000
255968  34.058  -18.161  54.833 0.0000000000
121710  33.988  -18.865  54.932 0.0000000000
120372  34.156  -19.441  54.777 0.0000000000
118943  34.471  -19.848  54.688 0.0000000000
118923  33.781  -19.829  55.375 0.0000000000
117396  34.531  -20.263  55.106 0.0000000000
117395  35.068  -20.722  54.920 0.0000000000
261863  35.762  -20.840  54.818 0.0000000000
115848  36.756  -21.625  55.342 0.0000000000
114310  37.635  -22.063  55.863 0.0000000000
115810  37.390  -22.695  56.912 0.0000000000
114251  37.458  -22.781  57.730 0.0000000000
112872  35.798  -22.658  57.258 0.0000000000
112871  36.332  -22.764  57.469 0.0000000000
114250  37.476  -22.764  58.329 0.0000000000
98548  31.850  -30.823  66.789 0.0000000000
253475  31.962  -30.068  66.635 0.0000000000
96851  32.174  -31.026  67.443 0.0000000000
133200  38.090  -12.145  53.536 0.0000000000
83195  17.777  -36.683  75.698 0.0000000000
83194  18.459  -37.088  75.595 0.0000000000
81699  18.072  -37.387  76.003 0.0000000000
81689  17.731  -37.615  76.506 0.0000000000
80184  17.681  -38.031  77.456 0.0000000000
81680  16.584  -37.182  77.585 0.0000000000
81679  17.136  -37.507  77.408 0.0000000000
80167  17.556  -38.251  77.914 0.0000000000
81640  15.146  -37.353  80.079 0.0000000000
81651  15.192  -37.132  79.503 0.0000000000
83101  14.660  -37.137  80.406 0.0000000000
83102  14.288  -36.900  80.795 0.0000000000
83103  13.911  -36.698  81.123 0.0000000000
91721  12.132  -32.121  83.395 0.0000000000
91722  11.583  -32.223  83.755 0.0000000000
90239  11.147  -32.851  84.102 0.0000000000
91708  10.832  -32.591  84.442 0.0000000000
90232  10.243  -32.925  84.555 0.0000000000
90233  9.611  -33.286  84.786 0.0000000000
93243  10.232  -31.590  85.849 0.0000000000
94866  11.225  -30.994  86.577 0.0000000000
94867  10.565  -30.954  86.656 0.0000000000
94855  10.300  -30.721  87.059 0.0000000000
96537  10.319  -30.444  87.815 0.0000000000
96527  10.131  -30.224  88.355 0.0000000000
104463  28.904  -26.561  65.409 0.0000000000
104482  28.382  -26.667  64.598 0.0000000000
102985  27.864  -27.221  64.159 0.0000000000
102969  27.754  -26.844  64.814 0.0000000000
101568  26.920  -28.280  65.020 0.0000000000
102955  26.677  -27.485  65.346 0.0000000000
101552  26.488  -28.344  65.480 0.0000000000
100144  26.901  -29.009  65.418 0.0000000000
98571  26.956  -29.659  65.942 0.0000000000
98550  26.779  -30.046  66.539 0.0000000000
96885  26.574  -30.362  67.044 0.0000000000
95113  23.540  -31.451  69.901 0.0000000000
95135  23.860  -31.158  69.514 0.0000000000
93487  23.851  -31.954  70.225 0.0000000000
93465  24.115  -32.385  70.575 0.0000000000
91947  24.420  -32.794  70.929 0.0000000000
91924  24.112  -33.060  71.372 0.0000000000
91923  24.750  -33.008  71.476 0.0000000000
91946  25.092  -32.691  71.045 0.0000000000
124344  43.019  -17.125  53.545 0.0000000000
124343  43.684  -16.903  53.668 0.0000000000
125534  27.279  -16.262  62.082 0.0000000000
125535  27.060  -16.734  61.786 0.0000000000
117230  29.802  -21.246  62.281 0.0000000000
117254  29.707  -20.743  61.853 0.0000000000
117253  29.970  -20.156  61.771 0.0000000000
252879  30.797  -19.782  62.894 0.0000000000
118790  30.381  -20.140  62.314 0.0000000000
244635  30.009  -19.801  61.239 0.0000000000
120257  30.454  -19.472  61.165 0.0000000000
120273  31.383  -19.409  60.748 0.0000000000
151523  49.951  -2.707  44.586 0.0000000000
248518  47.435  -7.127  45.800 0.0000000000
143964  47.388  -6.376  45.336 0.0000000000
93185  8.012  -31.314  90.864 0.0000000000
126923  35.193  -15.604  55.438 0.0000000000
126924  34.726  -15.841  55.732 0.0000000000
125659  34.395  -16.285  55.416 0.0000000000
125660  33.965  -16.597  55.589 0.0000000000
124305  33.706  -17.278  55.416 0.0000000000
125661  33.503  -16.760  55.857 0.0000000000
122989  33.273  -17.864  55.422 0.0000000000
121695  32.653  -18.098  55.599 0.0000000000
121679  32.112  -18.255  55.918 0.0000000000
120358  32.572  -18.804  55.748 0.0000000000
120346  32.036  -19.284  55.896 0.0000000000
118913  31.666  -19.700  56.344 0.0000000000
87546  22.428  -34.539  73.430 0.0000000000
86135  21.195  -34.917  74.243 0.0000000000
86136  20.799  -34.944  74.025 0.0000000000
87548  20.761  -34.490  73.411 0.0000000000
87527  20.549  -34.669  73.676 0.0000000000
86119  20.423  -35.310  74.056 0.0000000000
84714  19.811  -35.728  74.004 0.0000000000
84702  19.342  -36.145  74.298 0.0000000000
84703  18.690  -35.921  74.485 0.0000000000
91888  19.654  -32.314  72.740 0.0000000000
90382  18.890  -33.406  72.869 0.0000000000
88988  18.528  -33.861  73.067 0.0000000000
90357  17.711  -33.306  73.715 0.0000000000
88989  17.882  -33.759  73.276 0.0000000000
88965  18.184  -34.266  73.403 0.0000000000
86139  18.405  -35.058  73.965 0.0000000000
84704  17.956  -35.665  74.546 0.0000000000
83207  17.841  -36.241  75.298 0.0000000000
83196  17.163  -36.452  75.979 0.0000000000
250031  16.817  -36.202  76.296 0.0000000000
86081  16.777  -35.024  76.263 0.0000000000
84662  16.511  -35.600  76.468 0.0000000000
86072  15.717  -35.499  77.125 0.0000000000
244246  25.459  -26.362  67.480 0.0000000000
104378  24.946  -26.737  68.398 0.0000000000
102904  24.441  -27.206  67.898 0.0000000000
101508  24.093  -27.794  68.166 0.0000000000
102861  23.774  -27.644  69.190 0.0000000000
271227  23.697  -28.041  68.697 0.0000000000
284782  23.499  -29.115  68.988 0.0000000000
98471  23.343  -29.753  69.189 0.0000000000
96799  23.261  -30.218  69.387 0.0000000000
100029  22.247  -29.036  70.231 0.0000000000
98448  21.660  -29.918  70.926 0.0000000000
98459  22.153  -29.829  70.366 0.0000000000
96800  22.734  -30.182  69.812 0.0000000000
271295  22.661  -30.816  69.858 0.0000000000
93488  23.171  -31.839  70.201 0.0000000000
93467  22.877  -32.213  70.602 0.0000000000
91926  22.859  -33.064  71.229 0.0000000000
91951  21.723  -32.563  71.006 0.0000000000
91927  22.093  -33.073  71.229 0.0000000000
90433  22.537  -33.450  71.587 0.0000000000
90407  22.844  -33.811  71.997 0.0000000000
88983  22.734  -34.127  73.023 0.0000000000
122825  27.685  -18.069  66.386 0.0000000000
121514  27.536  -18.645  65.958 0.0000000000
120173  27.478  -19.336  65.401 0.0000000000
117165  27.227  -20.503  64.712 0.0000000000
115612  27.810  -21.222  65.458 0.0000000000
115613  27.602  -21.129  64.764 0.0000000000
115629  27.259  -20.777  64.235 0.0000000000
115628  27.811  -21.148  63.895 0.0000000000
115639  28.337  -21.327  63.276 0.0000000000
281995  29.275  -21.617  62.816 0.0000000000
111401  29.977  -23.827  63.820 0.0000000000
260492  29.587  -23.626  63.409 0.0000000000
275089  30.669  -23.677  62.107 0.0000000000
111431  30.280  -23.403  62.421 0.0000000000
111432  29.661  -23.333  62.878 0.0000000000
112764  29.410  -22.759  62.889 0.0000000000
114142  29.364  -22.036  62.918 0.0000000000
251609  29.666  -21.624  62.675 0.0000000000
115656  30.190  -21.534  62.578 0.0000000000
115655  31.143  -21.351  62.846 0.0000000000
114138  32.521  -22.055  62.626 0.0000000000
252712  32.188  -21.531  63.075 0.0000000000
115638  31.678  -21.180  63.235 0.0000000000
150221  46.500  -3.060  47.632 0.0000000000
148987  46.054  -3.823  47.134 0.0000000000
267191  45.618  -4.304  47.655 0.0000000000
148992  45.930  -4.185  46.833 0.0000000000
147761  46.049  -4.265  46.349 0.0000000000
146525  45.947  -4.749  46.156 0.0000000000
146522  46.216  -5.352  46.012 0.0000000000
143958  46.647  -6.447  46.013 0.0000000000
246244  44.130  -6.564  48.485 0.0000000000
143934  44.444  -6.676  47.961 0.0000000000
143942  44.927  -6.632  47.487 0.0000000000
142600  45.068  -7.140  47.290 0.0000000000
143940  45.408  -6.704  47.129 0.0000000000
143950  45.885  -6.506  46.877 0.0000000000
143949  46.272  -6.422  46.539 0.0000000000
142620  46.610  -6.830  46.382 0.0000000000
136177  41.022  -10.968  51.019 0.0000000000
134606  41.435  -11.811  51.406 0.0000000000
133237  41.068  -12.156  51.704 0.0000000000
131848  40.989  -13.080  52.149 0.0000000000
280382  40.209  -12.676  52.423 0.0000000000
130535  41.263  -13.548  52.340 0.0000000000
128116  41.601  -14.949  52.871 0.0000000000
269537  41.868  -15.561  52.929 0.0000000000
130525  38.960  -13.559  52.941 0.0000000000
129301  39.140  -14.134  52.981 0.0000000000
129300  39.727  -14.385  52.862 0.0000000000
263395  39.242  -15.581  52.848 0.0000000000
128119  39.592  -15.053  52.878 0.0000000000
276238  40.135  -14.770  52.864 0.0000000000
261467  40.768  -15.519  52.844 0.0000000000
248470  41.282  -15.876  52.910 0.0000000000
125697  42.179  -16.715  53.095 0.0000000000
265780  42.000  -17.248  53.305 0.0000000000
121734  42.226  -18.210  53.687 0.0000000000
121722  42.576  -18.693  53.931 0.0000000000
121736  40.941  -18.542  53.508 0.0000000000
121723  41.909  -18.778  53.903 0.0000000000
128089  36.044  -15.221  54.073 0.0000000000
126957  36.066  -15.878  53.603 0.0000000000
125683  35.214  -16.413  54.055 0.0000000000
126958  35.585  -16.083  53.788 0.0000000000
125698  36.425  -16.160  53.402 0.0000000000
125713  36.790  -16.496  53.342 0.0000000000
124361  37.107  -16.819  53.303 0.0000000000
123040  37.524  -17.943  53.475 0.0000000000
120387  35.935  -19.205  54.201 0.0000000000
121724  36.110  -18.619  53.907 0.0000000000
121743  36.355  -18.208  53.644 0.0000000000
121742  36.954  -18.437  53.686 0.0000000000
264386  38.074  -18.261  53.506 0.0000000000
121740  38.341  -18.715  53.537 0.0000000000
120398  39.254  -19.307  53.533 0.0000000000
118957  40.059  -19.956  53.799 0.0000000000
258167  39.287  -20.710  54.153 0.0000000000
117407  40.148  -20.482  54.083 0.0000000000
117405  41.121  -20.428  54.442 0.0000000000
273122  31.537  -27.367  62.124 0.0000000000
103034  32.380  -27.554  62.335 0.0000000000
103016  32.641  -27.871  62.847 0.0000000000
101612  32.826  -27.998  63.401 0.0000000000
101595  33.493  -27.928  64.221 0.0000000000
101583  32.640  -28.389  64.374 0.0000000000
101582  33.199  -28.235  64.570 0.0000000000
101580  34.203  -27.900  65.009 0.0000000000
139979  40.332  -8.443  52.113 0.0000000000
139984  40.439  -8.711  51.465 0.0000000000
283720  39.529  -10.122  51.973 0.0000000000
138859  39.742  -9.629  51.728 0.0000000000
138858  40.136  -9.444  51.308 0.0000000000
136178  40.666  -10.391  51.002 0.0000000000
84675  21.067  -36.470  75.665 0.0000000000
81687  19.169  -38.035  76.274 0.0000000000
87419  15.842  -34.471  77.468 0.0000000000
87420  15.238  -34.623  77.787 0.0000000000
86044  14.691  -35.048  78.226 0.0000000000
88860  14.583  -33.903  78.573 0.0000000000
86020  14.192  -35.165  79.355 0.0000000000
265537  13.413  -34.762  80.420 0.0000000000
86005  13.710  -35.317  80.291 0.0000000000
85986  13.187  -36.037  81.380 0.0000000000
91747  12.402  -32.524  82.067 0.0000000000
88837  11.931  -33.727  81.559 0.0000000000
88835  11.385  -34.091  82.444 0.0000000000
87375  11.753  -34.417  81.873 0.0000000000
284510  12.252  -34.788  81.731 0.0000000000
85980  12.532  -35.260  81.816 0.0000000000
84560  12.796  -35.880  81.878 0.0000000000
84545  12.662  -36.406  82.460 0.0000000000
84531  12.484  -36.514  83.156 0.0000000000
84522  12.367  -36.621  83.723 0.0000000000
84523  11.634  -35.910  83.688 0.0000000000
88819  9.360  -33.640  85.188 0.0000000000
90223  9.212  -33.441  85.801 0.0000000000
91680  9.184  -32.477  86.475 0.0000000000
90210  8.999  -33.237  86.366 0.0000000000
88801  9.111  -33.968  86.336 0.0000000000
87354  9.095  -34.415  86.957 0.0000000000
87351  9.238  -34.596  87.642 0.0000000000
88793  8.867  -34.345  88.144 0.0000000000
88794  8.631  -33.792  88.452 0.0000000000
245108  8.236  -33.402  89.005 0.0000000000
91661  8.239  -32.734  88.678 0.0000000000
261217  8.064  -31.381  90.429 0.0000000000
96516  9.709  -30.009  88.772 0.0000000000
249064  9.057  -29.981  89.160 0.0000000000
96518  8.186  -30.352  89.708 0.0000000000
94810  8.058  -30.881  89.916 0.0000000000
117135  28.954  -20.422  66.812 0.0000000000
104552  30.972  -26.401  62.077 0.0000000000
106022  30.844  -26.320  62.350 0.0000000000
104530  30.816  -26.811  61.982 0.0000000000
101634  31.331  -27.928  62.462 0.0000000000
101615  31.086  -28.280  62.890 0.0000000000
100193  31.423  -28.674  63.437 0.0000000000
278518  30.186  -28.413  63.139 0.0000000000
100194  30.798  -28.611  63.261 0.0000000000
100175  31.126  -28.977  63.791 0.0000000000
279814  31.035  -29.632  65.322 0.0000000000
98583  30.637  -29.916  65.565 0.0000000000
101601  28.218  -27.897  63.796 0.0000000000
100179  28.358  -28.853  63.964 0.0000000000
100161  28.939  -29.340  64.092 0.0000000000
98569  28.416  -29.920  65.125 0.0000000000
98586  28.910  -29.878  64.929 0.0000000000
98603  29.216  -29.662  64.605 0.0000000000
98584  30.078  -29.968  65.297 0.0000000000
98566  30.219  -30.327  65.779 0.0000000000
98565  30.756  -30.241  66.037 0.0000000000
96878  31.173  -31.093  66.578 0.0000000000
283517  25.042  -26.756  67.230 0.0000000000
101538  25.186  -28.122  66.784 0.0000000000
100111  25.100  -28.625  66.945 0.0000000000
100068  24.509  -29.040  67.922 0.0000000000
262717  25.388  -29.101  67.294 0.0000000000
100110  25.620  -28.936  66.807 0.0000000000
98552  25.958  -29.363  67.163 0.0000000000
98528  26.104  -29.984  67.305 0.0000000000
96858  26.426  -30.478  67.560 0.0000000000
95134  24.481  -31.351  69.373 0.0000000000
96797  24.831  -30.882  68.993 0.0000000000
279659  25.364  -31.079  69.087 0.0000000000
93505  25.311  -31.954  69.617 0.0000000000
95132  25.559  -31.545  69.284 0.0000000000
95153  25.632  -31.186  68.945 0.0000000000
96815  25.867  -31.022  68.393 0.0000000000
95169  26.645  -31.272  68.294 0.0000000000
95168  27.206  -31.334  67.953 0.0000000000
131854  42.929  -12.614  51.872 0.0000000000
131846  43.289  -12.916  52.097 0.0000000000
130519  42.872  -13.929  52.669 0.0000000000
247591  43.539  -13.918  52.619 0.0000000000
124342  44.419  -16.943  53.648 0.0000000000
128002  30.651  -14.656  58.901 0.0000000000
126885  30.213  -15.782  57.845 0.0000000000
124281  30.101  -16.728  57.355 0.0000000000
282386  29.188  -16.168  58.184 0.0000000000
125623  29.714  -16.639  57.604 0.0000000000
122969  30.327  -17.840  56.953 0.0000000000
253443  30.617  -18.849  56.856 0.0000000000
118914  31.113  -19.567  56.694 0.0000000000
118902  31.254  -20.192  56.737 0.0000000000
122838  27.168  -17.766  65.554 0.0000000000
122856  27.047  -17.820  64.565 0.0000000000
271106  26.963  -17.689  63.743 0.0000000000
120208  26.935  -19.310  63.342 0.0000000000
121564  26.884  -18.743  63.311 0.0000000000
122886  27.051  -17.570  62.998 0.0000000000
124214  27.010  -17.442  62.326 0.0000000000
259167  27.077  -17.563  61.861 0.0000000000
246717  26.964  -17.459  61.075 0.0000000000
117255  28.170  -20.797  61.731 0.0000000000
118808  27.833  -20.437  61.378 0.0000000000
118826  27.659  -19.925  61.159 0.0000000000
120275  27.919  -19.738  60.697 0.0000000000
256873  27.427  -19.488  61.022 0.0000000000
121605  27.120  -19.041  60.820 0.0000000000
121618  26.949  -18.655  60.810 0.0000000000
124242  26.907  -17.666  60.456 0.0000000000
122929  27.585  -18.345  59.388 0.0000000000
122928  28.019  -18.013  58.927 0.0000000000
121645  28.823  -18.575  58.025 0.0000000000
118878  29.295  -19.815  58.644 0.0000000000
120304  29.458  -19.619  58.189 0.0000000000
120321  29.717  -19.305  57.700 0.0000000000
118904  30.340  -19.851  57.454 0.0000000000
243767  30.959  -20.574  57.303 0.0000000000
117354  31.540  -20.753  56.912 0.0000000000
115788  32.284  -21.830  57.353 0.0000000000
114273  33.391  -22.326  57.648 0.0000000000
114253  34.185  -22.347  58.394 0.0000000000
277947  33.266  -21.836  58.725 0.0000000000
114228  33.822  -21.985  58.873 0.0000000000
259654  34.887  -22.172  59.103 0.0000000000
104529  32.763  -27.167  62.188 0.0000000000
104548  33.592  -26.758  61.752 0.0000000000
104547  34.094  -26.515  62.064 0.0000000000
104510  34.392  -26.869  63.269 0.0000000000
106020  34.648  -26.376  63.045 0.0000000000
106053  34.362  -25.903  61.929 0.0000000000
107463  35.036  -25.216  62.162 0.0000000000
108781  35.187  -24.846  62.429 0.0000000000
110106  35.284  -24.320  62.657 0.0000000000
107378  37.098  -25.969  65.649 0.0000000000
107387  37.150  -25.912  65.063 0.0000000000
108731  36.961  -25.075  64.140 0.0000000000
270568  36.497  -24.549  63.824 0.0000000000
111417  35.447  -23.760  62.950 0.0000000000
111399  35.605  -23.254  63.274 0.0000000000
266272  36.011  -23.019  63.584 0.0000000000
150233  47.148  -3.321  45.984 0.0000000000
151513  48.736  -2.297  45.463 0.0000000000
247132  49.188  -2.478  45.146 0.0000000000
150261  49.420  -3.129  44.463 0.0000000000
150275  49.885  -3.087  44.175 0.0000000000
145286  47.492  -6.130  44.798 0.0000000000
145292  47.729  -5.911  44.300 0.0000000000
145297  47.997  -5.582  43.828 0.0000000000
143973  48.677  -6.508  43.738 0.0000000000
145296  48.479  -5.865  43.494 0.0000000000
146538  48.469  -5.207  43.523 0.0000000000
147791  48.715  -4.490  43.691 0.0000000000
147790  49.310  -3.980  43.666 0.0000000000
149037  49.899  -3.572  43.764 0.0000000000
149050  50.472  -4.013  43.133 0.0000000000
147801  50.670  -4.453  42.655 0.0000000000
247588  51.121  -4.723  42.268 0.0000000000
145317  50.662  -5.803  42.252 0.0000000000
146563  51.121  -5.375  42.133 0.0000000000
146574  51.543  -5.009  42.018 0.0000000000
80166  18.615  -38.568  77.669 0.0000000000
80183  18.330  -38.341  77.303 0.0000000000
80185  17.297  -37.842  77.833 0.0000000000
80206  17.537  -37.692  77.045 0.0000000000
81670  16.373  -37.318  78.081 0.0000000000
81686  19.910  -37.982  76.360 0.0000000000
81698  18.782  -37.729  75.808 0.0000000000
83192  20.137  -37.091  75.648 0.0000000000
83204  19.903  -36.864  75.101 0.0000000000
83205  19.302  -36.967  74.937 0.0000000000
84691  18.312  -36.174  74.963 0.0000000000
86106  17.464  -35.392  74.663 0.0000000000
86118  21.481  -35.089  74.567 0.0000000000
86120  19.095  -35.651  74.215 0.0000000000
86123  17.265  -34.960  74.714 0.0000000000
87485  17.066  -34.549  76.132 0.0000000000
87499  17.310  -34.462  74.929 0.0000000000
87512  21.598  -34.817  74.145 0.0000000000
87549  20.297  -34.279  73.421 0.0000000000
88873  15.380  -34.052  78.020 0.0000000000
88987  19.542  -33.742  73.004 0.0000000000
89001  21.844  -34.006  72.455 0.0000000000
90278  14.018  -33.091  79.724 0.0000000000
90411  19.726  -32.940  72.565 0.0000000000
91869  17.795  -32.887  74.374 0.0000000000
91889  19.115  -32.718  72.837 0.0000000000
91890  18.472  -32.780  73.053 0.0000000000
93216  8.329  -32.008  88.223 0.0000000000
93233  10.051  -31.317  86.327 0.0000000000
93503  26.693  -32.074  69.671 0.0000000000
94843  10.035  -30.603  87.548 0.0000000000
95152  26.154  -31.479  68.828 0.0000000000
95178  27.200  -31.131  66.894 0.0000000000
96782  22.388  -30.485  70.168 0.0000000000
96817  24.414  -30.334  68.713 0.0000000000
96834  27.636  -31.617  67.853 0.0000000000
96903  30.871  -30.800  66.199 0.0000000000
96905  29.802  -30.675  66.022 0.0000000000
96908  27.789  -30.574  66.093 0.0000000000
100124  33.278  -28.927  66.047 0.0000000000
100141  32.496  -28.979  65.303 0.0000000000
100156  32.288  -28.775  64.728 0.0000000000
100158  31.310  -29.111  64.207 0.0000000000
101468  23.488  -28.076  69.171 0.0000000000
101537  25.488  -28.490  66.605 0.0000000000
101581  33.686  -28.051  64.798 0.0000000000
101598  31.946  -28.506  63.593 0.0000000000
101636  30.438  -27.497  62.440 0.0000000000
102882  24.305  -27.088  68.535 0.0000000000
102924  25.076  -27.452  67.020 0.0000000000
102968  34.714  -27.734  65.206 0.0000000000
102981  35.437  -27.237  65.143 0.0000000000
102984  33.973  -27.731  64.473 0.0000000000
102986  27.505  -27.583  64.514 0.0000000000
102998  34.254  -27.375  64.169 0.0000000000
103000  33.318  -27.812  63.638 0.0000000000
103001  29.020  -27.344  63.081 0.0000000000
103015  33.151  -27.661  63.101 0.0000000000
103035  30.846  -27.428  62.157 0.0000000000
104400  25.384  -26.592  66.950 0.0000000000
104423  25.828  -26.659  66.733 0.0000000000
104477  35.657  -26.793  64.928 0.0000000000
104493  35.427  -26.469  64.523 0.0000000000
104494  35.033  -26.767  64.179 0.0000000000
104495  34.602  -27.043  63.839 0.0000000000
104509  34.908  -26.631  63.555 0.0000000000
104511  33.921  -27.105  62.960 0.0000000000
104514  29.822  -27.087  62.862 0.0000000000
104527  33.836  -27.014  62.301 0.0000000000
104528  33.318  -27.111  62.189 0.0000000000
105970  36.782  -26.421  65.329 0.0000000000
105971  36.235  -26.680  65.094 0.0000000000
106018  35.976  -25.767  63.690 0.0000000000
106019  35.455  -25.806  63.227 0.0000000000
106036  34.548  -26.187  62.445 0.0000000000
106054  33.856  -26.200  61.626 0.0000000000
107401  36.973  -25.661  64.547 0.0000000000
107430  35.731  -25.232  63.288 0.0000000000
107446  34.884  -25.638  62.239 0.0000000000
107467  32.360  -25.961  61.694 0.0000000000
107489  34.118  -25.612  61.510 0.0000000000
108761  36.102  -24.655  63.303 0.0000000000
108762  35.590  -24.765  62.869 0.0000000000
108799  34.847  -24.869  62.033 0.0000000000
108801  33.138  -25.128  61.362 0.0000000000
108820  34.212  -25.036  61.416 0.0000000000
110051  37.391  -24.579  64.516 0.0000000000
110064  31.465  -23.900  63.733 0.0000000000
110083  36.246  -24.095  63.504 0.0000000000
110084  35.843  -24.215  63.009 0.0000000000
110121  34.966  -24.534  62.283 0.0000000000
110126  31.070  -23.675  61.768 0.0000000000
111385  29.171  -23.366  64.363 0.0000000000
111398  36.251  -23.507  63.626 0.0000000000
111403  28.926  -23.298  63.865 0.0000000000
111416  35.900  -23.710  63.234 0.0000000000
111420  30.044  -23.669  63.053 0.0000000000
111427  34.986  -23.869  62.745 0.0000000000
111428  34.570  -23.656  62.540 0.0000000000
111440  34.363  -23.961  62.025 0.0000000000
112736  35.531  -22.738  63.534 0.0000000000
112751  35.016  -22.936  63.344 0.0000000000
112754  28.676  -22.958  63.651 0.0000000000
112761  33.776  -22.763  62.421 0.0000000000
112763  30.399  -22.966  62.218 0.0000000000
112770  33.633  -23.197  61.897 0.0000000000
112772  31.888  -22.922  61.523 0.0000000000
112846  36.198  -22.806  58.525 0.0000000000
112848  35.038  -22.619  58.001 0.0000000000
112856  36.514  -22.783  58.059 0.0000000000
112858  35.411  -22.682  57.675 0.0000000000
114089  28.498  -22.136  65.595 0.0000000000
114090  28.116  -21.695  65.692 0.0000000000
114102  28.009  -21.867  65.128 0.0000000000
114129  28.654  -21.827  63.421 0.0000000000
114136  33.602  -22.340  62.830 0.0000000000
114226  35.346  -22.481  58.970 0.0000000000
114227  34.386  -22.117  59.002 0.0000000000
114229  32.906  -21.561  59.144 0.0000000000
114254  33.605  -22.215  58.268 0.0000000000
114269  36.939  -22.821  57.604 0.0000000000
114271  34.570  -22.536  57.816 0.0000000000
114274  32.780  -22.144  57.494 0.0000000000
114284  36.872  -22.724  57.120 0.0000000000
114286  34.758  -22.446  57.236 0.0000000000
114287  33.832  -22.336  57.142 0.0000000000
114289  32.751  -21.995  57.038 0.0000000000
114314  34.705  -22.148  56.631 0.0000000000
114333  39.122  -21.457  54.926 0.0000000000
114334  36.990  -22.055  55.914 0.0000000000
115636  33.299  -21.667  63.706 0.0000000000
115658  28.778  -21.487  62.813 0.0000000000
115679  28.788  -20.983  61.664 0.0000000000
115727  32.457  -21.329  59.633 0.0000000000
115744  31.509  -21.231  59.168 0.0000000000
115763  32.747  -21.722  58.588 0.0000000000
115786  37.739  -22.784  57.301 0.0000000000
115787  37.304  -22.818  57.313 0.0000000000
115789  31.768  -21.429  57.728 0.0000000000
115811  33.762  -22.027  56.538 0.0000000000
115814  31.890  -21.322  57.153 0.0000000000
115832  35.335  -21.868  55.943 0.0000000000
115835  33.313  -21.186  55.966 0.0000000000
115851  34.616  -21.341  55.576 0.0000000000
115865  36.147  -21.312  55.096 0.0000000000
115866  35.423  -21.251  55.165 0.0000000000
117317  30.489  -20.672  58.671 0.0000000000
117337  30.700  -20.781  58.072 0.0000000000
117366  31.814  -20.367  56.314 0.0000000000
117389  39.530  -21.101  54.479 0.0000000000
117390  39.041  -20.982  54.497 0.0000000000
117392  37.598  -20.891  54.709 0.0000000000
117393  37.077  -20.788  54.794 0.0000000000
117394  36.417  -20.742  54.765 0.0000000000
117406  40.626  -20.624  54.280 0.0000000000
117408  39.755  -20.780  54.146 0.0000000000
117412  36.861  -20.260  54.662 0.0000000000
118697  28.210  -19.784  66.097 0.0000000000
118725  27.406  -20.135  65.260 0.0000000000
118726  27.161  -19.866  64.720 0.0000000000
118756  27.049  -19.639  64.206 0.0000000000
118792  27.341  -19.963  62.276 0.0000000000
118807  30.328  -19.716  61.766 0.0000000000
118877  29.622  -20.013  58.578 0.0000000000
118892  29.747  -19.883  58.036 0.0000000000
118903  30.803  -20.093  57.107 0.0000000000
118911  32.835  -20.109  55.647 0.0000000000
118941  35.597  -20.355  54.502 0.0000000000
118958  39.085  -20.261  53.963 0.0000000000
118964  35.451  -19.762  54.352 0.0000000000
118965  34.864  -19.722  54.391 0.0000000000
118972  39.474  -19.843  53.704 0.0000000000
118973  38.880  -19.755  53.776 0.0000000000
120117  28.414  -18.970  66.634 0.0000000000
120146  27.935  -19.162  66.129 0.0000000000
120221  31.329  -19.258  62.791 0.0000000000
120236  27.083  -19.606  62.122 0.0000000000
120237  26.921  -19.117  61.811 0.0000000000
120259  27.030  -19.133  61.371 0.0000000000
120274  30.772  -19.547  60.547 0.0000000000
120285  30.745  -19.739  60.031 0.0000000000
120286  28.527  -19.566  59.566 0.0000000000
120296  28.490  -19.220  59.034 0.0000000000
120306  28.529  -18.859  58.546 0.0000000000
120320  30.109  -19.510  57.517 0.0000000000
120322  29.289  -19.017  57.822 0.0000000000
120348  30.964  -19.098  56.670 0.0000000000
120373  33.862  -19.417  55.159 0.0000000000
120382  42.249  -19.235  54.111 0.0000000000
120383  40.491  -19.628  53.687 0.0000000000
121550  27.154  -18.767  63.885 0.0000000000
121565  26.825  -18.693  62.764 0.0000000000
121576  26.873  -18.619  62.157 0.0000000000
121606  26.915  -18.657  61.258 0.0000000000
121629  26.890  -18.327  60.377 0.0000000000
121681  31.088  -18.624  56.581 0.0000000000
121709  34.288  -18.582  54.553 0.0000000000
121741  37.699  -18.596  53.639 0.0000000000
122839  27.001  -18.260  65.124 0.0000000000
122876  26.880  -18.223  63.227 0.0000000000
122910  26.787  -18.173  60.923 0.0000000000
122919  27.180  -17.873  59.792 0.0000000000
122940  28.395  -18.304  58.456 0.0000000000
122953  29.556  -17.904  57.287 0.0000000000
122954  29.174  -17.635  57.655 0.0000000000
122968  30.782  -17.555  56.719 0.0000000000
122977  31.729  -17.788  56.225 0.0000000000
123013  43.640  -18.021  53.999 0.0000000000
123033  42.499  -17.582  53.534 0.0000000000
123034  41.823  -17.784  53.482 0.0000000000
123035  41.209  -17.950  53.421 0.0000000000
123036  40.587  -18.094  53.359 0.0000000000
123037  39.960  -18.206  53.217 0.0000000000
124173  27.801  -17.072  65.641 0.0000000000
124189  27.065  -17.099  64.195 0.0000000000
124219  27.060  -17.159  61.973 0.0000000000
124226  27.093  -17.294  61.607 0.0000000000
124249  28.024  -17.301  58.901 0.0000000000
124259  28.898  -17.082  57.927 0.0000000000
124260  28.499  -17.191  58.324 0.0000000000
124271  29.634  -17.222  57.438 0.0000000000
124282  29.969  -17.477  57.148 0.0000000000
124290  32.652  -17.183  56.016 0.0000000000
124291  31.544  -16.717  56.773 0.0000000000
124345  42.510  -17.065  53.323 0.0000000000
124347  37.232  -17.302  53.342 0.0000000000
124358  38.831  -17.131  52.933 0.0000000000
125521  27.211  -16.386  63.248 0.0000000000
125530  27.272  -16.309  62.643 0.0000000000
125542  27.052  -16.784  61.244 0.0000000000
125569  27.997  -16.172  59.604 0.0000000000
125570  27.532  -16.496  60.156 0.0000000000
125583  28.830  -16.106  58.785 0.0000000000
125585  27.934  -16.694  59.197 0.0000000000
125601  29.256  -16.553  57.871 0.0000000000
125622  29.951  -16.170  57.682 0.0000000000
125637  30.641  -16.478  57.248 0.0000000000
125673  34.206  -16.600  55.192 0.0000000000
125695  44.245  -16.347  53.460 0.0000000000
125696  43.606  -16.351  53.476 0.0000000000
125699  35.967  -16.345  53.603 0.0000000000
125705  42.958  -15.982  53.140 0.0000000000
125706  42.362  -16.106  53.006 0.0000000000
125707  41.744  -16.266  52.979 0.0000000000
125708  40.523  -16.690  52.959 0.0000000000
126790  27.786  -15.267  61.522 0.0000000000
126812  28.193  -15.383  60.374 0.0000000000
126813  27.761  -15.660  60.688 0.0000000000
126828  28.886  -15.305  59.469 0.0000000000
126845  29.773  -15.376  58.784 0.0000000000
126862  30.499  -15.368  58.079 0.0000000000
126863  29.992  -15.551  58.245 0.0000000000
126864  29.401  -15.738  58.414 0.0000000000
126883  31.196  -15.394  57.693 0.0000000000
126955  43.458  -15.910  53.303 0.0000000000
126971  38.325  -15.977  52.864 0.0000000000
127958  28.247  -14.844  61.325 0.0000000000
127981  30.498  -14.330  59.349 0.0000000000
127984  28.686  -15.099  59.996 0.0000000000
128004  29.451  -15.104  59.243 0.0000000000
128018  30.389  -15.122  58.570 0.0000000000
128118  40.544  -15.006  52.858 0.0000000000
128120  38.878  -15.072  52.976 0.0000000000
129297  41.908  -14.429  52.848 0.0000000000
130532  43.257  -13.429  52.310 0.0000000000
130533  42.551  -13.529  52.338 0.0000000000
131849  40.537  -13.036  52.278 0.0000000000
133215  38.211  -12.416  53.089 0.0000000000
133224  43.502  -12.597  51.943 0.0000000000
133225  41.328  -12.614  51.980 0.0000000000
134600  45.854  -11.411  51.035 0.0000000000
134601  44.783  -12.027  51.400 0.0000000000
134602  44.283  -11.987  51.154 0.0000000000
134613  45.232  -11.653  51.101 0.0000000000
134617  41.440  -11.374  51.072 0.0000000000
136143  38.497  -11.048  53.342 0.0000000000
136153  38.644  -11.389  52.846 0.0000000000
136176  42.680  -11.122  50.193 0.0000000000
136191  43.840  -11.009  49.922 0.0000000000
136205  45.751  -10.818  49.603 0.0000000000
136207  44.536  -10.612  49.581 0.0000000000
137643  38.907  -10.152  53.586 0.0000000000
137660  40.222  -10.019  51.131 0.0000000000
137661  39.847  -10.028  51.447 0.0000000000
137690  44.879  -10.337  49.229 0.0000000000
137704  44.670  -9.859  48.935 0.0000000000
138842  39.943  -8.845  52.529 0.0000000000
138844  39.118  -9.715  53.227 0.0000000000
138867  40.507  -9.705  50.867 0.0000000000
138889  42.970  -9.323  49.145 0.0000000000
138912  45.829  -9.346  47.934 0.0000000000
139978  40.657  -8.143  51.868 0.0000000000
139983  41.054  -7.931  51.660 0.0000000000
140031  44.237  -8.214  48.004 0.0000000000
141254  41.718  -7.575  51.372 0.0000000000
141281  42.660  -7.875  48.999 0.0000000000
142568  42.680  -7.036  50.184 0.0000000000
142580  43.020  -7.283  49.031 0.0000000000
142610  46.364  -6.941  46.736 0.0000000000
142619  46.984  -7.002  46.075 0.0000000000
142676  50.615  -7.552  42.872 0.0000000000
143904  42.854  -6.777  50.416 0.0000000000
143920  43.457  -6.742  49.472 0.0000000000
143933  44.836  -6.217  47.782 0.0000000000
143935  44.036  -6.908  48.215 0.0000000000
143941  45.235  -6.126  47.412 0.0000000000
143957  47.186  -6.681  45.682 0.0000000000
145212  43.700  -6.116  52.005 0.0000000000
145249  44.300  -6.023  49.040 0.0000000000
145279  46.233  -5.885  46.301 0.0000000000
145288  46.524  -5.432  45.467 0.0000000000
145327  51.579  -5.633  41.923 0.0000000000
146520  45.346  -5.612  47.442 0.0000000000
146530  47.602  -5.257  44.243 0.0000000000
146539  48.059  -4.885  43.925 0.0000000000
146552  48.852  -4.933  43.336 0.0000000000
147753  45.284  -4.503  48.335 0.0000000000
147764  46.692  -4.225  45.548 0.0000000000
147803  49.276  -4.522  43.335 0.0000000000
148985  45.734  -3.919  47.912 0.0000000000
148988  45.788  -4.143  47.344 0.0000000000
148990  46.698  -3.608  46.307 0.0000000000
148991  46.240  -3.849  46.622 0.0000000000
149020  49.389  -3.480  44.054 0.0000000000
149021  48.411  -3.661  44.453 0.0000000000
149036  50.408  -3.639  43.543 0.0000000000
149047  52.031  -3.455  42.662 0.0000000000
149049  50.974  -3.834  42.968 0.0000000000
149060  52.378  -3.743  42.357 0.0000000000
150246  49.346  -2.881  44.857 0.0000000000
150247  48.581  -2.861  45.136 0.0000000000
150249  47.463  -3.459  45.415 0.0000000000
150274  50.329  -3.088  43.916 0.0000000000
151481  46.492  -2.811  48.350 0.0000000000
151514  48.114  -2.627  45.600 0.0000000000
242347  44.690  -11.714  50.965 0.0000000000
243415  45.730  -4.892  47.030 0.0000000000
244933  18.220  -36.584  75.351 0.0000000000
246234  29.229  -31.181  66.805 0.0000000000
246346  31.194  -29.874  65.818 0.0000000000
248042  32.618  -23.855  61.435 0.0000000000
248085  29.772  -14.673  59.572 0.0000000000
248703  50.946  -2.455  44.521 0.0000000000
249246  38.524  -13.971  53.035 0.0000000000
250303  41.022  -19.519  53.822 0.0000000000
250801  27.191  -18.226  65.787 0.0000000000
251018  20.969  -35.253  74.409 0.0000000000
252009  36.897  -22.496  56.567 0.0000000000
253128  31.167  -20.388  59.650 0.0000000000
253778  25.613  -32.274  69.997 0.0000000000
255015  40.561  -17.241  53.078 0.0000000000
255186  26.947  -18.269  63.857 0.0000000000
255520  41.982  -19.760  54.239 0.0000000000
256742  41.166  -16.488  52.999 0.0000000000
256912  33.490  -21.640  59.289 0.0000000000
258445  45.803  -4.476  47.039 0.0000000000
258578  41.634  -19.368  53.981 0.0000000000
258894  43.547  -14.918  52.939 0.0000000000
259080  20.278  -31.086  72.347 0.0000000000
260061  15.040  -37.509  80.581 0.0000000000
261731  30.955  -19.404  62.776 0.0000000000
262823  41.312  -15.374  52.860 0.0000000000
263113  43.282  -16.632  53.522 0.0000000000
263253  24.714  -27.361  67.420 0.0000000000
263339  39.526  -16.099  52.735 0.0000000000
263635  20.367  -34.898  73.833 0.0000000000
265451  42.893  -14.933  52.879 0.0000000000
266722  27.632  -17.763  59.274 0.0000000000
267376  27.785  -20.479  65.777 0.0000000000
267391  31.946  -22.138  62.225 0.0000000000
267439  36.452  -19.452  54.224 0.0000000000
267743  17.754  -33.116  74.997 0.0000000000
270917  38.122  -17.871  53.388 0.0000000000
270971  19.940  -36.215  74.319 0.0000000000
271039  30.777  -15.082  58.279 0.0000000000
271999  41.582  -13.129  52.092 0.0000000000
274821  26.145  -28.521  65.969 0.0000000000
278021  37.066  -22.770  58.083 0.0000000000
278376  39.126  -11.788  52.327 0.0000000000
278538  31.905  -18.754  55.925 0.0000000000
279017  41.844  -11.264  50.808 0.0000000000
279497  44.447  -5.898  48.689 0.0000000000
279839  48.349  -2.274  45.927 0.0000000000
280633  45.348  -9.326  48.200 0.0000000000
280720  30.195  -18.547  57.024 0.0000000000
282994  46.199  -3.482  47.477 0.0000000000
283574  48.957  -3.436  44.313 0.0000000000
284088  49.649  -4.670  43.049 0.0000000000
284826  41.332  -7.793  51.508 0.0000000000
284997  26.238  -32.687  70.816 0.0000000000
285203  50.244  -4.949  42.604 0.0000000000
285577  36.254  -21.635  55.457 0.0000000000
285727  36.493  -18.551  53.776 0.0000000000
286232  42.963  -17.571  53.658 0.0000000000
286393  30.951  -19.364  61.098 0.0000000000
287347  33.501  -23.486  61.633 0.0000000000
287694  26.803  -30.928  67.814 0.0000000000
287725  27.414  -17.915  66.058 0.0000000000
287755  28.873  -18.028  57.832 0.0000000000
287804  34.566  -21.895  56.156 0.0000000000
288275  34.209  -22.188  56.738 0.0000000000
288698  35.089  -26.196  63.291 0.0000000000
289423  32.210  -20.672  60.389 0.0000000000
290150  19.920  -37.457  75.702 0.0000000000
290383  33.018  -16.837  56.024 0.0000000000
290535  40.508  -9.132  51.001 0.0000000000
290716  39.585  -12.215  52.325 0.0000000000
