#!ascii label  , from subject sub-v2s5x29547_ses-1 vox2ras=TkReg
1096
38660  -28.919  -64.670  -1.176 0.6999999881
39936  -28.912  -64.191  -2.151 0.6000000238
39956  -29.219  -64.144  -2.612 0.6000000238
38736  -29.451  -64.428  -4.722 0.4000000060
38576  -23.107  -64.955  2.231 0.6999999881
41127  -23.815  -63.856  1.625 0.6999999881
37371  -23.335  -65.262  1.840 0.6999999881
39867  -23.594  -64.105  1.203 0.6000000238
37372  -23.788  -65.563  1.590 0.6999999881
313354  -23.382  -64.964  0.905 0.6000000238
37373  -24.323  -65.802  1.317 0.6000000238
38605  -23.561  -64.990  0.403 0.6000000238
37389  -25.773  -65.773  0.755 0.6000000238
37403  -24.036  -65.275  0.496 0.6000000238
38653  -23.604  -64.247  -1.113 0.5000000000
37421  -25.752  -65.366  -0.180 0.5000000000
38655  -24.757  -64.723  -1.121 0.5000000000
38680  -26.138  -64.570  -1.501 0.6000000238
38658  -27.711  -64.758  -1.032 0.6000000238
38681  -26.888  -64.494  -1.660 0.6000000238
39934  -27.310  -64.174  -2.046 0.6000000238
290030  -28.096  -63.935  -2.840 0.6000000238
298261  -24.096  -63.420  1.821 0.6000000238
42396  -24.974  -62.903  1.282 0.6000000238
331937  -24.437  -63.199  0.425 0.6000000238
41152  -24.041  -63.357  -0.058 0.6000000238
42414  -24.749  -63.122  -0.744 0.6000000238
41151  -23.471  -63.757  -0.192 0.6000000238
38631  -23.474  -64.321  -0.718 0.6000000238
41184  -24.113  -63.236  -1.797 0.6000000238
39949  -23.862  -63.473  -2.038 0.6000000238
38679  -25.265  -64.608  -1.419 0.6000000238
39950  -24.169  -63.724  -2.325 0.6999999881
310359  -25.015  -63.992  -2.359 0.6000000238
39951  -25.547  -63.860  -2.673 0.6000000238
39970  -28.553  -63.895  -3.229 0.5000000000
39996  -28.321  -63.999  -4.488 0.5000000000
41113  -24.120  -63.127  2.323 0.6000000238
42378  -25.404  -62.576  1.622 0.6000000238
322193  -26.878  -61.968  0.267 0.6000000238
42407  -25.627  -62.713  0.274 0.6000000238
42416  -26.124  -62.573  -0.345 0.6000000238
43638  -26.550  -62.273  -0.750 0.6000000238
43643  -26.470  -62.273  -1.386 0.6000000238
42432  -25.875  -62.456  -1.722 0.6000000238
42420  -24.314  -63.235  -1.171 0.6000000238
326840  -25.140  -62.506  -2.082 0.6000000238
42443  -24.771  -62.506  -2.612 0.6999999881
41214  -26.293  -63.660  -3.575 0.6000000238
41215  -26.980  -63.734  -3.546 0.6000000238
39997  -28.845  -64.255  -4.771 0.4000000060
43581  -25.560  -61.976  2.430 0.6000000238
43599  -25.783  -62.216  1.964 0.6000000238
43621  -26.892  -61.875  0.882 0.6000000238
43639  -27.025  -61.818  -0.422 0.6000000238
44913  -27.496  -61.162  -1.101 0.5000000000
44918  -27.170  -61.475  -1.373 0.6000000238
323947  -26.169  -61.763  -2.612 0.6999999881
43661  -24.748  -62.014  -3.556 0.6000000238
42442  -24.245  -62.922  -2.749 0.6000000238
41211  -24.285  -62.898  -2.919 0.6000000238
41212  -24.696  -63.111  -3.273 0.6000000238
41213  -25.564  -63.440  -3.469 0.6000000238
41255  -26.038  -63.318  -5.270 0.6000000238
41232  -27.321  -63.726  -3.909 0.6000000238
40011  -27.427  -64.313  -5.730 0.4000000060
39983  -27.822  -63.779  -4.192 0.5000000000
44842  -25.796  -61.469  2.608 0.5000000000
44867  -27.039  -61.250  2.000 0.6000000238
43601  -26.850  -61.687  1.524 0.6000000238
44898  -27.550  -61.246  0.592 0.6000000238
43633  -27.370  -61.574  0.104 0.5000000000
46259  -28.130  -60.345  -0.549 0.5000000000
46258  -27.769  -60.754  -0.797 0.5000000000
47724  -27.820  -60.077  -1.925 0.6000000238
49285  -27.884  -59.308  -2.524 0.6000000238
44926  -27.261  -60.858  -2.234 0.6999999881
44930  -26.304  -61.072  -2.968 0.6999999881
43663  -25.812  -61.669  -3.136 0.6999999881
46292  -25.986  -60.342  -3.818 0.6000000238
43662  -25.050  -61.757  -3.340 0.6999999881
44936  -25.387  -60.962  -3.849 0.6000000238
299830  -25.002  -60.969  -4.227 0.6000000238
43667  -24.684  -62.236  -4.023 0.6000000238
42474  -24.688  -62.782  -4.637 0.6000000238
42475  -24.806  -63.050  -5.144 0.6000000238
334189  -26.746  -63.720  -5.155 0.5000000000
39994  -26.938  -63.907  -5.540 0.4000000060
44843  -27.187  -60.848  2.230 0.6000000238
47679  -27.915  -60.147  1.229 0.6000000238
46230  -27.791  -60.720  0.870 0.5000000000
47692  -28.378  -59.842  0.242 0.6000000238
49266  -28.542  -59.443  -0.644 0.5000000000
292854  -28.474  -59.478  -1.122 0.6000000238
49278  -28.818  -58.574  -1.403 0.5000000000
47725  -28.201  -59.829  -1.473 0.6000000238
49277  -28.471  -59.167  -1.603 0.5000000000
49286  -28.284  -59.103  -2.139 0.5000000000
50825  -27.808  -58.216  -3.211 0.5000000000
47738  -27.488  -59.741  -2.859 0.6000000238
52408  -27.429  -57.918  -3.726 0.5000000000
50839  -27.420  -58.445  -3.583 0.5000000000
47751  -26.713  -59.855  -3.443 0.6000000238
52407  -26.977  -57.722  -4.232 0.4000000060
46293  -26.342  -60.184  -3.508 0.6999999881
50837  -26.550  -58.204  -4.445 0.4000000060
49320  -25.571  -59.019  -4.968 0.5000000000
323072  -25.407  -59.870  -4.653 0.6000000238
49335  -25.267  -59.023  -5.465 0.5000000000
49334  -24.865  -59.532  -5.529 0.6000000238
49345  -25.412  -58.995  -5.897 0.5000000000
44968  -24.950  -61.004  -5.655 0.6000000238
42491  -26.726  -62.681  -6.344 0.5000000000
47787  -25.060  -59.787  -5.854 0.6000000238
43694  -25.740  -61.772  -5.873 0.6000000238
42490  -26.240  -62.586  -6.100 0.6000000238
47657  -27.886  -59.627  1.642 0.5000000000
49237  -28.533  -59.281  0.439 0.5000000000
50776  -28.967  -58.442  -0.170 0.5000000000
52360  -29.032  -57.551  -0.836 0.4000000060
53890  -28.717  -57.211  -1.941 0.4000000060
52372  -28.574  -57.949  -2.241 0.5000000000
50812  -28.247  -58.262  -2.623 0.5000000000
55396  -28.211  -56.722  -2.594 0.5000000000
58296  -27.064  -55.024  -4.328 0.4000000060
295075  -27.252  -56.524  -3.716 0.4000000060
53909  -26.727  -57.086  -4.467 0.4000000060
53921  -26.239  -56.990  -5.019 0.5000000000
50846  -26.037  -58.004  -4.978 0.5000000000
53935  -26.377  -56.520  -5.320 0.5000000000
52416  -25.599  -57.904  -5.549 0.5000000000
52430  -25.606  -58.003  -5.957 0.5000000000
309535  -26.746  -60.725  -6.151 0.5000000000
308352  -26.976  -61.668  -6.093 0.5000000000
46335  -25.523  -60.342  -6.287 0.6000000238
297292  -26.339  -61.707  -6.103 0.5000000000
55397  -28.490  -56.160  -2.364 0.4000000060
56877  -28.221  -55.820  -2.781 0.5000000000
56876  -27.843  -55.858  -3.178 0.5000000000
59697  -27.588  -54.438  -3.710 0.5000000000
312739  -27.035  -55.052  -4.962 0.4000000060
53950  -26.470  -56.942  -5.871 0.5000000000
49346  -27.642  -59.259  -6.213 0.5000000000
292350  -28.012  -60.319  -6.077 0.3000000119
56924  -27.277  -55.605  -5.681 0.5000000000
320479  -26.042  -58.056  -6.358 0.5000000000
47802  -26.848  -59.380  -6.412 0.5000000000
289584  -27.826  -53.945  -3.359 0.4000000060
59713  -27.276  -54.639  -4.138 0.4000000060
61185  -27.587  -53.454  -3.566 0.4000000060
288386  -27.236  -52.485  -5.190 0.4000000060
59726  -27.431  -54.030  -4.711 0.4000000060
58310  -27.050  -54.627  -5.456 0.4000000060
337923  -27.742  -53.109  -5.704 0.4000000060
59742  -27.523  -54.074  -5.820 0.5000000000
50871  -28.403  -58.511  -6.014 0.4000000060
47791  -28.123  -59.701  -6.034 0.4000000060
53951  -27.182  -57.010  -6.032 0.5000000000
50870  -27.820  -58.668  -6.269 0.5000000000
56925  -27.950  -55.758  -6.155 0.5000000000
53952  -27.984  -57.028  -6.089 0.5000000000
50869  -27.323  -58.299  -6.375 0.5000000000
64171  -27.725  -52.237  -5.756 0.4000000060
61229  -27.893  -53.197  -5.958 0.4000000060
52446  -28.825  -57.689  -6.039 0.4000000060
52445  -28.240  -57.607  -6.094 0.5000000000
58319  -27.886  -54.593  -6.049 0.5000000000
327739  -28.377  -56.143  -6.144 0.5000000000
64172  -28.360  -52.210  -6.110 0.4000000060
55456  -29.367  -56.289  -5.841 0.4000000060
53936  -29.696  -56.869  -5.652 0.3000000119
61230  -28.556  -53.517  -5.964 0.5000000000
305857  -28.648  -54.626  -6.317 0.5000000000
55455  -28.880  -56.214  -6.044 0.5000000000
67150  -27.902  -51.142  -6.066 0.4000000060
58311  -29.881  -54.895  -5.627 0.3000000119
56916  -29.937  -55.449  -5.466 0.3000000119
329015  -28.788  -52.023  -6.347 0.4000000060
58321  -29.330  -54.643  -6.060 0.5000000000
303551  -29.303  -52.639  -6.177 0.4000000060
61231  -29.252  -53.586  -5.963 0.5000000000
59745  -29.457  -54.063  -5.892 0.5000000000
68651  -29.344  -49.967  -6.012 0.4000000060
293333  -30.337  -54.606  -5.289 0.3000000119
59727  -30.721  -54.313  -4.859 0.3000000119
321234  -28.688  -51.268  -6.032 0.4000000060
317321  -30.348  -52.835  -5.392 0.4000000060
65645  -29.414  -51.651  -6.065 0.4000000060
62705  -29.771  -52.557  -5.803 0.4000000060
297277  -29.107  -48.828  -5.590 0.5000000000
61215  -30.753  -53.141  -4.957 0.3000000119
62700  -31.100  -52.885  -4.508 0.4000000060
64144  -31.597  -52.003  -3.960 0.4000000060
292927  -31.479  -53.220  -4.187 0.4000000060
67142  -29.664  -50.644  -5.894 0.4000000060
65636  -30.256  -51.643  -5.384 0.5000000000
64156  -30.711  -51.960  -4.919 0.4000000060
68652  -29.994  -49.993  -5.564 0.5000000000
64164  -29.776  -51.920  -5.798 0.5000000000
68638  -30.598  -50.247  -4.996 0.5000000000
293575  -31.081  -50.499  -4.511 0.4000000060
67119  -31.442  -50.777  -4.122 0.4000000060
67120  -31.951  -50.846  -3.736 0.4000000060
64134  -32.055  -52.114  -3.458 0.3000000119
70112  -29.503  -49.472  -5.816 0.5000000000
70113  -30.226  -49.347  -5.182 0.5000000000
325294  -32.108  -48.783  -4.169 0.4000000060
315215  -32.548  -48.909  -3.913 0.3000000119
75940  -30.440  -46.421  -5.739 0.5000000000
71513  -31.854  -48.438  -4.488 0.4000000060
70100  -31.628  -49.579  -4.339 0.4000000060
68630  -32.097  -49.796  -3.870 0.4000000060
70091  -32.574  -49.468  -3.759 0.4000000060
292277  -33.068  -49.709  -3.618 0.3000000119
72939  -30.183  -48.142  -5.242 0.5000000000
68653  -30.581  -49.758  -5.020 0.5000000000
68639  -31.104  -49.928  -4.622 0.5000000000
312849  -30.674  -47.580  -5.277 0.5000000000
74366  -32.374  -47.324  -4.523 0.4000000060
74367  -32.984  -47.310  -4.501 0.4000000060
78985  -30.605  -44.941  -5.755 0.5000000000
72919  -33.496  -48.276  -4.059 0.3000000119
339293  -30.965  -47.126  -5.202 0.5000000000
74379  -31.380  -46.940  -4.919 0.5000000000
71512  -31.283  -48.593  -4.811 0.5000000000
72940  -30.971  -48.111  -5.143 0.5000000000
77466  -33.063  -45.819  -5.046 0.4000000060
81831  -30.260  -44.070  -6.247 0.5000000000
80413  -31.725  -44.327  -5.377 0.5000000000
327612  -33.598  -46.016  -5.148 0.3000000119
74368  -33.564  -47.315  -4.682 0.3000000119
80427  -30.716  -44.308  -5.826 0.5000000000
80412  -31.150  -44.590  -5.449 0.5000000000
296424  -31.199  -45.620  -5.357 0.5000000000
38659  -28.258  -64.682  -1.108 0.6000000238
39986  -29.563  -64.176  -3.668 0.5000000000
38617  -25.025  -65.208  -0.166 0.6000000238
43657  -26.614  -61.631  -2.105 0.6999999881
41231  -25.755  -63.506  -4.083 0.6000000238
46278  -26.853  -60.772  -2.672 0.6999999881
43682  -25.676  -62.450  -5.812 0.6000000238
46283  -26.150  -60.650  -3.432 0.6999999881
327329  -26.346  -59.244  -4.197 0.5000000000
44943  -24.791  -61.433  -4.703 0.6000000238
52402  -27.695  -57.493  -3.294 0.5000000000
55417  -27.413  -55.956  -3.666 0.5000000000
288750  -26.744  -59.354  -3.795 0.4000000060
49355  -26.149  -58.891  -6.606 0.5000000000
46336  -26.217  -60.342  -6.390 0.5000000000
59734  -27.249  -54.139  -5.457 0.4000000060
58317  -27.062  -55.020  -5.519 0.5000000000
61201  -27.413  -53.556  -4.237 0.4000000060
59735  -29.862  -54.309  -5.655 0.4000000060
64157  -31.135  -52.287  -4.479 0.4000000060
65619  -31.970  -51.522  -3.598 0.3000000119
77463  -30.849  -46.089  -5.736 0.5000000000
75942  -31.704  -46.411  -5.087 0.5000000000
295874  -25.741  -74.176  2.756 0.5000000000
21647  -26.823  -74.486  1.746 0.5000000000
21637  -26.515  -74.168  2.169 0.5000000000
297210  -28.512  -73.387  0.191 0.5000000000
19416  -27.251  -75.358  0.602 0.5000000000
21655  -27.092  -74.719  1.298 0.4000000060
24031  -26.053  -73.187  3.106 0.5000000000
22836  -27.283  -73.460  2.058 0.6000000238
333451  -27.042  -73.230  2.438 0.6000000238
298484  -28.248  -73.113  0.791 0.5000000000
336213  -27.520  -73.756  1.626 0.5000000000
25425  -29.276  -72.423  -0.931 0.4000000060
26564  -24.480  -71.822  3.931 0.6999999881
25302  -25.464  -71.982  3.912 0.6999999881
26585  -27.000  -71.603  3.244 0.6999999881
26619  -27.899  -72.024  2.080 0.5000000000
25316  -27.386  -71.873  2.712 0.6999999881
26648  -28.862  -71.855  0.335 0.5000000000
26633  -28.633  -71.896  0.857 0.5000000000
25351  -28.163  -72.289  1.569 0.5000000000
27888  -29.812  -70.913  -1.238 0.5000000000
327032  -29.024  -72.246  -0.606 0.5000000000
28951  -21.324  -70.595  4.046 0.5000000000
27792  -22.301  -71.185  3.995 0.6999999881
27780  -23.854  -70.789  4.391 0.6999999881
27794  -23.536  -71.290  4.130 0.6999999881
302999  -25.049  -70.732  4.323 0.6999999881
328853  -25.911  -72.163  3.797 0.6000000238
28980  -28.331  -70.536  2.120 0.6999999881
27821  -27.728  -71.065  2.778 0.6000000238
29009  -29.449  -70.735  0.064 0.5000000000
28997  -29.176  -70.496  0.728 0.6000000238
27836  -28.749  -70.803  1.608 0.6000000238
29023  -29.684  -70.490  -0.613 0.5000000000
30111  -30.345  -69.622  -1.745 0.5000000000
28932  -21.644  -70.002  4.367 0.5000000000
28934  -22.964  -70.229  4.503 0.6999999881
27797  -25.653  -70.835  4.205 0.6999999881
30039  -25.910  -69.697  3.805 0.6999999881
30027  -24.873  -69.779  4.282 0.6999999881
328513  -27.099  -70.602  3.341 0.8000000119
30051  -27.263  -69.615  3.196 0.6999999881
293941  -29.191  -69.420  1.159 0.6000000238
30072  -28.538  -69.408  1.895 0.6999999881
30094  -29.616  -69.653  0.272 0.6999999881
321137  -29.454  -69.531  0.723 0.6000000238
322778  -30.251  -69.335  -1.276 0.6000000238
31210  -30.099  -69.313  -0.710 0.6000000238
32417  -30.956  -68.129  -2.338 0.6000000238
31097  -20.755  -69.161  4.857 0.5000000000
31085  -21.929  -68.612  5.017 0.6000000238
30021  -21.152  -69.561  4.622 0.5000000000
323744  -22.428  -69.310  4.573 0.6000000238
31100  -23.558  -69.254  4.468 0.6000000238
30025  -23.831  -69.816  4.498 0.6999999881
31133  -25.839  -68.676  3.322 0.6999999881
32289  -24.935  -68.550  3.566 0.6000000238
30040  -26.416  -69.896  3.727 0.6999999881
32305  -26.874  -68.471  2.943 0.6999999881
31152  -28.238  -68.989  2.194 0.6999999881
33621  -30.194  -67.776  -0.180 0.6999999881
33654  -30.941  -67.557  -1.921 0.6999999881
33638  -30.461  -67.741  -0.842 0.6999999881
32251  -21.063  -68.137  5.291 0.5000000000
32271  -22.625  -68.382  4.547 0.6000000238
31115  -23.590  -68.657  4.224 0.6000000238
31116  -24.471  -68.794  3.879 0.6000000238
31150  -27.414  -68.456  2.602 0.8000000119
319101  -27.300  -67.086  2.128 0.5000000000
33563  -25.506  -67.920  2.939 0.6000000238
32337  -28.711  -68.252  1.642 0.6999999881
33594  -28.526  -67.235  1.426 0.6999999881
36208  -30.240  -66.329  -0.524 0.6999999881
329372  -29.473  -67.017  0.374 0.6999999881
34932  -31.333  -66.701  -2.500 0.5000000000
36228  -31.174  -66.294  -2.093 0.6999999881
316581  -31.436  -65.579  -3.374 0.5000000000
33528  -20.771  -67.751  5.550 0.5000000000
33530  -21.831  -67.524  5.127 0.5000000000
34818  -22.765  -66.664  3.994 0.6000000238
32270  -22.186  -68.062  4.868 0.6000000238
33550  -23.021  -67.094  3.736 0.6000000238
33552  -23.856  -67.666  3.632 0.6000000238
36126  -23.750  -66.433  2.730 0.6000000238
336444  -24.347  -67.685  3.426 0.6000000238
34828  -24.166  -66.873  2.723 0.6000000238
37392  -27.599  -65.983  1.056 0.6000000238
36157  -26.739  -66.501  1.710 0.5000000000
34829  -24.774  -67.103  2.578 0.5000000000
36191  -28.659  -65.642  0.181 0.6000000238
36178  -28.128  -66.184  1.007 0.6000000238
37428  -30.132  -65.701  -0.645 0.6000000238
37427  -29.500  -65.568  -0.492 0.6000000238
38697  -30.448  -64.770  -2.539 0.5000000000
33517  -21.041  -67.177  5.767 0.5000000000
36098  -21.895  -66.459  5.050 0.6000000238
37342  -23.141  -65.604  2.897 0.6000000238
34856  -26.303  -66.810  1.989 0.5000000000
36173  -24.873  -65.884  1.102 0.5000000000
37424  -27.714  -65.266  -0.109 0.4000000060
37407  -26.736  -65.593  0.390 0.5000000000
37390  -26.380  -65.854  0.766 0.5000000000
38661  -29.570  -64.748  -1.269 0.6000000238
34793  -20.610  -66.676  5.962 0.5000000000
37312  -21.648  -65.833  4.939 0.6000000238
297036  -22.623  -64.934  3.593 0.6000000238
37341  -22.819  -65.332  3.223 0.6000000238
38657  -26.726  -64.755  -1.072 0.5000000000
37422  -26.375  -65.384  -0.126 0.4000000060
37294  -20.550  -65.656  6.286 0.5000000000
37311  -21.288  -65.572  5.395 0.5000000000
38535  -22.553  -64.417  3.964 0.6000000238
38563  -23.018  -64.698  2.783 0.6000000238
37293  -20.067  -65.484  6.533 0.5000000000
37310  -21.212  -64.899  5.327 0.5000000000
293148  -22.061  -64.233  4.761 0.6000000238
39842  -23.250  -64.181  3.013 0.6000000238
38512  -20.016  -64.559  6.152 0.5000000000
39777  -21.133  -64.181  5.340 0.5000000000
39793  -22.056  -63.720  4.756 0.5000000000
41070  -23.126  -63.426  3.723 0.6000000238
41071  -23.509  -63.544  3.246 0.6000000238
41039  -20.801  -63.457  5.539 0.5000000000
41041  -21.813  -63.277  5.035 0.5000000000
41038  -20.277  -63.031  5.800 0.5000000000
41094  -24.121  -62.768  2.794 0.5000000000
42287  -21.711  -62.625  5.121 0.5000000000
42315  -23.045  -62.851  3.909 0.5000000000
314031  -20.207  -62.431  5.606 0.5000000000
43507  -21.644  -62.026  5.181 0.5000000000
43537  -22.911  -62.222  4.003 0.5000000000
42338  -24.549  -62.342  2.982 0.4000000060
44768  -21.544  -61.512  5.183 0.5000000000
43523  -22.824  -61.686  4.158 0.5000000000
44820  -24.498  -61.504  3.404 0.4000000060
43555  -24.353  -61.970  3.236 0.4000000060
44795  -22.443  -61.257  4.498 0.4000000060
301487  -24.047  -61.099  3.492 0.4000000060
46175  -25.408  -60.662  3.076 0.4000000060
37425  -28.352  -65.248  -0.154 0.6000000238
38696  -29.957  -64.548  -2.324 0.5000000000
38728  -30.641  -64.798  -3.706 0.4000000060
33570  -25.256  -67.209  2.510 0.6000000238
44822  -25.545  -61.177  2.947 0.4000000060
46190  -26.953  -60.472  2.403 0.4000000060
27798  -26.308  -70.961  3.899 0.6999999881
311604  -27.843  -68.705  2.430 0.6999999881
34880  -29.780  -67.481  0.292 0.6999999881
32352  -29.249  -68.359  1.120 0.6999999881
32319  -26.540  -67.892  2.602 0.6000000238
32303  -24.906  -67.916  3.316 0.6000000238
305841  -30.564  -66.670  -1.014 0.6999999881
34858  -28.090  -66.985  1.511 0.6999999881
34879  -29.113  -66.737  0.602 0.6999999881
315115  -30.570  -65.241  -1.744 0.6000000238
37450  -31.025  -65.669  -2.036 0.6000000238
20508  -25.778  -74.944  2.229 0.5000000000
20525  -26.037  -75.237  1.789 0.5000000000
20526  -26.579  -75.022  1.574 0.5000000000
20542  -26.894  -75.223  1.066 0.4000000060
20543  -27.355  -74.886  0.840 0.5000000000
20558  -27.621  -75.015  0.476 0.5000000000
21634  -24.962  -74.507  2.453 0.5000000000
21635  -25.516  -74.552  2.509 0.5000000000
21636  -26.276  -74.757  2.033 0.5000000000
21648  -27.360  -74.275  1.538 0.5000000000
21656  -27.532  -74.443  1.084 0.4000000060
21657  -27.857  -74.099  0.859 0.5000000000
21664  -27.740  -74.584  0.614 0.5000000000
21665  -28.094  -74.256  0.388 0.5000000000
22833  -25.250  -74.152  2.805 0.5000000000
22834  -26.211  -73.823  2.712 0.5000000000
22835  -27.067  -73.958  1.898 0.6000000238
22849  -27.883  -73.537  1.180 0.5000000000
22850  -28.158  -73.715  0.603 0.5000000000
22855  -28.347  -73.918  0.172 0.5000000000
24032  -26.555  -72.719  3.150 0.5000000000
24040  -26.658  -73.270  2.820 0.5000000000
24041  -27.433  -72.969  2.267 0.6000000238
24054  -28.009  -72.857  1.349 0.5000000000
24083  -28.752  -72.937  -0.089 0.5000000000
25300  -24.882  -72.348  3.819 0.6999999881
25315  -26.994  -72.243  2.978 0.6999999881
25331  -27.041  -72.820  2.723 0.6999999881
25332  -27.464  -72.355  2.435 0.6999999881
25350  -27.803  -72.624  1.925 0.5000000000
25369  -28.375  -72.446  0.967 0.5000000000
25384  -28.647  -72.265  0.510 0.5000000000
25385  -28.850  -72.382  -0.030 0.5000000000
26561  -22.605  -71.762  3.827 0.6999999881
26562  -23.213  -71.816  3.892 0.6999999881
26563  -23.848  -71.827  3.919 0.6999999881
26565  -25.003  -71.773  3.942 0.6999999881
26566  -26.003  -71.590  4.001 0.6999999881
26567  -26.532  -71.468  3.725 0.6000000238
26584  -26.454  -72.083  3.581 0.6000000238
26586  -27.473  -71.450  2.913 0.6000000238
26602  -27.806  -71.594  2.498 0.6999999881
26603  -28.162  -71.554  2.148 0.5000000000
26620  -28.300  -71.755  1.724 0.5000000000
26634  -28.890  -71.401  0.723 0.5000000000
26665  -29.039  -71.845  -0.250 0.5000000000
26676  -29.253  -71.899  -0.794 0.5000000000
26677  -29.719  -72.010  -1.232 0.4000000060
27778  -22.622  -70.703  4.310 0.6999999881
27779  -23.249  -70.747  4.336 0.6999999881
27781  -24.453  -70.784  4.342 0.6999999881
27790  -20.997  -71.208  3.736 0.5000000000
27791  -21.680  -71.146  3.873 0.6999999881
27793  -22.917  -71.245  4.073 0.6999999881
27795  -24.160  -71.294  4.108 0.6999999881
27796  -24.814  -71.263  4.070 0.6999999881
27799  -26.830  -71.008  3.566 0.8000000119
27810  -27.247  -71.038  3.137 0.8000000119
27822  -28.138  -71.123  2.383 0.6999999881
27835  -28.415  -71.206  1.903 0.6000000238
27846  -28.646  -71.432  1.322 0.5000000000
27847  -28.974  -70.911  1.076 0.6000000238
27873  -29.317  -71.362  -0.402 0.5000000000
27874  -29.565  -70.979  -0.618 0.5000000000
27887  -29.599  -71.440  -0.964 0.5000000000
28933  -22.334  -70.152  4.425 0.5000000000
28935  -23.564  -70.271  4.503 0.6999999881
28936  -24.125  -70.307  4.462 0.6999999881
28937  -24.686  -70.292  4.398 0.6999999881
28938  -25.239  -70.276  4.324 0.6999999881
28952  -21.983  -70.622  4.182 0.5000000000
28953  -25.652  -70.199  4.093 0.6999999881
28954  -26.107  -70.339  3.927 0.6999999881
28955  -26.716  -70.380  3.681 0.6999999881
28967  -27.190  -70.130  3.333 0.6999999881
28968  -27.542  -70.508  2.976 0.8000000119
28979  -27.914  -70.129  2.558 0.6000000238
28988  -28.635  -70.276  1.668 0.6999999881
28989  -28.930  -70.379  1.259 0.6000000238
29010  -29.643  -70.060  -0.104 0.5000000000
29035  -29.887  -70.344  -1.118 0.5000000000
30020  -20.547  -69.653  4.540 0.5000000000
30022  -22.122  -69.636  4.546 0.6000000238
30023  -22.678  -69.717  4.538 0.6000000238
30024  -23.280  -69.755  4.561 0.6000000238
30026  -24.339  -69.840  4.392 0.6999999881
30037  -24.448  -69.353  4.118 0.6999999881
30038  -25.386  -69.735  4.106 0.6999999881
30049  -26.410  -69.371  3.566 0.6999999881
30050  -26.834  -69.747  3.503 0.6999999881
30061  -27.744  -69.570  2.791 0.6999999881
30062  -28.166  -69.591  2.336 0.6999999881
30073  -28.796  -69.806  1.476 0.6000000238
30084  -29.098  -69.948  0.931 0.6000000238
30085  -29.744  -69.101  0.396 0.6999999881
30093  -29.371  -70.067  0.422 0.6999999881
30103  -29.839  -69.919  -0.685 0.5000000000
30110  -30.139  -69.873  -1.261 0.5000000000
31084  -20.890  -68.689  5.170 0.5000000000
31098  -21.410  -69.032  4.957 0.6000000238
31099  -22.002  -69.154  4.750 0.6000000238
31101  -24.034  -69.004  4.204 0.6000000238
31117  -25.018  -69.174  3.913 0.6000000238
31118  -25.928  -69.088  3.583 0.6999999881
31134  -26.343  -68.822  3.288 0.6999999881
31135  -27.457  -68.990  2.878 0.6999999881
31151  -27.940  -69.147  2.572 0.6999999881
31163  -28.595  -68.882  1.778 0.6999999881
31177  -29.037  -68.871  1.379 0.6000000238
31178  -29.482  -68.972  0.967 0.6000000238
31200  -29.990  -68.949  -0.146 0.6999999881
31201  -30.232  -68.779  -0.510 0.6000000238
31211  -30.342  -68.866  -1.012 0.6000000238
31220  -30.399  -69.057  -1.661 0.6000000238
31231  -30.515  -69.441  -2.276 0.5000000000
32250  -20.507  -68.299  5.378 0.5000000000
32252  -21.644  -68.084  5.206 0.5000000000
32272  -23.105  -68.258  4.167 0.6000000238
32287  -23.686  -68.140  3.912 0.6000000238
32288  -24.350  -68.135  3.711 0.6000000238
32290  -25.447  -68.849  3.558 0.6999999881
32304  -25.445  -68.374  3.257 0.6000000238
32320  -27.176  -67.988  2.493 0.5000000000
32321  -27.721  -68.201  2.260 0.6999999881
32322  -28.207  -68.496  2.039 0.6999999881
32336  -28.150  -67.944  1.924 0.6999999881
32353  -29.759  -68.485  0.723 0.6999999881
32369  -29.964  -68.597  0.268 0.6999999881
32385  -30.162  -68.414  -0.122 0.6999999881
32386  -30.362  -68.327  -0.658 0.6999999881
32399  -30.570  -68.363  -1.353 0.6999999881
32408  -30.778  -68.089  -1.837 0.6999999881
32416  -30.643  -68.744  -2.177 0.6000000238
33516  -20.208  -67.904  5.697 0.5000000000
33518  -21.524  -66.952  5.373 0.5000000000
33529  -21.311  -67.592  5.370 0.5000000000
33541  -22.300  -67.399  4.691 0.6000000238
33542  -22.694  -67.839  4.389 0.6000000238
33551  -23.178  -67.648  3.862 0.6000000238
33560  -23.969  -67.295  3.190 0.6000000238
33561  -24.522  -67.425  3.000 0.6000000238
33562  -25.050  -67.553  2.840 0.6000000238
33571  -25.617  -67.477  2.612 0.6000000238
33572  -25.979  -67.809  2.648 0.6000000238
33573  -26.963  -67.427  2.356 0.5000000000
33574  -27.581  -67.588  2.107 0.6999999881
33582  -27.684  -67.046  1.788 0.6999999881
33583  -28.106  -67.419  1.739 0.6999999881
33584  -28.556  -67.676  1.668 0.6999999881
33595  -28.971  -67.667  1.197 0.6999999881
33596  -29.578  -67.892  0.778 0.6999999881
33608  -29.967  -68.094  0.346 0.6999999881
33653  -30.760  -67.667  -1.386 0.6999999881
34794  -21.167  -66.637  5.774 0.5000000000
34803  -21.985  -67.004  4.977 0.5000000000
34810  -22.373  -66.694  4.575 0.6000000238
34819  -23.098  -66.616  3.433 0.6000000238
34827  -23.620  -66.790  3.075 0.6000000238
34839  -24.583  -66.590  2.291 0.5000000000
34840  -25.193  -66.789  2.222 0.6000000238
34841  -25.708  -67.053  2.348 0.6000000238
34842  -26.263  -67.262  2.406 0.6000000238
34854  -25.305  -66.486  1.837 0.6000000238
34855  -25.768  -66.724  1.927 0.6000000238
34857  -26.825  -66.949  2.114 0.5000000000
34868  -27.766  -66.531  1.422 0.6000000238
34869  -28.348  -66.720  1.212 0.6999999881
34870  -28.829  -67.003  0.994 0.6999999881
34871  -29.243  -67.298  0.651 0.6999999881
34887  -29.829  -67.003  0.065 0.6999999881
34888  -30.235  -67.092  -0.452 0.6999999881
34916  -30.835  -67.058  -1.471 0.6999999881
34917  -31.036  -66.982  -1.922 0.6999999881
36081  -20.249  -65.920  6.486 0.5000000000
36089  -20.501  -66.124  6.147 0.5000000000
36097  -21.435  -66.259  5.462 0.6000000238
36104  -22.088  -66.037  4.570 0.6000000238
36105  -22.482  -66.145  4.151 0.6000000238
36114  -22.767  -66.209  3.736 0.6000000238
36124  -22.933  -65.943  3.319 0.6000000238
36125  -23.352  -66.213  3.001 0.6000000238
36138  -23.594  -65.861  2.607 0.6000000238
36139  -24.073  -66.235  2.387 0.6000000238
36153  -24.362  -66.085  1.891 0.6000000238
36154  -24.979  -66.183  1.523 0.5000000000
36155  -25.624  -66.319  1.514 0.6000000238
36156  -26.186  -66.409  1.576 0.5000000000
36158  -27.275  -66.672  1.838 0.5000000000
36174  -25.422  -66.002  1.125 0.6000000238
36175  -26.015  -66.071  1.148 0.6000000238
36176  -26.616  -66.094  1.212 0.5000000000
36177  -27.191  -66.205  1.433 0.5000000000
36179  -28.663  -66.424  0.860 0.6999999881
36192  -28.953  -66.188  0.436 0.6000000238
36193  -29.566  -66.468  0.271 0.6999999881
36206  -29.228  -65.896  -0.016 0.6000000238
36207  -29.963  -66.580  -0.095 0.6999999881
36217  -30.504  -66.001  -1.058 0.6999999881
36227  -30.889  -66.312  -1.573 0.6999999881
36238  -31.270  -66.042  -2.561 0.5000000000
36251  -31.426  -65.883  -3.031 0.5000000000
37301  -20.331  -65.027  6.132 0.5000000000
37302  -20.831  -65.243  5.779 0.5000000000
37303  -20.963  -66.010  5.875 0.5000000000
37318  -21.617  -65.199  4.971 0.5000000000
37319  -21.993  -65.442  4.573 0.6000000238
37320  -22.241  -65.665  4.193 0.6000000238
37330  -22.391  -65.051  4.205 0.6000000238
37356  -22.945  -65.106  2.740 0.6999999881
37357  -23.233  -65.356  2.401 0.6999999881
37358  -23.772  -65.692  2.171 0.6999999881
37385  -23.417  -65.220  1.339 0.6999999881
37386  -23.740  -65.347  0.969 0.6000000238
37387  -24.481  -65.564  0.838 0.6000000238
37388  -25.147  -65.692  0.753 0.5000000000
37391  -27.003  -65.865  0.908 0.5000000000
37404  -24.728  -65.374  0.367 0.6000000238
37405  -25.445  -65.527  0.301 0.6000000238
37406  -26.089  -65.600  0.316 0.5000000000
37408  -27.494  -65.556  0.537 0.4000000060
37409  -28.112  -65.514  0.360 0.6000000238
37423  -27.042  -65.306  -0.090 0.5000000000
37426  -28.925  -65.334  -0.286 0.6000000238
37440  -29.855  -65.179  -0.943 0.6000000238
37441  -30.331  -65.419  -1.206 0.6000000238
37459  -30.809  -65.091  -2.275 0.6000000238
37460  -31.126  -65.430  -2.763 0.6000000238
37468  -31.337  -65.423  -3.753 0.5000000000
38502  -19.259  -64.682  6.596 0.5000000000
38503  -19.797  -64.881  6.482 0.5000000000
38511  -19.632  -64.325  6.404 0.5000000000
38513  -20.371  -64.540  5.845 0.5000000000
38521  -20.774  -64.632  5.588 0.5000000000
38522  -21.694  -64.545  5.092 0.5000000000
38534  -22.025  -64.828  4.675 0.6000000238
38590  -23.300  -64.840  1.577 0.6000000238
38615  -23.483  -64.611  -0.188 0.6000000238
38616  -24.127  -65.005  -0.061 0.6000000238
38632  -23.792  -64.713  -0.695 0.5000000000
38633  -26.052  -65.162  -0.512 0.4000000060
38634  -26.602  -65.067  -0.570 0.4000000060
38635  -27.296  -64.988  -0.676 0.5000000000
38636  -27.987  -64.997  -0.629 0.6000000238
38637  -28.614  -64.972  -0.671 0.6999999881
38638  -29.235  -65.032  -0.782 0.6000000238
38654  -24.103  -64.577  -1.146 0.5000000000
38656  -26.062  -64.842  -0.954 0.4000000060
38662  -30.131  -64.917  -1.444 0.6000000238
38677  -23.763  -64.201  -1.499 0.5000000000
38678  -24.309  -64.433  -1.600 0.5000000000
38682  -27.750  -64.434  -1.605 0.6000000238
38683  -28.559  -64.375  -1.633 0.6000000238
38684  -29.216  -64.455  -1.696 0.6000000238
38685  -29.793  -64.610  -1.808 0.5000000000
38686  -30.326  -64.818  -1.998 0.5000000000
38698  -30.862  -64.970  -2.772 0.6000000238
38711  -30.020  -64.525  -2.855 0.5000000000
38712  -30.554  -64.744  -3.100 0.5000000000
38713  -31.064  -65.090  -3.329 0.4000000060
38727  -30.076  -64.450  -3.493 0.5000000000
39763  -20.022  -64.046  6.018 0.5000000000
39764  -20.559  -64.075  5.699 0.5000000000
39778  -21.736  -63.929  5.109 0.5000000000
39794  -22.425  -63.908  4.370 0.6000000238
39817  -22.797  -63.897  3.855 0.6000000238
39818  -23.149  -63.908  3.483 0.6000000238
39841  -22.804  -64.411  3.370 0.6000000238
39854  -23.327  -64.431  2.291 0.6000000238
39866  -23.487  -64.298  1.631 0.6999999881
39878  -23.344  -64.543  0.999 0.6000000238
39890  -23.361  -64.201  0.021 0.6000000238
39900  -23.406  -64.004  -0.482 0.6000000238
39915  -23.363  -63.881  -0.982 0.6000000238
39916  -23.345  -63.785  -1.463 0.5000000000
39930  -23.776  -63.893  -1.881 0.6000000238
39931  -24.561  -64.250  -2.031 0.6999999881
39932  -25.502  -64.326  -1.941 0.6000000238
39933  -26.220  -64.330  -2.023 0.6000000238
39935  -28.221  -64.121  -2.186 0.6000000238
39937  -29.469  -64.338  -2.192 0.6000000238
39952  -26.293  -64.071  -2.555 0.6000000238
39953  -27.032  -64.014  -2.532 0.6000000238
39954  -27.657  -64.023  -2.440 0.6000000238
39955  -28.687  -64.015  -2.662 0.6000000238
39957  -29.641  -64.322  -2.607 0.5000000000
39967  -25.980  -63.808  -3.069 0.6000000238
39968  -26.675  -63.879  -3.065 0.6000000238
39969  -27.419  -63.854  -3.050 0.6000000238
39971  -29.017  -64.022  -3.023 0.6000000238
39972  -29.529  -64.182  -3.106 0.5000000000
39984  -28.455  -63.816  -3.849 0.5000000000
39985  -29.052  -63.971  -3.583 0.5000000000
39995  -27.623  -64.033  -4.929 0.5000000000
39998  -29.290  -64.102  -4.171 0.5000000000
40012  -28.208  -64.306  -5.256 0.4000000060
40016  -26.597  -63.848  -6.354 0.4000000060
41025  -19.855  -63.429  5.953 0.5000000000
41026  -20.313  -63.584  5.862 0.5000000000
41040  -21.357  -63.579  5.280 0.5000000000
41052  -22.302  -63.291  4.594 0.5000000000
41053  -22.718  -63.339  4.145 0.6000000238
41093  -23.876  -63.359  2.782 0.6000000238
41112  -23.782  -63.768  2.198 0.6000000238
41128  -23.978  -63.644  1.192 0.6999999881
41129  -24.488  -63.191  1.524 0.6000000238
41141  -23.947  -63.561  0.493 0.6000000238
41142  -24.463  -63.215  0.964 0.6000000238
41158  -23.482  -63.607  -0.768 0.6000000238
41159  -24.150  -63.311  -0.668 0.6000000238
41168  -23.326  -63.697  -0.821 0.6000000238
41169  -23.307  -63.643  -1.234 0.6000000238
41170  -23.587  -63.460  -1.301 0.6000000238
41183  -23.578  -63.553  -1.704 0.6000000238
41197  -24.152  -63.194  -2.387 0.6000000238
41198  -24.685  -63.432  -2.724 0.6000000238
41229  -24.513  -62.741  -3.397 0.6000000238
41230  -25.010  -63.013  -3.886 0.6000000238
41245  -25.215  -63.189  -4.625 0.6000000238
41246  -25.893  -63.460  -4.715 0.6000000238
41247  -27.070  -63.772  -4.658 0.6000000238
41256  -26.490  -63.491  -5.564 0.5000000000
41260  -26.184  -63.054  -5.728 0.5000000000
41261  -26.514  -63.188  -6.177 0.4000000060
42267  -19.654  -62.800  5.711 0.5000000000
42285  -20.735  -62.699  5.509 0.5000000000
42286  -21.273  -63.000  5.310 0.5000000000
42300  -22.097  -62.830  4.780 0.5000000000
42301  -22.546  -62.688  4.389 0.5000000000
42316  -23.414  -63.026  3.568 0.6000000238
42317  -23.482  -62.406  3.616 0.5000000000
42336  -23.724  -62.878  3.180 0.6000000238
42337  -24.002  -62.363  3.211 0.4000000060
42356  -24.619  -62.663  2.411 0.5000000000
42357  -25.219  -62.416  2.168 0.6000000238
42377  -24.863  -62.808  1.829 0.6000000238
42379  -25.958  -62.357  1.412 0.6000000238
42397  -25.519  -62.657  1.020 0.6000000238
42398  -26.107  -62.432  0.817 0.6000000238
42406  -24.978  -62.940  0.667 0.6000000238
42408  -26.348  -62.378  0.256 0.6000000238
42415  -25.369  -62.859  -0.540 0.6000000238
42421  -24.882  -62.930  -1.305 0.6000000238
42422  -25.887  -62.633  -1.104 0.6000000238
42430  -24.018  -63.325  -2.169 0.6000000238
42431  -25.291  -62.664  -1.633 0.6000000238
42444  -25.568  -62.212  -2.323 0.6000000238
42456  -24.567  -62.555  -3.503 0.6000000238
42465  -24.594  -62.744  -4.003 0.6000000238
42466  -24.716  -62.966  -4.544 0.6000000238
42476  -25.250  -63.189  -5.311 0.6000000238
42482  -25.032  -62.933  -5.603 0.6000000238
42483  -25.809  -62.875  -5.596 0.6000000238
43505  -20.702  -62.041  5.332 0.5000000000
43506  -21.217  -62.372  5.311 0.5000000000
43521  -22.065  -62.295  4.774 0.5000000000
43522  -22.467  -61.970  4.437 0.5000000000
43538  -23.296  -61.743  3.858 0.5000000000
43539  -23.846  -61.735  3.431 0.4000000060
43556  -24.830  -61.829  3.109 0.4000000060
43557  -25.328  -61.651  2.859 0.5000000000
43580  -25.055  -62.187  2.716 0.4000000060
43582  -26.073  -61.786  2.252 0.6000000238
43600  -26.288  -61.950  1.751 0.6000000238
43620  -26.449  -62.085  1.181 0.6000000238
43632  -27.227  -61.674  0.573 0.6000000238
43644  -26.892  -61.865  -1.069 0.6000000238
43649  -26.288  -62.032  -1.960 0.6000000238
43650  -26.783  -61.788  -1.628 0.6999999881
43655  -24.631  -62.441  -3.177 0.6000000238
43656  -25.280  -62.033  -2.881 0.6999999881
43672  -24.843  -62.711  -5.211 0.6000000238
43680  -24.906  -61.910  -5.167 0.6000000238
43681  -25.207  -62.246  -5.545 0.6000000238
43695  -26.088  -62.214  -6.137 0.6000000238
43696  -26.509  -62.223  -6.366 0.5000000000
44767  -21.036  -61.509  5.175 0.5000000000
44794  -22.000  -61.658  4.934 0.5000000000
44796  -23.032  -61.182  4.102 0.4000000060
44808  -23.550  -61.173  3.729 0.4000000060
44809  -24.553  -61.007  3.435 0.4000000060
44821  -25.021  -61.204  3.210 0.4000000060
44823  -26.061  -60.999  2.772 0.4000000060
44844  -27.453  -60.896  1.792 0.6000000238
44866  -26.563  -61.532  2.121 0.6000000238
44884  -27.248  -61.323  1.523 0.6000000238
44897  -27.524  -61.097  1.200 0.5000000000
44907  -27.203  -61.500  -0.877 0.5000000000
44908  -27.496  -61.261  -0.464 0.6000000238
44919  -27.432  -61.076  -1.653 0.6000000238
44925  -26.723  -61.250  -2.422 0.6999999881
44929  -25.000  -61.432  -3.743 0.6000000238
44937  -25.792  -60.756  -3.746 0.6000000238
44954  -24.862  -61.216  -5.248 0.6000000238
44955  -25.193  -61.567  -5.540 0.6000000238
44969  -25.368  -61.059  -5.972 0.6000000238
44970  -26.016  -61.041  -6.265 0.5000000000
44971  -26.652  -61.254  -6.117 0.5000000000
44972  -27.249  -61.107  -6.051 0.3000000119
44973  -27.893  -60.923  -6.058 0.3000000119
46163  -24.248  -60.537  3.499 0.4000000060
46174  -24.815  -60.603  3.338 0.4000000060
46176  -25.827  -60.384  2.659 0.4000000060
46189  -26.430  -60.559  2.600 0.4000000060
46191  -27.429  -60.363  2.108 0.5000000000
46210  -27.634  -60.435  1.656 0.6000000238
46231  -28.173  -60.308  0.588 0.5000000000
46244  -27.639  -61.143  0.062 0.5000000000
46245  -28.198  -60.353  0.020 0.6000000238
46265  -27.698  -60.709  -1.343 0.5000000000
46266  -28.000  -60.297  -1.096 0.5000000000
46270  -27.616  -60.590  -1.842 0.6000000238
46271  -27.845  -60.280  -1.535 0.6000000238
46284  -26.664  -60.385  -3.089 0.6999999881
46291  -25.505  -60.558  -4.054 0.6000000238
46307  -24.783  -60.824  -4.890 0.6000000238
46321  -24.856  -60.690  -5.410 0.6000000238
46334  -25.051  -60.498  -5.807 0.6000000238
46337  -26.864  -60.114  -6.319 0.5000000000
46338  -27.406  -60.504  -6.218 0.5000000000
47707  -28.371  -59.885  -0.318 0.5000000000
47717  -28.315  -59.886  -0.871 0.6000000238
47730  -27.709  -59.915  -2.407 0.6000000238
47731  -28.143  -59.588  -2.047 0.5000000000
47737  -27.095  -59.968  -3.079 0.6000000238
47748  -25.142  -60.370  -4.587 0.6000000238
47749  -25.688  -60.059  -4.228 0.6000000238
47750  -26.236  -59.786  -3.909 0.6999999881
47763  -25.023  -60.087  -4.912 0.6000000238
47764  -25.795  -59.452  -4.484 0.5000000000
47777  -24.908  -60.147  -5.497 0.6000000238
47788  -25.626  -59.671  -6.268 0.5000000000
47789  -25.939  -59.943  -6.473 0.6000000238
47790  -27.489  -59.885  -6.240 0.5000000000
47800  -25.500  -59.261  -6.108 0.5000000000
47801  -26.090  -59.457  -6.457 0.5000000000
49238  -28.782  -58.968  -0.434 0.5000000000
49254  -28.562  -59.385  -0.103 0.6000000238
49267  -28.689  -59.036  -1.003 0.5000000000
49296  -27.160  -59.414  -3.282 0.6000000238
49297  -27.575  -59.230  -2.960 0.6000000238
49309  -26.722  -58.831  -4.160 0.4000000060
49310  -27.495  -58.842  -3.262 0.5000000000
49319  -25.308  -59.484  -5.003 0.6000000238
49321  -26.154  -58.775  -4.675 0.5000000000
49344  -25.017  -59.324  -5.674 0.5000000000
49347  -28.275  -59.101  -6.028 0.4000000060
49354  -25.686  -59.101  -6.336 0.5000000000
49356  -27.293  -58.835  -6.471 0.5000000000
50786  -28.926  -58.531  -0.786 0.4000000060
50796  -28.500  -58.555  -2.018 0.5000000000
50811  -27.849  -58.777  -2.829 0.6000000238
50826  -28.130  -57.711  -2.872 0.5000000000
50838  -27.061  -58.339  -3.959 0.4000000060
50845  -25.621  -58.498  -5.277 0.5000000000
50857  -25.464  -58.409  -5.733 0.5000000000
50867  -25.594  -58.431  -6.190 0.5000000000
50868  -26.602  -58.138  -6.242 0.5000000000
50882  -25.795  -58.553  -6.482 0.5000000000
50883  -26.111  -58.417  -6.499 0.5000000000
50884  -26.722  -58.671  -6.543 0.5000000000
52389  -28.393  -57.346  -2.406 0.5000000000
52390  -28.706  -57.597  -1.973 0.4000000060
52406  -26.305  -57.523  -4.723 0.5000000000
52417  -25.952  -57.484  -5.295 0.5000000000
52431  -25.771  -57.588  -5.686 0.5000000000
52441  -25.737  -58.166  -6.358 0.5000000000
52442  -25.971  -57.783  -6.084 0.5000000000
52443  -26.649  -57.452  -6.272 0.5000000000
52444  -27.511  -57.638  -6.170 0.5000000000
53900  -27.610  -56.890  -3.308 0.5000000000
53901  -27.996  -57.125  -2.916 0.5000000000
53910  -26.905  -56.658  -4.177 0.4000000060
53911  -27.259  -57.196  -3.853 0.4000000060
53922  -26.545  -56.502  -4.675 0.5000000000
53934  -26.062  -57.110  -5.498 0.5000000000
53949  -26.189  -57.390  -5.866 0.5000000000
53953  -28.644  -57.175  -6.128 0.5000000000
53954  -29.238  -57.318  -5.919 0.4000000060
55408  -27.671  -56.373  -3.270 0.5000000000
55409  -28.051  -56.280  -2.858 0.5000000000
55416  -26.802  -56.050  -4.164 0.4000000060
55438  -26.681  -56.015  -4.845 0.5000000000
55439  -29.771  -56.297  -5.512 0.3000000119
55440  -30.061  -55.966  -5.289 0.3000000119
55452  -26.856  -56.015  -5.402 0.5000000000
55453  -27.446  -56.145  -5.871 0.5000000000
55454  -27.990  -56.393  -6.159 0.5000000000
56883  -27.116  -55.476  -4.008 0.4000000060
56884  -27.640  -55.416  -3.555 0.5000000000
56899  -26.856  -55.514  -4.518 0.4000000060
56915  -26.886  -55.516  -5.135 0.5000000000
56926  -28.638  -55.701  -6.100 0.5000000000
56927  -29.205  -55.739  -5.993 0.5000000000
56928  -29.613  -55.826  -5.666 0.4000000060
58267  -27.787  -54.922  -3.464 0.5000000000
58268  -28.155  -55.258  -3.058 0.5000000000
58276  -27.400  -54.988  -3.874 0.4000000060
58312  -30.343  -55.154  -5.225 0.3000000119
58318  -27.193  -54.534  -5.726 0.5000000000
58320  -28.976  -55.197  -6.105 0.5000000000
59698  -28.154  -54.502  -3.144 0.4000000060
59714  -27.325  -54.189  -4.182 0.4000000060
59725  -27.368  -54.570  -4.756 0.4000000060
59728  -31.096  -54.027  -4.509 0.3000000119
59736  -30.295  -53.997  -5.268 0.3000000119
59743  -28.235  -54.094  -6.016 0.5000000000
59744  -28.917  -54.105  -5.985 0.5000000000
61214  -27.477  -53.544  -4.953 0.4000000060
61216  -31.088  -53.460  -4.523 0.4000000060
61222  -27.578  -53.528  -5.660 0.4000000060
61223  -29.861  -53.649  -5.729 0.5000000000
61224  -30.384  -53.398  -5.401 0.4000000060
62688  -31.481  -52.654  -4.074 0.4000000060
62699  -30.687  -52.558  -4.883 0.3000000119
62712  -27.876  -52.702  -5.702 0.4000000060
62713  -28.524  -52.841  -6.032 0.4000000060
62714  -29.042  -53.011  -6.109 0.4000000060
62715  -29.597  -53.087  -6.020 0.4000000060
64165  -30.251  -52.248  -5.342 0.5000000000
64173  -28.892  -52.441  -6.247 0.4000000060
64174  -29.242  -52.126  -6.198 0.4000000060
65618  -31.531  -51.307  -4.041 0.4000000060
65626  -30.705  -51.360  -4.942 0.4000000060
65627  -31.155  -51.662  -4.489 0.4000000060
65635  -29.769  -51.344  -5.781 0.5000000000
65642  -27.758  -51.690  -6.086 0.4000000060
65643  -28.410  -51.688  -6.238 0.4000000060
65644  -28.969  -51.701  -6.226 0.4000000060
67130  -30.670  -50.791  -4.954 0.5000000000
67131  -31.094  -51.062  -4.486 0.4000000060
67141  -28.828  -50.327  -5.595 0.4000000060
67143  -30.213  -51.052  -5.385 0.5000000000
67151  -28.727  -50.770  -5.753 0.4000000060
67152  -29.377  -50.581  -6.004 0.4000000060
68631  -32.629  -50.033  -3.628 0.4000000060
68640  -31.631  -50.238  -4.086 0.4000000060
70090  -32.079  -49.232  -4.002 0.4000000060
70092  -33.150  -49.156  -3.765 0.3000000119
70099  -31.011  -49.274  -4.767 0.5000000000
70111  -28.762  -49.312  -5.900 0.5000000000
71504  -32.495  -48.359  -4.231 0.4000000060
71505  -33.046  -48.551  -3.920 0.3000000119
71506  -33.475  -48.728  -3.912 0.3000000119
71526  -29.806  -48.836  -5.220 0.5000000000
71527  -30.589  -48.721  -5.043 0.5000000000
72918  -33.050  -48.118  -4.132 0.3000000119
72925  -31.512  -47.963  -4.704 0.5000000000
72926  -32.095  -47.862  -4.453 0.4000000060
72927  -32.720  -47.785  -4.346 0.4000000060
72928  -33.395  -47.783  -4.474 0.3000000119
72941  -31.199  -47.514  -4.992 0.5000000000
74378  -30.506  -47.015  -5.408 0.5000000000
75927  -32.724  -46.819  -4.645 0.4000000060
75928  -33.220  -46.896  -4.603 0.3000000119
75929  -33.624  -46.790  -4.704 0.3000000119
75941  -31.042  -46.586  -5.412 0.5000000000
75944  -33.218  -46.388  -4.838 0.3000000119
77464  -31.908  -45.750  -5.177 0.5000000000
78972  -30.590  -45.511  -5.570 0.5000000000
80426  -30.069  -44.690  -6.081 0.5000000000
81814  -31.291  -43.993  -5.567 0.5000000000
81832  -30.931  -43.743  -6.107 0.5000000000
283062  -28.311  -59.745  0.789 0.5000000000
283420  -27.900  -63.795  -3.501 0.5000000000
285773  -26.864  -56.486  -5.772 0.5000000000
285798  -32.173  -50.307  -3.723 0.4000000060
285814  -24.895  -66.430  1.958 0.5000000000
288352  -24.494  -62.909  -2.152 0.6000000238
288373  -30.211  -64.708  -4.049 0.4000000060
288416  -24.765  -63.037  -0.059 0.6000000238
289200  -32.372  -51.191  -3.416 0.3000000119
291084  -23.429  -67.197  3.453 0.6000000238
291620  -27.025  -61.357  -1.899 0.6999999881
291799  -22.457  -68.845  4.631 0.6000000238
292370  -25.691  -61.225  -3.502 0.6999999881
292395  -28.422  -71.966  1.290 0.5000000000
292573  -27.962  -58.115  -6.136 0.5000000000
293155  -23.341  -64.615  0.415 0.6000000238
293173  -28.870  -58.053  -1.739 0.4000000060
293330  -27.537  -56.623  -5.989 0.5000000000
293449  -27.111  -58.883  -3.669 0.5000000000
293584  -27.550  -53.905  -3.808 0.4000000060
293670  -30.598  -67.244  -1.031 0.6999999881
293812  -27.670  -60.677  1.348 0.6000000238
294759  -27.857  -60.754  0.314 0.6000000238
294991  -27.688  -60.058  1.755 0.5000000000
296217  -25.363  -71.418  4.042 0.6999999881
296232  -26.717  -61.037  2.463 0.6000000238
296236  -29.782  -64.414  -4.109 0.4000000060
296790  -28.478  -56.629  -6.100 0.5000000000
296864  -30.705  -53.722  -4.881 0.3000000119
297523  -31.229  -67.500  -2.509 0.6000000238
298446  -31.334  -46.105  -5.339 0.5000000000
298580  -28.623  -56.768  -2.134 0.4000000060
299092  -27.886  -56.676  -2.970 0.5000000000
300143  -28.543  -72.748  0.393 0.5000000000
300482  -26.007  -74.466  2.476 0.5000000000
301033  -28.839  -63.912  -4.167 0.5000000000
302164  -23.506  -64.087  0.566 0.6000000238
302185  -24.772  -61.587  -4.126 0.6000000238
302333  -28.410  -69.940  1.924 0.6999999881
302491  -31.544  -66.385  -2.988 0.5000000000
304174  -23.652  -63.905  2.769 0.6000000238
304320  -29.510  -55.274  -5.943 0.3000000119
304412  -26.457  -63.622  -4.915 0.6000000238
304789  -28.991  -58.047  -1.148 0.4000000060
304830  -29.812  -69.496  -0.162 0.6000000238
305191  -24.424  -62.764  -3.129 0.6000000238
305444  -27.545  -69.986  3.009 0.6999999881
305479  -29.798  -66.107  -0.213 0.6999999881
306099  -30.225  -50.542  -5.377 0.5000000000
306355  -26.546  -62.157  0.682 0.6000000238
306728  -22.929  -69.267  4.539 0.6000000238
306822  -28.480  -58.023  -6.043 0.4000000060
307209  -24.575  -64.842  -0.631 0.6000000238
307383  -26.572  -63.609  -4.179 0.6000000238
307488  -22.570  -65.621  3.747 0.6000000238
307537  -29.051  -56.755  -5.967 0.4000000060
308289  -26.391  -59.843  -6.396 0.5000000000
308874  -26.034  -66.975  2.216 0.5000000000
308878  -31.801  -52.484  -3.612 0.3000000119
309041  -27.684  -73.208  1.755 0.6000000238
310259  -21.862  -61.085  4.918 0.5000000000
311061  -30.036  -47.494  -5.432 0.5000000000
311194  -31.668  -48.987  -4.466 0.4000000060
311540  -26.873  -69.151  3.252 0.6999999881
311861  -28.308  -55.167  -6.123 0.5000000000
312379  -29.078  -71.352  0.157 0.5000000000
312916  -27.618  -55.124  -5.897 0.5000000000
312953  -22.712  -67.236  4.178 0.6000000238
313377  -25.400  -64.958  -0.707 0.5000000000
314032  -23.047  -68.786  4.440 0.6000000238
314070  -28.180  -58.805  -2.433 0.5000000000
314151  -27.537  -53.046  -5.228 0.4000000060
314277  -28.928  -69.262  1.557 0.6000000238
315178  -29.281  -51.164  -5.999 0.4000000060
315238  -27.993  -70.677  2.605 0.6000000238
316587  -27.843  -60.767  -0.235 0.5000000000
317879  -21.666  -69.481  4.686 0.5000000000
317948  -20.270  -69.263  4.712 0.5000000000
319570  -31.007  -45.153  -5.405 0.5000000000
319848  -31.657  -45.044  -5.294 0.5000000000
319970  -28.349  -57.811  -2.549 0.5000000000
320097  -27.279  -64.704  -1.205 0.6000000238
320784  -25.554  -69.282  3.833 0.6999999881
321032  -21.394  -68.513  5.171 0.5000000000
321185  -29.116  -70.975  0.555 0.5000000000
322211  -24.034  -68.536  3.978 0.6000000238
322765  -27.245  -61.521  1.048 0.6000000238
323574  -30.087  -53.106  -5.799 0.4000000060
323893  -27.316  -60.343  -2.710 0.6000000238
323971  -27.564  -60.391  -2.267 0.6999999881
324055  -26.619  -62.230  -0.193 0.6000000238
324951  -24.788  -61.772  -3.813 0.6000000238
325193  -24.902  -60.403  -5.102 0.6000000238
325295  -28.410  -65.924  0.614 0.6000000238
325433  -26.077  -68.279  2.998 0.6999999881
326182  -27.424  -63.774  -3.494 0.6000000238
326256  -24.435  -63.041  1.976 0.6000000238
326279  -27.852  -53.663  -5.928 0.4000000060
327326  -30.682  -65.713  -1.524 0.6000000238
327521  -24.769  -62.125  -4.652 0.6000000238
328577  -28.785  -58.890  0.099 0.5000000000
328668  -25.347  -63.502  -3.011 0.6000000238
328909  -25.729  -64.157  -2.321 0.6000000238
329506  -21.231  -61.877  5.255 0.5000000000
329922  -26.801  -73.647  2.343 0.6000000238
330244  -22.300  -64.477  4.402 0.6000000238
333129  -28.195  -70.064  2.236 0.6999999881
333506  -25.232  -71.067  4.164 0.6999999881
334465  -22.820  -64.875  3.122 0.6000000238
334777  -28.657  -64.460  -5.269 0.4000000060
334952  -27.631  -71.973  2.398 0.6999999881
335003  -20.590  -64.846  5.809 0.5000000000
335113  -26.740  -64.232  -2.152 0.6000000238
335626  -22.284  -68.483  4.774 0.6000000238
336390  -30.007  -67.339  -0.073 0.6999999881
336643  -27.664  -74.046  1.285 0.5000000000
338060  -27.051  -57.907  -6.256 0.5000000000
338075  -26.246  -61.352  2.452 0.5000000000
338234  -27.972  -65.732  0.791 0.6000000238
338706  -27.749  -64.164  -2.059 0.6000000238
339592  -24.043  -69.464  4.379 0.6999999881
