#!ascii label  , from subject sub-v2s5x29548_ses-1 vox2ras=TkReg
1871
244881  46.661  28.588  32.528 0.0000000000
251999  50.234  34.127  34.927 0.0000000000
239290  50.791  24.872  31.788 0.0000000000
239278  43.552  24.960  34.437 0.0000000000
302435  46.199  23.156  31.708 0.0000000000
250077  48.395  31.580  28.710 0.0000000000
249983  44.902  31.713  35.261 0.0000000000
253040  45.216  33.822  29.140 0.0000000000
235117  54.487  21.904  34.092 0.0000000000
233249  51.676  20.636  26.442 0.0000000000
251041  50.971  32.693  33.031 0.0000000000
242648  50.692  27.288  31.296 0.0000000000
246862  52.665  29.705  35.271 0.0000000000
240341  51.761  25.773  36.803 0.0000000000
254697  46.360  35.314  24.222 0.0000000000
253058  50.424  33.930  27.760 0.0000000000
236153  49.069  22.852  28.046 0.0000000000
241520  44.967  26.591  32.364 0.0000000000
238202  45.017  24.398  33.289 0.0000000000
241543  46.052  26.185  31.090 0.0000000000
322593  47.747  31.394  31.211 0.0000000000
332948  44.733  29.080  31.997 0.0000000000
252036  42.459  33.068  32.934 0.0000000000
233121  55.834  20.218  35.300 0.0000000000
232023  55.355  19.875  31.091 0.0000000000
229536  54.030  18.343  32.764 0.0000000000
312132  48.026  31.111  21.277 0.0000000000
252951  52.108  34.518  33.375 0.0000000000
250008  53.085  31.895  33.828 0.0000000000
250979  51.967  33.050  37.518 0.0000000000
242548  47.819  27.215  37.423 0.0000000000
243684  50.688  27.637  37.482 0.0000000000
240303  51.167  25.700  38.860 0.0000000000
239209  53.352  24.857  38.721 0.0000000000
333714  47.802  33.989  31.832 0.0000000000
252086  48.075  33.438  28.562 0.0000000000
300750  50.547  34.999  31.337 0.0000000000
252996  51.743  34.542  31.145 0.0000000000
241546  52.135  26.494  29.924 0.0000000000
240423  49.754  25.544  28.954 0.0000000000
239328  51.221  24.990  28.205 0.0000000000
233170  44.094  20.869  33.097 0.0000000000
233202  45.284  20.290  31.413 0.0000000000
246996  49.548  29.899  25.355 0.0000000000
330260  45.903  30.690  26.260 0.0000000000
251011  47.834  32.954  34.883 0.0000000000
250961  49.408  32.517  38.395 0.0000000000
257796  41.816  38.478  30.567 0.0000000000
287022  43.038  36.379  27.523 0.0000000000
309557  45.337  33.316  32.659 0.0000000000
236108  51.562  22.805  33.036 0.0000000000
236146  52.175  22.602  28.746 0.0000000000
233208  53.400  20.771  30.093 0.0000000000
230867  52.359  19.556  29.032 0.0000000000
323940  49.271  31.047  33.238 0.0000000000
243764  48.815  27.409  32.761 0.0000000000
246880  51.423  30.066  33.765 0.0000000000
245910  53.384  29.022  32.542 0.0000000000
242613  51.779  27.032  33.052 0.0000000000
247864  50.966  30.669  37.902 0.0000000000
243698  51.356  27.784  36.084 0.0000000000
239269  50.772  25.053  34.632 0.0000000000
237095  53.180  23.770  36.046 0.0000000000
298929  55.276  22.685  37.760 0.0000000000
255493  47.616  36.433  22.645 0.0000000000
250173  48.488  32.240  23.003 0.0000000000
251160  48.427  32.272  25.618 0.0000000000
250141  50.775  31.489  25.249 0.0000000000
250073  51.240  32.110  28.086 0.0000000000
251066  49.558  32.735  30.814 0.0000000000
240403  47.699  25.798  29.981 0.0000000000
236133  47.716  22.938  30.210 0.0000000000
232054  46.396  20.016  28.969 0.0000000000
288371  50.515  22.013  25.594 0.0000000000
243786  45.901  27.953  32.065 0.0000000000
241532  45.339  26.184  31.935 0.0000000000
243785  46.870  27.649  31.988 0.0000000000
247922  47.412  30.350  32.256 0.0000000000
299744  46.655  30.432  31.820 0.0000000000
245929  45.811  28.897  32.219 0.0000000000
243768  44.759  27.660  32.127 0.0000000000
332717  54.105  20.270  34.905 0.0000000000
230771  54.538  19.482  33.853 0.0000000000
230773  53.091  19.601  33.709 0.0000000000
327192  42.587  19.514  30.817 0.0000000000
253815  51.206  34.747  34.121 0.0000000000
251988  51.810  33.836  35.336 0.0000000000
251978  50.806  33.723  36.389 0.0000000000
240316  48.134  25.539  38.064 0.0000000000
241441  49.753  26.194  37.966 0.0000000000
252954  49.089  33.944  33.581 0.0000000000
252984  48.825  34.165  31.700 0.0000000000
252962  50.069  34.602  33.199 0.0000000000
253826  51.513  34.965  32.917 0.0000000000
240394  51.801  25.901  30.383 0.0000000000
240420  51.653  25.550  29.125 0.0000000000
238224  51.590  24.485  29.862 0.0000000000
238186  42.395  24.170  35.296 0.0000000000
237124  43.307  23.479  34.906 0.0000000000
237139  45.656  23.682  32.415 0.0000000000
235129  44.696  22.173  33.509 0.0000000000
235135  45.492  21.823  32.621 0.0000000000
233193  44.485  20.336  32.127 0.0000000000
234177  46.180  21.718  31.752 0.0000000000
249071  48.750  30.960  27.045 0.0000000000
248038  47.423  30.373  25.724 0.0000000000
249073  47.514  31.119  27.264 0.0000000000
241502  43.202  25.820  34.133 0.0000000000
240366  42.668  25.236  34.727 0.0000000000
249981  46.585  32.222  35.345 0.0000000000
312663  47.407  32.123  36.390 0.0000000000
248884  45.801  31.380  36.454 0.0000000000
251031  43.653  32.309  33.743 0.0000000000
252049  44.062  33.239  32.632 0.0000000000
251028  45.360  32.501  33.823 0.0000000000
333662  46.535  33.133  33.738 0.0000000000
235119  53.179  22.184  33.855 0.0000000000
234176  52.571  21.748  31.442 0.0000000000
234174  53.804  21.332  31.908 0.0000000000
229567  55.275  18.151  29.911 0.0000000000
230851  54.259  19.466  29.305 0.0000000000
228201  53.426  17.929  29.146 0.0000000000
250022  50.531  32.085  33.402 0.0000000000
246890  50.013  30.158  33.756 0.0000000000
248923  51.384  31.330  33.729 0.0000000000
329912  53.137  31.180  34.772 0.0000000000
247905  53.318  30.518  33.676 0.0000000000
245893  53.135  28.936  33.954 0.0000000000
243736  53.294  28.112  32.604 0.0000000000
244849  52.806  28.432  33.824 0.0000000000
248847  49.162  31.605  38.934 0.0000000000
333072  50.315  31.870  38.753 0.0000000000
324690  50.074  30.440  38.108 0.0000000000
242557  51.442  26.840  37.240 0.0000000000
243683  51.209  27.751  37.215 0.0000000000
241477  51.386  26.548  36.432 0.0000000000
241486  50.947  26.024  35.325 0.0000000000
239262  51.232  24.997  35.646 0.0000000000
238184  51.828  24.023  35.475 0.0000000000
238169  52.614  24.550  36.503 0.0000000000
237065  54.275  23.858  39.792 0.0000000000
237072  54.386  23.712  38.396 0.0000000000
254695  47.607  36.125  23.393 0.0000000000
253142  48.030  34.615  22.490 0.0000000000
297248  47.609  33.500  23.183 0.0000000000
253053  43.931  33.832  28.041 0.0000000000
253895  43.554  34.658  26.810 0.0000000000
252102  45.410  33.223  27.669 0.0000000000
252085  49.207  33.689  28.232 0.0000000000
252113  48.294  33.058  27.297 0.0000000000
251104  49.432  32.987  26.555 0.0000000000
250131  49.770  31.888  25.195 0.0000000000
251128  50.888  32.712  26.062 0.0000000000
250104  51.487  31.492  26.671 0.0000000000
252093  51.289  33.088  27.951 0.0000000000
252044  51.576  33.684  32.247 0.0000000000
252065  50.846  33.550  30.875 0.0000000000
251054  50.119  32.662  32.216 0.0000000000
250027  49.429  32.104  32.476 0.0000000000
242630  49.684  27.096  32.294 0.0000000000
241529  48.231  26.661  31.357 0.0000000000
241538  49.089  26.611  30.729 0.0000000000
237173  49.069  23.851  28.590 0.0000000000
238233  48.320  24.445  29.353 0.0000000000
236147  48.365  22.572  29.068 0.0000000000
234205  47.359  21.356  29.902 0.0000000000
233226  47.728  21.024  28.667 0.0000000000
235178  52.742  21.621  27.293 0.0000000000
236168  52.020  22.907  26.556 0.0000000000
234252  50.994  21.238  25.170 0.0000000000
240374  44.142  25.635  33.672 0.0000000000
238196  44.299  24.501  33.971 0.0000000000
240382  44.849  25.630  32.978 0.0000000000
239287  45.320  24.930  32.397 0.0000000000
239298  45.928  24.951  31.337 0.0000000000
250055  48.267  31.766  29.907 0.0000000000
242615  43.962  26.821  33.026 0.0000000000
234139  56.206  20.960  34.820 0.0000000000
233180  55.660  20.802  32.561 0.0000000000
231992  55.894  20.000  33.250 0.0000000000
229534  55.266  18.849  32.237 0.0000000000
252025  52.060  33.841  32.872 0.0000000000
250010  52.506  32.103  33.403 0.0000000000
251998  52.261  33.456  34.148 0.0000000000
312019  52.601  32.244  35.597 0.0000000000
248881  52.817  31.248  36.647 0.0000000000
244817  47.909  28.552  37.587 0.0000000000
245858  49.529  29.088  37.510 0.0000000000
243686  49.309  27.430  37.391 0.0000000000
241451  50.792  26.771  37.852 0.0000000000
240311  51.853  26.160  38.146 0.0000000000
239239  52.561  25.490  37.690 0.0000000000
239211  52.132  25.368  39.253 0.0000000000
310189  52.798  24.648  40.193 0.0000000000
340120  53.138  23.434  41.178 0.0000000000
255430  45.785  36.358  25.408 0.0000000000
253012  46.840  33.982  30.418 0.0000000000
252081  46.517  33.617  29.015 0.0000000000
253022  48.117  34.004  30.222 0.0000000000
253008  49.315  34.383  30.301 0.0000000000
253870  50.110  34.550  29.466 0.0000000000
253867  51.548  34.485  29.720 0.0000000000
253847  51.625  35.143  31.077 0.0000000000
252970  51.972  34.644  32.125 0.0000000000
242667  52.119  27.204  30.246 0.0000000000
241548  50.256  26.481  29.948 0.0000000000
241556  51.433  26.215  29.437 0.0000000000
239319  50.192  25.243  28.617 0.0000000000
237180  49.929  23.844  27.925 0.0000000000
232090  50.182  20.211  26.871 0.0000000000
233262  49.843  20.545  25.649 0.0000000000
233143  41.781  21.009  34.317 0.0000000000
236104  44.079  22.850  34.194 0.0000000000
234152  43.614  21.418  33.997 0.0000000000
233173  42.436  20.588  33.366 0.0000000000
309589  42.872  20.113  32.372 0.0000000000
230815  43.192  19.817  31.608 0.0000000000
321931  43.817  19.441  30.382 0.0000000000
319624  47.838  29.558  24.588 0.0000000000
247015  46.268  29.957  24.645 0.0000000000
251991  49.213  33.265  35.139 0.0000000000
251972  49.867  33.406  36.725 0.0000000000
250990  48.368  32.559  36.456 0.0000000000
249949  48.279  32.214  38.390 0.0000000000
294617  47.578  31.158  39.058 0.0000000000
246806  47.230  30.032  38.952 0.0000000000
244818  46.752  28.127  37.799 0.0000000000
256159  42.039  37.058  28.697 0.0000000000
253878  42.492  34.961  28.391 0.0000000000
301338  43.715  34.019  29.464 0.0000000000
338502  45.247  33.974  30.565 0.0000000000
301136  46.897  33.776  32.423 0.0000000000
252014  47.630  33.445  33.891 0.0000000000
236114  50.924  23.339  32.205 0.0000000000
237154  51.376  23.737  30.002 0.0000000000
235152  51.640  22.273  30.755 0.0000000000
234203  52.443  21.410  29.514 0.0000000000
233233  53.143  20.551  27.955 0.0000000000
337708  54.365  20.304  30.462 0.0000000000
232050  53.453  20.118  28.797 0.0000000000
232061  51.834  19.940  28.405 0.0000000000
246893  48.287  29.804  33.062 0.0000000000
244879  48.172  28.358  33.019 0.0000000000
245904  49.198  29.368  33.371 0.0000000000
244863  50.001  28.462  33.341 0.0000000000
244878  51.105  28.290  32.598 0.0000000000
287383  52.606  31.053  33.537 0.0000000000
245899  52.687  29.521  32.804 0.0000000000
244898  52.373  28.289  31.550 0.0000000000
242645  53.259  27.419  30.938 0.0000000000
242647  52.564  26.849  31.564 0.0000000000
241519  51.080  26.047  32.622 0.0000000000
250970  50.562  33.090  38.247 0.0000000000
249955  52.008  31.931  38.067 0.0000000000
247882  51.813  30.382  37.173 0.0000000000
245856  50.887  29.272  37.479 0.0000000000
245871  51.555  29.106  36.659 0.0000000000
245888  51.750  28.717  35.426 0.0000000000
243726  51.644  27.609  34.108 0.0000000000
240373  50.750  25.969  33.975 0.0000000000
289577  50.605  24.543  32.981 0.0000000000
237128  50.842  23.842  33.925 0.0000000000
236093  52.238  22.851  34.424 0.0000000000
291777  54.152  22.674  35.299 0.0000000000
238167  53.464  24.242  37.069 0.0000000000
236067  54.599  22.988  36.830 0.0000000000
236073  55.054  22.259  35.820 0.0000000000
234116  56.256  21.180  36.579 0.0000000000
253158  47.639  34.177  21.580 0.0000000000
250194  48.569  31.806  21.579 0.0000000000
248084  49.805  30.543  22.459 0.0000000000
252100  46.784  33.098  27.560 0.0000000000
251195  46.328  32.858  24.543 0.0000000000
250160  48.174  31.830  24.029 0.0000000000
249129  49.862  31.245  24.243 0.0000000000
248071  50.829  29.976  23.923 0.0000000000
247008  50.653  29.957  25.444 0.0000000000
248009  50.364  30.396  26.650 0.0000000000
250075  49.583  31.807  28.369 0.0000000000
252073  51.368  33.871  29.657 0.0000000000
251078  50.325  32.963  29.648 0.0000000000
250053  49.193  32.211  29.507 0.0000000000
250037  48.609  31.990  30.806 0.0000000000
248932  48.390  31.095  32.320 0.0000000000
242653  47.323  27.200  31.747 0.0000000000
240396  46.856  26.018  30.473 0.0000000000
238227  46.920  24.531  30.344 0.0000000000
240412  48.624  25.745  29.349 0.0000000000
238226  47.358  24.550  29.949 0.0000000000
236127  46.844  22.948  31.012 0.0000000000
318794  46.545  21.350  30.913 0.0000000000
232036  45.879  20.194  30.337 0.0000000000
237171  52.182  23.899  28.317 0.0000000000
237198  51.448  23.511  26.951 0.0000000000
236172  49.752  22.476  26.861 0.0000000000
235211  49.127  21.440  24.601 0.0000000000
292586  48.419  21.423  27.123 0.0000000000
320760  51.967  18.320  32.741 0.0000000000
226952  53.022  16.993  31.902 0.0000000000
243767  46.478  28.084  32.191 0.0000000000
298523  46.246  27.554  31.879 0.0000000000
294436  47.054  28.171  32.386 0.0000000000
245915  46.922  29.128  32.615 0.0000000000
246900  46.657  29.566  32.366 0.0000000000
245916  46.361  28.992  32.422 0.0000000000
244882  46.108  28.480  32.330 0.0000000000
231968  53.799  19.981  34.498 0.0000000000
286330  50.816  34.419  34.703 0.0000000000
252938  51.012  34.218  35.111 0.0000000000
251989  50.209  33.918  35.614 0.0000000000
252012  49.331  33.863  34.163 0.0000000000
340101  49.464  34.254  33.213 0.0000000000
252947  50.001  34.189  34.287 0.0000000000
252946  50.604  34.556  34.286 0.0000000000
240395  51.240  25.326  31.154 0.0000000000
239295  51.444  25.238  30.486 0.0000000000
239302  51.259  24.609  30.549 0.0000000000
239270  43.162  24.787  34.760 0.0000000000
237115  42.866  23.792  35.174 0.0000000000
238191  43.674  24.486  34.572 0.0000000000
237145  45.922  23.361  32.031 0.0000000000
298830  45.691  23.085  32.457 0.0000000000
236122  46.004  22.735  32.003 0.0000000000
234178  45.787  21.644  32.137 0.0000000000
309646  46.256  22.268  31.787 0.0000000000
290297  48.631  31.177  27.523 0.0000000000
249072  48.152  31.062  27.154 0.0000000000
249048  48.013  31.211  27.680 0.0000000000
240365  43.174  25.327  34.448 0.0000000000
283642  42.681  25.693  34.380 0.0000000000
239271  42.612  24.765  35.028 0.0000000000
329197  45.746  32.078  34.712 0.0000000000
249972  46.501  31.884  35.860 0.0000000000
248898  45.535  31.497  35.948 0.0000000000
249998  44.682  31.852  34.661 0.0000000000
251029  44.817  32.433  33.784 0.0000000000
250014  45.054  32.114  34.158 0.0000000000
251014  46.077  32.415  34.412 0.0000000000
235118  53.803  22.026  33.870 0.0000000000
235131  53.609  21.752  32.884 0.0000000000
234159  54.236  21.597  33.081 0.0000000000
229574  54.560  18.190  29.128 0.0000000000
248924  50.565  31.482  33.733 0.0000000000
250021  51.391  32.377  33.440 0.0000000000
288744  53.060  30.703  35.544 0.0000000000
324485  53.370  30.170  34.494 0.0000000000
246861  53.066  29.861  34.755 0.0000000000
245891  52.954  28.945  34.145 0.0000000000
245887  52.776  29.401  34.711 0.0000000000
247844  48.796  30.749  38.697 0.0000000000
248859  49.568  31.342  38.788 0.0000000000
246823  49.074  30.276  38.260 0.0000000000
241466  51.612  26.296  37.026 0.0000000000
290395  51.516  25.998  36.437 0.0000000000
240349  51.207  25.944  35.944 0.0000000000
315647  51.454  25.455  36.132 0.0000000000
239256  51.709  24.887  36.071 0.0000000000
239248  51.931  25.253  36.595 0.0000000000
236020  54.447  22.927  40.544 0.0000000000
328737  46.628  36.632  24.939 0.0000000000
256203  47.373  36.947  24.437 0.0000000000
254696  47.011  35.738  23.801 0.0000000000
253955  47.436  35.002  23.205 0.0000000000
253124  46.982  34.378  23.526 0.0000000000
299172  44.321  33.803  28.538 0.0000000000
253052  44.493  33.627  28.012 0.0000000000
252090  45.482  33.439  28.311 0.0000000000
252096  49.759  33.703  27.768 0.0000000000
291063  49.622  33.465  27.353 0.0000000000
287235  50.184  33.564  27.278 0.0000000000
252127  50.136  33.030  26.404 0.0000000000
252110  50.539  33.219  26.815 0.0000000000
252109  51.074  33.121  27.126 0.0000000000
252094  51.123  33.367  27.638 0.0000000000
251052  51.245  33.179  32.707 0.0000000000
251058  50.893  33.229  32.064 0.0000000000
251053  50.691  32.839  32.561 0.0000000000
250026  50.223  32.400  32.806 0.0000000000
243784  50.324  27.436  31.974 0.0000000000
242650  49.257  26.874  31.841 0.0000000000
242670  49.515  26.799  31.204 0.0000000000
237182  48.927  23.229  28.553 0.0000000000
237174  48.717  23.511  28.968 0.0000000000
236154  48.686  22.663  28.566 0.0000000000
235168  48.430  22.022  28.648 0.0000000000
233260  52.539  20.841  26.229 0.0000000000
234243  52.508  21.193  26.008 0.0000000000
283742  51.729  20.856  25.801 0.0000000000
241521  44.690  26.171  32.894 0.0000000000
291568  44.482  25.818  33.253 0.0000000000
304049  45.066  25.920  32.485 0.0000000000
241531  45.752  26.476  31.511 0.0000000000
240389  45.361  25.488  32.019 0.0000000000
314907  45.678  25.334  31.563 0.0000000000
239291  45.624  24.870  31.868 0.0000000000
240398  45.958  25.563  31.137 0.0000000000
250045  48.217  31.768  30.483 0.0000000000
248963  47.792  31.589  30.149 0.0000000000
248948  47.652  31.481  30.747 0.0000000000
247932  45.476  29.924  31.743 0.0000000000
247931  46.059  30.339  31.612 0.0000000000
295860  44.605  27.148  32.384 0.0000000000
242636  44.131  27.197  32.708 0.0000000000
242635  44.431  26.703  32.775 0.0000000000
241513  44.137  26.259  33.263 0.0000000000
233134  56.290  20.556  35.093 0.0000000000
233153  56.293  20.267  34.059 0.0000000000
231978  56.092  20.068  34.335 0.0000000000
229516  54.363  18.855  33.076 0.0000000000
229515  54.970  19.091  32.841 0.0000000000
229535  54.716  18.467  32.615 0.0000000000
340907  55.214  17.887  31.721 0.0000000000
300011  54.201  17.351  31.948 0.0000000000
251253  47.459  32.730  21.351 0.0000000000
249182  47.114  31.656  21.475 0.0000000000
252024  52.109  33.920  33.231 0.0000000000
252011  51.920  33.392  33.318 0.0000000000
252943  52.144  34.019  33.763 0.0000000000
251977  51.733  33.650  36.214 0.0000000000
250998  52.398  33.157  35.285 0.0000000000
250987  52.413  32.873  36.009 0.0000000000
250977  52.538  32.275  36.352 0.0000000000
250978  52.353  32.585  37.052 0.0000000000
243687  48.301  27.567  37.376 0.0000000000
286669  48.839  27.899  37.357 0.0000000000
324614  48.779  27.353  37.390 0.0000000000
240313  50.126  25.835  38.359 0.0000000000
241452  50.084  26.655  37.754 0.0000000000
241440  50.477  26.323  38.122 0.0000000000
241439  51.222  26.418  38.123 0.0000000000
307186  51.429  26.052  38.507 0.0000000000
240302  51.900  25.833  38.834 0.0000000000
238121  52.108  24.734  40.222 0.0000000000
238114  52.428  24.362  40.693 0.0000000000
238113  53.036  24.334  40.674 0.0000000000
237040  52.083  23.898  41.091 0.0000000000
252999  47.554  33.974  31.104 0.0000000000
253011  47.489  33.966  30.469 0.0000000000
252985  48.098  34.020  31.470 0.0000000000
252983  49.388  34.462  31.352 0.0000000000
252997  49.326  34.457  30.843 0.0000000000
253855  49.913  34.745  30.594 0.0000000000
253020  49.396  34.292  29.680 0.0000000000
341020  50.459  34.904  30.374 0.0000000000
253854  51.075  35.128  30.390 0.0000000000
329447  51.199  35.237  31.225 0.0000000000
253825  51.897  34.818  33.021 0.0000000000
253832  51.825  34.966  32.437 0.0000000000
252961  52.069  34.503  32.574 0.0000000000
252043  52.000  34.075  32.394 0.0000000000
242682  52.333  26.886  30.031 0.0000000000
241547  51.188  26.594  29.673 0.0000000000
242694  51.913  26.542  29.685 0.0000000000
239317  51.633  25.311  28.719 0.0000000000
240421  51.238  25.680  28.891 0.0000000000
239329  50.646  24.936  28.285 0.0000000000
238250  50.313  24.402  28.136 0.0000000000
238249  51.094  24.663  27.907 0.0000000000
233144  41.077  20.881  34.338 0.0000000000
292608  42.003  21.380  34.641 0.0000000000
238203  44.643  24.198  33.716 0.0000000000
307096  44.328  24.027  33.999 0.0000000000
237129  44.601  23.670  33.805 0.0000000000
317858  44.653  21.698  33.357 0.0000000000
234151  44.207  21.744  33.792 0.0000000000
234162  43.864  21.174  33.524 0.0000000000
233156  42.747  20.904  33.801 0.0000000000
233172  43.008  20.682  33.320 0.0000000000
231993  42.757  20.403  32.821 0.0000000000
233185  43.246  20.522  32.941 0.0000000000
233192  45.053  20.500  31.908 0.0000000000
232016  43.613  19.962  31.836 0.0000000000
232027  44.337  19.831  31.266 0.0000000000
230826  43.189  19.603  30.974 0.0000000000
230825  44.571  19.642  30.761 0.0000000000
247010  49.874  29.587  24.912 0.0000000000
247012  48.382  29.619  24.771 0.0000000000
248039  46.765  30.354  25.663 0.0000000000
248055  47.106  30.047  25.283 0.0000000000
320641  46.232  30.382  25.515 0.0000000000
248024  45.356  30.728  26.211 0.0000000000
251010  48.527  33.070  34.960 0.0000000000
250999  48.730  33.006  35.563 0.0000000000
331398  48.375  32.752  35.913 0.0000000000
249956  47.915  32.161  37.632 0.0000000000
249940  47.815  31.584  38.995 0.0000000000
246807  46.689  30.268  39.318 0.0000000000
244799  46.956  28.622  38.015 0.0000000000
336370  42.825  38.343  29.366 0.0000000000
257809  41.886  37.822  29.464 0.0000000000
254622  41.863  35.638  29.193 0.0000000000
254616  42.054  35.062  29.483 0.0000000000
253871  42.891  34.412  29.103 0.0000000000
252048  44.675  33.229  32.689 0.0000000000
291678  44.829  33.782  31.792 0.0000000000
253002  44.451  33.864  31.285 0.0000000000
340515  45.383  33.825  31.582 0.0000000000
252987  45.947  33.849  31.733 0.0000000000
335400  45.801  33.630  32.311 0.0000000000
251025  46.936  32.924  34.392 0.0000000000
252015  46.988  33.195  33.894 0.0000000000
252003  47.456  33.094  34.367 0.0000000000
252002  48.162  33.322  34.357 0.0000000000
237137  51.206  23.055  32.658 0.0000000000
236121  51.035  23.205  31.644 0.0000000000
235142  51.680  22.491  31.818 0.0000000000
234184  52.989  21.387  31.122 0.0000000000
234185  52.477  21.582  30.850 0.0000000000
234202  52.908  21.054  29.794 0.0000000000
234219  53.070  20.955  28.319 0.0000000000
234212  53.002  20.976  29.046 0.0000000000
232014  55.624  20.190  31.699 0.0000000000
297740  54.619  20.737  31.515 0.0000000000
232024  54.796  20.155  30.760 0.0000000000
230865  53.750  19.076  29.139 0.0000000000
230852  53.749  19.729  29.024 0.0000000000
291299  53.168  19.760  28.784 0.0000000000
232051  52.603  19.846  28.578 0.0000000000
340892  51.931  19.748  28.992 0.0000000000
323264  51.078  19.770  28.451 0.0000000000
230868  51.663  19.394  29.204 0.0000000000
247915  48.531  30.313  32.991 0.0000000000
245905  48.539  29.331  33.223 0.0000000000
246891  49.382  30.052  33.521 0.0000000000
246881  50.730  30.134  33.836 0.0000000000
245902  50.257  29.590  33.715 0.0000000000
245895  50.913  29.558  33.730 0.0000000000
244862  50.776  28.564  33.187 0.0000000000
245901  51.184  29.112  33.431 0.0000000000
310459  52.682  32.189  33.554 0.0000000000
250009  52.847  31.878  33.514 0.0000000000
246887  53.212  29.829  32.980 0.0000000000
246888  52.992  29.951  33.196 0.0000000000
245911  52.966  29.067  32.427 0.0000000000
245912  52.303  29.047  32.542 0.0000000000
244876  52.706  28.678  31.952 0.0000000000
243781  52.715  27.930  30.979 0.0000000000
244896  53.269  28.073  31.636 0.0000000000
243737  52.900  27.840  32.911 0.0000000000
242628  52.760  27.241  32.034 0.0000000000
242629  52.164  26.945  32.342 0.0000000000
241518  51.790  26.474  32.083 0.0000000000
241511  51.454  26.513  32.824 0.0000000000
250980  49.472  33.114  37.239 0.0000000000
251963  49.977  33.315  37.418 0.0000000000
310449  50.147  33.147  37.984 0.0000000000
247841  50.561  31.110  38.305 0.0000000000
249946  50.792  32.155  38.721 0.0000000000
248871  51.156  31.302  38.125 0.0000000000
247862  52.114  30.963  37.478 0.0000000000
247863  51.564  30.817  37.743 0.0000000000
300097  49.892  28.548  37.445 0.0000000000
245857  50.206  29.276  37.552 0.0000000000
304957  50.564  28.618  37.468 0.0000000000
243692  51.342  27.625  36.733 0.0000000000
294897  51.363  28.085  36.757 0.0000000000
292282  51.492  28.503  36.186 0.0000000000
323863  51.466  28.219  35.568 0.0000000000
244839  51.751  28.337  34.872 0.0000000000
243705  51.374  27.781  35.292 0.0000000000
240364  50.842  25.493  34.941 0.0000000000
241494  50.796  25.969  34.643 0.0000000000
288390  50.677  25.460  34.340 0.0000000000
289725  50.602  25.388  33.656 0.0000000000
239275  50.645  24.956  34.102 0.0000000000
302492  50.650  24.168  33.467 0.0000000000
238195  50.715  24.416  34.000 0.0000000000
237103  52.479  23.868  35.748 0.0000000000
237113  52.164  23.515  35.259 0.0000000000
237112  52.944  23.350  35.485 0.0000000000
236084  53.184  22.898  35.092 0.0000000000
237111  53.546  23.302  35.752 0.0000000000
238144  53.326  24.731  38.020 0.0000000000
238157  53.283  24.583  37.447 0.0000000000
238156  53.656  24.266  37.681 0.0000000000
237071  54.902  23.155  38.206 0.0000000000
237082  54.406  23.473  37.733 0.0000000000
236055  54.788  23.050  37.442 0.0000000000
283632  54.801  22.573  36.359 0.0000000000
236066  55.170  22.561  37.018 0.0000000000
298529  55.984  21.575  36.226 0.0000000000
257050  47.585  37.525  23.815 0.0000000000
305626  46.900  38.605  24.689 0.0000000000
257051  47.148  37.594  23.690 0.0000000000
254743  47.620  35.273  22.032 0.0000000000
251215  48.507  33.062  22.140 0.0000000000
252215  48.577  33.416  21.641 0.0000000000
250184  48.572  32.353  22.267 0.0000000000
249170  48.811  31.274  21.663 0.0000000000
249159  49.029  31.316  22.404 0.0000000000
252080  47.112  33.545  28.941 0.0000000000
252088  46.666  33.353  28.309 0.0000000000
252099  47.250  33.194  27.904 0.0000000000
251132  48.192  32.582  26.272 0.0000000000
319765  47.495  32.627  26.373 0.0000000000
251161  47.147  32.337  25.524 0.0000000000
251182  47.014  32.266  25.119 0.0000000000
250147  47.004  32.368  24.154 0.0000000000
327657  48.221  31.995  25.002 0.0000000000
296598  49.999  31.802  25.069 0.0000000000
250143  49.816  31.533  24.747 0.0000000000
249128  50.380  31.115  24.423 0.0000000000
249142  50.180  30.912  23.841 0.0000000000
249127  50.911  30.790  24.599 0.0000000000
307955  50.947  29.895  24.868 0.0000000000
248052  50.900  30.385  25.425 0.0000000000
250088  51.396  31.772  27.636 0.0000000000
248008  50.826  30.475  26.648 0.0000000000
250089  50.636  31.561  27.732 0.0000000000
249046  49.852  31.272  27.528 0.0000000000
250074  50.337  31.992  28.212 0.0000000000
253860  51.580  34.619  30.255 0.0000000000
252077  51.442  33.904  29.244 0.0000000000
315756  51.226  33.868  30.261 0.0000000000
251065  50.188  33.134  30.571 0.0000000000
251071  50.224  33.110  30.109 0.0000000000
251079  49.682  32.581  29.857 0.0000000000
251072  49.592  32.676  30.321 0.0000000000
251073  49.086  32.307  30.563 0.0000000000
250030  49.062  32.284  31.183 0.0000000000
248927  49.201  31.590  32.993 0.0000000000
248931  48.749  31.585  32.457 0.0000000000
248928  48.762  30.934  32.806 0.0000000000
247920  48.267  30.567  32.538 0.0000000000
243742  48.710  27.999  33.019 0.0000000000
242633  47.885  27.333  32.151 0.0000000000
242632  48.421  27.158  32.315 0.0000000000
241540  47.818  26.442  30.811 0.0000000000
241552  47.439  26.115  30.383 0.0000000000
240405  46.633  25.437  30.393 0.0000000000
239303  46.936  25.054  30.083 0.0000000000
241558  49.764  26.192  29.609 0.0000000000
241559  48.977  26.133  29.700 0.0000000000
240424  48.990  25.448  28.988 0.0000000000
237165  48.050  23.326  29.739 0.0000000000
238234  47.842  24.307  29.706 0.0000000000
237156  47.604  23.732  30.025 0.0000000000
237157  47.220  23.266  30.551 0.0000000000
236134  47.331  22.508  30.716 0.0000000000
234186  46.929  21.903  30.953 0.0000000000
235154  47.380  21.909  30.384 0.0000000000
233228  46.741  20.457  29.264 0.0000000000
233218  46.589  20.564  29.797 0.0000000000
232043  46.278  20.135  29.532 0.0000000000
286828  45.362  19.606  29.784 0.0000000000
230853  45.839  19.699  29.276 0.0000000000
308533  51.351  23.179  30.020 0.0000000000
237163  51.712  23.507  29.541 0.0000000000
308126  52.290  23.271  28.231 0.0000000000
236177  51.671  22.556  26.064 0.0000000000
236169  51.581  23.041  26.555 0.0000000000
236170  51.023  22.991  26.786 0.0000000000
236171  50.381  22.800  26.757 0.0000000000
235198  50.150  22.297  26.216 0.0000000000
232118  48.847  20.286  25.208 0.0000000000
233289  49.492  20.907  24.587 0.0000000000
233290  48.531  20.805  24.627 0.0000000000
242634  45.084  27.206  32.020 0.0000000000
242656  45.419  26.803  31.843 0.0000000000
242655  45.961  27.034  31.623 0.0000000000
241530  46.257  26.744  31.214 0.0000000000
248938  47.642  31.136  31.571 0.0000000000
248949  47.326  31.162  31.265 0.0000000000
246911  46.962  30.129  32.227 0.0000000000
246901  46.118  29.412  32.168 0.0000000000
245930  45.192  28.856  32.071 0.0000000000
244900  44.972  28.231  32.075 0.0000000000
244899  45.555  28.370  32.090 0.0000000000
243787  45.317  27.799  31.987 0.0000000000
233122  55.057  20.358  35.472 0.0000000000
231966  55.446  20.090  34.508 0.0000000000
231967  54.560  19.969  34.540 0.0000000000
230772  53.798  19.467  33.816 0.0000000000
229517  53.687  18.782  33.127 0.0000000000
253814  51.630  34.772  33.925 0.0000000000
252936  52.012  33.993  34.482 0.0000000000
252937  51.558  34.192  34.839 0.0000000000
252931  51.298  34.060  35.803 0.0000000000
288747  51.322  33.727  36.540 0.0000000000
241455  47.976  26.527  37.541 0.0000000000
241454  48.710  26.514  37.587 0.0000000000
241442  49.049  26.114  37.860 0.0000000000
240304  50.470  25.534  38.782 0.0000000000
287026  48.382  33.990  32.608 0.0000000000
252972  48.891  34.226  32.300 0.0000000000
289164  49.635  34.513  32.630 0.0000000000
253834  50.208  34.858  32.216 0.0000000000
306874  50.977  35.101  32.089 0.0000000000
253827  50.801  34.868  33.136 0.0000000000
253821  51.039  34.846  33.651 0.0000000000
241536  52.293  26.514  30.494 0.0000000000
241555  51.813  26.178  29.602 0.0000000000
240401  51.799  25.801  29.742 0.0000000000
239308  51.848  25.166  29.324 0.0000000000
239327  51.821  24.918  28.389 0.0000000000
238209  45.362  24.037  32.843 0.0000000000
236102  44.984  23.195  33.453 0.0000000000
236116  45.372  22.836  32.894 0.0000000000
235136  45.332  22.323  32.862 0.0000000000
234160  44.863  21.444  33.064 0.0000000000
233183  44.274  20.591  32.615 0.0000000000
234170  45.144  21.244  32.638 0.0000000000
234179  45.337  20.917  32.076 0.0000000000
233191  45.564  20.758  31.630 0.0000000000
248019  49.216  30.478  26.152 0.0000000000
248037  48.151  30.373  25.685 0.0000000000
249087  48.303  30.820  26.677 0.0000000000
249088  47.631  30.877  26.744 0.0000000000
249089  46.979  30.943  26.844 0.0000000000
317765  42.680  26.230  33.992 0.0000000000
239264  42.158  24.679  35.238 0.0000000000
238187  41.810  24.292  35.489 0.0000000000
251002  47.008  32.486  35.205 0.0000000000
250991  47.849  32.427  35.978 0.0000000000
249971  47.101  32.212  35.782 0.0000000000
291122  46.846  31.800  36.486 0.0000000000
251046  43.284  32.596  33.404 0.0000000000
252035  43.069  32.969  32.961 0.0000000000
251045  43.955  32.601  33.364 0.0000000000
251044  44.568  32.671  33.420 0.0000000000
252031  45.619  33.017  33.188 0.0000000000
307413  46.167  33.238  33.165 0.0000000000
251027  45.871  32.638  33.916 0.0000000000
251026  46.455  32.822  34.065 0.0000000000
235120  52.734  22.239  33.544 0.0000000000
235133  52.307  22.131  32.409 0.0000000000
235132  52.912  21.935  32.624 0.0000000000
234175  53.107  21.536  31.681 0.0000000000
234183  53.471  21.271  31.372 0.0000000000
230849  55.266  18.848  30.013 0.0000000000
230836  55.022  19.437  30.127 0.0000000000
312309  54.909  18.560  29.478 0.0000000000
229575  53.877  18.414  29.178 0.0000000000
229577  52.578  18.681  29.134 0.0000000000
248926  49.793  31.491  33.504 0.0000000000
247913  49.693  30.741  33.615 0.0000000000
340716  50.119  31.139  33.720 0.0000000000
247908  50.534  30.815  33.821 0.0000000000
247907  51.352  30.663  33.809 0.0000000000
248918  53.191  31.420  34.004 0.0000000000
248920  53.020  31.262  33.671 0.0000000000
247899  53.300  30.731  34.129 0.0000000000
246871  53.520  30.098  33.888 0.0000000000
245897  53.539  29.248  33.290 0.0000000000
244875  53.363  28.460  32.385 0.0000000000
244859  53.428  28.547  32.997 0.0000000000
244860  53.134  28.273  33.228 0.0000000000
243725  52.451  28.025  33.556 0.0000000000
249948  49.097  32.059  38.705 0.0000000000
249936  49.619  32.167  38.653 0.0000000000
248846  49.719  31.794  38.722 0.0000000000
248858  50.148  31.456  38.691 0.0000000000
247865  50.405  30.558  37.993 0.0000000000
242545  51.085  27.205  37.530 0.0000000000
322570  51.335  27.267  37.040 0.0000000000
242568  51.309  27.170  36.390 0.0000000000
242569  51.200  26.766  35.917 0.0000000000
242579  51.207  27.188  35.591 0.0000000000
241478  51.128  26.362  35.793 0.0000000000
240357  51.031  25.472  35.534 0.0000000000
239263  50.942  25.056  35.157 0.0000000000
238190  50.960  24.644  34.857 0.0000000000
238178  51.530  24.525  35.611 0.0000000000
238177  52.143  24.392  36.001 0.0000000000
238176  52.708  24.169  36.162 0.0000000000
238134  53.894  24.313  39.674 0.0000000000
238143  53.910  24.373  38.416 0.0000000000
238133  54.293  24.014  39.144 0.0000000000
237063  54.773  23.374  38.980 0.0000000000
257019  47.647  37.938  24.893 0.0000000000
325229  47.655  37.289  24.094 0.0000000000
255480  47.660  36.569  23.015 0.0000000000
254730  47.743  35.602  22.272 0.0000000000
253954  47.831  35.128  22.686 0.0000000000
253123  47.448  34.247  23.163 0.0000000000
251208  47.622  32.737  23.236 0.0000000000
253887  42.952  34.918  27.638 0.0000000000
253896  43.192  35.097  27.099 0.0000000000
253070  43.687  34.190  27.001 0.0000000000
252118  44.477  33.552  26.989 0.0000000000
253049  48.661  33.665  28.671 0.0000000000
252098  47.967  33.245  27.923 0.0000000000
297900  48.622  33.265  27.668 0.0000000000
251105  48.667  32.857  26.750 0.0000000000
251131  48.999  32.587  26.163 0.0000000000
250132  48.949  31.872  25.130 0.0000000000
251130  49.792  32.747  26.016 0.0000000000
251158  50.079  32.398  25.599 0.0000000000
250129  50.663  31.995  25.415 0.0000000000
249103  51.289  31.113  25.941 0.0000000000
251127  51.333  32.276  26.406 0.0000000000
250087  51.629  32.060  27.491 0.0000000000
250072  51.556  32.303  27.913 0.0000000000
252063  51.794  34.464  31.456 0.0000000000
252069  51.268  33.961  30.924 0.0000000000
252059  50.842  33.460  31.405 0.0000000000
251059  50.174  32.933  31.612 0.0000000000
251060  49.502  32.440  31.745 0.0000000000
250023  49.748  31.989  33.111 0.0000000000
243763  49.448  27.335  32.808 0.0000000000
242651  48.633  26.872  31.880 0.0000000000
241528  48.837  26.689  31.351 0.0000000000
241551  48.054  26.191  30.351 0.0000000000
239320  49.431  25.067  28.739 0.0000000000
239321  48.808  24.843  28.922 0.0000000000
238242  48.747  24.159  28.963 0.0000000000
237164  48.442  23.735  29.400 0.0000000000
236141  48.029  22.604  29.686 0.0000000000
235161  47.764  21.963  29.856 0.0000000000
235169  48.051  22.049  29.274 0.0000000000
234215  47.562  21.175  29.285 0.0000000000
233227  47.253  20.727  28.999 0.0000000000
235179  52.543  22.312  27.545 0.0000000000
319012  52.327  23.225  27.531 0.0000000000
235188  52.400  22.225  26.517 0.0000000000
235196  51.843  22.041  25.734 0.0000000000
235204  50.682  21.661  25.109 0.0000000000
300409  43.705  25.365  34.099 0.0000000000
239277  43.922  24.770  34.210 0.0000000000
239276  44.212  25.055  33.866 0.0000000000
239283  44.631  24.747  33.599 0.0000000000
239282  45.017  25.013  33.025 0.0000000000
338716  45.120  25.399  32.576 0.0000000000
303207  45.307  24.547  32.783 0.0000000000
238208  45.601  24.314  32.282 0.0000000000
238214  45.946  24.290  31.624 0.0000000000
237144  46.122  23.651  31.649 0.0000000000
250065  48.283  31.734  29.315 0.0000000000
249003  47.883  31.392  28.897 0.0000000000
248983  46.882  31.309  29.868 0.0000000000
247943  46.651  30.842  31.344 0.0000000000
244901  44.447  28.105  32.235 0.0000000000
243770  43.884  27.604  32.646 0.0000000000
241514  43.500  26.610  33.415 0.0000000000
321949  43.672  25.987  33.781 0.0000000000
322073  42.287  32.417  33.581 0.0000000000
250017  42.864  31.994  34.082 0.0000000000
250000  43.564  31.790  34.618 0.0000000000
235116  55.108  21.773  34.241 0.0000000000
234158  54.854  21.470  33.236 0.0000000000
234149  55.648  21.340  33.935 0.0000000000
296486  55.928  20.419  32.931 0.0000000000
232013  55.802  20.034  32.073 0.0000000000
230770  55.339  19.778  33.708 0.0000000000
230806  55.531  19.391  32.508 0.0000000000
334429  55.750  19.076  31.363 0.0000000000
229562  55.624  18.381  30.542 0.0000000000
228185  55.444  17.590  30.464 0.0000000000
251040  51.589  32.929  33.236 0.0000000000
335563  51.807  32.494  33.470 0.0000000000
251039  51.841  33.193  33.274 0.0000000000
251023  52.084  32.731  33.585 0.0000000000
251021  52.960  32.106  33.935 0.0000000000
251987  52.181  33.511  34.921 0.0000000000
251986  52.580  33.056  34.563 0.0000000000
339062  52.882  32.239  34.872 0.0000000000
249980  52.912  31.748  35.214 0.0000000000
248897  52.946  31.219  35.761 0.0000000000
247891  52.794  30.412  36.223 0.0000000000
245860  48.325  29.098  37.661 0.0000000000
246839  48.693  29.699  37.907 0.0000000000
244816  48.564  28.508  37.445 0.0000000000
288005  49.576  27.968  37.387 0.0000000000
243685  49.987  27.531  37.454 0.0000000000
241453  49.379  26.561  37.641 0.0000000000
242547  49.695  27.021  37.496 0.0000000000
242546  50.402  27.158  37.623 0.0000000000
292185  51.268  26.816  37.745 0.0000000000
241450  51.580  26.479  37.676 0.0000000000
240328  51.875  26.072  37.469 0.0000000000
240340  52.136  25.599  37.224 0.0000000000
240310  52.297  25.714  38.277 0.0000000000
239223  52.829  25.245  38.306 0.0000000000
239210  52.746  25.151  39.042 0.0000000000
239201  52.464  24.969  39.661 0.0000000000
238120  53.259  24.770  39.521 0.0000000000
238112  53.452  24.381  40.224 0.0000000000
237038  53.526  23.890  40.799 0.0000000000
236021  53.757  23.095  40.989 0.0000000000
255446  46.155  36.038  24.825 0.0000000000
253025  46.075  33.869  29.800 0.0000000000
253039  45.896  33.761  29.214 0.0000000000
253024  46.623  33.877  29.894 0.0000000000
253037  47.522  33.717  29.416 0.0000000000
326518  48.130  33.900  29.628 0.0000000000
252998  48.759  34.126  31.136 0.0000000000
253021  48.732  34.078  29.942 0.0000000000
253035  48.805  33.972  29.240 0.0000000000
321913  49.210  33.916  28.702 0.0000000000
253034  49.610  34.173  29.054 0.0000000000
253033  50.354  34.449  28.847 0.0000000000
253046  51.312  34.140  28.624 0.0000000000
253869  50.856  34.680  29.340 0.0000000000
253853  51.557  35.031  30.576 0.0000000000
253852  51.784  34.859  30.816 0.0000000000
253839  51.526  35.211  31.629 0.0000000000
253838  51.846  35.064  31.894 0.0000000000
331838  51.917  34.727  31.719 0.0000000000
252057  51.901  34.249  31.913 0.0000000000
252026  51.712  33.519  32.845 0.0000000000
243796  51.561  27.492  30.880 0.0000000000
242669  50.286  26.936  30.943 0.0000000000
242684  50.739  26.806  30.240 0.0000000000
241557  50.632  26.241  29.474 0.0000000000
240410  50.144  25.956  29.173 0.0000000000
240408  51.590  25.861  29.311 0.0000000000
240422  50.554  25.664  28.852 0.0000000000
239330  49.876  24.712  28.463 0.0000000000
238251  49.583  24.146  28.308 0.0000000000
237192  49.631  23.245  27.734 0.0000000000
232089  50.856  20.481  26.657 0.0000000000
233261  51.001  20.746  25.795 0.0000000000
283893  49.707  20.276  26.390 0.0000000000
319229  40.580  20.677  34.035 0.0000000000
238197  44.024  24.206  34.258 0.0000000000
296490  43.707  23.105  34.582 0.0000000000
236095  43.673  22.416  34.465 0.0000000000
236103  44.409  22.467  33.900 0.0000000000
319137  43.724  21.847  34.283 0.0000000000
292518  42.919  21.595  34.527 0.0000000000
233142  42.443  21.231  34.290 0.0000000000
233157  42.132  20.788  33.870 0.0000000000
231985  41.190  20.427  33.451 0.0000000000
301140  41.495  20.244  32.956 0.0000000000
232006  43.817  20.199  32.275 0.0000000000
289859  43.230  20.001  32.094 0.0000000000
230816  42.681  19.690  31.332 0.0000000000
333447  47.958  29.824  24.937 0.0000000000
247032  47.292  29.625  24.380 0.0000000000
249049  47.426  31.190  27.855 0.0000000000
249050  46.384  31.140  27.600 0.0000000000
252000  49.618  33.704  34.740 0.0000000000
251990  49.774  33.589  35.367 0.0000000000
251981  49.322  33.219  35.785 0.0000000000
250988  49.379  33.166  36.491 0.0000000000
250981  48.852  32.790  36.996 0.0000000000
249963  47.865  32.282  36.748 0.0000000000
250982  48.293  32.483  37.099 0.0000000000
250962  48.835  32.359  38.379 0.0000000000
290619  48.639  32.115  38.644 0.0000000000
248849  48.167  31.406  39.064 0.0000000000
246805  47.839  30.244  38.766 0.0000000000
335011  47.840  29.181  37.936 0.0000000000
290082  47.305  28.264  37.646 0.0000000000
243689  47.144  27.555  37.519 0.0000000000
256165  42.502  37.038  28.283 0.0000000000
256160  41.650  36.998  29.198 0.0000000000
340124  41.969  36.257  28.551 0.0000000000
254636  42.538  35.623  27.905 0.0000000000
294732  42.818  34.821  28.042 0.0000000000
331154  43.852  33.928  28.550 0.0000000000
253026  44.839  33.956  29.569 0.0000000000
252977  43.238  33.722  32.224 0.0000000000
253015  43.920  33.998  30.384 0.0000000000
253027  44.442  33.984  30.006 0.0000000000
285480  45.648  33.944  30.207 0.0000000000
288654  46.409  34.014  31.045 0.0000000000
252986  47.025  33.997  31.356 0.0000000000
288661  47.460  33.919  32.218 0.0000000000
252046  46.532  33.538  32.824 0.0000000000
252045  47.141  33.726  32.899 0.0000000000
252963  47.814  33.864  32.763 0.0000000000
252027  48.479  33.783  33.456 0.0000000000
252001  48.921  33.466  34.562 0.0000000000
238213  50.717  24.285  31.745 0.0000000000
238217  50.868  24.150  31.133 0.0000000000
237148  50.908  23.572  31.109 0.0000000000
237155  51.127  23.277  30.567 0.0000000000
236139  51.660  22.798  29.718 0.0000000000
235146  52.096  22.002  31.135 0.0000000000
235151  52.077  21.922  30.521 0.0000000000
235166  52.145  21.992  29.227 0.0000000000
234220  52.681  21.518  28.208 0.0000000000
234226  52.967  21.079  27.672 0.0000000000
232071  52.588  20.467  27.280 0.0000000000
234173  54.413  21.269  32.315 0.0000000000
233190  54.030  21.035  31.391 0.0000000000
297863  53.942  20.553  30.334 0.0000000000
232041  54.502  19.701  29.767 0.0000000000
233207  53.873  20.412  29.657 0.0000000000
233216  53.426  20.624  29.342 0.0000000000
233225  53.388  20.457  28.590 0.0000000000
232059  52.949  20.381  27.765 0.0000000000
232072  51.996  20.175  27.587 0.0000000000
290540  51.223  20.020  27.870 0.0000000000
245914  47.475  29.240  32.851 0.0000000000
244866  47.751  28.766  33.007 0.0000000000
244865  48.778  28.705  33.251 0.0000000000
331583  49.408  28.773  33.391 0.0000000000
317155  49.715  29.658  33.573 0.0000000000
245903  49.833  29.136  33.511 0.0000000000
244864  49.311  28.237  33.230 0.0000000000
243739  50.422  28.007  32.955 0.0000000000
243761  50.722  27.833  32.319 0.0000000000
243783  51.087  27.682  31.622 0.0000000000
250011  51.882  32.062  33.562 0.0000000000
312008  51.928  31.027  33.689 0.0000000000
247906  52.035  30.542  33.656 0.0000000000
247912  53.044  30.554  33.503 0.0000000000
246878  52.609  30.353  33.434 0.0000000000
246879  52.031  29.949  33.530 0.0000000000
244861  51.527  28.812  32.893 0.0000000000
244877  51.935  28.529  32.263 0.0000000000
243782  51.974  27.870  31.225 0.0000000000
243795  52.477  27.574  30.538 0.0000000000
243804  52.751  27.193  30.263 0.0000000000
242666  53.068  27.199  30.551 0.0000000000
243758  53.301  27.857  31.930 0.0000000000
242646  53.132  27.172  31.136 0.0000000000
241525  52.774  26.914  30.772 0.0000000000
241526  52.130  26.446  31.252 0.0000000000
240386  51.640  25.929  31.119 0.0000000000
240387  50.970  25.456  31.820 0.0000000000
251979  50.274  33.651  36.223 0.0000000000
251970  51.000  33.611  37.208 0.0000000000
251960  51.381  33.173  37.707 0.0000000000
250959  50.677  32.664  38.627 0.0000000000
249945  51.270  32.465  38.552 0.0000000000
250967  52.095  32.447  37.902 0.0000000000
248869  52.293  31.456  37.645 0.0000000000
248882  52.599  31.051  37.192 0.0000000000
246851  52.508  29.923  35.903 0.0000000000
293503  49.783  29.692  37.692 0.0000000000
246837  50.203  30.008  37.795 0.0000000000
246836  50.772  30.005  37.679 0.0000000000
322224  51.042  28.610  37.376 0.0000000000
245855  51.305  28.856  37.192 0.0000000000
246835  51.377  29.506  37.247 0.0000000000
246843  51.719  29.797  36.870 0.0000000000
246852  51.948  29.574  36.268 0.0000000000
245880  52.222  29.227  35.290 0.0000000000
244831  52.298  28.884  34.776 0.0000000000
243715  52.097  28.151  34.209 0.0000000000
242597  51.389  27.060  33.790 0.0000000000
302921  51.083  26.931  35.068 0.0000000000
242598  50.903  26.516  34.241 0.0000000000
242614  51.058  26.572  33.516 0.0000000000
241512  50.872  26.009  33.300 0.0000000000
240381  50.813  25.541  32.490 0.0000000000
239286  50.661  24.984  32.428 0.0000000000
238201  50.648  23.980  32.895 0.0000000000
237133  50.795  23.636  33.360 0.0000000000
236101  51.533  22.928  33.593 0.0000000000
237114  51.517  23.758  34.938 0.0000000000
236094  51.594  23.069  34.152 0.0000000000
327259  51.997  22.759  33.927 0.0000000000
236099  52.691  22.481  34.043 0.0000000000
235112  53.411  22.315  34.335 0.0000000000
236090  54.259  22.397  34.891 0.0000000000
239247  52.496  25.059  36.977 0.0000000000
306842  53.000  24.624  36.996 0.0000000000
237094  53.611  23.768  36.638 0.0000000000
238155  54.060  23.901  37.898 0.0000000000
237083  53.947  23.728  37.281 0.0000000000
237102  53.802  23.351  36.185 0.0000000000
236075  54.025  23.028  35.736 0.0000000000
236074  54.511  22.668  35.754 0.0000000000
235102  54.744  22.311  35.195 0.0000000000
235101  55.462  21.891  35.322 0.0000000000
234130  56.279  20.964  35.365 0.0000000000
233119  56.240  20.554  35.624 0.0000000000
233105  55.622  20.298  35.865 0.0000000000
251252  47.869  32.678  21.263 0.0000000000
253973  47.860  34.842  22.010 0.0000000000
252233  48.096  33.019  21.287 0.0000000000
249180  48.365  31.523  21.382 0.0000000000
248093  49.100  30.776  21.441 0.0000000000
248092  49.518  30.228  21.779 0.0000000000
247059  50.044  29.895  22.326 0.0000000000
254682  45.388  35.576  25.240 0.0000000000
253923  45.897  34.811  24.486 0.0000000000
320336  45.932  33.317  28.114 0.0000000000
252101  46.147  33.174  27.640 0.0000000000
252114  47.471  33.019  27.326 0.0000000000
252172  45.958  33.192  24.641 0.0000000000
312779  46.007  33.638  24.306 0.0000000000
251193  46.990  32.893  23.668 0.0000000000
322413  47.339  32.383  23.702 0.0000000000
284082  48.573  31.886  23.460 0.0000000000
301409  48.510  31.744  24.551 0.0000000000
250159  48.923  31.601  24.022 0.0000000000
298994  49.029  31.615  23.419 0.0000000000
249143  49.741  31.157  23.455 0.0000000000
248083  50.293  30.208  22.872 0.0000000000
246050  50.621  29.150  23.294 0.0000000000
246040  50.662  29.144  23.829 0.0000000000
246995  50.264  29.787  25.446 0.0000000000
248016  50.991  30.547  26.378 0.0000000000
248017  50.608  30.299  26.326 0.0000000000
248035  49.835  30.158  25.902 0.0000000000
309771  49.300  30.854  26.883 0.0000000000
296579  49.233  31.058  27.321 0.0000000000
250076  48.945  31.694  28.516 0.0000000000
316429  51.472  33.792  28.755 0.0000000000
251084  51.416  33.394  28.687 0.0000000000
251085  50.909  33.041  28.989 0.0000000000
251077  50.940  33.326  29.407 0.0000000000
251086  50.474  32.749  29.139 0.0000000000
250062  50.033  32.233  28.766 0.0000000000
250063  49.353  32.021  28.962 0.0000000000
250064  48.783  31.902  29.138 0.0000000000
250054  48.724  31.998  29.676 0.0000000000
250044  48.714  32.010  30.234 0.0000000000
250038  48.122  31.691  31.020 0.0000000000
290118  48.881  31.954  31.876 0.0000000000
250031  48.488  31.829  31.380 0.0000000000
248937  48.012  31.448  31.537 0.0000000000
247929  47.896  30.866  32.028 0.0000000000
247921  47.785  30.246  32.514 0.0000000000
243766  47.481  27.708  32.253 0.0000000000
242672  46.884  26.846  31.168 0.0000000000
242652  48.021  26.993  31.794 0.0000000000
241541  47.169  26.490  30.749 0.0000000000
241542  46.560  26.415  30.815 0.0000000000
239297  46.222  25.196  30.797 0.0000000000
238219  46.252  24.558  31.028 0.0000000000
294370  46.336  23.926  31.186 0.0000000000
241537  49.855  26.671  30.553 0.0000000000
241550  48.695  26.282  30.287 0.0000000000
240402  48.307  25.996  29.830 0.0000000000
239309  48.366  25.223  29.167 0.0000000000
239310  47.857  24.915  29.534 0.0000000000
240414  47.431  25.268  29.779 0.0000000000
237149  46.709  23.585  30.827 0.0000000000
237150  46.449  23.324  31.317 0.0000000000
235148  46.562  22.105  31.428 0.0000000000
234187  46.495  21.641  31.312 0.0000000000
233201  45.771  20.590  31.132 0.0000000000
233209  46.905  20.967  30.094 0.0000000000
233210  46.323  20.623  30.314 0.0000000000
232025  45.507  20.107  30.838 0.0000000000
230837  44.858  19.541  30.211 0.0000000000
238232  51.939  24.703  29.003 0.0000000000
238248  51.741  24.631  27.916 0.0000000000
237188  52.094  23.918  27.290 0.0000000000
237189  51.764  24.012  27.172 0.0000000000
238258  51.462  24.312  27.592 0.0000000000
237191  50.314  23.532  27.559 0.0000000000
236161  50.011  22.985  27.292 0.0000000000
236162  49.420  22.649  27.468 0.0000000000
233274  50.615  20.927  25.067 0.0000000000
234259  49.946  21.339  24.597 0.0000000000
235205  50.061  21.834  25.003 0.0000000000
234261  48.561  21.146  24.623 0.0000000000
235199  48.943  21.822  25.145 0.0000000000
329395  49.301  21.974  25.468 0.0000000000
306077  49.453  22.039  26.213 0.0000000000
235181  48.852  21.692  27.407 0.0000000000
312130  48.678  21.805  28.033 0.0000000000
234221  48.219  21.390  28.272 0.0000000000
233235  47.337  20.604  28.354 0.0000000000
230790  52.667  19.297  33.366 0.0000000000
229538  52.651  18.362  32.797 0.0000000000
228173  52.503  17.404  32.264 0.0000000000
228172  53.404  17.382  32.133 0.0000000000
226975  55.187  17.003  30.716 0.0000000000
226982  55.189  17.059  30.178 0.0000000000
228158  54.455  17.914  32.327 0.0000000000
228159  53.711  17.828  32.413 0.0000000000
228160  52.982  17.779  32.459 0.0000000000
228161  52.426  17.901  32.550 0.0000000000
228170  55.132  18.167  31.987 0.0000000000
228171  54.937  17.671  31.828 0.0000000000
228179  55.470  17.899  31.311 0.0000000000
228200  54.112  17.717  29.165 0.0000000000
228202  52.736  18.083  29.159 0.0000000000
229518  52.989  18.839  33.087 0.0000000000
229519  52.291  18.871  33.061 0.0000000000
229537  53.326  18.335  32.791 0.0000000000
229547  55.771  19.628  31.562 0.0000000000
229548  55.605  18.645  31.626 0.0000000000
229555  55.758  18.623  31.106 0.0000000000
229568  54.935  17.990  29.470 0.0000000000
229576  53.191  18.580  29.110 0.0000000000
230787  55.351  19.604  33.103 0.0000000000
230788  54.095  19.139  33.506 0.0000000000
230789  53.380  19.205  33.436 0.0000000000
230805  55.678  19.810  32.764 0.0000000000
230812  55.816  19.723  32.212 0.0000000000
230813  55.697  19.250  31.876 0.0000000000
230814  43.726  19.802  31.391 0.0000000000
230824  45.077  19.787  30.665 0.0000000000
230835  55.516  19.191  30.782 0.0000000000
230839  43.413  19.432  30.391 0.0000000000
230850  54.767  19.178  29.597 0.0000000000
230864  54.383  18.850  29.240 0.0000000000
230866  52.986  19.216  29.010 0.0000000000
230869  51.004  19.183  29.221 0.0000000000
230872  45.162  19.470  29.247 0.0000000000
231955  56.012  20.136  34.797 0.0000000000
231979  54.192  19.672  34.201 0.0000000000
231980  53.476  19.766  34.102 0.0000000000
231994  42.133  20.288  32.928 0.0000000000
232005  55.830  20.094  32.618 0.0000000000
232007  43.263  20.277  32.546 0.0000000000
232008  42.409  20.092  32.433 0.0000000000
232015  44.737  20.085  31.650 0.0000000000
232017  42.694  19.898  31.929 0.0000000000
232026  44.946  19.910  31.133 0.0000000000
232032  55.108  19.729  30.576 0.0000000000
232033  54.632  19.904  30.289 0.0000000000
232034  54.223  20.155  29.989 0.0000000000
232035  46.184  20.283  29.971 0.0000000000
232037  45.439  19.838  30.301 0.0000000000
232042  54.106  19.985  29.419 0.0000000000
232044  45.847  19.932  29.878 0.0000000000
232049  53.751  20.230  29.082 0.0000000000
232052  51.336  19.641  28.960 0.0000000000
232053  46.861  20.334  28.669 0.0000000000
232060  52.667  20.093  27.895 0.0000000000
232073  50.008  19.926  27.541 0.0000000000
232087  52.394  20.633  26.582 0.0000000000
232088  52.036  20.459  27.012 0.0000000000
232091  49.593  19.994  27.069 0.0000000000
232103  50.339  20.504  26.121 0.0000000000
233103  56.214  20.727  36.293 0.0000000000
233104  56.008  20.416  36.084 0.0000000000
233120  56.161  20.292  35.150 0.0000000000
233135  56.273  20.320  34.638 0.0000000000
233136  55.495  20.274  34.952 0.0000000000
233137  54.848  20.283  34.913 0.0000000000
233155  43.318  21.016  33.688 0.0000000000
233167  56.219  20.318  33.500 0.0000000000
233168  55.948  20.802  33.120 0.0000000000
233169  44.635  20.987  32.891 0.0000000000
233171  43.542  20.773  33.240 0.0000000000
233174  41.821  20.503  33.417 0.0000000000
233179  55.779  20.414  32.292 0.0000000000
233181  55.029  21.095  32.376 0.0000000000
233182  44.844  20.732  32.407 0.0000000000
233184  43.705  20.531  32.785 0.0000000000
233188  55.280  20.697  31.930 0.0000000000
233189  54.549  21.042  31.911 0.0000000000
233197  55.020  20.381  31.299 0.0000000000
233198  54.297  20.591  30.949 0.0000000000
233199  53.560  20.992  30.826 0.0000000000
233200  46.203  20.869  30.817 0.0000000000
233211  45.930  20.472  30.683 0.0000000000
233217  47.124  20.868  29.628 0.0000000000
233234  47.801  20.859  28.000 0.0000000000
233241  52.882  20.683  27.435 0.0000000000
233248  52.688  20.779  26.809 0.0000000000
233259  52.725  21.102  26.474 0.0000000000
233273  51.205  20.975  25.444 0.0000000000
233275  49.996  20.793  24.985 0.0000000000
233276  49.404  20.585  25.087 0.0000000000
233277  48.955  20.677  24.598 0.0000000000
233288  50.055  20.918  24.800 0.0000000000
234121  56.286  21.052  35.949 0.0000000000
234140  55.706  21.427  34.460 0.0000000000
234141  43.295  21.983  34.584 0.0000000000
234148  56.158  20.775  34.261 0.0000000000
234150  54.999  21.613  33.732 0.0000000000
234153  43.076  21.291  34.120 0.0000000000
234156  56.094  20.781  33.695 0.0000000000
234157  55.533  21.279  33.396 0.0000000000
234161  44.396  21.298  33.294 0.0000000000
234165  55.343  21.207  32.865 0.0000000000
234166  54.658  21.371  32.745 0.0000000000
234167  54.000  21.462  32.569 0.0000000000
234168  53.330  21.670  32.254 0.0000000000
234169  45.533  21.357  32.288 0.0000000000
234188  46.085  21.160  31.347 0.0000000000
234192  52.945  21.216  30.500 0.0000000000
234193  52.459  21.495  30.205 0.0000000000
234194  46.979  21.411  30.485 0.0000000000
234195  46.584  21.048  30.521 0.0000000000
234204  47.786  21.594  29.478 0.0000000000
234213  52.616  21.469  28.833 0.0000000000
234214  47.988  21.532  28.955 0.0000000000
234227  52.636  21.674  27.766 0.0000000000
234228  48.489  21.472  27.736 0.0000000000
234229  48.102  21.192  27.591 0.0000000000
234235  52.877  21.087  27.044 0.0000000000
234236  48.834  21.713  26.522 0.0000000000
234244  52.214  20.944  25.823 0.0000000000
234250  52.031  21.421  25.727 0.0000000000
234251  51.634  21.124  25.528 0.0000000000
234253  48.421  21.456  25.024 0.0000000000
234254  47.990  21.109  24.938 0.0000000000
234258  50.389  21.281  24.785 0.0000000000
234260  49.553  21.214  24.494 0.0000000000
235078  55.427  22.114  36.445 0.0000000000
235089  55.965  21.470  35.647 0.0000000000
235090  55.576  21.901  35.876 0.0000000000
235100  55.967  21.382  35.196 0.0000000000
235108  55.721  21.557  34.890 0.0000000000
235109  55.218  21.909  34.764 0.0000000000
235110  54.637  22.116  34.605 0.0000000000
235111  54.053  22.219  34.466 0.0000000000
235121  44.031  22.251  34.144 0.0000000000
235124  54.363  21.701  33.584 0.0000000000
235125  53.859  21.822  33.358 0.0000000000
235126  53.214  22.001  33.319 0.0000000000
235127  52.509  22.202  32.996 0.0000000000
235128  45.038  21.983  33.133 0.0000000000
235134  51.825  22.426  32.255 0.0000000000
235140  52.705  21.863  32.021 0.0000000000
235141  52.121  22.129  31.786 0.0000000000
235143  45.895  22.109  32.131 0.0000000000
235147  51.698  22.373  31.347 0.0000000000
235153  47.731  22.351  30.236 0.0000000000
235159  52.110  21.906  29.900 0.0000000000
235160  51.873  22.288  29.666 0.0000000000
235167  51.938  22.559  29.281 0.0000000000
235173  52.481  22.000  28.062 0.0000000000
235174  48.759  22.310  28.201 0.0000000000
235180  48.986  22.240  27.711 0.0000000000
235187  52.670  21.614  26.789 0.0000000000
235189  49.243  22.073  27.059 0.0000000000
235194  52.548  21.573  26.344 0.0000000000
235195  52.272  21.822  26.025 0.0000000000
235197  51.213  22.060  25.674 0.0000000000
235203  51.419  21.589  25.470 0.0000000000
235206  49.393  21.879  25.065 0.0000000000
235209  50.131  21.553  24.743 0.0000000000
235210  49.725  21.603  24.594 0.0000000000
236040  55.204  22.822  38.902 0.0000000000
236083  53.621  22.979  35.372 0.0000000000
236091  53.691  22.594  34.878 0.0000000000
236092  52.990  22.673  34.643 0.0000000000
236100  52.119  22.541  33.409 0.0000000000
236107  51.978  22.469  32.770 0.0000000000
236109  45.056  22.531  33.250 0.0000000000
236110  44.758  22.738  33.645 0.0000000000
236113  51.358  22.836  32.109 0.0000000000
236115  45.662  22.474  32.503 0.0000000000
236120  51.374  22.776  31.523 0.0000000000
236125  51.339  22.721  30.962 0.0000000000
236126  51.118  23.097  31.167 0.0000000000
236128  46.478  22.700  31.503 0.0000000000
236132  51.406  22.732  30.356 0.0000000000
236140  48.427  23.109  29.343 0.0000000000
236152  52.379  22.581  28.124 0.0000000000
236159  52.344  22.749  27.026 0.0000000000
236160  50.701  23.259  27.156 0.0000000000
236176  52.062  22.373  26.123 0.0000000000
236178  50.942  22.539  26.247 0.0000000000
237037  54.103  23.524  40.617 0.0000000000
237039  52.785  23.904  41.024 0.0000000000
237050  54.455  23.490  40.201 0.0000000000
237051  53.983  23.942  40.246 0.0000000000
237093  54.107  23.338  36.731 0.0000000000
237101  54.296  22.976  36.261 0.0000000000
237120  52.559  23.012  34.984 0.0000000000
237121  51.253  23.533  34.360 0.0000000000
237122  51.000  24.144  34.529 0.0000000000
237123  43.725  23.851  34.590 0.0000000000
237127  51.101  23.327  33.783 0.0000000000
237130  44.133  23.557  34.187 0.0000000000
237132  51.117  23.191  33.210 0.0000000000
237134  45.017  23.836  33.387 0.0000000000
237138  50.843  23.490  32.781 0.0000000000
237140  45.379  23.444  32.901 0.0000000000
237143  50.753  23.717  31.686 0.0000000000
237172  52.028  23.238  28.984 0.0000000000
237179  52.269  23.817  27.759 0.0000000000
237181  49.346  23.530  28.191 0.0000000000
237190  51.088  23.792  27.394 0.0000000000
237196  52.142  23.352  27.037 0.0000000000
237197  51.891  23.553  26.905 0.0000000000
238115  51.763  24.351  40.653 0.0000000000
238168  53.101  24.205  36.555 0.0000000000
238185  51.294  24.278  35.129 0.0000000000
238192  43.333  24.164  34.893 0.0000000000
238193  42.920  24.373  35.060 0.0000000000
238207  50.623  24.402  32.369 0.0000000000
238218  46.614  24.219  30.701 0.0000000000
238225  51.093  23.964  30.534 0.0000000000
238240  52.005  24.476  28.346 0.0000000000
238241  49.219  24.481  28.646 0.0000000000
238247  52.050  24.222  27.813 0.0000000000
238257  51.868  24.259  27.546 0.0000000000
238259  50.701  24.108  27.757 0.0000000000
239202  51.800  25.103  39.754 0.0000000000
239238  52.924  24.962  37.570 0.0000000000
239255  52.194  24.837  36.401 0.0000000000
239272  42.173  25.108  34.999 0.0000000000
239281  50.601  25.111  33.052 0.0000000000
239296  50.971  24.744  31.161 0.0000000000
239301  51.637  25.156  29.879 0.0000000000
239304  46.573  24.840  30.532 0.0000000000
239318  50.957  25.383  28.523 0.0000000000
240301  52.395  25.494  38.766 0.0000000000
240312  50.827  25.981  38.469 0.0000000000
240327  52.208  25.890  37.787 0.0000000000
240329  48.394  26.027  37.771 0.0000000000
240388  45.646  25.873  31.504 0.0000000000
240397  46.339  25.830  30.713 0.0000000000
240404  47.130  25.624  30.137 0.0000000000
240409  50.932  25.936  29.089 0.0000000000
240411  49.317  25.902  29.227 0.0000000000
240413  48.023  25.511  29.575 0.0000000000
241527  51.343  26.006  31.887 0.0000000000
241535  52.581  26.984  30.280 0.0000000000
241539  48.447  26.439  30.855 0.0000000000
241549  49.415  26.384  30.157 0.0000000000
242580  51.033  26.609  35.437 0.0000000000
242589  51.132  26.999  34.514 0.0000000000
242590  50.914  26.492  34.895 0.0000000000
242612  52.550  27.426  32.607 0.0000000000
242627  53.276  27.482  31.538 0.0000000000
242631  49.047  27.019  32.393 0.0000000000
242649  49.933  27.037  31.632 0.0000000000
242654  46.579  27.172  31.601 0.0000000000
242668  51.169  27.115  30.574 0.0000000000
242671  47.563  26.785  31.242 0.0000000000
242683  51.697  26.918  30.002 0.0000000000
243688  47.773  27.872  37.437 0.0000000000
243716  51.560  27.862  34.669 0.0000000000
243738  52.121  27.525  33.310 0.0000000000
243740  49.768  27.815  33.103 0.0000000000
243741  49.216  27.722  33.033 0.0000000000
243759  53.151  27.679  32.227 0.0000000000
243760  51.502  28.083  31.934 0.0000000000
243762  50.048  27.571  32.620 0.0000000000
243765  48.140  27.698  32.630 0.0000000000
243769  44.301  27.616  32.429 0.0000000000
243780  53.282  27.648  31.350 0.0000000000
243794  53.043  27.494  30.588 0.0000000000
244813  51.240  28.314  37.178 0.0000000000
244814  50.899  28.144  37.397 0.0000000000
244815  50.285  28.058  37.478 0.0000000000
244827  51.405  28.556  36.842 0.0000000000
244838  52.404  28.561  34.337 0.0000000000
244848  53.270  28.685  33.545 0.0000000000
244858  53.518  28.959  32.902 0.0000000000
244880  47.213  28.680  32.753 0.0000000000
244897  52.972  28.242  31.451 0.0000000000
244911  53.149  27.781  31.009 0.0000000000
245849  47.534  29.566  38.437 0.0000000000
245859  48.919  29.068  37.542 0.0000000000
245861  47.384  28.918  38.019 0.0000000000
245881  51.781  29.104  35.912 0.0000000000
245890  53.338  29.616  34.169 0.0000000000
245894  51.493  29.584  33.585 0.0000000000
245898  53.445  28.903  33.302 0.0000000000
245900  51.964  29.369  33.195 0.0000000000
245909  53.541  29.410  32.880 0.0000000000
245913  47.995  29.299  33.074 0.0000000000
245928  53.221  28.640  31.991 0.0000000000
246031  49.533  29.168  24.547 0.0000000000
246041  50.380  28.898  23.916 0.0000000000
246822  49.703  30.267  38.136 0.0000000000
246824  48.111  29.664  38.150 0.0000000000
246838  49.278  29.724  37.757 0.0000000000
246842  52.225  30.086  36.588 0.0000000000
246850  53.030  30.183  35.310 0.0000000000
246877  53.556  29.626  33.629 0.0000000000
246886  53.529  29.635  33.232 0.0000000000
246889  52.490  29.851  33.202 0.0000000000
246892  48.813  29.904  33.267 0.0000000000
246898  53.225  29.513  32.736 0.0000000000
246899  47.807  29.763  32.832 0.0000000000
246912  46.383  29.977  32.052 0.0000000000
246913  45.599  29.381  32.005 0.0000000000
246914  45.067  29.451  31.892 0.0000000000
247011  49.104  29.631  24.961 0.0000000000
247013  47.452  29.832  24.878 0.0000000000
247014  46.882  29.903  24.761 0.0000000000
247028  50.870  29.607  24.281 0.0000000000
247029  50.555  29.372  24.323 0.0000000000
247031  48.267  29.310  24.413 0.0000000000
247043  50.826  29.427  23.762 0.0000000000
247044  50.629  29.769  23.340 0.0000000000
247045  47.835  29.203  24.044 0.0000000000
247058  50.435  29.514  22.779 0.0000000000
247073  50.214  29.337  22.347 0.0000000000
247828  49.037  31.261  38.938 0.0000000000
247829  48.572  30.812  38.874 0.0000000000
247842  49.996  30.854  38.466 0.0000000000
247843  49.389  30.807  38.639 0.0000000000
247880  52.949  30.843  36.219 0.0000000000
247881  52.467  30.594  36.950 0.0000000000
247895  53.168  30.577  34.832 0.0000000000
247904  53.435  30.043  33.409 0.0000000000
247914  49.056  30.483  33.252 0.0000000000
247930  47.218  30.722  31.806 0.0000000000
248015  51.032  30.694  25.989 0.0000000000
248018  49.730  30.407  26.549 0.0000000000
248020  48.568  30.575  26.170 0.0000000000
248021  47.833  30.610  26.233 0.0000000000
248022  47.043  30.634  26.268 0.0000000000
248023  46.336  30.564  25.994 0.0000000000
248034  50.283  30.001  25.769 0.0000000000
248036  48.984  30.268  25.658 0.0000000000
248040  45.726  30.535  25.698 0.0000000000
248041  45.055  30.546  25.646 0.0000000000
248053  48.473  30.002  25.206 0.0000000000
248054  47.739  30.061  25.291 0.0000000000
248056  46.510  30.129  25.170 0.0000000000
248065  51.098  30.174  24.434 0.0000000000
248066  50.733  30.600  24.109 0.0000000000
248072  50.484  30.427  23.512 0.0000000000
248073  50.094  30.824  23.099 0.0000000000
248848  48.687  31.522  39.067 0.0000000000
248856  51.382  31.931  38.391 0.0000000000
248857  50.733  31.646  38.557 0.0000000000
248868  52.620  31.495  37.263 0.0000000000
248870  51.754  31.425  37.916 0.0000000000
248883  46.306  31.592  36.287 0.0000000000
248921  52.719  31.633  33.529 0.0000000000
248922  51.865  31.411  33.654 0.0000000000
248936  48.364  31.482  31.943 0.0000000000
248964  47.252  31.367  30.291 0.0000000000
248982  47.407  31.402  29.856 0.0000000000
249004  47.176  31.316  29.442 0.0000000000
249022  48.517  31.408  28.077 0.0000000000
249023  47.946  31.300  28.273 0.0000000000
249044  51.129  31.144  27.358 0.0000000000
249045  50.470  31.081  27.357 0.0000000000
249047  49.200  31.451  27.871 0.0000000000
249069  51.192  30.883  26.853 0.0000000000
249070  50.743  30.905  27.146 0.0000000000
249074  46.896  31.135  27.428 0.0000000000
249085  51.296  30.979  26.356 0.0000000000
249086  48.972  30.768  26.541 0.0000000000
249104  51.035  30.967  25.586 0.0000000000
249114  50.890  30.787  25.095 0.0000000000
249115  50.533  31.321  24.871 0.0000000000
249116  50.138  31.462  24.798 0.0000000000
249130  49.393  31.360  23.783 0.0000000000
249144  49.329  31.467  23.073 0.0000000000
249158  49.585  31.078  22.728 0.0000000000
249169  49.343  30.904  22.009 0.0000000000
249937  49.258  31.823  38.800 0.0000000000
249938  48.861  31.736  38.933 0.0000000000
249939  48.398  31.659  38.996 0.0000000000
249947  50.208  32.260  38.740 0.0000000000
249954  52.390  31.959  37.561 0.0000000000
249962  52.599  31.878  36.876 0.0000000000
249964  47.349  31.963  37.067 0.0000000000
249970  52.757  31.759  36.099 0.0000000000
249973  45.977  31.668  35.886 0.0000000000
249982  45.606  31.775  35.337 0.0000000000
249995  53.085  31.902  34.288 0.0000000000
249996  46.127  32.176  35.012 0.0000000000
249997  45.268  31.911  34.698 0.0000000000
249999  44.102  31.816  34.644 0.0000000000
250012  51.172  31.883  33.651 0.0000000000
250013  45.575  32.263  34.244 0.0000000000
250015  44.461  32.036  34.139 0.0000000000
250016  43.376  32.013  34.147 0.0000000000
250090  49.874  31.606  27.936 0.0000000000
250105  51.504  31.480  27.241 0.0000000000
250117  51.367  31.632  26.092 0.0000000000
250118  51.007  32.209  25.806 0.0000000000
250128  51.086  31.603  25.630 0.0000000000
250130  50.265  32.071  25.313 0.0000000000
250133  47.588  32.122  25.198 0.0000000000
250142  50.373  31.780  25.076 0.0000000000
250144  49.267  31.638  24.653 0.0000000000
250145  47.801  31.898  24.571 0.0000000000
250146  47.215  32.108  24.635 0.0000000000
250158  49.464  31.425  24.301 0.0000000000
250161  47.510  32.043  24.095 0.0000000000
250172  48.817  31.805  22.819 0.0000000000
250174  47.921  32.199  23.478 0.0000000000
250183  48.708  31.763  22.052 0.0000000000
250195  48.637  32.364  21.654 0.0000000000
250196  46.578  31.935  21.875 0.0000000000
250208  48.412  32.233  21.399 0.0000000000
250209  48.002  31.950  21.295 0.0000000000
250210  47.571  32.136  21.291 0.0000000000
250211  47.138  32.242  21.484 0.0000000000
250960  50.056  32.769  38.509 0.0000000000
250968  51.661  32.741  38.179 0.0000000000
250969  51.105  32.929  38.309 0.0000000000
250971  49.692  32.985  37.937 0.0000000000
250972  49.121  32.765  37.825 0.0000000000
250973  48.543  32.476  37.736 0.0000000000
250989  48.831  32.923  36.194 0.0000000000
250997  52.644  32.702  35.088 0.0000000000
251000  48.138  32.801  35.428 0.0000000000
251001  47.530  32.586  35.338 0.0000000000
251009  52.893  32.505  34.307 0.0000000000
251012  47.221  32.789  34.839 0.0000000000
251013  46.640  32.538  34.735 0.0000000000
251022  52.475  32.726  33.865 0.0000000000
251024  51.866  32.693  33.475 0.0000000000
251030  44.222  32.335  33.727 0.0000000000
251032  42.754  32.271  33.627 0.0000000000
251042  45.619  32.786  33.576 0.0000000000
251043  45.159  32.740  33.483 0.0000000000
251047  42.654  32.682  33.294 0.0000000000
251048  41.988  32.795  33.333 0.0000000000
251080  49.147  32.270  30.044 0.0000000000
251087  49.811  32.444  29.345 0.0000000000
251088  51.272  32.895  28.144 0.0000000000
251089  51.226  32.774  28.283 0.0000000000
251090  50.756  32.515  28.542 0.0000000000
251092  51.454  32.578  27.719 0.0000000000
251102  51.428  32.556  27.107 0.0000000000
251103  51.021  32.859  26.598 0.0000000000
251106  47.920  32.812  26.833 0.0000000000
251107  46.888  32.678  26.485 0.0000000000
251129  50.400  32.779  25.971 0.0000000000
251133  47.012  32.463  25.972 0.0000000000
251157  50.566  32.427  25.646 0.0000000000
251159  49.398  32.290  25.627 0.0000000000
251183  46.671  32.467  24.743 0.0000000000
251194  46.637  32.739  24.212 0.0000000000
251207  48.209  32.620  22.821 0.0000000000
251231  48.460  32.948  21.458 0.0000000000
251232  48.644  32.894  21.731 0.0000000000
251251  48.187  32.652  21.294 0.0000000000
251961  50.883  33.187  37.816 0.0000000000
251962  50.469  33.389  37.634 0.0000000000
251968  52.099  33.272  36.656 0.0000000000
251969  51.670  33.581  37.063 0.0000000000
251971  50.363  33.571  36.944 0.0000000000
251976  52.158  33.462  35.780 0.0000000000
251980  49.821  33.473  36.026 0.0000000000
252010  52.045  33.337  33.628 0.0000000000
252013  48.664  33.672  34.009 0.0000000000
252016  46.101  33.048  33.593 0.0000000000
252028  47.855  33.733  33.378 0.0000000000
252029  47.267  33.586  33.455 0.0000000000
252030  46.659  33.356  33.373 0.0000000000
252032  44.958  32.934  33.091 0.0000000000
252033  44.324  32.859  33.002 0.0000000000
252034  43.687  32.881  32.967 0.0000000000
252037  41.845  33.228  32.860 0.0000000000
252047  45.972  33.381  32.750 0.0000000000
252050  43.459  33.351  32.633 0.0000000000
252051  42.857  33.378  32.586 0.0000000000
252058  51.437  33.874  31.711 0.0000000000
252064  51.397  34.021  31.201 0.0000000000
252068  51.728  34.201  30.269 0.0000000000
252070  50.888  33.545  30.387 0.0000000000
252074  50.945  33.492  29.900 0.0000000000
252078  51.350  33.592  29.166 0.0000000000
252079  47.648  33.518  28.914 0.0000000000
252084  51.361  33.364  28.376 0.0000000000
252087  47.451  33.365  28.452 0.0000000000
252089  46.033  33.519  28.646 0.0000000000
252091  45.020  33.479  28.020 0.0000000000
252095  50.760  33.564  27.359 0.0000000000
252097  49.161  33.438  27.737 0.0000000000
252103  44.722  33.423  27.507 0.0000000000
252108  51.285  32.924  27.503 0.0000000000
252111  49.834  33.274  26.900 0.0000000000
252112  49.097  33.177  27.193 0.0000000000
252115  46.362  33.025  27.174 0.0000000000
252171  46.449  33.279  24.121 0.0000000000
252181  46.951  33.711  23.555 0.0000000000
252195  48.386  33.813  22.166 0.0000000000
252196  48.130  33.268  22.703 0.0000000000
252214  48.362  33.496  21.428 0.0000000000
252234  47.769  33.652  21.338 0.0000000000
252932  50.655  34.054  35.759 0.0000000000
252939  50.542  34.191  35.237 0.0000000000
252944  51.908  34.551  34.054 0.0000000000
252945  51.384  34.556  34.457 0.0000000000
252952  50.361  34.620  33.751 0.0000000000
252953  49.726  34.240  33.714 0.0000000000
252960  52.173  34.373  32.935 0.0000000000
252971  49.590  34.592  31.909 0.0000000000
252973  48.161  34.055  32.106 0.0000000000
252974  46.381  33.742  32.237 0.0000000000
252975  44.415  33.647  32.310 0.0000000000
253000  45.744  33.986  30.755 0.0000000000
253001  45.131  33.914  31.120 0.0000000000
253009  48.733  34.117  30.567 0.0000000000
253010  48.115  34.002  30.842 0.0000000000
253013  46.244  33.956  30.349 0.0000000000
253014  44.604  33.979  30.632 0.0000000000
253019  51.606  34.337  29.735 0.0000000000
253023  47.662  33.902  29.924 0.0000000000
253032  51.535  34.202  29.253 0.0000000000
253036  48.119  33.695  29.080 0.0000000000
253038  46.898  33.730  29.444 0.0000000000
253041  44.610  33.876  29.048 0.0000000000
253042  44.031  33.924  29.004 0.0000000000
253043  43.400  34.082  28.909 0.0000000000
253045  51.245  33.681  28.114 0.0000000000
253047  50.728  34.249  28.326 0.0000000000
253048  49.891  34.030  28.363 0.0000000000
253050  45.552  33.620  28.798 0.0000000000
253051  44.959  33.683  28.560 0.0000000000
253054  43.455  34.136  28.234 0.0000000000
253057  50.997  33.852  27.952 0.0000000000
253059  44.092  33.754  27.382 0.0000000000
253060  43.553  34.137  27.602 0.0000000000
253061  43.152  34.520  27.867 0.0000000000
253069  44.130  33.893  26.714 0.0000000000
253077  43.892  34.334  26.477 0.0000000000
253095  45.583  33.646  24.691 0.0000000000
253114  46.486  34.003  23.965 0.0000000000
253115  45.947  34.182  24.353 0.0000000000
253141  48.140  34.393  22.005 0.0000000000
253157  48.341  33.929  21.638 0.0000000000
253171  48.076  33.773  21.435 0.0000000000
253172  47.858  33.973  21.502 0.0000000000
253819  51.868  34.797  33.562 0.0000000000
253820  51.592  34.906  33.536 0.0000000000
253828  50.490  34.898  32.649 0.0000000000
253833  51.567  35.131  32.231 0.0000000000
253840  51.003  35.166  31.608 0.0000000000
253841  50.392  34.946  31.768 0.0000000000
253846  51.890  34.965  31.347 0.0000000000
253848  51.328  35.224  30.815 0.0000000000
253849  49.943  34.780  31.073 0.0000000000
253861  51.084  34.941  30.018 0.0000000000
253862  50.663  34.846  29.929 0.0000000000
253863  49.949  34.678  30.071 0.0000000000
253864  42.528  34.518  29.613 0.0000000000
253868  51.216  34.583  28.950 0.0000000000
253872  42.479  34.768  28.971 0.0000000000
253876  50.999  34.491  28.806 0.0000000000
253877  42.953  34.536  28.500 0.0000000000
253886  43.269  34.552  27.290 0.0000000000
253888  42.629  35.186  27.952 0.0000000000
253899  43.863  34.811  26.403 0.0000000000
253924  45.314  34.936  24.928 0.0000000000
253941  46.671  34.863  23.863 0.0000000000
253974  48.127  34.854  22.324 0.0000000000
253990  47.923  34.266  21.739 0.0000000000
253991  47.686  34.796  21.860 0.0000000000
254621  42.198  35.265  28.833 0.0000000000
254628  42.338  35.475  28.294 0.0000000000
254635  42.883  35.430  27.604 0.0000000000
254681  45.918  35.404  24.670 0.0000000000
254713  47.851  35.815  22.730 0.0000000000
254714  47.481  35.568  23.330 0.0000000000
254729  47.756  35.107  22.044 0.0000000000
255388  41.756  36.161  28.957 0.0000000000
255394  42.047  35.814  28.677 0.0000000000
255395  41.808  36.605  28.782 0.0000000000
255398  42.730  35.965  27.706 0.0000000000
255399  42.304  36.045  28.167 0.0000000000
255402  43.193  35.797  27.241 0.0000000000
255445  46.938  36.412  24.388 0.0000000000
255460  47.667  36.586  23.518 0.0000000000
255461  47.280  36.234  23.907 0.0000000000
255462  46.558  35.857  24.287 0.0000000000
255494  47.420  36.348  22.561 0.0000000000
256167  42.548  36.517  27.912 0.0000000000
256193  45.852  36.918  25.784 0.0000000000
256217  47.685  37.042  23.404 0.0000000000
256218  47.593  36.759  23.947 0.0000000000
256240  47.512  36.794  22.911 0.0000000000
256241  46.944  37.101  23.018 0.0000000000
256979  41.952  37.462  29.086 0.0000000000
256985  42.459  37.586  28.695 0.0000000000
257031  47.632  37.545  24.311 0.0000000000
257067  47.444  37.263  23.257 0.0000000000
257802  42.945  38.610  29.723 0.0000000000
257808  42.248  37.854  29.139 0.0000000000
257891  47.312  37.950  24.110 0.0000000000
284172  51.400  20.311  27.166 0.0000000000
284214  47.008  31.170  30.793 0.0000000000
284446  56.077  20.036  33.869 0.0000000000
285239  47.499  33.959  31.627 0.0000000000
285481  47.067  34.028  30.873 0.0000000000
285755  48.618  33.432  28.151 0.0000000000
285776  50.396  20.700  25.453 0.0000000000
285865  50.637  23.837  32.288 0.0000000000
286380  50.788  24.649  34.418 0.0000000000
286578  50.677  20.087  27.368 0.0000000000
286810  51.832  23.239  34.724 0.0000000000
287131  45.445  33.904  29.663 0.0000000000
288208  56.043  20.281  35.603 0.0000000000
288584  46.980  33.903  31.914 0.0000000000
288895  48.436  27.000  37.429 0.0000000000
288938  43.901  19.569  30.807 0.0000000000
290301  44.272  33.960  29.494 0.0000000000
290920  50.578  24.749  33.558 0.0000000000
290944  49.919  30.870  27.013 0.0000000000
291084  54.772  19.309  33.401 0.0000000000
291147  54.972  19.820  34.164 0.0000000000
291243  47.635  32.424  25.827 0.0000000000
291701  45.730  33.928  31.242 0.0000000000
291906  47.619  28.223  32.694 0.0000000000
293264  45.649  27.399  31.848 0.0000000000
293994  44.122  20.026  31.774 0.0000000000
294369  47.069  23.971  30.408 0.0000000000
295269  47.751  35.892  22.388 0.0000000000
295311  51.267  27.389  34.888 0.0000000000
295401  44.551  25.308  33.442 0.0000000000
295853  48.859  34.093  32.965 0.0000000000
295870  51.981  23.900  28.989 0.0000000000
297267  51.149  24.690  35.287 0.0000000000
297847  50.180  33.097  31.061 0.0000000000
298868  47.169  33.884  29.918 0.0000000000
299544  49.208  28.477  37.406 0.0000000000
300402  49.648  32.701  31.256 0.0000000000
300589  42.159  36.588  28.365 0.0000000000
300870  42.699  38.095  29.042 0.0000000000
300977  51.312  30.152  37.525 0.0000000000
301266  53.166  20.167  28.268 0.0000000000
301402  46.865  38.307  24.375 0.0000000000
303083  45.852  23.856  31.998 0.0000000000
303379  48.279  33.837  33.012 0.0000000000
303519  51.579  22.707  32.570 0.0000000000
303820  52.363  22.007  28.554 0.0000000000
304183  44.519  23.113  33.908 0.0000000000
304862  49.831  22.038  25.527 0.0000000000
306325  46.379  30.780  26.544 0.0000000000
306478  51.179  35.000  32.578 0.0000000000
306605  50.707  30.363  25.931 0.0000000000
306924  46.899  22.419  31.170 0.0000000000
307470  55.698  19.951  34.121 0.0000000000
307792  52.118  19.068  29.197 0.0000000000
307961  48.117  30.155  32.815 0.0000000000
307999  41.826  38.160  29.918 0.0000000000
308000  42.394  38.222  29.524 0.0000000000
308614  49.042  21.004  24.377 0.0000000000
308916  52.059  17.764  32.450 0.0000000000
309568  48.088  34.023  22.609 0.0000000000
311022  47.268  29.775  32.562 0.0000000000
311557  45.928  29.825  31.929 0.0000000000
311673  48.076  23.899  29.672 0.0000000000
313162  51.599  31.951  27.007 0.0000000000
314617  49.061  26.941  37.494 0.0000000000
315002  46.159  31.925  35.479 0.0000000000
316262  51.778  24.104  29.485 0.0000000000
316276  47.762  35.660  22.897 0.0000000000
316805  50.740  25.595  33.060 0.0000000000
316980  50.483  29.034  33.558 0.0000000000
317268  47.934  33.015  21.278 0.0000000000
317965  48.653  23.000  28.923 0.0000000000
318115  45.785  21.238  31.820 0.0000000000
319274  51.773  25.536  29.434 0.0000000000
319468  50.235  30.213  26.299 0.0000000000
320045  52.575  22.136  27.036 0.0000000000
323035  46.565  33.938  31.652 0.0000000000
323508  51.545  29.973  37.228 0.0000000000
323720  51.728  22.288  30.154 0.0000000000
323772  48.028  32.116  38.540 0.0000000000
324154  43.898  32.016  34.141 0.0000000000
325011  41.585  36.515  29.185 0.0000000000
325829  54.397  23.332  37.192 0.0000000000
326605  43.581  35.052  26.695 0.0000000000
326755  50.655  32.953  26.337 0.0000000000
327008  47.325  32.795  26.813 0.0000000000
327062  51.635  34.496  30.529 0.0000000000
327459  48.244  28.096  37.400 0.0000000000
327614  45.034  33.982  30.099 0.0000000000
327974  48.224  28.878  33.161 0.0000000000
329461  44.619  28.632  32.131 0.0000000000
330140  52.799  30.789  36.707 0.0000000000
330582  43.190  32.232  33.777 0.0000000000
331302  50.765  29.576  24.624 0.0000000000
332609  53.818  24.556  39.087 0.0000000000
333028  50.645  35.046  30.837 0.0000000000
333157  48.147  33.617  33.827 0.0000000000
333353  49.958  34.788  31.473 0.0000000000
333466  51.759  32.311  38.372 0.0000000000
335260  52.960  17.384  32.199 0.0000000000
335841  47.501  33.764  33.134 0.0000000000
335956  51.400  26.970  36.808 0.0000000000
336312  44.920  33.610  32.343 0.0000000000
336436  43.362  21.586  34.358 0.0000000000
336727  54.387  20.441  35.296 0.0000000000
336746  41.636  37.442  29.450 0.0000000000
337013  48.735  21.460  24.789 0.0000000000
337267  55.610  22.194  36.927 0.0000000000
337840  50.524  29.642  37.609 0.0000000000
338108  43.974  33.992  29.865 0.0000000000
338300  47.147  21.056  29.880 0.0000000000
338547  46.423  33.780  29.469 0.0000000000
339892  55.335  17.387  30.971 0.0000000000
340105  45.355  33.691  32.077 0.0000000000
340349  51.042  30.394  24.896 0.0000000000
340611  46.621  31.276  29.448 0.0000000000
340659  45.141  21.635  32.932 0.0000000000
340711  51.103  29.714  37.512 0.0000000000
341635  49.031  29.942  25.302 0.0000000000
341778  52.206  29.503  35.720 0.0000000000
341887  52.214  20.771  26.112 0.0000000000
