#!ascii label  , from subject sub-v2s5x29542_ses-1 vox2ras=TkReg
1479
122598  -21.442  -27.296  7.401 0.4285714328
126331  -22.413  -25.696  7.065 0.2857142985
275251  -22.071  -26.367  7.384 0.4285714328
126313  -23.119  -25.987  8.136 0.4285714328
125141  -23.707  -25.535  8.350 0.4285714328
126386  -23.305  -25.424  6.085 0.2857142985
126356  -23.432  -25.313  6.800 0.4285714328
126357  -24.380  -25.093  7.253 0.4285714328
128999  -24.152  -24.434  5.347 0.4285714328
292601  -24.566  -24.664  5.673 0.4285714328
130242  -24.194  -23.377  4.746 0.4285714328
287744  -25.462  -23.571  4.401 0.4285714328
134412  -24.729  -21.588  4.165 0.5714285970
133029  -25.210  -22.429  4.441 0.5714285970
293716  -25.738  -23.394  3.861 0.4285714328
131619  -26.146  -23.133  3.490 0.2857142985
292794  -25.305  -21.382  3.987 0.7142857313
278436  -25.861  -21.985  3.540 0.7142857313
135727  -27.148  -20.930  3.700 0.7142857313
134432  -27.632  -21.164  3.683 0.4285714328
134430  -26.405  -21.903  2.980 0.7142857313
134431  -26.903  -21.817  2.999 0.5714285970
296551  -28.032  -20.382  3.262 0.5714285970
137200  -26.576  -20.363  3.713 0.5714285970
273608  -27.476  -19.764  3.403 0.5714285970
138726  -27.776  -19.312  3.269 0.5714285970
286902  -28.492  -19.605  3.091 0.5714285970
266271  -26.802  -19.795  3.747 0.5714285970
137204  -29.121  -19.888  3.534 0.4285714328
140130  -28.559  -18.862  2.903 0.5714285970
140110  -29.988  -18.538  3.347 0.5714285970
141411  -27.371  -17.738  3.516 0.7142857313
141435  -29.433  -18.115  2.905 0.7142857313
141436  -30.109  -17.534  2.867 0.7142857313
140111  -30.620  -18.236  3.425 0.5714285970
265736  -28.308  -18.350  3.177 0.5714285970
142627  -26.003  -17.088  3.660 0.5714285970
142648  -28.768  -17.131  3.095 0.8571428657
251164  -30.521  -17.348  2.642 0.7142857313
141413  -30.996  -17.738  3.178 0.5714285970
143845  -27.818  -16.601  3.409 0.7142857313
145066  -26.964  -16.110  3.424 0.5714285970
143851  -31.204  -16.719  2.085 0.7142857313
142630  -31.911  -17.324  2.879 0.5714285970
267894  -29.015  -16.752  2.909 0.7142857313
142651  -30.506  -17.098  2.375 0.7142857313
143852  -31.854  -16.427  2.239 0.5714285970
143849  -30.280  -16.851  2.349 0.7142857313
142655  -33.017  -16.657  2.739 0.5714285970
143847  -29.027  -16.301  3.031 0.5714285970
258091  -29.689  -15.822  2.941 0.7142857313
145089  -31.149  -16.441  2.136 0.7142857313
259180  -32.418  -15.555  1.625 0.7142857313
143874  -32.511  -16.350  2.212 0.7142857313
146547  -30.541  -15.313  2.725 0.7142857313
145120  -31.604  -15.655  2.029 0.7142857313
275896  -31.969  -15.060  1.525 0.7142857313
146567  -33.265  -14.605  1.823 0.7142857313
146552  -33.310  -15.283  1.867 0.5714285970
148056  -31.265  -14.572  2.465 0.7142857313
148033  -28.806  -14.674  3.044 0.5714285970
280316  -33.733  -14.050  1.401 0.5714285970
149234  -34.348  -13.536  2.298 0.5714285970
266715  -30.558  -14.196  2.778 0.8571428657
149232  -33.711  -13.711  1.537 0.7142857313
150408  -33.056  -13.303  2.182 0.7142857313
149229  -31.967  -13.885  1.976 0.8571428657
281041  -32.625  -13.669  2.086 0.7142857313
152849  -33.625  -11.916  2.443 0.8571428657
151629  -33.887  -12.319  2.509 0.5714285970
151627  -32.954  -12.599  1.874 0.8571428657
285602  -32.099  -12.055  2.535 0.8571428657
150406  -31.489  -13.110  2.354 0.8571428657
150407  -32.368  -13.252  2.363 0.8571428657
280237  -33.254  -10.127  1.600 0.8571428657
155334  -34.438  -10.077  1.492 0.8571428657
283207  -33.962  -8.715  0.523 0.8571428657
152848  -32.724  -12.022  2.202 0.8571428657
260047  -33.337  -9.521  1.421 0.8571428657
268007  -32.602  -9.034  1.811 1.0000000000
156612  -33.752  -9.224  0.961 1.0000000000
154103  -32.617  -10.930  1.924 0.8571428657
157976  -33.815  -8.689  0.597 1.0000000000
156595  -32.758  -9.528  1.726 1.0000000000
159353  -33.980  -7.720  0.486 1.0000000000
162216  -33.117  -6.572  1.762 0.7142857313
157954  -33.317  -8.271  1.048 1.0000000000
159331  -32.835  -8.209  2.108 1.0000000000
160810  -33.851  -7.250  0.839 1.0000000000
166596  -34.922  -4.806  -0.249 1.0000000000
285481  -34.904  -4.635  -0.260 0.8571428657
169178  -35.127  -3.441  0.184 0.8571428657
167947  -35.184  -3.437  0.245 1.0000000000
172729  -35.345  -0.698  0.253 0.8571428657
170319  -35.443  -1.977  0.751 0.8571428657
175173  -35.659  0.230  -0.311 0.8571428657
173915  -35.517  -0.279  -0.103 0.8571428657
273233  -35.455  0.749  0.291 0.7142857313
175162  -34.902  0.694  0.854 0.5714285970
177863  -35.452  1.838  0.441 0.7142857313
177858  -34.241  1.702  1.552 0.5714285970
176485  -34.639  1.203  1.106 0.5714285970
179265  -34.080  2.216  1.762 0.4285714328
274599  -34.578  3.271  1.681 0.4285714328
180656  -35.033  3.959  1.852 0.4285714328
181925  -33.365  3.624  2.170 0.2857142985
181924  -32.687  3.984  2.165 0.2857142985
180643  -33.570  3.168  2.127 0.2857142985
181913  -32.150  4.085  2.821 0.2857142985
126355  -22.900  -25.585  6.594 0.2857142985
140129  -28.059  -18.862  3.152 0.5714285970
141438  -31.266  -17.367  2.759 0.5714285970
269558  -34.172  -13.110  2.260 0.5714285970
149230  -32.487  -14.235  1.753 0.7142857313
149231  -33.152  -13.948  1.757 0.7142857313
151628  -33.526  -12.492  2.349 0.8571428657
154105  -34.230  -11.140  2.218 0.8571428657
154125  -34.385  -10.633  1.926 0.8571428657
156613  -34.384  -9.296  0.909 0.8571428657
163700  -33.809  -6.409  1.230 0.8571428657
183089  -33.093  4.878  4.399 0.1428571492
126384  -22.079  -25.586  5.818 0.2857142985
127742  -22.937  -25.322  5.210 0.2857142985
127719  -23.541  -24.974  5.827 0.2857142985
127720  -24.134  -24.786  5.933 0.4285714328
128975  -25.293  -24.093  5.980 0.4285714328
128998  -23.112  -24.323  4.819 0.2857142985
260343  -24.731  -23.260  4.451 0.4285714328
127744  -23.705  -24.695  5.499 0.4285714328
129000  -25.286  -23.915  5.122 0.4285714328
131616  -24.123  -22.896  4.441 0.5714285970
134413  -25.364  -22.032  4.066 0.5714285970
133042  -26.750  -22.186  2.843 0.4285714328
135703  -24.786  -20.766  4.386 0.2857142985
135704  -25.254  -20.705  4.114 0.7142857313
135726  -26.490  -21.170  3.486 0.7142857313
137201  -27.379  -20.416  3.843 0.4285714328
138688  -25.617  -19.090  4.210 0.5714285970
137180  -29.863  -19.758  4.601 0.4285714328
140082  -26.078  -18.596  4.048 0.7142857313
141409  -26.509  -18.085  3.977 0.7142857313
138728  -28.689  -19.211  2.944 0.7142857313
138729  -29.434  -18.908  3.183 0.5714285970
138708  -29.843  -19.144  3.627 0.4285714328
253187  -29.725  -17.542  2.942 0.7142857313
142650  -29.994  -17.130  2.668 0.7142857313
143822  -26.651  -16.704  3.354 0.5714285970
142628  -27.027  -17.197  3.411 0.5714285970
271184  -33.615  -16.447  2.453 0.5714285970
145067  -27.427  -16.123  3.525 0.5714285970
142631  -32.616  -17.247  3.071 0.5714285970
145118  -30.294  -15.911  2.721 0.7142857313
145088  -30.583  -16.526  2.292 0.7142857313
145123  -33.318  -15.954  1.806 0.5714285970
146524  -28.718  -15.284  3.210 0.8571428657
148057  -31.784  -14.399  1.836 0.7142857313
152850  -34.182  -11.762  2.206 0.5714285970
268401  -31.781  -11.452  2.697 1.0000000000
157977  -34.378  -8.449  0.015 1.0000000000
263986  -32.055  -9.175  1.933 1.0000000000
160787  -33.284  -7.222  1.523 0.8571428657
165104  -33.768  -5.632  1.578 0.7142857313
253115  -34.427  -5.925  0.734 1.0000000000
163701  -34.698  -5.916  0.638 1.0000000000
166595  -34.809  -5.047  -0.134 0.7142857313
163722  -34.870  -5.397  0.244 1.0000000000
165105  -34.434  -5.362  0.708 0.7142857313
167936  -34.893  -3.973  0.208 0.8571428657
171492  -35.396  -1.333  0.793 0.8571428657
170311  -35.540  -2.599  0.379 1.0000000000
169180  -35.609  -3.058  0.314 1.0000000000
175163  -35.265  0.133  0.494 0.7142857313
180653  -34.342  3.016  1.903 0.7142857313
177859  -34.714  1.833  0.840 0.7142857313
179274  -34.717  2.556  0.487 0.7142857313
181933  -32.978  3.780  1.634 0.2857142985
181934  -33.844  3.605  1.375 0.4285714328
179275  -35.063  3.172  0.439 0.4285714328
181938  -34.687  3.903  1.427 0.4285714328
183122  -32.181  4.307  2.102 0.2857142985
138687  -24.964  -19.523  5.153 0.4285714328
140080  -25.031  -18.699  4.517 0.4285714328
180644  -34.184  3.107  1.954 0.4285714328
179266  -34.255  2.491  1.133 0.7142857313
181926  -33.834  3.337  1.936 0.2857142985
122599  -21.972  -26.998  7.582 0.4285714328
285275  -22.671  -26.507  8.239 0.4285714328
126353  -21.601  -25.747  6.206 0.2857142985
125159  -21.442  -26.363  6.404 0.2857142985
125103  -23.614  -25.930  8.758 0.4285714328
126332  -23.169  -25.635  7.428 0.4285714328
126385  -22.842  -25.549  5.793 0.2857142985
127687  -23.709  -24.959  6.410 0.4285714328
130226  -23.728  -23.791  5.007 0.2857142985
130227  -24.396  -23.840  5.092 0.4285714328
128974  -24.802  -24.227  5.475 0.4285714328
130228  -25.028  -23.873  4.873 0.4285714328
130241  -23.563  -23.230  4.575 0.4285714328
133028  -24.422  -22.253  4.383 0.4285714328
135702  -24.251  -20.924  4.489 0.2857142985
133030  -25.720  -22.838  3.464 0.4285714328
135725  -25.637  -20.294  3.754 0.5714285970
286071  -25.435  -19.654  4.925 0.5714285970
140108  -27.128  -18.919  3.708 0.5714285970
140109  -27.521  -18.842  3.531 0.5714285970
137205  -29.625  -19.618  3.890 0.4285714328
141434  -28.530  -17.699  3.216 0.7142857313
138709  -30.407  -18.832  3.842 0.5714285970
287396  -26.546  -17.190  3.498 0.7142857313
141433  -28.025  -17.736  3.636 0.7142857313
142610  -25.551  -17.396  4.348 0.7142857313
143846  -28.473  -16.527  3.219 0.5714285970
142653  -31.502  -16.997  2.323 0.5714285970
145121  -32.057  -15.507  1.677 0.7142857313
145087  -28.572  -15.858  3.254 0.7142857313
146526  -29.906  -15.255  2.984 0.8571428657
148058  -32.097  -14.721  1.274 0.7142857313
148034  -29.486  -14.645  3.039 0.8571428657
150410  -33.875  -13.068  2.012 0.8571428657
268231  -33.022  -11.471  2.181 0.8571428657
281558  -33.097  -10.823  1.803 0.8571428657
151625  -31.501  -12.365  2.771 0.8571428657
155314  -32.698  -10.269  1.785 1.0000000000
160786  -32.666  -7.477  1.761 1.0000000000
276125  -35.722  1.457  0.347 0.7142857313
176488  -35.145  1.304  0.663 0.5714285970
272033  -34.728  3.504  1.793 0.4285714328
181914  -33.104  3.799  2.650 0.2857142985
183096  -33.141  4.501  3.819 0.1428571492
250234  -23.080  -24.871  4.955 0.2857142985
137177  -24.995  -19.864  4.973 0.2857142985
165106  -34.782  -5.363  0.206 1.0000000000
286041  -33.459  6.051  -0.095 0.2857142985
187021  -31.915  7.230  -0.112 0.1428571492
184253  -34.100  4.989  0.822 0.2857142985
185251  -34.229  5.970  -0.306 0.2857142985
185247  -31.946  6.091  0.496 0.1428571492
187020  -30.733  7.688  0.547 0.1428571492
184251  -32.035  4.299  1.173 0.1428571492
184252  -33.070  4.686  0.837 0.2857142985
185244  -32.406  5.188  0.993 0.1428571492
183137  -36.053  4.952  1.042 0.2857142985
184259  -34.581  5.573  0.614 0.2857142985
179286  -37.096  1.904  -1.578 0.2857142985
180660  -35.957  3.530  -0.308 0.2857142985
187018  -30.548  7.374  0.914 0.1428571492
181939  -35.352  4.479  1.773 0.2857142985
179280  -36.455  2.157  0.045 0.2857142985
181942  -35.483  4.667  1.761 0.2857142985
183134  -34.853  4.655  1.427 0.2857142985
175164  -36.952  0.585  0.123 0.1428571492
285475  -36.220  2.917  -0.278 0.2857142985
180659  -35.563  3.890  0.382 0.2857142985
276516  -31.772  5.810  1.018 0.1428571492
291693  -35.334  3.553  0.432 0.2857142985
173907  -38.322  0.287  1.341 0.1428571492
175165  -37.469  0.628  0.766 0.1428571492
176508  -36.885  1.335  -1.366 0.4285714328
274463  -35.444  2.458  0.159 0.2857142985
171479  -36.921  -1.247  1.421 0.2857142985
173923  -36.529  0.015  -0.027 0.4285714328
177870  -36.154  1.365  -0.300 0.2857142985
170288  -37.051  -1.811  2.315 0.1428571492
173917  -36.837  -0.289  0.603 0.2857142985
175174  -36.020  0.410  -0.325 0.4285714328
173916  -36.196  -0.481  0.168 0.5714285970
169137  -36.569  -2.888  2.621 0.1428571492
170287  -36.677  -2.119  2.121 0.1428571492
173922  -35.975  -0.021  -0.240 0.7142857313
265560  -36.623  -1.238  0.968 0.4285714328
167877  -36.669  -3.803  3.200 0.2857142985
167896  -35.899  -3.909  2.223 0.7142857313
172730  -35.925  -1.027  0.486 0.7142857313
167948  -35.618  -3.501  0.516 0.8571428657
169168  -36.091  -2.757  1.653 0.8571428657
171493  -36.314  -1.476  0.705 0.5714285970
165068  -36.248  -4.854  3.487 0.2857142985
166524  -36.412  -4.340  3.359 0.2857142985
171477  -36.073  -1.969  0.948 0.7142857313
289904  -34.916  -1.334  0.963 0.5714285970
170320  -35.783  -2.132  0.733 0.8571428657
165053  -36.189  -5.331  3.530 0.1428571492
163645  -36.313  -5.716  3.895 0.1428571492
157973  -28.935  -9.099  1.817 0.5714285970
159329  -31.960  -8.382  2.632 0.8571428657
159330  -32.335  -7.922  2.361 0.8571428657
268252  -31.306  -7.893  2.301 0.4285714328
160785  -32.057  -7.424  2.155 0.5714285970
165132  -34.807  -5.127  -0.042 0.8571428657
266286  -34.889  -6.467  0.822 0.8571428657
166597  -35.118  -4.657  0.479 0.8571428657
286070  -35.694  -6.835  2.892 0.2857142985
165107  -35.134  -5.390  1.093 0.8571428657
166572  -35.403  -4.377  1.534 0.8571428657
170312  -35.839  -2.506  0.701 0.8571428657
162168  -36.163  -6.878  3.927 0.4285714328
163679  -35.650  -5.821  2.408 0.7142857313
166546  -35.777  -4.547  2.257 0.7142857313
291107  -28.753  -9.427  1.530 0.2857142985
282327  -30.955  -9.132  2.458 0.5714285970
157950  -30.647  -8.818  2.426 0.5714285970
157953  -32.917  -8.476  2.145 0.8571428657
162218  -34.558  -7.073  0.130 0.8571428657
261036  -34.462  -6.531  0.675 0.8571428657
163702  -34.984  -5.936  0.850 0.8571428657
160771  -35.523  -7.320  2.750 0.4285714328
162198  -34.931  -6.771  1.271 0.8571428657
165079  -35.195  -5.791  1.670 0.8571428657
257570  -35.653  -7.679  3.200 0.4285714328
150401  -27.200  -12.778  2.505 0.7142857313
152844  -26.967  -11.936  1.585 0.4285714328
149226  -28.384  -13.514  2.820 0.7142857313
151623  -30.143  -12.760  2.638 0.8571428657
152847  -28.938  -11.471  2.203 0.5714285970
155309  -29.073  -10.083  1.946 0.5714285970
155332  -28.255  -10.078  1.453 0.4285714328
268429  -30.304  -11.515  2.395 0.8571428657
155310  -29.477  -10.467  2.289 0.5714285970
157948  -29.396  -9.404  2.151 0.5714285970
154102  -31.975  -10.920  2.418 0.8571428657
155312  -31.537  -10.304  2.518 0.7142857313
267188  -30.396  -9.897  2.730 0.5714285970
261054  -34.772  -9.775  1.281 0.7142857313
285546  -34.637  -8.990  0.827 0.7142857313
159355  -34.786  -7.932  -0.297 0.7142857313
160813  -35.041  -7.621  0.086 0.8571428657
156561  -35.918  -9.496  3.796 0.2857142985
156598  -35.513  -9.029  2.562 0.4285714328
157956  -35.410  -8.403  2.465 0.5714285970
145086  -27.297  -15.419  3.549 0.4285714328
149204  -26.982  -13.767  2.968 0.4285714328
150400  -26.580  -12.772  2.154 0.4285714328
149228  -31.161  -13.775  2.379 0.7142857313
150405  -30.781  -13.128  2.651 0.7142857313
268428  -31.115  -11.435  2.579 0.8571428657
154106  -34.640  -10.855  2.248 0.7142857313
155295  -35.423  -10.367  2.874 0.2857142985
155317  -35.103  -10.075  2.238 0.5714285970
289504  -34.692  -10.292  1.758 0.5714285970
268625  -26.757  -15.673  3.283 0.4285714328
148053  -25.780  -14.567  2.481 0.5714285970
148032  -28.146  -14.468  3.035 0.5714285970
149205  -27.866  -13.923  2.972 0.5714285970
250797  -30.329  -13.488  2.810 0.7142857313
150411  -34.060  -12.621  2.967 0.4285714328
152833  -35.181  -11.308  3.146 0.4285714328
154086  -35.403  -10.847  3.254 0.4285714328
290222  -35.218  -10.886  2.879 0.4285714328
142609  -25.167  -17.440  4.496 0.5714285970
256889  -32.286  -17.617  3.548 0.4285714328
142632  -33.328  -17.169  3.319 0.4285714328
148035  -34.930  -14.551  2.872 0.4285714328
146553  -34.071  -14.849  1.866 0.4285714328
270947  -35.341  -13.979  3.665 0.4285714328
150412  -34.473  -13.140  2.858 0.4285714328
130211  -26.051  -23.484  5.601 0.1428571492
143876  -33.757  -16.156  2.113 0.4285714328
145093  -34.513  -15.727  2.934 0.4285714328
146514  -35.039  -14.923  3.464 0.4285714328
290464  -27.024  -22.645  4.543 0.1428571492
131601  -27.518  -22.510  5.022 0.1428571492
135705  -29.098  -20.478  4.541 0.2857142985
138691  -33.079  -19.233  4.955 0.2857142985
140089  -35.031  -18.445  4.619 0.2857142985
140086  -34.127  -18.486  4.328 0.2857142985
138689  -30.878  -19.069  4.397 0.4285714328
141395  -35.090  -17.808  4.514 0.2857142985
141392  -33.948  -17.952  4.106 0.2857142985
140114  -32.603  -17.957  4.302 0.2857142985
142635  -34.832  -16.977  3.921 0.2857142985
143825  -34.498  -16.604  3.524 0.4285714328
131570  -27.025  -22.993  5.943 0.1428571492
130244  -25.924  -23.464  3.969 0.1428571492
133013  -28.470  -21.887  5.198 0.2857142985
268899  -28.371  -21.402  4.638 0.2857142985
134390  -31.023  -21.111  5.606 0.2857142985
137162  -32.300  -20.028  5.179 0.2857142985
137161  -31.599  -20.048  5.142 0.2857142985
137181  -30.495  -19.599  4.822 0.2857142985
137184  -32.517  -19.604  4.955 0.2857142985
131571  -27.617  -22.748  5.792 0.1428571492
132991  -30.421  -22.132  5.850 0.2857142985
131573  -28.939  -22.569  5.971 0.2857142985
134363  -30.158  -21.740  5.477 0.2857142985
134362  -29.449  -21.725  5.430 0.2857142985
133012  -27.901  -21.986  4.716 0.2857142985
134389  -30.417  -21.235  5.465 0.2857142985
126333  -24.201  -25.434  7.954 0.2857142985
128941  -25.638  -24.138  6.685 0.1428571492
128940  -25.153  -24.317  6.609 0.2857142985
130179  -26.544  -23.636  6.601 0.1428571492
122560  -22.481  -27.673  8.343 0.2857142985
122533  -22.059  -28.156  8.369 0.2857142985
122558  -21.200  -27.911  7.697 0.2857142985
126358  -25.071  -24.841  7.565 0.2857142985
122534  -23.005  -27.689  8.691 0.1428571492
291181  -21.156  -28.242  7.939 0.2857142985
121118  -21.169  -28.620  8.283 0.1428571492
132987  -28.100  -22.338  5.428 0.1428571492
131574  -29.527  -22.622  5.923 0.2857142985
137163  -33.134  -19.941  5.101 0.2857142985
135678  -31.290  -20.557  5.406 0.2857142985
138692  -33.706  -18.879  4.623 0.2857142985
140113  -31.813  -18.129  4.049 0.4285714328
141416  -33.673  -17.547  3.762 0.4285714328
286654  -34.612  -17.746  4.055 0.2857142985
143791  -35.108  -16.684  4.660 0.2857142985
151622  -28.702  -12.502  2.551 0.7142857313
146513  -34.773  -15.499  3.534 0.4285714328
285071  -30.182  -10.601  2.536 0.5714285970
259329  -34.003  -14.080  2.130 0.4285714328
151631  -34.449  -12.043  2.972 0.4285714328
152822  -35.358  -11.346  3.601 0.2857142985
155282  -35.837  -10.117  3.957 0.2857142985
156575  -35.537  -9.705  2.697 0.5714285970
170310  -35.149  -2.520  0.457 0.7142857313
159333  -35.144  -7.705  1.187 0.7142857313
167937  -35.012  -4.146  0.478 0.8571428657
173914  -35.090  -0.471  0.328 0.4285714328
159299  -35.970  -8.147  3.555 0.2857142985
294621  -35.316  -4.067  1.080 0.8571428657
256970  -35.898  -1.682  0.752 0.8571428657
166523  -35.994  -4.710  2.898 0.5714285970
171457  -36.743  -1.695  1.846 0.4285714328
186126  -30.846  6.457  1.831 0.1428571492
176500  -36.820  1.055  -0.423 0.2857142985
264807  -37.080  0.266  0.548 0.1428571492
183138  -36.457  5.023  0.860 0.2857142985
123845  -22.893  -26.974  8.557 0.1428571492
123898  -21.218  -26.905  6.429 0.2857142985
125105  -24.688  -26.106  8.328 0.1428571492
127690  -25.313  -24.427  7.115 0.1428571492
127689  -24.817  -24.769  6.824 0.2857142985
130212  -26.813  -23.284  6.309 0.1428571492
130182  -28.346  -23.216  6.612 0.1428571492
130183  -28.854  -23.235  6.587 0.1428571492
260638  -28.552  -20.819  4.231 0.2857142985
134387  -29.276  -21.215  5.200 0.2857142985
135677  -30.637  -20.621  5.446 0.2857142985
135680  -32.743  -20.594  5.347 0.2857142985
137179  -29.335  -20.032  4.207 0.2857142985
137185  -33.938  -19.597  4.682 0.2857142985
259087  -26.691  -15.070  3.087 0.5714285970
137182  -31.260  -19.614  4.756 0.2857142985
149223  -26.261  -13.250  2.149 0.2857142985
142593  -35.179  -17.234  4.883 0.2857142985
145044  -35.409  -15.741  5.232 0.2857142985
150402  -28.143  -12.957  2.596 0.7142857313
150404  -29.607  -13.259  2.824 0.5714285970
154124  -27.483  -10.953  1.249 0.4285714328
269665  -28.465  -11.913  2.372 0.5714285970
145055  -35.338  -15.648  4.644 0.4285714328
157988  -28.738  -8.656  1.380 0.2857142985
156611  -28.533  -9.617  1.313 0.5714285970
146505  -35.210  -15.272  4.051 0.2857142985
145124  -33.893  -15.641  2.001 0.4285714328
154100  -29.740  -11.073  2.237 0.7142857313
249176  -29.044  -8.381  1.844 0.2857142985
268477  -35.421  -14.131  4.336 0.1428571492
150383  -35.335  -12.763  3.780 0.4285714328
272065  -35.068  -12.599  3.451 0.4285714328
152802  -35.394  -11.692  4.092 0.1428571492
160811  -34.409  -7.326  -0.085 0.8571428657
154059  -35.489  -11.090  4.243 0.1428571492
156597  -35.134  -9.468  2.008 0.5714285970
156576  -35.817  -9.255  3.194 0.2857142985
283116  -35.476  -7.738  2.654 0.5714285970
162181  -35.654  -6.373  2.649 0.7142857313
167938  -35.715  -3.683  1.156 0.8571428657
163632  -36.607  -5.904  4.451 0.2857142985
165040  -36.709  -5.294  4.464 0.1428571492
183131  -32.766  3.992  1.094 0.2857142985
165067  -35.970  -5.290  2.964 0.4285714328
262082  -36.333  -6.293  4.056 0.4285714328
166507  -36.604  -4.541  3.918 0.1428571492
167862  -36.957  -4.068  3.678 0.1428571492
167897  -36.452  -3.561  2.650 0.1428571492
170266  -36.789  -2.304  2.533 0.1428571492
185241  -31.618  5.928  1.622 0.1428571492
171478  -36.461  -1.734  1.183 0.5714285970
169138  -37.055  -2.582  2.968 0.1428571492
171458  -37.215  -1.284  2.004 0.1428571492
176499  -36.496  0.901  -0.465 0.2857142985
172722  -36.929  -0.757  1.051 0.2857142985
172723  -37.406  -0.709  1.484 0.1428571492
173906  -37.775  -0.083  1.151 0.1428571492
177878  -36.858  1.614  -1.504 0.2857142985
177879  -37.172  1.646  -1.536 0.2857142985
176501  -37.244  1.370  -0.761 0.1428571492
176489  -37.535  0.942  0.182 0.1428571492
122561  -25.235  -27.228  8.662 0.1428571492
128943  -26.835  -23.922  7.042 0.1428571492
275148  -34.625  -19.589  4.547 0.2857142985
261299  -36.006  -9.247  4.217 0.2857142985
175166  -38.320  0.988  1.107 0.1428571492
179287  -37.461  2.169  -1.311 0.2857142985
291599  -21.134  -27.079  6.985 0.2857142985
123844  -22.352  -27.075  8.091 0.2857142985
123846  -23.457  -26.531  8.770 0.1428571492
123847  -24.366  -26.523  8.491 0.1428571492
126314  -24.527  -25.713  8.166 0.1428571492
126334  -24.749  -25.336  7.878 0.1428571492
130229  -25.757  -23.646  4.843 0.1428571492
131599  -26.250  -23.351  4.879 0.1428571492
133032  -27.395  -21.704  3.295 0.2857142985
135728  -27.752  -20.838  3.605 0.4285714328
134415  -28.124  -21.138  3.951 0.2857142985
133031  -27.138  -22.148  3.380 0.1428571492
135729  -28.752  -20.279  3.916 0.2857142985
140112  -31.227  -18.198  3.721 0.4285714328
149206  -28.594  -14.070  2.970 0.5714285970
276060  -28.291  -14.915  3.128 0.4285714328
149235  -34.909  -13.563  2.723 0.4285714328
274730  -29.752  -13.996  2.966 0.7142857313
285511  -31.528  -11.874  2.883 0.7142857313
159370  -34.856  -8.301  -0.048 0.7142857313
157951  -31.987  -8.511  2.560 0.8571428657
155313  -32.156  -10.338  2.130 0.8571428657
156594  -31.754  -9.750  2.406 0.8571428657
159354  -34.570  -7.879  -0.241 0.8571428657
162217  -33.992  -7.002  0.850 0.8571428657
259246  -35.714  -0.499  -0.013 0.7142857313
176498  -35.824  0.721  -0.329 0.5714285970
177864  -35.959  1.884  0.303 0.2857142985
152851  -34.419  -11.536  2.474 0.4285714328
128976  -25.959  -23.784  6.223 0.1428571492
140081  -25.484  -18.235  4.447 0.5714285970
137159  -30.150  -20.204  5.108 0.2857142985
143824  -34.206  -16.792  3.386 0.4285714328
156593  -31.067  -9.702  2.626 0.5714285970
165133  -35.038  -5.155  0.112 0.8571428657
169167  -35.856  -3.054  1.052 0.8571428657
183132  -33.891  4.088  0.792 0.2857142985
180657  -35.229  4.001  1.313 0.2857142985
283687  -30.377  -12.201  2.547 0.8571428657
184258  -33.773  5.550  0.281 0.2857142985
186140  -32.582  6.523  -0.071 0.1428571492
185248  -32.883  5.803  0.232 0.2857142985
186135  -30.624  6.811  0.688 0.1428571492
184255  -33.138  5.238  0.559 0.2857142985
184260  -35.166  5.567  0.704 0.2857142985
284637  -32.431  5.613  0.611 0.1428571492
183136  -35.326  5.051  1.097 0.2857142985
179281  -36.794  2.191  -0.809 0.2857142985
181944  -36.042  4.392  0.339 0.2857142985
290626  -30.810  6.060  1.165 0.1428571492
177871  -37.026  1.349  -0.857 0.2857142985
181940  -35.432  4.479  1.786 0.2857142985
269069  -35.706  4.349  0.962 0.2857142985
175175  -36.381  0.466  -0.302 0.2857142985
270266  -35.581  3.110  -0.046 0.2857142985
175157  -37.996  0.608  1.132 0.1428571492
173918  -37.432  0.220  0.863 0.1428571492
274567  -37.877  0.835  0.887 0.1428571492
171442  -37.577  -1.454  2.553 0.1428571492
268742  -36.481  -2.605  2.105 0.1428571492
173905  -37.283  -0.311  1.015 0.2857142985
172731  -36.488  -0.921  0.611 0.4285714328
167916  -36.119  -3.226  2.100 0.4285714328
170299  -36.402  -2.201  1.704 0.5714285970
166547  -36.224  -4.137  2.780 0.5714285970
167915  -35.761  -3.759  1.620 0.7142857313
169155  -35.887  -3.265  1.535 0.7142857313
170298  -36.035  -2.326  1.246 0.7142857313
163644  -35.985  -5.830  3.166 0.4285714328
165108  -35.382  -4.914  1.672 0.8571428657
156592  -30.512  -9.337  2.557 0.5714285970
277591  -31.314  -8.726  2.442 0.5714285970
160784  -31.299  -7.473  2.322 0.4285714328
157975  -30.129  -8.455  2.286 0.4285714328
162219  -34.740  -6.995  0.321 0.8571428657
163678  -35.062  -6.325  1.733 0.8571428657
162199  -35.167  -6.918  2.161 0.4285714328
160757  -35.834  -7.110  3.353 0.5714285970
165080  -35.657  -5.242  2.146 0.8571428657
160788  -35.011  -7.240  1.199 0.7142857313
149224  -26.685  -13.211  2.640 0.5714285970
151621  -27.040  -12.293  2.117 0.4285714328
271247  -29.408  -12.637  2.581 0.7142857313
268436  -29.177  -12.038  2.410 0.7142857313
268435  -29.824  -12.132  2.454 0.7142857313
154097  -27.892  -10.993  1.789 0.4285714328
154098  -28.667  -10.971  1.984 0.5714285970
156591  -29.441  -9.841  2.081 0.5714285970
155307  -27.878  -10.458  1.695 0.4285714328
155348  -26.874  -10.511  0.606 0.2857142985
283961  -30.779  -10.993  2.474 0.7142857313
154101  -31.399  -10.898  2.594 0.8571428657
157955  -35.133  -8.696  1.827 0.5714285970
284712  -35.091  -8.112  1.447 0.7142857313
146523  -27.177  -14.793  3.151 0.5714285970
148030  -26.655  -14.311  3.015 0.5714285970
151608  -34.955  -12.090  3.266 0.4285714328
154073  -35.580  -10.713  3.809 0.2857142985
141391  -33.342  -17.803  4.133 0.2857142985
142633  -33.983  -17.164  3.543 0.4285714328
148060  -34.548  -14.712  2.302 0.4285714328
263843  -35.267  -14.601  3.949 0.4285714328
281441  -35.308  -13.131  3.509 0.4285714328
143854  -34.367  -16.174  3.059 0.4285714328
135675  -28.881  -20.932  4.921 0.2857142985
135676  -29.525  -20.688  5.080 0.2857142985
265902  -32.308  -19.166  4.734 0.2857142985
141393  -34.476  -18.128  4.100 0.2857142985
140084  -32.057  -18.569  4.469 0.2857142985
138690  -31.618  -19.107  4.577 0.2857142985
143826  -34.847  -16.529  3.813 0.4285714328
130180  -27.099  -23.498  6.772 0.1428571492
131539  -27.359  -23.091  6.403 0.1428571492
295588  -28.917  -21.885  5.456 0.2857142985
135679  -31.948  -20.529  5.369 0.2857142985
131541  -28.634  -22.877  6.345 0.1428571492
132990  -29.810  -22.157  5.762 0.2857142985
134364  -30.776  -21.744  5.492 0.2857142985
292919  -22.873  -28.629  8.844 0.1428571492
278225  -22.202  -28.628  8.603 0.1428571492
121121  -23.966  -28.256  9.018 0.1428571492
262991  -35.312  -11.909  3.636 0.2857142985
185234  -31.450  6.119  2.453 0.1428571492
122536  -24.261  -27.733  8.729 0.1428571492
123849  -25.562  -26.792  8.387 0.1428571492
257674  -32.226  5.482  1.890 0.1428571492
170297  -34.747  -2.359  0.859 0.5714285970
169165  -34.452  -3.469  1.027 0.4285714328
268539  -34.584  -2.918  0.891 0.4285714328
275967  -34.920  -2.912  0.420 0.5714285970
167914  -34.196  -3.978  1.149 0.4285714328
251951  -32.884  -5.258  2.203 0.4285714328
166570  -34.405  -4.876  0.952 0.4285714328
166569  -33.637  -4.892  1.619 0.4285714328
277445  -34.671  -4.565  0.451 0.5714285970
167935  -34.901  -4.117  0.296 0.5714285970
169166  -34.950  -3.518  0.289 0.5714285970
162196  -32.560  -6.991  1.870 0.5714285970
140036  -35.363  -18.719  5.779 0.1428571492
141373  -35.205  -18.140  4.955 0.1428571492
142572  -35.259  -17.302  5.622 0.1428571492
134411  -23.929  -21.546  4.150 0.2857142985
140087  -34.572  -18.618  4.405 0.1428571492
138619  -34.909  -19.637  7.072 0.1428571492
138648  -35.348  -19.407  5.745 0.1428571492
138599  -34.783  -19.021  7.627 0.1428571492
270816  -35.267  -18.888  6.353 0.1428571492
139961  -35.256  -18.777  8.539 0.1428571492
133027  -23.545  -22.027  4.211 0.2857142985
135682  -34.255  -21.074  5.003 0.1428571492
251395  -35.074  -20.932  5.272 0.1428571492
137186  -34.456  -20.041  4.686 0.1428571492
137127  -35.266  -19.997  5.985 0.1428571492
256677  -35.291  -20.449  8.261 0.1428571492
290922  -35.175  -20.568  6.757 0.1428571492
137039  -37.453  -19.835  10.246 0.1428571492
137063  -35.810  -19.681  9.131 0.1428571492
138540  -36.847  -18.920  10.078 0.1428571492
131615  -23.475  -22.612  4.460 0.2857142985
133025  -22.457  -22.309  4.366 0.2857142985
132993  -31.982  -21.979  6.029 0.1428571492
132994  -33.402  -22.282  5.609 0.1428571492
134392  -32.779  -21.239  5.528 0.1428571492
134391  -31.653  -21.005  5.597 0.1428571492
135681  -33.584  -21.058  5.300 0.1428571492
132969  -35.287  -22.057  5.627 0.1428571492
133016  -34.523  -22.037  4.825 0.1428571492
134310  -34.970  -21.330  7.573 0.1428571492
134394  -34.925  -21.484  5.004 0.1428571492
134282  -35.270  -21.311  8.619 0.1428571492
134255  -36.237  -21.249  10.018 0.1428571492
135568  -37.174  -20.753  10.461 0.1428571492
135566  -36.154  -20.597  9.800 0.1428571492
250695  -22.978  -22.927  4.597 0.2857142985
130240  -22.440  -23.251  4.658 0.2857142985
130239  -21.747  -23.505  4.699 0.2857142985
131576  -30.979  -22.658  6.210 0.1428571492
131578  -32.467  -22.492  6.332 0.1428571492
285376  -32.775  -22.194  5.987 0.1428571492
131582  -35.046  -22.549  5.243 0.1428571492
132995  -33.797  -22.507  4.909 0.1428571492
131534  -34.826  -22.311  7.702 0.1428571492
134267  -35.694  -21.519  9.521 0.1428571492
132915  -34.908  -22.229  8.291 0.1428571492
135570  -38.312  -20.727  10.093 0.1428571492
135569  -37.721  -20.745  10.285 0.1428571492
131575  -30.109  -22.584  5.995 0.1428571492
131545  -31.183  -22.990  6.406 0.1428571492
130189  -33.017  -23.483  6.132 0.1428571492
130188  -32.457  -23.434  6.808 0.1428571492
130214  -34.749  -23.360  4.964 0.1428571492
285710  -33.145  -22.650  5.799 0.1428571492
130191  -35.092  -23.032  5.579 0.1428571492
131602  -33.593  -23.147  4.230 0.1428571492
131548  -35.022  -22.531  6.961 0.1428571492
132881  -36.491  -22.234  10.086 0.1428571492
131501  -35.051  -22.662  8.693 0.1428571492
132884  -37.733  -21.713  10.317 0.1428571492
132883  -37.150  -21.724  10.469 0.1428571492
128948  -31.035  -23.717  7.072 0.1428571492
131542  -29.234  -22.959  6.185 0.1428571492
127691  -32.769  -24.549  6.787 0.1428571492
128950  -32.496  -24.038  7.016 0.1428571492
130187  -31.520  -23.349  6.767 0.1428571492
130213  -33.352  -23.706  5.172 0.1428571492
292415  -32.783  -23.741  6.634 0.1428571492
131546  -32.039  -22.920  6.603 0.1428571492
249127  -34.872  -23.554  6.600 0.1428571492
128979  -34.521  -24.066  4.151 0.1428571492
130174  -34.643  -23.536  7.271 0.1428571492
130149  -34.891  -23.145  8.539 0.1428571492
278039  -35.061  -23.058  6.371 0.1428571492
131481  -36.049  -22.542  9.751 0.1428571492
284622  -34.782  -22.768  7.559 0.1428571492
126359  -32.863  -25.173  6.542 0.1428571492
284906  -32.366  -24.528  7.355 0.1428571492
128949  -31.848  -23.754  7.276 0.1428571492
127722  -33.870  -24.221  4.330 0.1428571492
127692  -33.395  -24.591  5.817 0.1428571492
293402  -35.062  -24.236  4.996 0.1428571492
128978  -33.997  -23.910  3.897 0.1428571492
130150  -35.084  -23.528  8.963 0.1428571492
128920  -34.594  -23.858  7.740 0.1428571492
128977  -33.538  -24.040  4.784 0.1428571492
131547  -32.752  -23.009  6.204 0.1428571492
129001  -33.780  -23.538  4.208 0.1428571492
131604  -34.475  -22.596  4.553 0.1428571492
273932  -32.209  -20.939  5.507 0.1428571492
134258  -38.021  -21.226  10.232 0.1428571492
137053  -38.873  -19.768  9.676 0.1428571492
135567  -36.686  -20.726  10.262 0.1428571492
135604  -35.113  -20.750  7.742 0.1428571492
135574  -35.746  -20.963  9.439 0.1428571492
255896  -34.992  -19.082  4.854 0.1428571492
140013  -35.170  -18.277  6.291 0.1428571492
129013  -22.424  -24.029  4.778 0.2857142985
258431  -35.769  -23.027  9.593 0.1428571492
131464  -36.610  -22.718  10.159 0.1428571492
134259  -38.602  -21.226  10.030 0.1428571492
137054  -39.328  -19.787  9.403 0.1428571492
163699  -33.090  -6.004  1.964 0.4285714328
137052  -38.395  -19.684  9.966 0.1428571492
297706  -36.725  -19.782  10.166 0.1428571492
259160  -37.880  -19.574  10.098 0.1428571492
139942  -36.041  -18.501  9.300 0.1428571492
138541  -37.380  -19.041  10.191 0.1428571492
142551  -35.179  -17.014  6.316 0.1428571492
143774  -35.258  -16.700  5.267 0.1428571492
171491  -34.983  -1.830  0.908 0.4285714328
172728  -34.901  -0.852  0.485 0.4285714328
177880  -37.969  2.393  -0.688 0.1428571492
129014  -23.020  -23.583  4.731 0.2857142985
257929  -37.531  2.748  -0.626 0.1428571492
140063  -35.201  -18.596  5.171 0.1428571492
134365  -31.429  -21.571  5.744 0.1428571492
131544  -30.488  -22.996  6.183 0.1428571492
131543  -29.845  -23.042  6.095 0.1428571492
132992  -31.107  -22.139  5.987 0.1428571492
292152  -33.966  -20.671  5.040 0.1428571492
262701  -35.379  -14.847  4.642 0.1428571492
137165  -35.195  -19.991  4.883 0.1428571492
138672  -35.329  -19.667  5.046 0.1428571492
141350  -35.246  -18.050  5.609 0.1428571492
138620  -35.075  -19.521  6.491 0.1428571492
139996  -34.869  -19.040  7.032 0.1428571492
137082  -35.180  -20.192  7.835 0.1428571492
137105  -35.070  -20.259  7.269 0.1428571492
286469  -35.272  -20.112  5.131 0.1428571492
137083  -35.217  -19.838  8.222 0.1428571492
141308  -34.915  -17.955  6.855 0.1428571492
141254  -35.194  -18.151  8.380 0.1428571492
138565  -35.383  -19.430  8.633 0.1428571492
133014  -34.141  -21.820  5.041 0.1428571492
134393  -34.541  -21.376  4.944 0.1428571492
135708  -34.855  -20.301  4.830 0.1428571492
271945  -35.333  -21.002  5.760 0.1428571492
137062  -35.469  -20.101  8.717 0.1428571492
134266  -35.469  -21.252  9.090 0.1428571492
284699  -35.296  -21.015  6.469 0.1428571492
138539  -36.503  -19.468  9.978 0.1428571492
131577  -31.608  -22.526  6.302 0.1428571492
134366  -32.721  -21.775  5.724 0.1428571492
134367  -33.511  -21.779  5.424 0.1428571492
132996  -35.011  -22.053  4.992 0.1428571492
132968  -35.180  -22.014  6.504 0.1428571492
133015  -34.060  -22.628  4.539 0.1428571492
134311  -35.069  -21.384  8.112 0.1428571492
132965  -34.967  -21.904  7.275 0.1428571492
132916  -35.382  -21.691  8.996 0.1428571492
131580  -33.667  -22.921  4.316 0.1428571492
264384  -33.304  -23.196  4.957 0.1428571492
131549  -35.147  -22.554  6.074 0.1428571492
131581  -34.797  -22.876  4.984 0.1428571492
131500  -34.819  -22.721  8.109 0.1428571492
131480  -35.440  -22.683  9.269 0.1428571492
130185  -30.077  -23.350  6.448 0.1428571492
128951  -33.150  -24.013  6.223 0.1428571492
130230  -33.872  -23.352  4.114 0.1428571492
261995  -34.821  -23.803  4.985 0.1428571492
286761  -34.130  -23.652  4.011 0.1428571492
128952  -35.062  -24.105  5.964 0.1428571492
130168  -34.700  -23.247  7.843 0.1428571492
128903  -35.007  -24.178  8.918 0.1428571492
119830  -19.673  -28.711  7.549 0.1428571492
121174  -20.573  -28.073  7.418 0.1428571492
121194  -19.205  -28.574  6.329 0.1428571492
264272  -20.375  -27.859  6.600 0.1428571492
122597  -20.844  -27.505  7.172 0.1428571492
277575  -20.960  -27.202  5.770 0.1428571492
126383  -21.418  -25.773  5.603 0.1428571492
125210  -21.080  -26.179  5.642 0.1428571492
127740  -21.097  -24.923  5.137 0.1428571492
126408  -21.771  -25.367  5.446 0.1428571492
127741  -22.149  -25.012  5.161 0.1428571492
126406  -20.379  -25.529  5.685 0.1428571492
127739  -20.633  -24.993  5.381 0.1428571492
128996  -21.541  -24.634  4.919 0.1428571492
129012  -21.813  -24.182  4.747 0.1428571492
130237  -20.516  -23.401  4.297 0.1428571492
131611  -20.682  -23.054  4.034 0.1428571492
298254  -21.892  -21.850  3.678 0.1428571492
131628  -21.800  -22.342  4.046 0.1428571492
135721  -22.108  -21.408  3.556 0.2857142985
133026  -22.892  -21.871  4.148 0.1428571492
134428  -23.037  -20.794  4.075 0.1428571492
135722  -22.508  -20.868  3.680 0.2857142985
138703  -24.256  -19.388  4.636 0.2857142985
145083  -25.116  -15.968  2.842 0.4285714328
145065  -26.436  -16.089  3.313 0.4285714328
145117  -25.999  -15.231  2.664 0.4285714328
162195  -31.719  -7.068  2.377 0.2857142985
163698  -31.813  -5.910  2.504 0.2857142985
163677  -32.516  -6.350  2.329 0.2857142985
169153  -33.015  -3.389  1.946 0.2857142985
170286  -34.124  -2.911  1.285 0.2857142985
272120  -34.245  -2.258  1.190 0.4285714328
292117  -22.579  -22.716  4.543 0.1428571492
134441  -21.600  -21.037  3.308 0.1428571492
137198  -22.785  -20.289  3.877 0.2857142985
135724  -24.126  -19.958  4.406 0.1428571492
125182  -20.528  -26.913  5.520 0.1428571492
129010  -20.581  -23.906  4.797 0.1428571492
131627  -21.042  -22.526  3.954 0.1428571492
133039  -21.348  -21.981  3.785 0.1428571492
134426  -21.542  -21.499  3.493 0.1428571492
137221  -22.035  -19.895  3.296 0.2857142985
135723  -23.439  -20.245  4.175 0.2857142985
286556  -23.201  -19.804  3.579 0.2857142985
138724  -23.413  -19.175  3.495 0.2857142985
137199  -23.712  -19.637  3.858 0.2857142985
138704  -24.560  -19.096  4.985 0.2857142985
141408  -24.711  -17.729  4.101 0.4285714328
142625  -24.835  -17.226  3.796 0.4285714328
143873  -24.499  -16.146  2.515 0.2857142985
159352  -30.234  -7.897  2.193 0.2857142985
163696  -30.491  -6.575  2.054 0.2857142985
163676  -31.779  -6.555  2.444 0.2857142985
163697  -31.034  -6.111  2.325 0.2857142985
255893  -32.448  -5.769  2.390 0.2857142985
167912  -32.817  -4.127  2.059 0.2857142985
167934  -32.376  -4.099  2.127 0.2857142985
169154  -33.734  -3.406  1.580 0.2857142985
138725  -23.864  -19.005  3.539 0.2857142985
162215  -30.616  -7.148  2.327 0.2857142985
286475  -30.358  -6.037  1.849 0.2857142985
162239  -29.548  -6.634  1.432 0.2857142985
165102  -31.291  -5.432  2.351 0.2857142985
281315  -31.699  -4.473  2.287 0.2857142985
165103  -31.950  -5.323  2.456 0.2857142985
166567  -32.175  -4.791  2.390 0.2857142985
167911  -32.255  -4.264  2.174 0.2857142985
275779  -33.908  -4.402  1.343 0.2857142985
163721  -30.610  -5.549  1.869 0.2857142985
165130  -30.063  -5.146  1.594 0.2857142985
166566  -31.471  -4.909  2.441 0.2857142985
143821  -24.973  -16.781  3.493 0.4285714328
278272  -25.987  -16.589  3.373 0.4285714328
253502  -21.512  -25.081  5.218 0.1428571492
128997  -22.682  -24.739  4.912 0.1428571492
140106  -24.666  -18.361  4.271 0.4285714328
125184  -21.230  -26.308  5.799 0.1428571492
123897  -20.841  -27.324  6.549 0.1428571492
166568  -32.838  -4.573  2.142 0.2857142985
131612  -21.373  -22.948  4.364 0.1428571492
130238  -20.991  -23.513  4.467 0.1428571492
121173  -19.982  -28.287  7.173 0.1428571492
123912  -20.231  -27.393  5.556 0.1428571492
125209  -20.731  -26.263  5.582 0.1428571492
126407  -21.114  -25.573  5.369 0.1428571492
128995  -20.872  -24.459  5.104 0.1428571492
129009  -19.916  -23.883  4.966 0.1428571492
129011  -21.245  -24.045  4.775 0.1428571492
135741  -22.333  -20.404  3.416 0.2857142985
143842  -24.734  -16.487  2.906 0.4285714328
167913  -33.358  -3.888  1.750 0.2857142985
141432  -24.309  -17.540  3.407 0.4285714328
166593  -30.434  -4.687  1.646 0.2857142985
278192  -25.395  -14.380  2.189 0.2857142985
146546  -25.469  -15.005  2.382 0.2857142985
149203  -26.318  -13.646  2.770 0.2857142985
185256  -37.006  6.141  -0.248 0.1428571492
184262  -37.430  5.574  -0.138 0.1428571492
183142  -36.859  5.035  -0.689 0.1428571492
181949  -36.885  4.468  -0.920 0.1428571492
262578  -37.231  3.598  -0.760 0.1428571492
186148  -37.196  6.724  -0.250 0.1428571492
181948  -36.573  4.796  0.022 0.1428571492
184261  -35.717  5.321  0.581 0.1428571492
273857  -34.358  7.768  -0.233 0.1428571492
149222  -25.716  -13.925  2.148 0.2857142985
149255  -26.024  -13.404  1.493 0.2857142985
184267  -37.524  5.211  -0.840 0.1428571492
294145  -36.919  2.657  -0.373 0.1428571492
183140  -36.507  5.313  0.730 0.1428571492
180661  -36.826  3.017  -0.440 0.1428571492
185254  -35.985  6.306  -0.211 0.1428571492
187027  -35.111  7.584  -0.413 0.1428571492
186144  -35.368  6.453  -0.109 0.1428571492
186143  -34.426  6.368  -0.476 0.1428571492
187024  -33.021  7.353  -0.428 0.1428571492
185252  -34.969  6.047  -0.021 0.1428571492
181945  -36.479  3.940  -0.543 0.1428571492
145084  -25.603  -15.897  3.189 0.2857142985
185261  -36.975  5.673  -0.092 0.1428571492
186147  -36.560  6.656  -0.283 0.1428571492
184266  -37.148  5.287  -0.512 0.1428571492
183141  -36.636  5.295  0.215 0.1428571492
185260  -36.557  5.878  -0.229 0.1428571492
187029  -36.655  7.188  0.168 0.1428571492
184264  -36.182  5.660  0.172 0.1428571492
181950  -37.712  4.036  -1.087 0.1428571492
163740  -29.147  -6.108  0.450 0.1428571492
162240  -29.921  -6.336  1.609 0.1428571492
165129  -29.868  -5.696  1.455 0.1428571492
166594  -31.120  -4.564  2.001 0.1428571492
169162  -30.040  -3.996  1.003 0.1428571492
169163  -30.993  -3.994  1.920 0.1428571492
160807  -29.785  -7.519  1.901 0.1428571492
167933  -31.565  -4.119  2.069 0.1428571492
170283  -32.387  -2.934  1.876 0.1428571492
291053  -32.776  -2.645  1.735 0.1428571492
171456  -32.567  -2.300  1.816 0.2857142985
152845  -27.214  -11.470  1.449 0.2857142985
154123  -26.893  -11.340  0.955 0.1428571492
159385  -28.174  -8.494  0.309 0.1428571492
159369  -28.733  -8.045  1.191 0.1428571492
160833  -28.679  -7.084  0.698 0.1428571492
160758  -35.963  -7.497  3.775 0.1428571492
163741  -29.673  -5.714  0.539 0.1428571492
169152  -32.767  -3.412  2.243 0.1428571492
170285  -33.691  -2.237  1.426 0.1428571492
170284  -33.156  -2.322  1.672 0.1428571492
171474  -33.388  -1.664  1.469 0.2857142985
172720  -34.142  -0.945  1.282 0.2857142985
176483  -33.942  1.274  1.739 0.2857142985
177857  -34.091  1.649  1.787 0.2857142985
183126  -31.997  4.214  1.414 0.1428571492
181904  -33.190  4.060  3.253 0.1428571492
171476  -34.452  -1.622  1.104 0.2857142985
285463  -34.965  0.009  1.183 0.2857142985
273800  -34.510  0.035  1.387 0.2857142985
274918  -33.591  0.448  1.326 0.2857142985
175156  -34.505  0.628  1.229 0.2857142985
175155  -34.078  0.820  1.455 0.2857142985
175154  -33.664  0.727  1.606 0.2857142985
177853  -33.682  1.493  1.902 0.2857142985
184227  -32.486  5.029  2.913 0.1428571492
268586  -33.040  0.290  1.359 0.1428571492
269785  -33.015  -1.879  1.689 0.2857142985
176481  -33.645  1.110  2.071 0.2857142985
179264  -33.665  1.999  1.776 0.1428571492
250937  -33.413  1.913  2.043 0.2857142985
180633  -33.329  3.181  2.463 0.1428571492
179245  -33.340  2.506  2.077 0.1428571492
258274  -31.365  -2.548  1.491 0.2857142985
177842  -33.456  1.530  2.125 0.1428571492
180605  -33.170  3.484  3.566 0.1428571492
177830  -33.409  2.175  2.376 0.1428571492
171437  -31.040  -2.772  2.120 0.1428571492
160747  -36.330  -7.278  4.406 0.1428571492
155270  -35.955  -10.055  4.571 0.1428571492
158005  -28.275  -9.021  0.526 0.1428571492
160850  -28.418  -7.238  0.161 0.1428571492
159285  -36.362  -7.823  4.736 0.1428571492
162277  -28.292  -6.813  -0.234 0.1428571492
165157  -29.474  -5.449  0.309 0.1428571492
166610  -29.057  -4.806  0.390 0.1428571492
166612  -29.885  -4.897  1.150 0.1428571492
265843  -30.301  -4.025  1.243 0.1428571492
169164  -31.941  -3.621  2.058 0.1428571492
171455  -31.889  -3.056  2.030 0.1428571492
274120  -32.994  -2.965  1.781 0.1428571492
172706  -31.995  -2.107  1.680 0.2857142985
172719  -33.539  -0.968  1.416 0.1428571492
173902  -33.789  -0.253  1.312 0.2857142985
297265  -33.259  0.152  1.265 0.1428571492
179237  -33.314  2.739  2.632 0.1428571492
180622  -33.165  3.402  2.945 0.1428571492
157919  -36.029  -8.807  3.763 0.1428571492
159284  -36.361  -8.344  4.209 0.1428571492
179255  -33.646  2.679  1.781 0.2857142985
183110  -32.046  4.168  2.750 0.1428571492
156627  -28.239  -9.475  0.724 0.1428571492
280943  -27.353  -10.101  0.242 0.1428571492
173904  -34.710  -0.618  0.767 0.2857142985
265074  -29.229  -7.728  1.639 0.1428571492
282911  -35.766  -10.549  4.388 0.1428571492
172721  -34.580  -0.983  1.001 0.2857142985
268585  -33.450  -2.873  1.730 0.1428571492
162238  -29.114  -6.717  0.978 0.1428571492
165158  -29.807  -5.383  0.782 0.1428571492
167931  -30.244  -4.428  1.306 0.1428571492
264415  -28.905  -5.673  0.086 0.1428571492
163739  -28.512  -6.194  -0.031 0.1428571492
167932  -30.687  -4.263  1.835 0.1428571492
170296  -31.582  -3.302  2.158 0.1428571492
297596  -28.452  -7.576  0.726 0.1428571492
270834  -28.166  -7.887  0.084 0.1428571492
171475  -33.874  -1.606  1.304 0.2857142985
176484  -34.266  1.220  1.532 0.2857142985
173903  -34.361  -0.568  1.231 0.2857142985
256612  -32.367  5.742  2.769 0.1428571492
172708  -33.028  -1.066  1.464 0.1428571492
138737  -20.738  -19.476  3.030 0.1428571492
138723  -22.404  -19.238  3.138 0.1428571492
138740  -22.573  -18.581  2.903 0.1428571492
141452  -21.108  -18.064  2.977 0.1428571492
143869  -21.397  -16.859  2.635 0.1428571492
143870  -21.811  -16.414  2.450 0.1428571492
141454  -22.238  -17.570  2.536 0.1428571492
145111  -21.997  -15.762  2.309 0.1428571492
142671  -22.374  -17.210  2.458 0.1428571492
141430  -23.620  -18.182  2.703 0.1428571492
145134  -22.519  -15.561  2.273 0.1428571492
145113  -23.439  -16.242  2.405 0.1428571492
142645  -23.994  -17.261  3.074 0.1428571492
145136  -23.723  -15.784  2.264 0.1428571492
143872  -23.823  -16.351  2.538 0.1428571492
146563  -22.133  -15.246  2.240 0.1428571492
148076  -23.210  -14.714  1.898 0.1428571492
145137  -23.973  -15.303  2.137 0.1428571492
148078  -24.609  -14.326  1.876 0.1428571492
150430  -25.667  -13.210  1.204 0.1428571492
151650  -26.275  -12.601  0.936 0.1428571492
172707  -32.621  -1.631  1.744 0.1428571492
141455  -23.140  -17.707  2.573 0.1428571492
140128  -23.868  -18.493  3.132 0.1428571492
137235  -20.478  -19.838  3.079 0.1428571492
273187  -20.426  -18.180  3.070 0.1428571492
252909  -21.800  -17.493  2.534 0.1428571492
151620  -26.661  -12.541  1.385 0.1428571492
145115  -24.917  -15.469  2.391 0.1428571492
138738  -21.517  -18.952  2.955 0.1428571492
138722  -22.002  -19.456  3.164 0.1428571492
140127  -23.602  -18.594  3.120 0.1428571492
142644  -23.457  -17.507  2.852 0.1428571492
146545  -24.993  -14.717  2.200 0.1428571492
140144  -21.248  -18.491  3.013 0.1428571492
140145  -21.812  -18.364  2.828 0.1428571492
263834  -21.522  -17.938  2.810 0.1428571492
281325  -20.506  -16.922  2.715 0.1428571492
261723  -21.885  -17.047  2.575 0.1428571492
284994  -22.281  -16.757  2.458 0.1428571492
145135  -22.878  -15.874  2.284 0.1428571492
143871  -22.760  -16.767  2.388 0.1428571492
142673  -23.280  -17.240  2.512 0.1428571492
272714  -23.297  -15.805  2.254 0.1428571492
271522  -22.528  -14.877  2.002 0.1428571492
142674  -23.629  -16.971  2.629 0.1428571492
146565  -23.570  -15.194  2.054 0.1428571492
148051  -21.203  -14.562  2.377 0.1428571492
137218  -20.215  -19.870  3.203 0.1428571492
119774  -21.416  -28.990  8.749 0.1428571492
119777  -23.111  -28.883  9.111 0.1428571492
121119  -21.716  -28.584  8.517 0.1428571492
121148  -20.844  -28.385  7.879 0.1428571492
121149  -21.530  -28.178  8.144 0.2857142985
121172  -19.436  -28.574  6.971 0.1428571492
121195  -19.766  -28.215  6.503 0.1428571492
122535  -23.616  -27.713  8.782 0.1428571492
122559  -21.896  -27.643  7.923 0.4285714328
122628  -20.623  -27.490  5.829 0.1428571492
123829  -23.342  -27.204  8.687 0.1428571492
123831  -24.597  -27.200  8.541 0.1428571492
123848  -24.970  -26.682  8.450 0.1428571492
123913  -21.159  -26.802  5.926 0.1428571492
125101  -22.267  -26.594  7.848 0.2857142985
125102  -23.171  -26.358  8.616 0.1428571492
125104  -23.991  -25.759  8.633 0.4285714328
125139  -21.553  -26.639  7.073 0.4285714328
125140  -22.569  -26.143  7.600 0.4285714328
125142  -25.036  -25.686  8.160 0.1428571492
125160  -21.896  -25.934  6.885 0.4285714328
125183  -21.022  -26.848  5.606 0.1428571492
126354  -22.256  -25.667  6.413 0.2857142985
126409  -23.218  -25.433  5.529 0.2857142985
127688  -24.250  -24.899  6.536 0.4285714328
127718  -22.389  -25.403  5.488 0.2857142985
127721  -24.731  -24.668  6.029 0.2857142985
127743  -23.346  -25.044  5.267 0.2857142985
128927  -27.207  -24.213  7.445 0.1428571492
128934  -31.916  -24.293  7.557 0.1428571492
128935  -34.614  -24.003  6.996 0.1428571492
128944  -28.391  -23.595  6.876 0.1428571492
130113  -36.785  -23.291  10.185 0.1428571492
130128  -35.393  -23.267  9.352 0.1428571492
130173  -27.322  -23.776  7.130 0.1428571492
130186  -30.751  -23.339  6.576 0.1428571492
130190  -35.075  -23.538  5.784 0.1428571492
130210  -25.612  -23.714  5.584 0.4285714328
130231  -34.121  -23.073  4.309 0.1428571492
130236  -20.179  -23.449  4.432 0.1428571492
130243  -24.927  -23.539  4.533 0.4285714328
131540  -28.016  -22.981  6.357 0.1428571492
131569  -26.524  -23.151  5.747 0.1428571492
131572  -28.334  -22.618  5.956 0.1428571492
131579  -33.457  -22.893  4.710 0.1428571492
131600  -26.894  -22.846  5.237 0.1428571492
131603  -33.899  -22.903  4.270 0.1428571492
131613  -22.055  -22.819  4.534 0.2857142985
131614  -22.948  -22.325  4.504 0.2857142985
131617  -25.393  -23.301  4.058 0.4285714328
131618  -25.908  -23.216  3.361 0.4285714328
131620  -26.773  -22.627  3.626 0.1428571492
131629  -26.395  -22.643  3.156 0.2857142985
131630  -26.825  -22.291  2.922 0.4285714328
132882  -36.943  -22.230  10.328 0.1428571492
132898  -35.621  -22.091  9.407 0.1428571492
132899  -36.092  -21.897  9.884 0.1428571492
132950  -34.887  -21.811  7.901 0.1428571492
132951  -35.086  -21.761  8.464 0.1428571492
132988  -28.651  -22.219  5.656 0.2857142985
132989  -29.218  -22.198  5.698 0.2857142985
133011  -27.335  -22.301  4.268 0.1428571492
133040  -22.329  -21.898  3.818 0.2857142985
133041  -26.214  -22.477  3.150 0.7142857313
133043  -26.988  -21.974  2.895 0.5714285970
134256  -36.877  -21.239  10.435 0.1428571492
134257  -37.413  -21.230  10.432 0.1428571492
134345  -35.167  -21.456  6.861 0.1428571492
134346  -35.308  -21.529  6.092 0.1428571492
134361  -28.840  -21.472  5.216 0.2857142985
134368  -35.215  -21.529  5.390 0.1428571492
134388  -29.819  -21.268  5.332 0.2857142985
134410  -23.262  -21.430  4.099 0.1428571492
134414  -27.828  -21.541  4.082 0.2857142985
134425  -21.157  -21.541  3.601 0.1428571492
134427  -22.697  -21.404  3.859 0.1428571492
134429  -25.843  -21.265  3.693 0.7142857313
134433  -28.148  -20.652  3.514 0.2857142985
135575  -38.837  -20.742  9.810 0.1428571492
135586  -35.419  -20.778  8.822 0.1428571492
135605  -35.223  -20.976  8.242 0.1428571492
135648  -35.136  -20.905  7.133 0.1428571492
135649  -35.307  -20.530  6.181 0.1428571492
135661  -35.296  -20.443  5.477 0.1428571492
135683  -34.804  -20.882  4.948 0.1428571492
135684  -35.124  -20.402  5.115 0.1428571492
135701  -23.626  -20.885  4.366 0.1428571492
135706  -29.589  -20.220  4.726 0.2857142985
135707  -34.403  -20.606  4.867 0.1428571492
135740  -21.757  -20.480  3.302 0.2857142985
137037  -36.518  -20.119  10.040 0.1428571492
137038  -37.017  -20.175  10.340 0.1428571492
137040  -37.990  -20.183  10.135 0.1428571492
137041  -38.598  -20.235  9.900 0.1428571492
137051  -36.091  -19.976  9.659 0.1428571492
137126  -35.109  -20.083  6.641 0.1428571492
137150  -35.344  -19.958  5.395 0.1428571492
137160  -30.886  -20.059  5.196 0.2857142985
137164  -33.925  -20.218  4.905 0.2857142985
137176  -24.606  -19.587  5.166 0.2857142985
137178  -26.083  -19.706  4.006 0.5714285970
137183  -31.927  -19.618  4.828 0.2857142985
137187  -34.936  -19.830  4.640 0.1428571492
137202  -27.916  -20.306  3.255 0.5714285970
137203  -28.487  -20.044  3.322 0.5714285970
137206  -30.184  -19.321  4.240 0.4285714328
137219  -20.957  -20.022  3.041 0.1428571492
137222  -22.941  -19.400  3.346 0.2857142985
137223  -28.056  -19.841  3.191 0.5714285970
137224  -28.882  -19.608  3.140 0.7142857313
137225  -29.354  -19.469  3.338 0.4285714328
138542  -38.111  -18.964  9.955 0.1428571492
138558  -38.687  -19.312  9.747 0.1428571492
138560  -39.614  -19.302  9.325 0.1428571492
138566  -35.765  -18.981  9.077 0.1428571492
138580  -35.043  -19.206  8.129 0.1428571492
138598  -35.009  -19.633  7.659 0.1428571492
138693  -34.313  -19.082  4.536 0.1428571492
138694  -35.069  -19.606  4.642 0.1428571492
138705  -26.371  -19.217  3.899 0.5714285970
138706  -26.967  -19.289  3.678 0.5714285970
138707  -27.354  -19.249  3.484 0.5714285970
138710  -30.910  -18.597  3.951 0.5714285970
138720  -20.002  -19.539  3.316 0.1428571492
138721  -21.158  -19.496  3.068 0.1428571492
138727  -28.290  -19.277  3.085 0.5714285970
138739  -22.074  -18.775  2.855 0.1428571492
139922  -37.156  -18.433  10.176 0.1428571492
139981  -34.904  -18.582  8.013 0.1428571492
139997  -34.831  -18.387  7.391 0.1428571492
140083  -31.397  -18.586  4.243 0.4285714328
140085  -33.408  -18.169  4.522 0.2857142985
140088  -34.758  -18.686  4.620 0.2857142985
140105  -24.220  -18.792  3.824 0.2857142985
140107  -26.657  -18.771  3.794 0.5714285970
140126  -22.951  -18.750  3.323 0.2857142985
140131  -28.971  -18.695  2.969 0.5714285970
140132  -29.583  -18.223  2.965 0.7142857313
140133  -30.205  -17.854  3.044 0.7142857313
140143  -20.722  -19.075  2.985 0.1428571492
140146  -22.459  -18.041  2.728 0.1428571492
140147  -23.190  -18.290  2.793 0.1428571492
141334  -35.061  -17.646  6.273 0.1428571492
141388  -25.081  -17.896  4.513 0.4285714328
141389  -25.376  -17.713  4.501 0.5714285970
141390  -25.893  -17.832  4.317 0.7142857313
141394  -34.866  -18.170  4.244 0.2857142985
141407  -24.215  -18.116  3.645 0.1428571492
141410  -26.852  -17.670  3.692 0.7142857313
141412  -30.609  -17.674  2.987 0.7142857313
141414  -31.632  -17.735  3.460 0.5714285970
141415  -32.968  -17.550  3.701 0.4285714328
141417  -34.270  -17.640  3.865 0.2857142985
141418  -34.822  -17.525  4.147 0.2857142985
141431  -23.904  -18.035  3.030 0.1428571492
141437  -30.828  -17.412  2.708 0.7142857313
141451  -20.402  -17.734  2.910 0.1428571492
141453  -21.904  -18.085  2.769 0.1428571492
142509  -35.145  -17.499  8.114 0.1428571492
142611  -35.039  -17.171  4.308 0.2857142985
142626  -25.345  -17.013  3.841 0.4285714328
142629  -27.603  -17.178  3.434 0.7142857313
142634  -34.518  -17.198  3.810 0.2857142985
142646  -24.504  -17.002  3.139 0.4285714328
142647  -28.204  -17.135  3.386 0.8571428657
142649  -29.356  -17.123  2.853 0.7142857313
142652  -30.884  -17.086  2.260 0.5714285970
142654  -32.220  -16.860  2.560 0.5714285970
142656  -33.741  -16.762  3.057 0.4285714328
142670  -21.487  -17.336  2.547 0.1428571492
142672  -22.946  -16.976  2.389 0.1428571492
143805  -35.077  -16.633  4.129 0.4285714328
143823  -27.233  -16.676  3.365 0.5714285970
143841  -24.183  -16.683  2.724 0.1428571492
143843  -25.362  -16.313  3.400 0.4285714328
143844  -25.876  -15.942  3.317 0.4285714328
143848  -29.570  -16.710  2.655 0.7142857313
143850  -30.766  -16.884  2.083 0.7142857313
143853  -34.085  -16.402  2.852 0.4285714328
143868  -20.960  -16.736  2.601 0.1428571492
143875  -33.213  -16.277  1.975 0.5714285970
143885  -23.046  -16.320  2.338 0.1428571492
145068  -34.637  -16.114  3.505 0.4285714328
145085  -26.337  -15.552  3.072 0.4285714328
145090  -31.655  -16.092  2.058 0.7142857313
145091  -32.202  -15.970  1.872 0.7142857313
145092  -34.177  -15.926  2.485 0.4285714328
145112  -22.476  -16.236  2.323 0.1428571492
145114  -24.215  -15.688  2.360 0.1428571492
145116  -25.560  -15.587  2.650 0.2857142985
145119  -30.949  -15.931  2.431 0.7142857313
145122  -32.809  -16.091  1.643 0.7142857313
145125  -34.357  -15.339  2.285 0.4285714328
146522  -26.223  -14.718  2.847 0.5714285970
146525  -29.293  -15.226  3.120 0.8571428657
146527  -34.679  -15.130  2.905 0.4285714328
146543  -21.618  -15.202  2.293 0.1428571492
146544  -24.435  -14.996  2.231 0.1428571492
146548  -31.182  -15.248  2.390 0.7142857313
146549  -31.691  -14.972  1.938 0.7142857313
146550  -32.141  -14.960  1.267 0.7142857313
146551  -32.629  -15.025  1.621 0.7142857313
146562  -21.855  -14.736  2.145 0.1428571492
146564  -23.011  -15.339  2.161 0.1428571492
148029  -26.055  -14.100  2.659 0.5714285970
148031  -27.432  -14.369  3.068 0.5714285970
148052  -25.061  -14.245  1.976 0.2857142985
148054  -30.142  -14.680  2.924 0.7142857313
148055  -30.742  -14.802  2.694 0.8571428657
148059  -32.827  -14.399  1.672 0.7142857313
148061  -34.589  -14.051  2.531 0.4285714328
148075  -22.094  -14.264  1.861 0.1428571492
149207  -29.140  -14.197  2.991 0.5714285970
149208  -35.206  -13.548  3.258 0.4285714328
149225  -27.479  -13.336  2.781 0.7142857313
149227  -29.078  -13.681  2.897 0.7142857313
149233  -33.900  -13.556  1.847 0.7142857313
149254  -25.477  -13.565  1.568 0.2857142985
150388  -34.959  -13.036  3.126 0.4285714328
150399  -26.366  -13.022  1.375 0.1428571492
150403  -28.917  -13.096  2.711 0.7142857313
150409  -33.498  -13.039  1.950 0.8571428657
150431  -26.102  -12.951  1.129 0.1428571492
150440  -25.546  -12.649  1.049 0.1428571492
150441  -25.915  -12.737  0.966 0.1428571492
151587  -35.354  -12.301  4.018 0.4285714328
151602  -35.269  -12.214  3.568 0.2857142985
151624  -30.827  -12.590  2.649 0.7142857313
151626  -32.609  -12.574  1.931 0.8571428657
151630  -34.051  -12.084  2.638 0.5714285970
151651  -26.649  -12.285  0.939 0.1428571492
152846  -28.340  -11.426  2.047 0.4285714328
152852  -34.852  -11.626  2.998 0.4285714328
154099  -29.263  -11.048  2.046 0.5714285970
154104  -33.666  -11.257  2.314 0.8571428657
154107  -34.860  -11.152  2.747 0.4285714328
154140  -26.107  -11.106  0.847 0.1428571492
154142  -27.187  -10.800  0.853 0.2857142985
155281  -35.652  -10.389  3.438 0.2857142985
155296  -35.775  -9.904  3.315 0.2857142985
155308  -28.403  -10.357  1.859 0.5714285970
155311  -30.896  -10.367  2.678 0.8571428657
155315  -33.836  -10.602  1.799 0.8571428657
155316  -34.813  -10.285  1.862 0.5714285970
155331  -27.737  -10.373  1.172 0.4285714328
155333  -33.879  -9.837  1.391 0.8571428657
155335  -34.857  -9.846  1.628 0.5714285970
155349  -27.529  -10.222  0.700 0.2857142985
155350  -28.064  -9.904  0.919 0.4285714328
155360  -26.866  -10.243  0.213 0.1428571492
155361  -27.787  -9.807  0.410 0.1428571492
156589  -28.751  -9.877  1.669 0.5714285970
156590  -29.037  -9.645  1.757 0.5714285970
156596  -33.149  -8.950  1.281 1.0000000000
156614  -35.005  -9.271  1.131 0.7142857313
156628  -34.718  -8.564  0.402 0.7142857313
156643  -27.876  -9.347  0.283 0.1428571492
157932  -35.822  -8.597  3.052 0.2857142985
157949  -30.000  -9.033  2.345 0.5714285970
157952  -32.489  -8.466  2.469 0.8571428657
157972  -28.542  -9.134  1.189 0.2857142985
157974  -29.454  -8.741  2.214 0.2857142985
157987  -28.464  -8.592  0.859 0.2857142985
157989  -34.562  -8.673  0.266 0.8571428657
157990  -34.661  -8.246  -0.124 1.0000000000
157991  -35.093  -8.308  1.063 0.7142857313
159300  -36.102  -7.824  4.143 0.1428571492
159315  -35.648  -8.087  2.862 0.5714285970
159328  -30.905  -8.246  2.377 0.5714285970
159332  -33.406  -7.626  1.436 1.0000000000
159334  -35.257  -7.936  2.162 0.5714285970
159351  -29.602  -8.098  2.081 0.1428571492
159356  -35.077  -7.992  0.390 0.7142857313
159384  -27.792  -8.457  -0.259 0.1428571492
160789  -35.249  -7.505  2.061 0.4285714328
160806  -29.368  -7.105  1.551 0.1428571492
160808  -30.256  -7.447  2.098 0.2857142985
160809  -30.737  -7.687  2.251 0.2857142985
160812  -34.679  -7.452  -0.228 0.8571428657
160834  -28.916  -7.347  1.142 0.1428571492
160849  -28.078  -7.415  -0.332 0.1428571492
162155  -36.508  -6.563  4.529 0.1428571492
162167  -35.969  -6.416  3.466 0.2857142985
162194  -31.109  -6.835  2.476 0.2857142985
162197  -33.525  -6.914  1.344 0.8571428657
162214  -30.000  -6.968  1.813 0.2857142985
162261  -28.701  -6.674  0.330 0.1428571492
163720  -29.567  -6.211  1.059 0.1428571492
165131  -30.884  -5.049  1.868 0.2857142985
165156  -28.723  -4.995  0.004 0.1428571492
166571  -35.197  -4.955  0.943 0.8571428657
166611  -29.533  -5.031  0.663 0.1428571492
169179  -35.212  -3.001  0.223 0.8571428657
181943  -35.822  4.726  1.325 0.2857142985
183135  -35.140  4.805  1.754 0.2857142985
183143  -37.143  4.951  -1.180 0.1428571492
184256  -34.839  5.029  1.030 0.2857142985
184265  -36.878  5.445  -0.100 0.1428571492
185253  -35.619  5.928  0.253 0.1428571492
186132  -30.628  6.490  1.203 0.1428571492
186133  -30.891  6.235  1.815 0.1428571492
186136  -30.763  6.072  0.727 0.1428571492
186139  -31.438  6.669  0.371 0.1428571492
186142  -33.608  6.588  -0.342 0.2857142985
187895  -34.616  8.273  -0.282 0.1428571492
247090  -35.409  -11.988  4.618 0.1428571492
248029  -23.252  -28.292  8.920 0.1428571492
251034  -36.960  -19.515  10.272 0.1428571492
251070  -26.476  -22.960  4.326 0.1428571492
251399  -35.736  -20.369  9.275 0.1428571492
251819  -31.732  -7.750  2.257 0.8571428657
252206  -34.672  -6.511  0.570 0.8571428657
252646  -33.461  -20.478  5.187 0.1428571492
253024  -27.299  -21.645  3.186 0.7142857313
255138  -36.639  -21.755  10.249 0.1428571492
255781  -35.973  -9.682  4.271 0.2857142985
255864  -29.136  -17.656  3.023 0.7142857313
256289  -35.893  -10.450  4.848 0.1428571492
258287  -28.823  -18.348  2.948 0.7142857313
258932  -32.854  -18.549  4.791 0.2857142985
259299  -27.627  -11.767  1.972 0.4285714328
259868  -25.895  -15.655  3.054 0.2857142985
260172  -30.104  -20.786  5.344 0.2857142985
261220  -29.992  -16.428  2.641 0.7142857313
261632  -21.058  -19.087  3.051 0.1428571492
262064  -27.944  -15.963  3.441 0.5714285970
262149  -29.125  -15.776  3.100 0.8571428657
262328  -28.079  -15.340  3.364 0.7142857313
262924  -35.310  -19.098  5.304 0.1428571492
263161  -35.244  -22.185  8.856 0.1428571492
263792  -24.521  -20.267  4.586 0.2857142985
263940  -31.449  -9.137  2.161 1.0000000000
264019  -32.862  -3.600  2.270 0.2857142985
264510  -24.787  -22.903  4.388 0.5714285970
265457  -36.120  -19.363  9.515 0.1428571492
265547  -23.756  -25.260  7.483 0.4285714328
265604  -35.144  -14.040  3.008 0.4285714328
265732  -23.303  -16.787  2.400 0.1428571492
267524  -23.507  -24.536  5.082 0.2857142985
267588  -35.057  -16.011  4.010 0.4285714328
267848  -33.618  -14.095  1.346 0.7142857313
268378  -32.947  -11.960  2.161 0.8571428657
268430  -29.568  -11.540  2.259 0.7142857313
268434  -30.904  -11.991  2.630 0.7142857313
268440  -29.490  -16.255  2.849 0.5714285970
268461  -32.373  -11.487  2.344 1.0000000000
268566  -37.464  -20.353  10.301 0.1428571492
268886  -26.272  -17.469  4.072 0.7142857313
269375  -20.364  -16.383  2.716 0.1428571492
269408  -35.269  -16.176  4.982 0.2857142985
269617  -27.132  -18.358  3.765 0.7142857313
270499  -34.761  -23.091  7.108 0.1428571492
270772  -27.884  -12.360  2.410 0.7142857313
271342  -27.746  -18.307  3.582 0.5714285970
271599  -22.064  -20.865  3.448 0.1428571492
271786  -39.055  -20.268  9.551 0.1428571492
271917  -33.261  -4.325  1.789 0.2857142985
272062  -35.188  -11.746  3.362 0.4285714328
272812  -35.182  -16.230  4.467 0.2857142985
272918  -35.070  -10.649  2.414 0.4285714328
273036  -38.333  -21.706  10.147 0.1428571492
273506  -32.075  -14.765  1.242 0.7142857313
274250  -20.324  -18.634  3.002 0.1428571492
274941  -34.701  -19.163  4.643 0.1428571492
274950  -24.026  -20.454  4.337 0.1428571492
275766  -34.667  -12.564  3.249 0.4285714328
275958  -27.734  -14.877  3.161 0.4285714328
277566  -35.232  -17.718  5.101 0.1428571492
277773  -29.035  -19.199  3.098 0.7142857313
278040  -32.097  -21.386  5.746 0.1428571492
278594  -22.129  -24.559  4.819 0.1428571492
278610  -23.794  -24.949  6.926 0.4285714328
280240  -32.269  -9.784  2.026 0.8571428657
280669  -32.042  -12.687  2.420 0.8571428657
281478  -34.878  -19.321  7.364 0.1428571492
282909  -32.937  -15.802  1.713 0.7142857313
283236  -22.622  -28.310  8.634 0.1428571492
283380  -35.173  -14.431  3.404 0.4285714328
283452  -36.626  5.517  0.185 0.1428571492
284621  -34.960  -18.494  6.790 0.1428571492
285227  -27.854  -7.923  -0.423 0.1428571492
286830  -34.002  -8.177  0.408 1.0000000000
287452  -26.275  -11.600  0.802 0.1428571492
287699  -22.210  -25.920  7.225 0.4285714328
287912  -29.882  -9.562  2.397 0.5714285970
288341  -34.203  -12.836  2.694 0.5714285970
288517  -36.574  -6.922  4.796 0.1428571492
289584  -22.634  -19.858  3.388 0.2857142985
289828  -26.369  -23.451  6.128 0.1428571492
290215  -30.616  -22.483  6.077 0.2857142985
290419  -31.127  7.255  0.314 0.1428571492
291048  -29.430  -5.718  0.278 0.1428571492
291469  -32.096  -14.539  1.416 0.7142857313
292572  -29.854  -10.076  2.504 0.5714285970
292586  -34.468  -21.057  4.971 0.1428571492
293560  -28.362  -8.099  0.650 0.1428571492
293617  -35.103  -8.228  2.059 0.7142857313
293626  -32.070  -17.850  3.885 0.4285714328
294019  -35.089  -21.121  7.909 0.1428571492
294554  -26.343  -15.117  2.904 0.4285714328
294628  -27.449  -21.996  4.186 0.2857142985
295268  -27.918  -8.866  0.177 0.1428571492
295307  -22.665  -17.493  2.481 0.1428571492
295696  -23.864  -22.455  4.303 0.5714285970
295905  -28.976  -10.570  2.021 0.5714285970
296456  -35.343  -13.541  3.616 0.4285714328
296592  -26.324  -16.917  3.407 0.5714285970
297165  -25.993  -13.658  2.204 0.2857142985
297286  -20.824  -27.309  5.559 0.1428571492
297749  -35.162  -23.055  8.989 0.1428571492
297836  -23.840  -26.207  8.812 0.4285714328
