#!ascii label  , from subject sub-v2s5x29542_ses-1 vox2ras=TkReg
1228
48854  22.310  -70.245  -7.848 0.6000000238
50401  19.453  -69.774  -1.959 0.6999999881
50418  19.222  -69.359  -3.385 0.6999999881
47215  19.765  -70.775  -6.904 0.8999999762
48856  20.251  -70.652  -7.219 0.8000000119
48855  20.797  -70.537  -7.580 0.8000000119
50463  21.830  -69.296  -7.122 0.6000000238
300897  22.820  -69.585  -7.534 0.6999999881
264028  23.254  -69.599  -7.783 0.6999999881
50400  19.851  -69.548  -1.433 0.6999999881
285901  19.734  -69.688  -0.959 0.6999999881
50410  19.750  -69.394  -2.421 0.6999999881
52095  19.544  -68.729  -3.375 0.6000000238
52104  19.031  -68.855  -3.961 0.6999999881
50441  18.171  -69.480  -5.675 0.6999999881
52143  18.151  -68.947  -5.875 0.8000000119
52141  18.871  -68.583  -6.441 0.8000000119
257240  19.866  -69.534  -6.666 0.8000000119
50465  20.609  -69.508  -6.950 0.8000000119
50464  21.258  -69.474  -7.068 0.6000000238
52167  22.318  -69.112  -7.047 0.6000000238
52152  23.321  -68.736  -6.762 0.6999999881
50476  23.927  -69.396  -8.005 0.6999999881
52062  20.222  -69.207  -0.318 0.5000000000
50357  19.882  -69.515  0.104 0.6000000238
288479  20.711  -68.675  -1.407 0.4000000060
52088  20.193  -69.059  -2.193 0.6000000238
52087  20.462  -68.586  -2.620 0.5000000000
284524  19.187  -68.217  -3.973 0.6000000238
53611  18.720  -68.323  -4.578 0.8000000119
53624  18.589  -67.939  -5.309 0.6999999881
53645  19.310  -67.895  -6.167 0.6999999881
53644  20.148  -68.039  -6.034 0.6999999881
53642  21.844  -68.251  -6.094 0.5000000000
53641  22.581  -67.966  -6.122 0.6000000238
53653  23.628  -68.117  -6.504 0.6000000238
259572  23.934  -68.650  -6.795 0.6000000238
52163  24.959  -68.922  -7.735 0.5000000000
53542  21.300  -68.254  0.581 0.5000000000
52042  20.355  -69.091  0.931 0.6000000238
50329  19.935  -69.384  1.360 0.6000000238
53543  21.103  -68.543  0.084 0.5000000000
53596  20.546  -68.029  -3.073 0.5000000000
53597  19.735  -67.961  -3.602 0.6000000238
55019  19.597  -66.863  -4.144 0.6000000238
55038  20.181  -67.202  -5.289 0.6000000238
55037  20.906  -67.123  -5.498 0.5000000000
55036  21.647  -67.011  -5.673 0.5000000000
55044  22.109  -67.486  -5.922 0.6000000238
55043  22.774  -67.489  -5.878 0.6000000238
52138  24.073  -68.233  -6.459 0.5000000000
53638  24.637  -68.514  -6.001 0.5000000000
52136  25.532  -68.860  -6.268 0.5000000000
52137  24.988  -68.692  -6.465 0.5000000000
53511  20.843  -68.536  1.606 0.5000000000
52027  20.485  -68.911  2.056 0.5000000000
53551  21.095  -68.523  -0.459 0.5000000000
53559  21.382  -68.045  -0.723 0.4000000060
56381  21.747  -67.047  -0.670 0.3000000119
53570  21.317  -67.799  -1.394 0.4000000060
54974  21.315  -67.251  -1.921 0.3000000119
299890  21.561  -66.406  -1.383 0.3000000119
54991  21.070  -67.279  -2.505 0.5000000000
56448  20.346  -66.597  -3.563 0.5000000000
254877  20.260  -66.162  -3.974 0.5000000000
56465  20.267  -66.526  -4.677 0.5000000000
56473  21.028  -66.623  -5.193 0.5000000000
56472  21.918  -66.557  -5.342 0.6000000238
56471  22.570  -66.669  -5.229 0.6000000238
53631  23.975  -67.673  -5.604 0.5000000000
53622  24.303  -67.826  -4.922 0.5000000000
249855  25.097  -68.720  -5.972 0.5000000000
53510  21.336  -68.085  1.978 0.5000000000
54888  21.733  -67.763  1.524 0.5000000000
54904  21.992  -67.352  1.190 0.5000000000
54925  21.964  -67.297  0.585 0.4000000060
54940  21.642  -67.629  -0.367 0.5000000000
56380  21.963  -66.526  -0.425 0.4000000060
57945  21.908  -65.922  -0.766 0.3000000119
57966  21.496  -66.039  -1.741 0.3000000119
56429  20.900  -65.999  -2.903 0.4000000060
56457  20.177  -66.078  -4.328 0.5000000000
58016  20.724  -65.488  -4.622 0.4000000060
56470  23.154  -66.856  -4.944 0.5000000000
56456  23.549  -66.676  -3.756 0.5000000000
55026  23.957  -67.408  -5.006 0.5000000000
255494  25.850  -68.918  -5.237 0.5000000000
53620  25.426  -68.528  -4.376 0.4000000060
53621  24.841  -68.313  -4.754 0.5000000000
54865  21.897  -67.498  2.952 0.5000000000
269411  21.978  -67.363  2.346 0.5000000000
56355  22.185  -66.859  1.441 0.5000000000
57881  22.306  -66.290  1.012 0.4000000060
57900  22.197  -66.054  0.396 0.4000000060
59397  22.168  -65.387  -0.008 0.3000000119
275085  21.773  -65.340  -1.095 0.3000000119
295691  21.397  -65.686  -2.133 0.4000000060
59446  21.136  -64.823  -3.292 0.4000000060
59455  20.605  -65.232  -3.965 0.4000000060
58007  20.681  -65.117  -4.343 0.4000000060
59462  21.045  -64.958  -4.504 0.5000000000
58006  21.940  -65.240  -4.596 0.5000000000
58014  22.426  -65.719  -4.786 0.6000000238
56455  23.884  -67.023  -3.470 0.4000000060
267177  24.197  -67.428  -3.838 0.5000000000
56321  22.170  -66.895  2.791 0.4000000060
57865  22.546  -65.727  1.922 0.4000000060
57851  22.439  -66.304  2.349 0.4000000060
271395  22.291  -65.215  1.077 0.4000000060
60828  22.141  -64.889  0.574 0.4000000060
60844  22.075  -65.031  -0.590 0.4000000060
60856  21.858  -64.800  -1.182 0.4000000060
59434  21.491  -65.010  -1.689 0.4000000060
60872  21.385  -64.656  -2.481 0.4000000060
274559  21.473  -64.136  -2.543 0.4000000060
60892  21.363  -64.346  -3.975 0.5000000000
60897  21.870  -64.516  -4.088 0.5000000000
60890  22.453  -64.530  -3.639 0.6000000238
57995  23.287  -65.801  -3.207 0.5000000000
59445  23.322  -65.385  -2.754 0.4000000060
56447  23.575  -66.486  -3.150 0.4000000060
59346  22.230  -65.707  3.681 0.4000000060
59365  22.596  -65.134  2.129 0.4000000060
59356  22.575  -65.428  3.197 0.4000000060
60800  22.384  -64.666  1.779 0.4000000060
273896  22.050  -64.315  0.237 0.4000000060
272858  21.952  -64.290  -1.345 0.4000000060
298693  21.846  -64.134  -1.948 0.4000000060
60882  21.325  -64.148  -3.382 0.4000000060
62403  21.566  -63.779  -3.913 0.5000000000
279806  22.465  -63.998  -3.559 0.4000000060
59453  23.013  -65.144  -3.327 0.6000000238
281811  22.431  -65.188  3.699 0.4000000060
60774  22.534  -64.456  2.891 0.4000000060
298428  22.380  -64.129  2.488 0.4000000060
267990  22.195  -64.206  1.492 0.4000000060
258213  22.118  -64.264  0.895 0.4000000060
63862  22.087  -63.302  0.001 0.4000000060
260260  22.057  -63.777  -1.030 0.4000000060
256372  21.996  -63.197  -1.457 0.3000000119
63893  21.827  -63.182  -2.258 0.3000000119
62385  21.668  -63.681  -2.436 0.4000000060
63907  22.413  -63.132  -3.715 0.4000000060
62401  22.650  -63.544  -3.529 0.4000000060
280655  23.037  -64.006  -3.220 0.5000000000
59329  21.965  -65.258  4.193 0.4000000060
268020  22.145  -63.717  1.790 0.4000000060
63837  22.070  -63.280  1.578 0.4000000060
63848  22.079  -63.009  0.718 0.3000000119
65351  22.104  -62.621  0.229 0.3000000119
256373  22.061  -63.234  -0.725 0.3000000119
65371  21.998  -62.573  -1.094 0.3000000119
259939  21.818  -62.712  -2.784 0.3000000119
65393  22.706  -62.625  -3.556 0.4000000060
65392  23.115  -62.649  -3.300 0.4000000060
62288  22.518  -63.706  3.642 0.3000000119
62301  22.437  -63.817  2.946 0.3000000119
63819  22.272  -63.257  2.620 0.3000000119
65324  22.060  -62.483  1.902 0.3000000119
254314  22.041  -62.180  1.439 0.3000000119
66740  22.068  -61.814  0.960 0.3000000119
66765  22.107  -62.254  -0.343 0.4000000060
67997  22.037  -61.583  -0.309 0.4000000060
66772  22.019  -61.967  -0.956 0.3000000119
68004  22.008  -61.422  -1.213 0.3000000119
66787  21.982  -61.650  -2.821 0.3000000119
66795  22.289  -61.846  -3.306 0.4000000060
68026  22.988  -61.664  -3.078 0.4000000060
66786  23.190  -62.115  -2.862 0.4000000060
67985  22.062  -61.411  0.467 0.4000000060
265242  22.034  -60.948  -0.010 0.4000000060
260998  22.035  -61.038  -0.677 0.4000000060
69210  22.037  -60.697  -1.434 0.3000000119
68019  22.276  -61.063  -2.689 0.4000000060
69229  22.544  -60.430  -2.736 0.4000000060
69228  23.005  -60.258  -2.862 0.4000000060
68018  22.722  -60.942  -2.793 0.4000000060
68017  23.050  -60.906  -2.723 0.4000000060
69202  22.029  -60.479  -0.553 0.4000000060
70387  22.010  -59.966  -1.201 0.5000000000
250736  22.183  -59.339  -1.810 0.4000000060
70395  22.774  -59.408  -2.489 0.4000000060
252153  23.413  -61.153  -2.006 0.3000000119
71671  23.222  -59.352  -2.579 0.3000000119
298558  21.864  -70.509  -8.000 0.6999999881
50453  18.530  -69.258  -6.334 0.8000000119
299480  21.461  -69.083  -6.761 0.6000000238
282066  19.670  -68.448  -6.299 0.6999999881
52140  20.521  -68.521  -6.459 0.6999999881
299476  24.332  -68.668  -6.753 0.6000000238
53571  20.926  -68.261  -1.691 0.4000000060
54975  21.083  -67.788  -2.067 0.4000000060
53610  19.260  -67.678  -4.045 0.6999999881
55039  19.499  -67.291  -5.192 0.6999999881
53643  20.979  -68.136  -6.076 0.6999999881
54926  21.699  -67.756  0.251 0.5000000000
288238  19.803  -66.494  -4.226 0.5000000000
54990  21.200  -66.704  -2.387 0.4000000060
58015  21.578  -65.539  -4.860 0.6000000238
58013  22.849  -66.095  -4.387 0.5000000000
58005  22.623  -65.463  -4.285 0.6000000238
278053  22.001  -64.352  -0.548 0.3000000119
63908  21.865  -63.394  -3.598 0.4000000060
62289  22.379  -64.117  3.941 0.4000000060
267477  21.912  -62.238  -2.536 0.3000000119
66780  22.001  -61.229  -2.118 0.3000000119
69219  22.174  -60.680  -2.285 0.3000000119
69218  23.417  -60.174  -2.257 0.3000000119
39347  20.018  -74.853  -5.966 0.6000000238
39314  19.907  -74.828  -4.602 0.6000000238
40813  21.139  -74.173  -0.889 0.6000000238
281066  21.262  -73.741  -0.911 0.6000000238
299623  19.208  -75.511  -6.009 0.5000000000
37726  19.890  -75.221  -7.146 0.6000000238
39390  21.283  -75.060  -8.871 0.6999999881
39361  20.692  -74.597  -7.207 0.6999999881
265265  19.542  -75.243  -5.688 0.6000000238
40914  20.255  -74.263  -5.581 0.6000000238
40875  20.184  -74.164  -4.487 0.6000000238
42464  20.681  -73.514  -3.740 0.6000000238
42450  20.728  -73.437  -3.067 0.6000000238
40835  20.911  -73.616  -2.052 0.6000000238
43982  21.188  -72.750  -1.390 0.6000000238
45552  21.784  -71.621  -0.190 0.6999999881
39421  20.363  -75.336  -9.543 0.6000000238
40976  19.540  -73.685  -9.402 0.6999999881
37745  19.568  -75.569  -7.557 0.5000000000
39407  20.848  -74.810  -9.569 0.6999999881
39391  20.817  -75.283  -8.303 0.6999999881
40962  21.700  -74.771  -8.455 0.6999999881
40929  20.811  -73.968  -6.972 0.6999999881
42487  20.650  -73.384  -4.917 0.5000000000
44012  21.150  -72.458  -2.725 0.6000000238
45573  21.346  -71.866  -2.512 0.6000000238
45568  21.418  -71.795  -1.906 0.6999999881
47149  22.052  -71.130  -2.510 0.6999999881
47134  22.594  -70.840  -0.287 0.6999999881
48770  22.946  -70.634  -1.689 0.6999999881
299046  28.883  -70.155  3.346 0.4000000060
50340  26.467  -69.565  0.737 0.5000000000
263547  25.413  -69.937  -0.495 0.6000000238
50371  24.471  -69.968  -0.066 0.6000000238
48769  23.594  -70.402  -1.541 0.6999999881
40947  17.446  -73.254  -8.146 0.5000000000
40963  18.045  -73.065  -8.714 0.5000000000
44082  18.121  -72.489  -7.879 0.6000000238
258714  18.601  -74.381  -9.221 0.5000000000
286421  18.758  -72.430  -8.623 0.6999999881
42538  18.699  -72.964  -8.910 0.5000000000
39409  19.369  -74.415  -9.662 0.6000000238
42532  19.335  -72.261  -8.607 0.6999999881
263170  20.309  -73.304  -9.455 0.6999999881
40973  21.559  -73.845  -9.689 0.6999999881
42508  21.053  -73.474  -6.705 0.6999999881
44030  21.040  -72.344  -4.053 0.6000000238
45582  21.276  -71.901  -3.690 0.6000000238
47154  21.653  -71.334  -3.439 0.6999999881
47152  22.636  -70.853  -2.709 0.6999999881
48779  23.629  -70.408  -2.583 0.6999999881
48758  24.635  -70.147  -1.289 0.6000000238
48778  24.282  -70.345  -2.448 0.6000000238
44042  18.119  -72.782  -4.082 0.5000000000
40896  17.398  -73.623  -5.672 0.4000000060
42500  18.364  -72.735  -5.752 0.5000000000
42488  18.133  -72.989  -5.137 0.5000000000
42523  17.798  -72.977  -7.596 0.5000000000
272117  18.552  -71.871  -4.930 0.6000000238
44061  18.502  -72.167  -6.261 0.6000000238
47217  18.526  -71.037  -6.341 0.6999999881
262803  18.615  -71.688  -6.630 0.6000000238
45620  18.846  -71.365  -6.841 0.6999999881
44087  19.919  -72.057  -8.618 0.6999999881
42522  21.354  -73.825  -7.389 0.6999999881
44060  21.157  -72.629  -5.796 0.6999999881
44051  20.987  -72.618  -5.028 0.6999999881
45591  21.314  -71.745  -4.824 0.6999999881
47171  21.948  -70.938  -4.655 0.6999999881
47159  22.527  -70.774  -4.186 0.8000000119
285467  23.201  -70.401  -3.470 0.6999999881
50386  26.231  -69.917  -1.070 0.5000000000
48777  24.927  -70.407  -2.537 0.6000000238
258029  24.203  -70.468  -3.357 0.6000000238
301072  17.794  -72.999  -3.657 0.4000000060
45578  18.575  -71.647  -3.465 0.6000000238
44041  18.417  -72.293  -4.435 0.6000000238
45587  18.564  -71.622  -4.190 0.6000000238
288986  18.508  -70.668  -4.900 0.6000000238
48817  18.348  -70.138  -5.277 0.6000000238
48844  18.651  -70.734  -6.523 0.6999999881
45640  19.486  -71.791  -8.040 0.6999999881
44086  20.688  -71.995  -8.978 0.6999999881
42535  22.093  -73.688  -9.403 0.6999999881
45638  21.547  -72.217  -9.199 0.8000000119
44085  22.547  -73.390  -8.992 0.8000000119
45619  21.852  -72.335  -6.866 0.6000000238
47201  21.786  -71.386  -5.700 0.6000000238
48834  23.190  -70.661  -5.709 0.8000000119
260959  23.205  -70.487  -4.019 0.6999999881
288099  26.891  -69.806  -1.178 0.5000000000
48765  26.043  -70.199  -2.133 0.6000000238
48802  24.774  -70.606  -3.960 0.6999999881
50409  26.821  -70.135  -2.214 0.6000000238
269957  18.480  -71.640  -2.266 0.5000000000
43999  18.240  -72.169  -1.856 0.4000000060
43983  17.505  -72.459  -1.043 0.4000000060
289708  18.604  -71.158  -2.583 0.5000000000
44023  18.353  -72.114  -3.170 0.5000000000
48795  18.666  -70.601  -3.382 0.6000000238
267873  18.624  -70.656  -3.959 0.6000000238
50431  18.442  -69.659  -4.748 0.6000000238
277581  18.229  -70.086  -6.017 0.6999999881
45639  20.149  -71.587  -8.105 0.8000000119
47244  20.931  -71.609  -8.524 0.8000000119
45637  22.198  -72.433  -9.180 0.6000000238
45629  23.089  -73.065  -7.852 0.6000000238
47214  22.585  -71.554  -6.560 0.6999999881
47212  23.674  -71.420  -6.912 0.6999999881
47197  24.923  -71.047  -6.338 0.6999999881
48789  25.719  -70.532  -3.132 0.6000000238
47182  25.576  -70.853  -5.206 0.6000000238
251218  25.947  -71.088  -5.850 0.6000000238
48788  26.403  -70.612  -3.188 0.6000000238
252820  25.962  -71.018  -4.680 0.6000000238
48762  19.148  -70.335  -1.070 0.5000000000
47147  18.648  -71.095  -1.363 0.5000000000
45562  18.163  -71.818  -0.524 0.5000000000
45554  17.650  -72.100  -0.225 0.5000000000
50390  19.420  -69.903  -1.297 0.5000000000
48772  18.769  -70.695  -1.822 0.5000000000
50411  19.296  -69.799  -2.747 0.6000000238
47243  21.618  -71.664  -8.828 0.6999999881
284299  22.407  -71.003  -8.413 0.6000000238
45643  23.483  -72.802  -8.801 0.6000000238
45635  23.993  -72.825  -8.519 0.6000000238
286129  24.565  -72.209  -7.713 0.6999999881
45626  24.357  -72.628  -8.424 0.6000000238
47210  24.992  -71.774  -7.245 0.6000000238
298908  25.381  -70.918  -5.919 0.6999999881
48786  27.742  -70.523  -3.286 0.5000000000
284665  27.302  -71.501  -5.665 0.4000000060
50358  19.498  -70.031  -0.061 0.5000000000
48739  19.055  -70.533  0.146 0.5000000000
47108  18.534  -71.004  0.943 0.5000000000
47109  18.087  -71.393  1.091 0.5000000000
45504  17.278  -71.681  1.790 0.5000000000
45481  16.979  -71.634  2.328 0.5000000000
299538  23.192  -70.101  -8.174 0.6000000238
47240  24.270  -71.894  -9.169 0.6000000238
47239  24.827  -72.003  -9.247 0.4000000060
47227  25.700  -72.573  -8.975 0.5000000000
249734  26.206  -72.364  -8.308 0.4000000060
47207  27.025  -71.676  -6.489 0.4000000060
47208  26.534  -71.912  -7.406 0.5000000000
275498  19.628  -69.768  0.452 0.6000000238
48729  19.183  -70.196  1.183 0.5000000000
48730  18.763  -70.578  1.370 0.5000000000
47060  18.031  -70.899  2.197 0.5000000000
47027  17.595  -70.920  2.721 0.5000000000
47028  16.646  -71.177  3.245 0.5000000000
47029  15.970  -71.290  3.483 0.4000000060
47003  14.953  -70.783  3.707 0.5000000000
48675  13.633  -70.341  3.510 0.4000000060
259604  13.225  -69.949  3.458 0.4000000060
274693  11.887  -70.268  2.971 0.4000000060
50484  24.263  -70.077  -8.569 0.6000000238
50482  25.568  -69.989  -8.959 0.4000000060
47246  26.260  -72.247  -9.390 0.4000000060
45624  27.314  -71.936  -8.963 0.4000000060
50330  19.461  -69.821  1.586 0.5000000000
50306  19.330  -69.909  2.191 0.4000000060
288909  18.684  -70.167  2.727 0.4000000060
48673  17.646  -70.468  3.230 0.5000000000
50252  17.288  -69.530  3.861 0.4000000060
48650  15.949  -70.253  3.851 0.5000000000
51955  16.100  -69.225  3.640 0.4000000060
51956  15.363  -69.324  3.656 0.5000000000
50255  15.007  -69.801  3.827 0.5000000000
51980  14.425  -69.021  3.211 0.3000000119
51982  13.198  -69.435  3.143 0.3000000119
52012  12.310  -69.212  2.412 0.3000000119
52162  25.483  -68.998  -7.859 0.4000000060
52010  20.077  -69.201  2.464 0.5000000000
50276  19.244  -69.544  3.070 0.5000000000
50249  18.921  -69.437  3.486 0.4000000060
53474  21.217  -68.205  2.653 0.4000000060
51977  20.241  -68.952  2.980 0.4000000060
51949  19.850  -68.871  3.368 0.4000000060
53462  18.845  -68.292  3.842 0.4000000060
53458  21.307  -67.940  3.611 0.4000000060
53459  20.630  -68.254  3.616 0.4000000060
54833  20.015  -67.826  4.131 0.4000000060
54831  21.436  -67.469  4.015 0.4000000060
54819  19.629  -67.200  4.398 0.4000000060
56284  19.024  -67.097  4.279 0.4000000060
56300  18.439  -67.032  4.190 0.4000000060
54818  20.322  -67.247  4.475 0.4000000060
56298  21.907  -67.180  3.827 0.3000000119
264527  19.521  -66.342  4.805 0.4000000060
258363  18.702  -66.596  4.434 0.4000000060
56285  18.147  -66.492  4.208 0.4000000060
57812  21.852  -65.920  4.143 0.4000000060
56286  17.631  -66.490  3.900 0.4000000060
59348  17.311  -65.411  3.724 0.4000000060
59330  21.436  -65.549  4.565 0.3000000119
59331  20.889  -65.705  4.912 0.4000000060
57799  20.295  -65.809  5.123 0.4000000060
59316  19.415  -65.451  5.281 0.4000000060
59332  18.521  -65.827  4.780 0.4000000060
59333  17.951  -65.489  4.609 0.4000000060
60739  18.483  -64.831  5.344 0.3000000119
47242  23.031  -71.193  -8.791 0.6000000238
275298  19.071  -70.246  -2.280 0.5000000000
50485  23.666  -70.081  -8.368 0.6000000238
50481  26.215  -69.905  -8.865 0.4000000060
40823  20.705  -74.172  -1.840 0.6000000238
47144  22.325  -70.845  -1.584 0.6999999881
292471  22.790  -70.641  -3.698 0.6999999881
52040  26.931  -69.348  1.047 0.5000000000
50367  27.070  -69.505  -0.304 0.5000000000
259317  25.912  -69.675  0.575 0.5000000000
276048  26.142  -69.730  0.010 0.4000000060
48757  25.224  -70.232  -1.388 0.6000000238
42501  18.058  -73.116  -6.181 0.5000000000
44070  21.723  -72.959  -7.334 0.6999999881
48791  24.555  -70.456  -2.995 0.6000000238
45604  18.453  -71.448  -6.059 0.6000000238
45603  21.484  -71.985  -6.022 0.6999999881
47185  22.599  -70.714  -5.579 0.8000000119
48814  24.405  -70.543  -4.436 0.6999999881
44024  18.003  -72.541  -2.887 0.4000000060
44079  22.878  -73.249  -8.230 0.6000000238
45618  22.490  -72.196  -7.183 0.6000000238
255262  23.893  -70.906  -6.370 0.6999999881
48822  24.059  -70.557  -5.068 0.6999999881
50407  27.841  -70.149  -2.404 0.5000000000
50384  27.715  -69.670  -1.169 0.5000000000
48821  24.624  -70.601  -5.025 0.6999999881
48801  25.551  -70.784  -3.976 0.6000000238
45644  22.929  -72.321  -9.009 0.6999999881
249767  23.084  -72.430  -7.568 0.6999999881
45617  23.423  -72.017  -7.545 0.6999999881
274061  25.592  -72.098  -7.773 0.6000000238
284273  26.768  -71.029  -4.123 0.6000000238
47167  27.290  -71.146  -4.483 0.6000000238
48751  18.713  -70.900  -0.267 0.5000000000
259492  18.382  -71.394  -0.018 0.5000000000
47125  17.970  -71.723  0.337 0.4000000060
47241  23.642  -71.512  -9.002 0.6000000238
45625  25.215  -72.574  -9.161 0.6000000238
47033  13.248  -70.786  3.122 0.3000000119
48863  25.267  -71.448  -9.256 0.5000000000
47236  26.995  -71.879  -9.363 0.4000000060
48674  16.987  -70.560  3.651 0.5000000000
50279  14.218  -69.431  3.540 0.4000000060
51984  11.927  -69.587  2.644 0.4000000060
284664  20.976  -66.617  4.551 0.4000000060
57815  20.075  -66.305  4.882 0.4000000060
250587  28.197  -77.837  -7.543 0.3000000119
33168  28.944  -77.400  -7.721 0.3000000119
39170  28.552  -74.653  0.239 0.4000000060
39243  30.014  -74.915  -1.500 0.4000000060
37580  29.825  -75.214  -2.442 0.4000000060
281734  30.169  -75.238  -3.013 0.4000000060
281399  28.221  -73.789  1.810 0.4000000060
40776  27.024  -73.890  1.788 0.4000000060
40758  26.807  -73.655  2.236 0.4000000060
42351  26.186  -72.915  2.957 0.5000000000
40739  25.386  -73.545  2.939 0.5000000000
42354  24.466  -73.179  3.498 0.5000000000
39167  30.390  -74.387  0.474 0.4000000060
39169  29.226  -74.570  0.267 0.5000000000
39141  27.594  -74.497  0.854 0.5000000000
40728  23.968  -73.524  3.813 0.5000000000
253031  30.888  -74.554  -0.610 0.5000000000
250088  29.465  -74.742  -0.738 0.5000000000
39220  31.186  -74.599  -1.193 0.5000000000
300206  30.581  -75.018  -2.079 0.4000000060
37578  30.882  -75.086  -2.861 0.4000000060
288765  30.729  -75.046  -3.871 0.4000000060
37668  30.885  -74.991  -4.433 0.4000000060
256884  30.857  -74.980  -5.787 0.3000000119
37722  30.256  -74.947  -7.468 0.4000000060
43922  29.244  -72.800  2.884 0.4000000060
43904  27.839  -72.361  3.069 0.4000000060
296547  26.891  -71.812  3.475 0.4000000060
42385  30.007  -73.490  2.304 0.4000000060
40756  28.849  -73.663  1.991 0.4000000060
43923  28.472  -72.665  2.806 0.4000000060
43905  26.883  -72.408  3.150 0.4000000060
281275  26.183  -71.985  3.402 0.5000000000
43907  25.309  -72.335  3.209 0.5000000000
254582  30.339  -74.050  1.382 0.4000000060
40789  29.794  -74.125  1.446 0.4000000060
40791  28.627  -74.392  1.091 0.4000000060
45453  25.235  -71.647  3.179 0.5000000000
47024  24.280  -71.478  3.105 0.5000000000
43910  23.647  -72.238  3.372 0.5000000000
45456  22.791  -71.568  2.691 0.6000000238
45502  22.375  -71.520  1.326 0.6000000238
298811  22.250  -72.299  2.994 0.6000000238
48749  23.112  -70.558  -0.483 0.6000000238
47122  22.596  -71.014  0.364 0.6000000238
43938  21.721  -72.298  1.478 0.5000000000
39296  31.911  -74.672  -3.861 0.4000000060
43965  21.324  -72.708  -0.719 0.5000000000
39345  31.396  -74.690  -5.580 0.4000000060
39344  31.974  -74.461  -6.125 0.4000000060
290251  31.159  -74.699  -6.940 0.4000000060
48670  26.505  -70.414  3.128 0.4000000060
48695  26.178  -70.181  2.682 0.5000000000
48696  25.320  -70.359  2.315 0.5000000000
290926  24.689  -69.943  1.290 0.5000000000
47057  23.636  -71.045  2.511 0.5000000000
293765  24.057  -70.054  0.751 0.5000000000
47105  23.170  -70.693  1.328 0.6000000238
48747  24.055  -70.212  -0.455 0.6000000238
48727  23.618  -70.329  0.636 0.6000000238
33152  27.827  -77.755  -7.075 0.3000000119
33149  29.549  -76.934  -6.999 0.3000000119
36117  32.166  -76.175  -8.038 0.3000000119
43901  30.092  -72.277  3.046 0.4000000060
47018  28.669  -71.212  3.417 0.4000000060
301020  28.065  -70.824  3.576 0.4000000060
47019  27.496  -70.780  3.608 0.4000000060
50274  26.765  -69.955  2.788 0.4000000060
50328  25.487  -69.955  1.892 0.5000000000
50327  25.986  -69.726  1.764 0.4000000060
50342  24.854  -69.797  0.845 0.5000000000
45520  22.045  -71.708  0.845 0.6000000238
43951  21.450  -72.532  0.473 0.5000000000
50273  27.285  -69.962  3.157 0.4000000060
42373  27.183  -73.179  2.430 0.4000000060
42356  22.726  -73.049  3.539 0.5000000000
36138  32.684  -75.633  -8.422 0.3000000119
282627  28.597  -71.802  3.293 0.4000000060
48671  25.935  -70.696  3.011 0.5000000000
47056  24.319  -71.032  2.715 0.5000000000
48717  23.719  -70.415  1.513 0.6000000238
65394  22.133  -62.793  -3.445 0.3000000119
33150  29.046  -77.189  -7.214 0.3000000119
33151  28.605  -77.549  -7.406 0.3000000119
36076  19.110  -75.678  -6.483 0.5000000000
36116  32.632  -75.979  -7.780 0.3000000119
37547  30.190  -75.068  -1.993 0.4000000060
37548  29.573  -75.118  -1.911 0.4000000060
37579  30.441  -75.116  -2.428 0.4000000060
37581  29.178  -75.274  -2.397 0.4000000060
37612  31.598  -74.800  -2.686 0.4000000060
37613  30.652  -75.105  -3.381 0.4000000060
37641  31.293  -74.936  -3.515 0.4000000060
37642  30.275  -75.212  -4.194 0.4000000060
37693  19.380  -75.294  -5.100 0.6000000238
37694  19.040  -75.543  -5.531 0.5000000000
37705  30.258  -75.130  -5.916 0.3000000119
37708  19.617  -75.246  -6.398 0.6000000238
37721  30.871  -74.742  -7.337 0.4000000060
37727  19.412  -75.460  -6.918 0.5000000000
37744  20.212  -75.431  -7.941 0.6999999881
37755  32.464  -75.132  -8.620 0.3000000119
37761  20.507  -75.613  -8.918 0.6000000238
37762  19.854  -75.706  -8.434 0.6000000238
37778  20.006  -75.768  -9.295 0.6000000238
39111  27.617  -73.875  1.766 0.4000000060
39137  30.103  -74.277  0.943 0.4000000060
39138  29.529  -74.388  0.860 0.4000000060
39139  28.876  -74.500  0.731 0.4000000060
39140  28.261  -74.523  0.772 0.5000000000
39168  29.841  -74.456  0.408 0.4000000060
39171  27.881  -74.684  0.296 0.4000000060
39196  30.646  -74.510  -0.030 0.5000000000
39197  29.602  -74.617  -0.181 0.5000000000
39221  30.440  -74.723  -1.105 0.4000000060
39222  29.871  -74.784  -1.044 0.5000000000
39225  21.087  -74.348  -0.523 0.6000000238
39226  20.772  -74.490  -0.836 0.6000000238
39242  30.694  -74.846  -1.698 0.4000000060
39261  30.987  -74.950  -2.254 0.4000000060
39262  20.416  -74.362  -2.348 0.6000000238
39313  31.426  -74.786  -4.217 0.4000000060
39332  31.420  -74.729  -4.863 0.4000000060
39333  19.864  -74.912  -5.225 0.6000000238
39346  20.457  -74.436  -6.390 0.6000000238
39360  31.394  -74.657  -6.470 0.4000000060
39362  20.208  -74.886  -6.732 0.6000000238
39375  21.210  -74.988  -7.923 0.6999999881
39376  20.559  -75.091  -7.491 0.6999999881
39408  20.169  -74.610  -9.858 0.6000000238
39423  19.109  -75.076  -9.902 0.5000000000
40740  24.885  -73.681  3.253 0.5000000000
40755  29.421  -73.606  2.231 0.4000000060
40757  27.813  -73.381  2.128 0.4000000060
40772  30.835  -73.780  1.572 0.4000000060
40773  30.236  -73.814  1.829 0.4000000060
40774  29.306  -73.948  1.752 0.4000000060
40775  28.738  -74.088  1.556 0.4000000060
40788  30.651  -74.138  0.984 0.4000000060
40790  29.148  -74.303  1.225 0.4000000060
40792  27.292  -74.191  1.344 0.4000000060
40806  21.266  -73.992  -0.423 0.6000000238
40814  20.888  -74.246  -1.243 0.6000000238
40822  21.052  -73.839  -1.398 0.6000000238
40836  20.626  -73.924  -2.561 0.6000000238
40861  20.313  -74.059  -3.876 0.6000000238
40874  20.542  -73.755  -4.216 0.6000000238
40894  20.374  -73.897  -5.005 0.6000000238
40895  20.073  -74.391  -4.982 0.6000000238
40913  20.660  -73.819  -6.162 0.6999999881
40915  17.697  -73.564  -6.360 0.5000000000
40916  17.107  -73.917  -6.204 0.4000000060
40930  17.588  -73.464  -7.231 0.5000000000
40945  21.960  -74.232  -8.085 0.6999999881
40946  21.206  -74.310  -7.669 0.6999999881
40961  22.052  -74.384  -8.981 0.6999999881
40964  17.494  -73.248  -8.577 0.5000000000
40974  21.378  -74.418  -9.509 0.6999999881
40975  20.471  -73.992  -9.732 0.6999999881
40977  18.718  -73.732  -8.948 0.5000000000
42334  23.380  -73.277  3.758 0.5000000000
42349  27.285  -72.614  2.852 0.4000000060
42350  26.751  -72.806  2.830 0.4000000060
42352  25.561  -72.949  3.081 0.5000000000
42353  25.047  -73.118  3.213 0.5000000000
42355  23.823  -72.907  3.609 0.5000000000
42357  22.152  -72.877  3.134 0.6000000238
42369  29.617  -73.206  2.595 0.4000000060
42370  28.907  -73.207  2.418 0.4000000060
42371  28.244  -73.071  2.357 0.4000000060
42372  27.798  -72.855  2.539 0.4000000060
42374  26.527  -73.338  2.616 0.4000000060
42375  25.928  -73.420  2.743 0.5000000000
42405  21.359  -73.430  -0.547 0.6000000238
42413  21.289  -73.258  -0.966 0.6000000238
42422  21.117  -73.245  -1.749 0.6000000238
42435  21.043  -73.037  -2.337 0.6000000238
42436  20.832  -73.374  -2.573 0.6000000238
42437  17.597  -72.905  -2.617 0.4000000060
42449  20.936  -72.957  -2.908 0.6000000238
42451  17.700  -72.967  -3.180 0.4000000060
42465  17.585  -73.152  -4.101 0.4000000060
42476  20.722  -73.268  -4.380 0.6000000238
42489  17.945  -73.261  -5.686 0.5000000000
42499  20.891  -73.204  -5.990 0.6999999881
42507  21.251  -72.962  -6.625 0.6999999881
42509  18.227  -72.658  -6.535 0.5000000000
42521  22.056  -73.826  -7.743 0.6999999881
42531  22.352  -74.010  -8.402 0.8000000119
42533  18.308  -72.605  -8.547 0.6000000238
42534  17.783  -72.859  -8.377 0.5000000000
42536  20.944  -73.703  -9.816 0.6999999881
42537  19.551  -72.997  -8.900 0.6999999881
43902  29.545  -72.343  3.114 0.4000000060
43903  28.957  -72.235  3.147 0.4000000060
43906  26.434  -72.441  3.192 0.4000000060
43908  24.769  -72.575  3.271 0.5000000000
43909  24.219  -72.594  3.398 0.5000000000
43911  22.989  -72.126  3.351 0.5000000000
43912  22.621  -71.952  3.070 0.6000000238
43921  29.863  -72.761  2.865 0.4000000060
43924  21.933  -72.555  2.624 0.6000000238
43931  21.825  -72.382  2.066 0.5000000000
43939  21.462  -72.703  1.062 0.5000000000
43950  21.701  -72.163  0.930 0.5000000000
43998  21.210  -72.520  -2.069 0.6000000238
44013  18.282  -72.105  -2.565 0.5000000000
44014  17.921  -72.546  -2.268 0.4000000060
44021  21.067  -72.505  -3.395 0.6000000238
44022  20.847  -73.037  -3.397 0.6000000238
44031  20.856  -72.882  -3.902 0.6000000238
44032  18.396  -72.181  -3.782 0.5000000000
44033  18.106  -72.627  -3.449 0.4000000060
44039  21.087  -72.238  -4.638 0.6999999881
44040  20.889  -72.708  -4.461 0.6999999881
44050  21.227  -72.158  -5.261 0.6999999881
44052  18.426  -72.487  -5.068 0.6000000238
44059  21.443  -72.500  -6.575 0.6999999881
44069  22.310  -72.905  -7.663 0.6000000238
44071  17.899  -73.107  -6.805 0.5000000000
44078  23.237  -73.229  -8.387 0.6000000238
44080  22.366  -73.534  -8.086 0.8000000119
44081  18.857  -71.953  -8.187 0.6999999881
44083  23.151  -72.907  -8.942 0.6999999881
44084  22.840  -72.969  -8.994 0.6999999881
44088  20.951  -73.107  -9.534 0.6999999881
44089  20.047  -72.694  -8.976 0.6999999881
45449  29.768  -71.871  3.196 0.4000000060
45450  29.188  -71.836  3.271 0.4000000060
45451  26.518  -71.591  3.468 0.4000000060
45452  25.903  -71.393  3.297 0.5000000000
45454  24.330  -72.034  3.277 0.5000000000
45455  23.832  -71.734  3.186 0.5000000000
45457  16.682  -71.572  2.776 0.5000000000
45479  22.585  -71.593  2.015 0.6000000238
45480  22.233  -71.981  2.519 0.6000000238
45482  16.400  -71.808  2.415 0.5000000000
45503  22.083  -71.923  1.786 0.6000000238
45505  16.627  -71.934  1.805 0.5000000000
45521  17.596  -71.990  0.664 0.4000000060
45537  21.682  -71.930  0.402 0.5000000000
45538  21.337  -72.233  -0.110 0.5000000000
45539  17.580  -72.027  0.196 0.4000000060
45553  21.397  -72.013  -0.615 0.6999999881
45560  21.729  -71.568  -0.875 0.6999999881
45561  21.271  -72.036  -1.230 0.6999999881
45563  18.191  -72.165  -1.153 0.4000000060
45567  21.608  -71.499  -1.445 0.6999999881
45569  18.496  -71.662  -1.621 0.5000000000
45574  18.530  -71.639  -2.871 0.5000000000
45586  21.257  -71.837  -4.255 0.6999999881
45592  18.383  -71.318  -5.548 0.6000000238
45602  22.046  -71.738  -6.361 0.6000000238
45614  27.250  -71.869  -7.688 0.4000000060
45615  26.664  -72.363  -8.603 0.4000000060
45616  24.047  -72.032  -7.624 0.6999999881
45627  23.895  -72.658  -8.125 0.6999999881
45628  23.485  -72.933  -8.095 0.6999999881
45630  19.109  -71.651  -7.475 0.6999999881
45631  18.753  -71.832  -7.340 0.6999999881
45633  26.670  -72.467  -9.177 0.4000000060
45634  24.787  -72.641  -9.042 0.6000000238
45636  22.321  -71.851  -8.931 0.6000000238
45641  24.303  -72.552  -8.935 0.6000000238
45642  23.851  -72.353  -9.100 0.6000000238
47001  16.292  -70.729  3.681 0.4000000060
47002  15.634  -70.762  3.752 0.5000000000
47004  14.286  -70.519  3.621 0.4000000060
47020  26.922  -70.630  3.491 0.4000000060
47021  26.441  -70.972  3.387 0.4000000060
47022  25.402  -71.077  3.001 0.5000000000
47023  24.821  -71.271  3.020 0.5000000000
47025  23.714  -71.306  2.978 0.5000000000
47026  23.238  -71.261  2.823 0.5000000000
47034  12.655  -70.729  2.939 0.3000000119
47054  25.486  -70.666  2.732 0.5000000000
47055  25.015  -70.842  2.689 0.5000000000
47058  23.081  -71.239  2.262 0.6000000238
47059  18.389  -70.455  2.471 0.4000000060
47061  17.515  -71.343  2.275 0.5000000000
47084  24.036  -70.720  2.115 0.6000000238
47085  23.412  -70.875  1.906 0.6000000238
47086  22.868  -71.147  1.641 0.6000000238
47087  18.318  -70.972  1.560 0.5000000000
47088  17.815  -71.368  1.692 0.5000000000
47106  22.751  -71.064  1.007 0.6000000238
47107  22.368  -71.331  0.781 0.6000000238
47123  22.109  -71.435  0.371 0.6000000238
47124  18.290  -71.405  0.556 0.4000000060
47135  22.148  -71.133  -0.578 0.6999999881
47136  17.956  -71.783  -0.045 0.5000000000
47141  22.580  -70.748  -1.002 0.6999999881
47142  22.023  -71.103  -1.218 0.6999999881
47143  18.478  -71.214  -0.665 0.5000000000
47145  21.866  -71.162  -1.892 0.6999999881
47146  21.605  -71.398  -2.356 0.6999999881
47148  22.506  -70.896  -2.132 0.6999999881
47150  21.601  -71.361  -2.832 0.6000000238
47151  18.608  -71.122  -2.017 0.5000000000
47153  22.182  -71.086  -3.053 0.6999999881
47155  18.623  -71.160  -3.133 0.6000000238
47160  21.834  -71.099  -4.020 0.6999999881
47161  21.465  -71.480  -3.954 0.6000000238
47162  18.622  -71.130  -3.713 0.6000000238
47168  26.533  -71.121  -4.591 0.6000000238
47169  26.084  -70.984  -4.140 0.6000000238
47170  22.477  -70.595  -4.933 0.8000000119
47172  21.504  -71.338  -4.445 0.6999999881
47173  18.595  -70.962  -4.331 0.6000000238
47180  27.595  -71.396  -5.103 0.6000000238
47181  26.250  -71.114  -5.162 0.6000000238
47183  24.983  -70.718  -5.536 0.6999999881
47184  24.352  -70.786  -5.835 0.6999999881
47186  22.072  -70.914  -5.346 0.8000000119
47187  21.603  -71.259  -5.064 0.6999999881
47188  18.480  -70.675  -5.474 0.6000000238
47196  25.573  -71.373  -6.647 0.6999999881
47198  23.385  -70.965  -6.279 0.6999999881
47199  22.847  -71.075  -6.143 0.8000000119
47200  22.285  -71.157  -5.954 0.6000000238
47202  18.413  -70.788  -6.017 0.6999999881
47209  26.029  -71.689  -7.275 0.5000000000
47211  24.338  -71.429  -6.839 0.6999999881
47213  23.092  -71.419  -6.790 0.6999999881
47216  19.345  -71.157  -6.939 0.6999999881
47226  26.301  -72.644  -9.129 0.4000000060
47228  24.928  -72.540  -8.500 0.6000000238
47229  21.147  -71.060  -8.183 0.6999999881
47230  20.567  -71.098  -7.836 0.8000000119
47231  19.972  -71.152  -7.361 0.8999999762
47235  27.492  -71.431  -9.271 0.4000000060
47237  26.423  -72.473  -9.291 0.4000000060
47238  25.848  -72.629  -9.367 0.5000000000
47245  26.629  -71.564  -9.420 0.4000000060
47247  23.271  -71.977  -9.006 0.6000000238
47248  22.762  -71.654  -8.924 0.6000000238
48649  16.507  -70.284  3.831 0.5000000000
48651  15.294  -70.255  3.899 0.5000000000
48652  14.663  -70.225  3.813 0.5000000000
48653  14.129  -70.156  3.763 0.4000000060
48666  29.084  -70.671  3.384 0.4000000060
48667  28.481  -70.462  3.469 0.4000000060
48668  27.809  -70.227  3.448 0.4000000060
48669  26.939  -70.242  3.212 0.4000000060
48672  18.229  -70.247  2.964 0.4000000060
48676  12.980  -70.346  3.237 0.4000000060
48677  12.380  -70.276  3.089 0.4000000060
48678  11.397  -70.557  2.912 0.4000000060
48697  24.681  -70.572  2.245 0.5000000000
48698  18.899  -70.253  2.332 0.4000000060
48715  24.985  -70.140  1.790 0.5000000000
48716  24.386  -70.336  1.689 0.5000000000
48718  19.065  -70.248  1.797 0.5000000000
48719  18.579  -70.566  1.960 0.5000000000
48728  23.099  -70.618  0.669 0.6000000238
48736  23.951  -70.178  0.171 0.6000000238
48737  23.379  -70.444  0.130 0.6000000238
48738  22.950  -70.674  0.080 0.6000000238
48740  18.646  -70.998  0.338 0.5000000000
48746  24.543  -70.075  -0.655 0.6000000238
48748  23.625  -70.372  -0.289 0.6000000238
48750  19.129  -70.425  -0.474 0.5000000000
48759  24.099  -70.237  -1.097 0.6000000238
48760  23.607  -70.401  -0.836 0.6999999881
48761  23.156  -70.542  -1.121 0.6999999881
48763  18.777  -70.755  -0.863 0.5000000000
48766  25.388  -70.300  -2.010 0.6000000238
48767  24.762  -70.273  -1.939 0.6000000238
48768  24.194  -70.261  -1.769 0.6000000238
48771  19.101  -70.295  -1.699 0.5000000000
48773  27.517  -70.358  -2.842 0.5000000000
48774  26.904  -70.422  -2.772 0.6000000238
48775  26.229  -70.410  -2.672 0.6000000238
48776  25.547  -70.422  -2.601 0.6000000238
48780  23.042  -70.560  -2.358 0.6999999881
48781  18.865  -70.362  -2.829 0.6000000238
48782  18.710  -70.671  -2.351 0.5000000000
48787  27.102  -70.602  -3.268 0.6000000238
48790  25.088  -70.527  -3.070 0.6000000238
48792  23.680  -70.420  -3.172 0.6000000238
48793  23.129  -70.427  -2.934 0.6999999881
48794  18.984  -70.001  -3.376 0.6000000238
48803  24.292  -70.500  -3.868 0.6999999881
48804  23.745  -70.440  -3.716 0.6999999881
48805  22.718  -70.727  -3.240 0.6999999881
48806  18.687  -70.163  -3.969 0.6000000238
48812  25.456  -70.798  -4.485 0.6000000238
48813  24.910  -70.630  -4.462 0.6999999881
48815  23.766  -70.450  -4.399 0.6999999881
48816  23.091  -70.509  -4.615 0.6999999881
48820  25.110  -70.623  -4.934 0.6000000238
48823  23.489  -70.514  -5.101 0.8000000119
48824  22.972  -70.542  -5.184 0.8000000119
48833  23.727  -70.619  -5.745 0.8000000119
48842  20.366  -70.012  -7.181 0.8000000119
48843  19.127  -70.445  -6.644 0.8999999762
48860  27.232  -70.920  -9.349 0.4000000060
48861  26.605  -70.580  -9.220 0.4000000060
48862  26.047  -71.168  -9.315 0.4000000060
48864  24.549  -71.049  -9.101 0.6000000238
48865  23.959  -70.838  -8.949 0.6000000238
48866  22.854  -70.562  -8.165 0.6000000238
50253  16.316  -69.822  3.853 0.4000000060
50254  15.650  -69.778  3.855 0.4000000060
50256  14.399  -69.806  3.759 0.4000000060
50257  13.770  -69.763  3.618 0.4000000060
50272  28.405  -69.816  3.210 0.4000000060
50275  19.765  -69.270  3.011 0.5000000000
50277  18.676  -69.834  3.174 0.4000000060
50280  12.736  -69.890  3.171 0.4000000060
50281  12.154  -69.899  2.960 0.4000000060
50303  26.888  -69.623  2.258 0.4000000060
50304  26.368  -69.843  2.270 0.4000000060
50305  25.825  -69.989  2.267 0.5000000000
50307  19.095  -69.908  2.694 0.5000000000
50326  26.503  -69.560  1.396 0.4000000060
50341  25.975  -69.630  1.146 0.5000000000
50343  24.436  -69.912  0.919 0.5000000000
50344  19.941  -69.431  0.690 0.6000000238
50345  19.557  -69.767  0.963 0.5000000000
50353  26.596  -69.596  0.110 0.5000000000
50354  25.519  -69.805  0.046 0.6000000238
50355  24.924  -69.819  0.297 0.5000000000
50356  24.437  -69.893  0.495 0.5000000000
50368  26.598  -69.697  -0.564 0.4000000060
50369  25.920  -69.876  -0.500 0.6000000238
50370  24.978  -69.924  -0.276 0.6000000238
50372  19.820  -69.633  -0.474 0.6999999881
50373  19.483  -70.019  -0.710 0.6999999881
50385  27.244  -69.669  -0.866 0.5000000000
50387  25.611  -70.046  -0.954 0.5000000000
50388  25.064  -70.070  -0.824 0.6000000238
50389  20.129  -69.366  -0.932 0.6999999881
50396  27.790  -69.953  -1.625 0.5000000000
50397  27.191  -69.950  -1.641 0.5000000000
50398  26.496  -69.941  -1.660 0.5000000000
50399  25.831  -70.119  -1.534 0.5000000000
50408  27.534  -70.035  -2.064 0.5000000000
50417  19.589  -69.280  -2.949 0.6999999881
50422  18.792  -69.490  -3.960 0.6999999881
50430  18.551  -68.952  -4.589 0.6999999881
50452  19.228  -69.258  -6.329 0.8000000119
50454  18.206  -69.374  -6.148 0.6999999881
50466  19.094  -69.783  -6.508 0.8000000119
50473  25.810  -69.318  -8.344 0.4000000060
50474  25.205  -69.196  -8.461 0.4000000060
50475  24.613  -69.264  -8.250 0.5000000000
50477  22.791  -69.931  -7.788 0.6999999881
50478  21.033  -70.002  -7.323 0.8000000119
50483  24.912  -70.114  -8.736 0.4000000060
51950  19.339  -69.142  3.422 0.4000000060
51957  14.740  -69.397  3.587 0.5000000000
51979  15.042  -68.920  3.258 0.5000000000
51981  13.834  -69.191  3.256 0.3000000119
51983  12.544  -69.526  2.825 0.4000000060
52009  20.501  -68.869  2.575 0.4000000060
52011  12.881  -69.079  2.648 0.3000000119
52013  11.680  -69.226  2.265 0.3000000119
52026  27.007  -69.350  1.711 0.5000000000
52041  20.665  -68.772  1.131 0.5000000000
52051  20.784  -68.736  0.568 0.6000000238
52052  20.302  -69.124  0.310 0.6000000238
52061  20.718  -68.850  -0.110 0.5000000000
52069  20.647  -68.910  -0.833 0.4000000060
52078  28.109  -69.686  -1.531 0.5000000000
52079  20.626  -68.693  -1.973 0.4000000060
52080  20.365  -69.146  -1.534 0.6000000238
52094  20.145  -68.484  -3.128 0.5000000000
52116  25.394  -68.706  -5.006 0.4000000060
52125  25.475  -68.846  -5.617 0.5000000000
52126  24.933  -68.626  -5.452 0.5000000000
52127  18.224  -68.443  -5.719 0.8000000119
52128  18.218  -68.938  -5.334 0.6999999881
52135  26.060  -68.967  -6.735 0.5000000000
52139  21.303  -68.677  -6.419 0.6000000238
52142  18.379  -68.760  -6.159 0.8000000119
52150  25.413  -68.842  -7.070 0.5000000000
52151  24.757  -68.758  -6.958 0.6000000238
52153  22.665  -68.777  -6.704 0.6000000238
52154  21.986  -68.854  -6.534 0.6000000238
52155  20.898  -69.043  -6.741 0.6999999881
52156  20.231  -68.961  -6.613 0.6999999881
52157  19.601  -69.001  -6.338 0.6999999881
52164  24.314  -68.921  -7.405 0.6000000238
52165  23.608  -69.086  -7.280 0.6000000238
52166  22.899  -69.218  -7.199 0.6999999881
53460  19.955  -68.432  3.714 0.4000000060
53461  19.405  -68.077  3.939 0.4000000060
53475  20.721  -68.560  2.958 0.4000000060
53476  20.312  -68.660  3.350 0.4000000060
53479  14.671  -68.616  2.850 0.3000000119
53480  14.067  -68.797  2.831 0.3000000119
53481  13.446  -68.920  2.822 0.3000000119
53494  20.850  -68.522  2.296 0.4000000060
53500  12.166  -68.858  2.067 0.3000000119
53527  21.329  -68.155  1.275 0.5000000000
53528  20.970  -68.479  1.040 0.5000000000
53550  21.385  -68.149  -0.103 0.5000000000
53560  21.026  -68.383  -1.080 0.4000000060
53584  20.785  -68.208  -2.343 0.4000000060
53609  24.525  -67.820  -4.252 0.5000000000
53623  18.975  -67.816  -4.539 0.6999999881
53630  24.453  -68.211  -5.486 0.5000000000
53632  19.104  -67.637  -5.726 0.6999999881
53639  24.211  -68.086  -6.109 0.5000000000
53640  23.223  -67.817  -6.177 0.6000000238
53646  18.699  -68.126  -6.117 0.8000000119
53654  23.031  -68.239  -6.478 0.6000000238
53655  22.425  -68.471  -6.301 0.6000000238
54817  20.962  -67.171  4.483 0.4000000060
54832  20.797  -67.712  4.121 0.4000000060
54834  19.361  -67.551  4.152 0.4000000060
54835  18.801  -67.617  4.040 0.4000000060
54836  18.155  -67.524  3.984 0.4000000060
54847  21.542  -67.927  3.073 0.5000000000
54866  21.628  -67.798  2.495 0.5000000000
54887  22.009  -67.339  1.766 0.5000000000
54905  21.710  -67.807  0.900 0.5000000000
54939  21.913  -67.177  -0.040 0.5000000000
54955  21.530  -67.048  -1.300 0.4000000060
55005  20.028  -67.218  -3.651 0.6000000238
55006  19.535  -67.370  -3.962 0.6000000238
55017  24.084  -67.421  -4.469 0.5000000000
55018  23.751  -67.073  -4.069 0.5000000000
55027  23.664  -67.097  -4.682 0.5000000000
55028  19.753  -66.875  -4.624 0.5000000000
55029  19.306  -67.312  -4.461 0.6999999881
55030  19.066  -67.562  -5.031 0.6999999881
55034  23.564  -67.280  -5.232 0.5000000000
55035  22.327  -67.002  -5.696 0.6000000238
55042  23.404  -67.526  -5.755 0.5000000000
55045  21.361  -67.590  -5.850 0.5000000000
55046  20.566  -67.593  -5.756 0.6999999881
55047  19.740  -67.531  -5.787 0.6999999881
56282  20.475  -66.707  4.654 0.4000000060
56283  19.869  -66.744  4.641 0.4000000060
56299  21.455  -66.897  4.299 0.4000000060
56301  17.895  -66.966  3.956 0.4000000060
56310  22.035  -67.244  3.365 0.3000000119
56338  22.204  -66.867  2.064 0.5000000000
56371  22.106  -66.656  0.270 0.4000000060
56395  21.756  -66.456  -0.965 0.3000000119
56412  21.417  -66.635  -1.826 0.3000000119
56461  23.259  -66.639  -4.324 0.5000000000
56462  22.733  -66.367  -4.788 0.5000000000
56463  22.189  -66.065  -5.098 0.6000000238
56464  21.331  -66.034  -5.073 0.6000000238
56474  20.441  -66.847  -5.053 0.5000000000
57800  19.595  -65.890  5.047 0.4000000060
57801  19.042  -65.726  5.065 0.4000000060
57813  21.332  -66.199  4.493 0.4000000060
57814  20.669  -66.220  4.770 0.4000000060
57816  19.000  -66.184  4.745 0.4000000060
57817  18.483  -66.231  4.502 0.4000000060
57818  18.071  -66.026  4.403 0.4000000060
57831  22.104  -66.232  3.672 0.4000000060
57832  21.859  -66.565  4.009 0.4000000060
57833  17.222  -66.374  3.471 0.4000000060
57838  22.628  -65.659  2.570 0.4000000060
57866  22.380  -66.329  1.690 0.4000000060
57923  22.076  -65.984  -0.207 0.4000000060
57946  21.639  -65.909  -1.239 0.3000000119
57981  23.490  -66.055  -2.605 0.4000000060
57982  21.312  -66.108  -2.259 0.4000000060
57996  22.956  -65.513  -3.679 0.6000000238
57997  20.720  -65.310  -3.527 0.4000000060
57998  20.530  -65.925  -3.556 0.5000000000
58004  23.200  -66.104  -3.826 0.5000000000
58008  20.473  -65.656  -4.156 0.5000000000
59315  19.920  -65.384  5.320 0.4000000060
59318  18.396  -65.361  5.102 0.3000000119
59334  17.579  -65.326  4.164 0.4000000060
59347  17.684  -65.770  4.148 0.4000000060
59355  22.658  -65.036  2.758 0.4000000060
59374  22.461  -65.198  1.563 0.4000000060
59385  22.230  -65.582  0.728 0.4000000060
59411  22.049  -65.501  -0.551 0.3000000119
59423  21.489  -65.496  -1.658 0.4000000060
59435  21.282  -65.158  -2.292 0.4000000060
59454  22.554  -64.954  -3.923 0.6000000238
59461  21.840  -64.862  -4.360 0.5000000000
60754  21.483  -65.000  4.690 0.3000000119
60766  22.560  -64.288  3.471 0.3000000119
60767  22.303  -64.676  3.933 0.4000000060
60775  22.599  -64.856  3.352 0.4000000060
60785  22.489  -64.593  2.330 0.4000000060
60811  22.256  -64.734  1.224 0.4000000060
60871  21.736  -64.570  -1.838 0.4000000060
60891  21.679  -63.963  -4.115 0.5000000000
60898  21.269  -64.535  -4.133 0.5000000000
60899  20.821  -64.850  -4.138 0.4000000060
62316  22.260  -63.715  2.314 0.4000000060
62327  22.291  -64.165  2.021 0.4000000060
62336  22.079  -63.695  0.607 0.4000000060
62373  21.974  -63.737  -1.717 0.3000000119
62394  21.481  -63.656  -3.249 0.4000000060
62402  21.992  -63.575  -3.766 0.4000000060
63813  22.338  -63.637  4.280 0.4000000060
63818  22.513  -63.220  3.257 0.3000000119
63828  22.142  -63.279  2.070 0.4000000060
63900  21.657  -63.201  -3.041 0.3000000119
63906  22.952  -63.091  -3.543 0.4000000060
65314  22.149  -62.813  2.294 0.3000000119
65337  22.063  -62.403  0.857 0.3000000119
65362  22.080  -62.790  -0.368 0.5000000000
65379  21.901  -62.624  -2.015 0.3000000119
65386  21.998  -62.313  -2.959 0.3000000119
66754  22.086  -62.015  0.330 0.4000000060
66793  23.039  -62.235  -3.261 0.4000000060
66794  22.676  -61.874  -3.368 0.4000000060
68012  23.318  -60.677  -2.439 0.3000000119
68027  22.394  -61.416  -3.162 0.4000000060
69227  23.239  -60.151  -2.704 0.3000000119
70380  22.026  -59.869  -0.410 0.4000000060
70396  22.287  -60.029  -2.162 0.3000000119
70402  23.283  -59.736  -2.595 0.3000000119
70403  23.165  -59.678  -2.730 0.4000000060
70404  22.813  -59.933  -2.771 0.4000000060
71662  23.208  -58.863  -2.358 0.3000000119
71663  23.119  -59.034  -2.516 0.4000000060
250126  21.702  -69.889  -7.529 0.6999999881
250688  20.768  -66.626  -2.977 0.5000000000
251217  28.324  -77.581  -7.154 0.3000000119
251644  26.624  -71.298  -5.775 0.6000000238
251823  25.917  -70.729  -3.621 0.6000000238
251897  26.274  -71.474  -6.531 0.5000000000
251957  22.036  -60.306  0.212 0.4000000060
252383  23.198  -61.340  -2.610 0.3000000119
252560  20.633  -73.609  -5.470 0.5000000000
252795  30.124  -74.644  -0.546 0.5000000000
253433  24.691  -70.538  -3.466 0.6000000238
253922  26.933  -71.280  -5.105 0.6000000238
254155  22.099  -64.260  4.360 0.4000000060
254864  25.263  -70.613  -3.617 0.6000000238
254869  30.227  -75.297  -3.634 0.4000000060
254997  23.818  -70.358  -2.100 0.6000000238
255474  28.106  -69.993  -2.366 0.5000000000
256077  24.086  -70.418  -2.926 0.6000000238
257088  19.960  -68.961  -2.781 0.5000000000
257778  22.895  -71.863  -7.140 0.6999999881
257808  22.079  -62.925  1.841 0.3000000119
257821  22.361  -69.600  -7.415 0.6999999881
258092  22.427  -65.748  1.332 0.4000000060
258288  21.408  -72.713  -9.375 0.6999999881
258404  12.030  -70.710  2.983 0.4000000060
258422  25.359  -69.711  0.682 0.5000000000
259552  20.854  -73.044  -5.308 0.5000000000
260382  22.068  -63.910  -0.024 0.3000000119
262404  17.802  -72.222  -0.663 0.4000000060
262656  24.168  -70.114  1.205 0.5000000000
263067  22.292  -70.962  -3.587 0.6999999881
263134  21.126  -65.495  -2.730 0.4000000060
263583  20.695  -66.195  -4.854 0.4000000060
263691  19.776  -70.172  -6.823 0.8000000119
264329  25.231  -72.557  -9.273 0.6000000238
264518  22.595  -72.435  3.332 0.5000000000
266027  21.937  -61.946  -1.851 0.3000000119
266298  27.057  -71.357  3.528 0.4000000060
266382  30.093  -74.525  -0.008 0.4000000060
266642  28.181  -74.838  -0.246 0.4000000060
266745  23.406  -70.464  -2.061 0.6999999881
267252  23.800  -67.796  -6.208 0.6000000238
267403  30.742  -75.012  -6.535 0.4000000060
267460  17.134  -71.262  2.760 0.5000000000
268356  19.277  -66.694  4.553 0.4000000060
269245  22.084  -63.729  1.258 0.4000000060
269283  22.139  -66.848  0.870 0.4000000060
269363  18.950  -70.616  0.756 0.5000000000
269461  22.965  -67.169  -5.434 0.6000000238
269563  22.043  -62.792  1.361 0.3000000119
269791  27.968  -70.068  -2.034 0.5000000000
270140  21.822  -67.618  3.540 0.3000000119
270222  27.271  -69.621  2.699 0.4000000060
270226  18.417  -69.985  -6.387 0.6999999881
270618  18.546  -72.062  -5.589 0.6000000238
271216  21.453  -71.692  -5.367 0.6999999881
273074  21.529  -67.537  -0.897 0.4000000060
273107  23.423  -70.740  -8.494 0.6000000238
273459  19.300  -70.144  0.582 0.5000000000
273626  18.541  -70.382  -4.529 0.6000000238
275135  20.415  -69.000  1.493 0.6000000238
275606  20.546  -67.212  -3.023 0.5000000000
276908  21.314  -71.883  -3.100 0.6000000238
277565  17.469  -66.007  3.792 0.4000000060
277958  12.635  -68.853  2.187 0.3000000119
278834  21.966  -71.903  1.276 0.5000000000
279617  21.360  -72.970  -0.075 0.5000000000
279962  23.214  -71.669  3.125 0.5000000000
280211  19.926  -66.514  -4.074 0.5000000000
280228  16.739  -69.404  3.838 0.4000000060
280566  24.860  -72.028  3.218 0.5000000000
280590  18.499  -71.203  -4.893 0.6000000238
281037  22.112  -66.733  3.455 0.3000000119
281070  19.567  -69.582  2.598 0.5000000000
281414  29.761  -73.814  1.940 0.4000000060
282016  16.904  -69.979  3.855 0.4000000060
282126  20.857  -67.757  -2.596 0.5000000000
282383  25.741  -70.363  2.603 0.5000000000
282691  20.868  -75.272  -9.109 0.6999999881
282959  19.944  -69.395  -1.905 0.6000000238
283168  21.462  -73.363  -7.174 0.6999999881
283253  28.376  -73.380  2.101 0.4000000060
283256  25.894  -72.431  3.225 0.5000000000
283263  27.301  -73.637  2.105 0.4000000060
284378  17.209  -70.881  3.150 0.5000000000
284589  23.174  -72.654  3.538 0.5000000000
284721  21.108  -68.217  3.147 0.4000000060
285018  18.037  -72.638  -7.191 0.5000000000
285027  24.695  -71.668  3.157 0.5000000000
285037  28.050  -74.300  1.377 0.5000000000
285243  19.648  -71.523  -7.513 0.6999999881
285254  21.725  -71.041  -8.419 0.6999999881
285290  18.324  -68.445  -5.109 0.8000000119
285497  21.080  -65.249  4.961 0.4000000060
285833  27.238  -72.094  3.367 0.4000000060
286472  27.345  -70.220  -2.462 0.6000000238
286680  17.912  -71.676  0.749 0.4000000060
286714  22.459  -62.240  -3.505 0.4000000060
286968  26.598  -70.841  -3.680 0.6000000238
287014  17.960  -70.580  2.696 0.4000000060
287358  18.739  -65.570  5.090 0.4000000060
287553  18.366  -72.220  -7.098 0.6000000238
287601  22.399  -66.168  3.092 0.4000000060
288159  27.918  -71.588  3.403 0.4000000060
288583  25.696  -71.944  3.305 0.5000000000
288874  27.285  -70.346  3.418 0.4000000060
289222  21.203  -72.269  -1.647 0.6000000238
289442  21.216  -73.420  -1.277 0.6000000238
289739  20.128  -69.196  1.876 0.5000000000
289763  22.087  -63.739  -0.460 0.3000000119
290386  22.106  -64.810  -0.103 0.4000000060
290491  18.441  -71.633  -1.043 0.5000000000
290831  18.519  -72.180  -7.758 0.6999999881
290925  22.806  -61.409  -3.057 0.4000000060
291060  18.631  -70.769  -2.846 0.6000000238
291851  20.812  -72.977  -4.808 0.6999999881
292217  26.699  -72.084  3.412 0.4000000060
292596  22.215  -71.161  -0.046 0.6999999881
292749  23.458  -70.439  1.055 0.6000000238
293012  18.871  -70.617  -1.371 0.5000000000
293251  25.174  -70.689  -4.089 0.6000000238
293389  24.474  -68.528  -6.434 0.5000000000
293731  21.750  -67.670  2.018 0.5000000000
294207  19.756  -69.519  2.024 0.5000000000
294526  17.797  -66.162  4.160 0.4000000060
294768  26.583  -69.675  1.861 0.4000000060
294840  25.356  -69.755  1.315 0.5000000000
294996  25.648  -69.672  0.940 0.5000000000
295102  19.052  -68.198  -6.327 0.8000000119
295141  31.082  -74.934  -4.020 0.4000000060
295231  19.307  -71.971  -8.404 0.6999999881
295268  18.391  -70.474  -6.245 0.6999999881
295389  27.432  -69.839  -1.271 0.5000000000
295397  22.703  -62.252  -3.483 0.4000000060
295772  18.449  -72.271  -8.301 0.6999999881
296643  19.937  -73.465  -9.422 0.6999999881
296706  30.491  -75.053  -6.923 0.4000000060
297228  22.244  -66.495  0.636 0.4000000060
297911  26.282  -69.643  0.370 0.5000000000
298134  25.177  -72.754  3.207 0.5000000000
298256  23.791  -70.242  1.048 0.5000000000
298335  20.548  -72.389  -9.196 0.6999999881
298353  23.988  -74.060  3.866 0.5000000000
298986  18.238  -72.762  -4.655 0.5000000000
299369  20.519  -73.705  -4.605 0.6000000238
299624  28.340  -72.100  3.201 0.4000000060
299717  21.361  -70.474  -7.848 0.8000000119
300041  27.557  -71.622  -6.032 0.4000000060
300614  15.425  -71.213  3.532 0.4000000060
301679  22.065  -63.291  1.120 0.3000000119
301844  18.894  -70.482  -2.048 0.5000000000
