#!ascii label  , from subject sub-v2s5x29561_ses-1 vox2ras=TkReg
1488
34922  -54.252  -79.289  6.843 0.0000000000
26958  -46.632  -84.704  0.953 0.0000000000
44544  -49.324  -74.547  8.757 0.0000000000
29548  -49.832  -82.014  4.762 0.0000000000
39117  -45.445  -78.186  6.118 0.0000000000
49119  -52.556  -72.160  12.820 0.0000000000
50276  -44.737  -71.901  14.510 0.0000000000
47861  -38.380  -72.005  20.090 0.0000000000
47979  -45.413  -72.418  10.598 0.0000000000
40436  -47.599  -76.623  7.938 0.0000000000
44508  -43.797  -74.788  10.218 0.0000000000
51461  -49.181  -71.677  14.050 0.0000000000
49042  -46.478  -72.660  17.209 0.0000000000
57031  -36.237  -67.245  21.238 0.0000000000
53708  -38.495  -68.915  18.461 0.0000000000
23483  -51.406  -85.500  8.423 0.0000000000
269445  -47.151  -83.934  4.822 0.0000000000
20058  -47.326  -86.996  2.383 0.0000000000
21262  -48.101  -85.878  -0.756 0.0000000000
41854  -52.387  -76.001  6.468 0.0000000000
30889  -52.246  -80.445  5.248 0.0000000000
34965  -48.487  -79.418  4.055 0.0000000000
32213  -45.104  -81.021  3.894 0.0000000000
48001  -51.165  -72.329  9.728 0.0000000000
51512  -48.131  -70.122  11.093 0.0000000000
269300  -44.591  -69.175  13.083 0.0000000000
45661  -43.122  -73.648  19.341 0.0000000000
49034  -41.292  -71.954  17.425 0.0000000000
53772  -41.320  -69.166  15.091 0.0000000000
59413  -43.009  -65.645  13.705 0.0000000000
20021  -49.359  -87.072  5.881 0.0000000000
30951  -42.424  -81.750  -1.778 0.0000000000
29632  -46.374  -83.105  -1.804 0.0000000000
33647  -51.198  -80.748  -0.912 0.0000000000
49136  -43.683  -71.753  11.616 0.0000000000
270506  -44.907  -73.716  10.285 0.0000000000
296814  -51.625  -81.332  7.055 0.0000000000
25795  -46.569  -84.561  2.967 0.0000000000
24719  -48.700  -84.871  1.997 0.0000000000
25816  -48.522  -84.526  0.248 0.0000000000
307723  -49.949  -84.925  -1.566 0.0000000000
28233  -48.228  -83.803  -0.672 0.0000000000
43169  -50.599  -75.357  8.122 0.0000000000
41850  -50.220  -76.236  6.783 0.0000000000
40477  -46.523  -77.580  7.051 0.0000000000
39134  -48.134  -78.005  5.638 0.0000000000
37755  -46.588  -78.785  4.803 0.0000000000
32204  -46.579  -80.463  4.189 0.0000000000
37776  -45.561  -78.883  3.718 0.0000000000
46940  -52.615  -73.168  9.425 0.0000000000
49141  -52.294  -71.583  11.356 0.0000000000
51459  -47.628  -70.567  14.311 0.0000000000
51494  -48.808  -69.625  12.162 0.0000000000
51480  -46.821  -70.225  13.336 0.0000000000
52654  -46.681  -69.052  11.456 0.0000000000
51465  -44.918  -70.349  13.842 0.0000000000
46799  -40.721  -73.386  19.699 0.0000000000
48978  -42.192  -72.254  19.086 0.0000000000
48985  -40.416  -71.592  19.048 0.0000000000
56035  -39.325  -67.419  17.353 0.0000000000
272476  -39.092  -69.320  16.591 0.0000000000
54955  -40.671  -67.916  16.101 0.0000000000
302823  -42.502  -67.236  14.985 0.0000000000
30893  -51.405  -81.243  4.273 0.0000000000
25766  -50.947  -84.389  5.941 0.0000000000
24689  -50.562  -84.723  4.621 0.0000000000
16649  -46.086  -87.799  0.991 0.0000000000
35037  -42.281  -79.612  -1.586 0.0000000000
29630  -44.299  -82.667  -2.420 0.0000000000
33656  -48.993  -80.167  -1.880 0.0000000000
46933  -47.721  -73.362  9.819 0.0000000000
41800  -48.255  -75.754  8.671 0.0000000000
43135  -46.976  -75.013  9.342 0.0000000000
41796  -45.738  -76.079  8.775 0.0000000000
40415  -44.811  -76.618  8.423 0.0000000000
49111  -50.698  -72.251  13.605 0.0000000000
50253  -47.791  -71.309  15.835 0.0000000000
261970  -46.487  -72.603  15.350 0.0000000000
265461  -36.890  -69.332  20.903 0.0000000000
52543  -38.279  -69.969  19.582 0.0000000000
56006  -37.269  -67.752  20.042 0.0000000000
57060  -38.067  -66.557  18.792 0.0000000000
59300  -40.790  -65.715  17.955 0.0000000000
28205  -48.498  -83.374  5.505 0.0000000000
23546  -49.227  -85.680  4.292 0.0000000000
24701  -48.595  -85.655  3.266 0.0000000000
20071  -47.838  -86.415  -0.120 0.0000000000
18978  -48.451  -88.381  -2.499 0.0000000000
22491  -48.197  -86.223  -2.032 0.0000000000
24771  -49.584  -84.699  -3.377 0.0000000000
257157  -50.937  -83.503  -3.567 0.0000000000
39124  -54.065  -77.539  5.885 0.0000000000
33565  -53.436  -79.733  5.813 0.0000000000
36420  -51.958  -78.751  3.754 0.0000000000
291228  -50.687  -79.855  3.781 0.0000000000
40505  -49.247  -77.212  6.207 0.0000000000
37778  -49.621  -78.100  3.699 0.0000000000
32208  -49.446  -80.900  4.596 0.0000000000
304706  -47.537  -81.942  5.294 0.0000000000
28202  -46.197  -83.110  4.704 0.0000000000
26925  -45.034  -83.719  2.871 0.0000000000
41823  -53.349  -76.141  7.944 0.0000000000
44565  -51.851  -74.512  8.948 0.0000000000
46955  -50.469  -73.464  9.216 0.0000000000
50313  -50.180  -70.995  12.304 0.0000000000
50336  -49.813  -70.743  10.950 0.0000000000
47997  -48.273  -72.372  10.057 0.0000000000
299138  -46.947  -71.356  10.735 0.0000000000
50322  -45.159  -70.974  11.542 0.0000000000
52637  -43.543  -69.397  12.258 0.0000000000
47888  -45.317  -72.481  18.988 0.0000000000
49013  -44.321  -72.459  17.693 0.0000000000
50217  -43.464  -71.881  15.785 0.0000000000
51389  -39.336  -70.505  17.664 0.0000000000
51405  -41.196  -70.748  16.287 0.0000000000
50274  -42.982  -70.737  15.023 0.0000000000
53782  -42.878  -68.881  13.976 0.0000000000
56134  -43.859  -67.780  14.053 0.0000000000
26888  -51.002  -82.879  6.750 0.0000000000
22328  -50.936  -86.419  6.792 0.0000000000
20032  -48.250  -87.617  4.059 0.0000000000
17709  -46.529  -87.968  3.214 0.0000000000
36416  -44.739  -78.984  3.129 0.0000000000
30902  -44.090  -81.906  2.996 0.0000000000
26955  -44.793  -83.836  1.366 0.0000000000
26990  -44.508  -83.783  -0.573 0.0000000000
28263  -46.126  -84.084  -0.633 0.0000000000
29609  -48.625  -82.471  -1.571 0.0000000000
29614  -51.529  -81.883  -0.704 0.0000000000
50310  -42.897  -70.887  12.331 0.0000000000
259418  -43.486  -72.275  11.457 0.0000000000
29497  -51.353  -81.401  7.191 0.0000000000
30851  -52.557  -80.447  6.697 0.0000000000
26937  -46.740  -84.609  2.166 0.0000000000
26944  -47.852  -84.484  1.484 0.0000000000
263073  -47.433  -84.609  1.259 0.0000000000
26962  -48.512  -84.208  -0.295 0.0000000000
28231  -47.403  -84.491  -0.190 0.0000000000
262292  -50.243  -74.810  8.484 0.0000000000
43185  -50.309  -75.805  7.724 0.0000000000
43167  -49.489  -75.408  8.305 0.0000000000
39085  -46.172  -77.774  6.536 0.0000000000
39119  -46.413  -77.981  6.067 0.0000000000
268205  -46.130  -78.267  5.629 0.0000000000
36374  -46.163  -79.106  4.323 0.0000000000
39131  -45.621  -78.378  5.145 0.0000000000
47950  -53.734  -72.442  12.767 0.0000000000
49132  -53.195  -72.138  11.759 0.0000000000
47969  -53.119  -72.104  11.158 0.0000000000
49130  -52.199  -71.821  12.292 0.0000000000
253957  -46.510  -71.325  14.682 0.0000000000
51469  -47.270  -70.441  13.788 0.0000000000
51456  -46.164  -70.780  14.351 0.0000000000
299658  -46.384  -70.349  13.524 0.0000000000
51455  -45.475  -70.709  14.207 0.0000000000
274620  -37.837  -71.868  20.475 0.0000000000
46789  -37.752  -72.913  20.445 0.0000000000
47856  -38.048  -72.490  20.305 0.0000000000
273372  -39.745  -73.631  19.763 0.0000000000
47862  -39.195  -72.590  19.902 0.0000000000
48972  -40.137  -72.205  19.561 0.0000000000
48970  -38.838  -71.508  19.972 0.0000000000
57082  -40.091  -66.890  16.796 0.0000000000
56047  -40.270  -67.503  16.491 0.0000000000
57122  -41.671  -66.705  15.881 0.0000000000
59350  -41.886  -65.639  16.092 0.0000000000
29549  -50.475  -81.833  4.648 0.0000000000
26914  -51.387  -83.326  5.061 0.0000000000
26913  -50.667  -83.588  4.775 0.0000000000
269171  -45.311  -81.290  -2.724 0.0000000000
32288  -47.635  -80.863  -2.456 0.0000000000
33670  -48.101  -80.154  -2.374 0.0000000000
266565  -46.616  -73.336  10.107 0.0000000000
302516  -47.014  -74.284  9.782 0.0000000000
45804  -46.050  -73.705  10.102 0.0000000000
44509  -44.279  -74.558  10.173 0.0000000000
44526  -45.353  -74.758  9.771 0.0000000000
43133  -45.072  -75.320  9.533 0.0000000000
41795  -45.104  -76.200  8.875 0.0000000000
41774  -44.154  -75.905  9.320 0.0000000000
50222  -46.999  -72.278  15.756 0.0000000000
50199  -46.120  -72.335  16.865 0.0000000000
52532  -36.200  -69.580  21.556 0.0000000000
271350  -36.568  -68.836  21.039 0.0000000000
53693  -37.066  -68.832  20.642 0.0000000000
55998  -36.874  -67.855  20.541 0.0000000000
58080  -39.285  -65.945  18.149 0.0000000000
21163  -50.196  -87.174  8.219 0.0000000000
28204  -47.742  -83.737  5.253 0.0000000000
25790  -48.621  -84.939  4.523 0.0000000000
25789  -47.659  -85.115  4.237 0.0000000000
22419  -48.756  -85.783  0.202 0.0000000000
22407  -47.973  -85.892  0.825 0.0000000000
20087  -48.053  -86.269  -0.563 0.0000000000
20115  -49.641  -87.072  -1.540 0.0000000000
260084  -49.314  -87.320  -2.761 0.0000000000
25850  -50.579  -84.125  -1.329 0.0000000000
23615  -49.772  -84.732  -2.478 0.0000000000
24765  -50.383  -84.313  -2.696 0.0000000000
25875  -50.592  -83.962  -3.564 0.0000000000
27010  -51.193  -83.563  -2.503 0.0000000000
41881  -53.359  -76.455  5.790 0.0000000000
39145  -53.957  -77.452  5.050 0.0000000000
34985  -51.436  -79.319  3.453 0.0000000000
292538  -50.827  -78.359  3.557 0.0000000000
41819  -47.926  -76.256  8.348 0.0000000000
303297  -49.104  -76.545  7.503 0.0000000000
40480  -48.776  -77.088  6.750 0.0000000000
37739  -49.051  -77.759  4.679 0.0000000000
36399  -48.766  -78.976  3.890 0.0000000000
265794  -49.638  -79.694  3.891 0.0000000000
33579  -48.964  -79.720  4.173 0.0000000000
30880  -48.511  -81.481  5.150 0.0000000000
32203  -45.655  -80.916  4.097 0.0000000000
30884  -46.313  -81.432  4.803 0.0000000000
29541  -45.359  -81.817  4.478 0.0000000000
28212  -45.701  -83.432  4.220 0.0000000000
293644  -44.858  -82.615  3.600 0.0000000000
48022  -51.990  -72.732  9.439 0.0000000000
44547  -52.321  -74.209  9.620 0.0000000000
46957  -51.575  -73.306  9.227 0.0000000000
45841  -51.229  -73.719  9.028 0.0000000000
48020  -50.995  -72.705  9.482 0.0000000000
50297  -49.886  -71.899  13.551 0.0000000000
50303  -50.449  -71.561  12.762 0.0000000000
51473  -49.426  -71.490  13.127 0.0000000000
52657  -48.412  -68.827  11.631 0.0000000000
51505  -49.480  -69.750  11.679 0.0000000000
51513  -48.764  -70.105  11.228 0.0000000000
49164  -48.968  -71.779  10.265 0.0000000000
50334  -48.415  -70.792  10.794 0.0000000000
255003  -47.705  -71.972  10.262 0.0000000000
50333  -47.784  -70.819  10.787 0.0000000000
52640  -45.183  -69.935  11.975 0.0000000000
51501  -45.914  -70.081  11.580 0.0000000000
52651  -45.004  -69.927  11.994 0.0000000000
50312  -44.227  -70.570  12.024 0.0000000000
52638  -44.171  -69.180  12.179 0.0000000000
46806  -44.298  -72.880  19.282 0.0000000000
49010  -42.479  -71.971  17.966 0.0000000000
48990  -43.605  -72.327  18.176 0.0000000000
262470  -43.497  -72.195  17.478 0.0000000000
49059  -43.959  -72.204  16.509 0.0000000000
49057  -42.718  -71.874  16.637 0.0000000000
53703  -38.239  -68.972  19.105 0.0000000000
51382  -38.858  -70.150  18.663 0.0000000000
52555  -38.761  -69.567  18.281 0.0000000000
53750  -40.405  -69.296  15.714 0.0000000000
51403  -39.914  -70.366  16.217 0.0000000000
51418  -40.799  -70.303  15.815 0.0000000000
50215  -41.855  -70.914  16.094 0.0000000000
52595  -42.073  -69.899  15.276 0.0000000000
52614  -42.693  -70.031  14.655 0.0000000000
53773  -41.936  -69.007  14.862 0.0000000000
57145  -42.727  -66.643  14.529 0.0000000000
56116  -42.904  -67.272  14.430 0.0000000000
57161  -43.025  -66.880  14.031 0.0000000000
57174  -43.445  -67.289  13.014 0.0000000000
32202  -53.303  -80.255  5.399 0.0000000000
30871  -52.796  -81.427  6.091 0.0000000000
30881  -52.484  -81.356  5.716 0.0000000000
22358  -50.153  -85.890  5.858 0.0000000000
23504  -50.295  -85.121  6.574 0.0000000000
21174  -50.228  -87.227  6.058 0.0000000000
20001  -49.934  -87.710  6.541 0.0000000000
18847  -48.724  -87.666  5.719 0.0000000000
21210  -49.234  -86.768  2.984 0.0000000000
21203  -49.197  -86.801  3.809 0.0000000000
20038  -48.408  -87.641  3.063 0.0000000000
16668  -45.731  -88.317  0.888 0.0000000000
301922  -46.136  -88.028  1.888 0.0000000000
37774  -44.671  -78.350  3.680 0.0000000000
36392  -43.693  -78.450  3.577 0.0000000000
29563  -43.794  -82.212  2.305 0.0000000000
265936  -44.357  -83.138  2.181 0.0000000000
28220  -43.890  -83.019  1.287 0.0000000000
29631  -45.007  -83.158  -2.236 0.0000000000
28277  -44.418  -83.501  -2.022 0.0000000000
28270  -45.310  -83.746  -1.348 0.0000000000
26997  -45.202  -83.959  -0.809 0.0000000000
296012  -46.802  -83.321  -1.351 0.0000000000
28266  -47.613  -83.345  -1.052 0.0000000000
29607  -47.376  -83.092  -1.330 0.0000000000
32266  -49.860  -81.120  -0.994 0.0000000000
30935  -49.999  -81.467  -0.813 0.0000000000
30939  -51.927  -81.361  -0.627 0.0000000000
270968  -44.927  -72.321  10.816 0.0000000000
46912  -45.159  -73.317  10.359 0.0000000000
47978  -44.440  -72.500  10.966 0.0000000000
46888  -43.607  -73.120  10.902 0.0000000000
45778  -43.305  -73.656  10.687 0.0000000000
58067  -36.394  -66.139  20.615 0.0000000000
59258  -36.987  -65.110  20.247 0.0000000000
25741  -50.778  -83.957  7.798 0.0000000000
25796  -46.924  -84.751  3.600 0.0000000000
25797  -47.662  -84.792  3.340 0.0000000000
25811  -47.857  -84.551  2.359 0.0000000000
25813  -48.504  -84.593  1.183 0.0000000000
305004  -49.566  -85.071  -0.270 0.0000000000
22461  -49.201  -85.425  -1.068 0.0000000000
24738  -49.600  -84.917  -0.361 0.0000000000
25835  -50.097  -84.245  -0.839 0.0000000000
26985  -50.280  -83.669  -1.137 0.0000000000
308223  -51.522  -75.935  6.971 0.0000000000
41852  -51.157  -76.086  6.695 0.0000000000
41877  -50.807  -76.176  6.036 0.0000000000
265174  -50.319  -76.416  5.043 0.0000000000
40458  -47.306  -76.995  7.551 0.0000000000
39088  -48.058  -77.371  6.648 0.0000000000
39087  -47.393  -77.565  6.639 0.0000000000
37737  -47.730  -78.335  5.209 0.0000000000
36376  -47.769  -78.975  4.356 0.0000000000
33577  -47.412  -79.829  3.907 0.0000000000
36396  -46.551  -79.410  4.064 0.0000000000
34962  -46.062  -79.493  3.755 0.0000000000
32214  -45.584  -80.496  3.429 0.0000000000
307503  -52.326  -72.041  10.591 0.0000000000
49153  -51.602  -71.501  10.726 0.0000000000
51460  -48.301  -71.064  14.017 0.0000000000
51484  -49.096  -70.617  12.718 0.0000000000
51470  -47.914  -70.519  13.623 0.0000000000
52631  -48.223  -69.263  12.256 0.0000000000
53813  -47.847  -68.434  11.792 0.0000000000
51503  -47.138  -69.486  11.366 0.0000000000
52642  -47.164  -68.541  12.074 0.0000000000
52628  -45.860  -70.221  12.623 0.0000000000
52620  -44.958  -69.965  13.253 0.0000000000
45648  -40.980  -73.961  19.791 0.0000000000
46800  -41.374  -73.502  19.594 0.0000000000
47872  -43.049  -72.827  19.086 0.0000000000
47869  -41.275  -72.553  19.208 0.0000000000
48976  -40.982  -72.004  19.055 0.0000000000
49008  -40.918  -71.722  18.047 0.0000000000
303530  -38.716  -67.913  18.060 0.0000000000
52567  -38.940  -69.294  17.155 0.0000000000
54945  -39.434  -68.096  17.124 0.0000000000
267927  -40.012  -68.694  16.390 0.0000000000
53751  -40.781  -68.838  15.361 0.0000000000
55001  -41.664  -68.449  14.964 0.0000000000
56092  -41.851  -67.304  15.528 0.0000000000
57123  -42.164  -66.679  15.423 0.0000000000
59403  -42.652  -65.136  14.484 0.0000000000
29558  -51.918  -81.443  4.791 0.0000000000
28199  -51.307  -81.866  5.785 0.0000000000
26903  -50.989  -82.434  5.823 0.0000000000
25772  -50.851  -84.531  5.200 0.0000000000
22357  -50.055  -86.013  5.877 0.0000000000
308181  -46.898  -87.132  1.876 0.0000000000
32286  -43.345  -80.759  -2.504 0.0000000000
30952  -43.004  -81.572  -2.304 0.0000000000
29628  -42.964  -82.226  -1.977 0.0000000000
30963  -44.211  -81.665  -2.552 0.0000000000
30954  -45.699  -81.932  -2.410 0.0000000000
29633  -46.328  -82.276  -1.968 0.0000000000
30947  -47.968  -81.917  -1.824 0.0000000000
307689  -49.034  -81.050  -1.814 0.0000000000
33643  -49.866  -80.392  -1.182 0.0000000000
44531  -48.479  -74.204  9.283 0.0000000000
43154  -49.140  -75.025  8.629 0.0000000000
43137  -48.129  -74.702  9.006 0.0000000000
43153  -47.888  -75.286  8.888 0.0000000000
41798  -47.026  -75.997  8.729 0.0000000000
44511  -45.675  -74.251  10.009 0.0000000000
43151  -46.692  -75.551  9.089 0.0000000000
41817  -46.758  -76.501  8.448 0.0000000000
306048  -46.529  -76.805  8.033 0.0000000000
40434  -46.041  -77.074  7.848 0.0000000000
39064  -45.446  -77.679  7.062 0.0000000000
49112  -51.635  -72.288  13.649 0.0000000000
51449  -49.621  -71.393  14.299 0.0000000000
50255  -49.445  -70.984  15.200 0.0000000000
51448  -48.629  -71.002  14.473 0.0000000000
51423  -47.600  -70.873  15.305 0.0000000000
50251  -46.773  -71.730  15.205 0.0000000000
50249  -45.005  -72.364  15.112 0.0000000000
51363  -36.849  -70.418  21.099 0.0000000000
50153  -37.621  -70.898  20.620 0.0000000000
50156  -38.451  -70.978  20.103 0.0000000000
292533  -37.851  -69.771  20.372 0.0000000000
53699  -38.000  -68.941  19.749 0.0000000000
54924  -38.091  -68.394  19.297 0.0000000000
58071  -36.909  -66.449  19.614 0.0000000000
269255  -37.705  -67.102  19.130 0.0000000000
268852  -38.116  -67.332  18.785 0.0000000000
57068  -38.888  -67.305  17.877 0.0000000000
57070  -39.845  -66.594  17.312 0.0000000000
58118  -41.163  -66.242  16.930 0.0000000000
28206  -49.307  -83.049  5.130 0.0000000000
26912  -49.995  -83.985  4.916 0.0000000000
25780  -49.292  -84.408  4.816 0.0000000000
23545  -49.085  -86.129  3.574 0.0000000000
21223  -48.807  -86.559  2.835 0.0000000000
18884  -47.370  -86.467  0.869 0.0000000000
17798  -47.654  -88.624  -1.502 0.0000000000
23614  -49.157  -85.071  -2.238 0.0000000000
23638  -48.788  -85.191  -3.071 0.0000000000
302716  -49.032  -85.173  -4.048 0.0000000000
24781  -49.813  -84.611  -4.091 0.0000000000
27030  -50.562  -83.591  -4.540 0.0000000000
304380  -53.946  -78.169  6.486 0.0000000000
34944  -53.972  -79.273  6.326 0.0000000000
36366  -53.417  -78.428  5.991 0.0000000000
34956  -53.011  -78.887  5.479 0.0000000000
34969  -52.838  -79.285  4.671 0.0000000000
36422  -52.575  -78.342  4.332 0.0000000000
33584  -52.705  -79.740  4.172 0.0000000000
33583  -51.961  -80.102  3.853 0.0000000000
32218  -51.237  -80.858  4.130 0.0000000000
32217  -50.597  -80.741  4.350 0.0000000000
41835  -49.553  -76.319  7.625 0.0000000000
40481  -49.813  -76.546  6.678 0.0000000000
39122  -48.580  -77.546  6.098 0.0000000000
39136  -49.367  -77.373  5.137 0.0000000000
36401  -49.907  -78.670  3.614 0.0000000000
33580  -50.291  -80.111  4.082 0.0000000000
30886  -49.746  -81.500  4.590 0.0000000000
264197  -48.890  -81.960  5.067 0.0000000000
29538  -48.345  -82.175  5.199 0.0000000000
273971  -47.359  -83.346  5.185 0.0000000000
32200  -46.737  -80.846  4.921 0.0000000000
255680  -46.697  -82.721  5.016 0.0000000000
28203  -46.786  -83.420  4.907 0.0000000000
26919  -45.901  -83.994  3.881 0.0000000000
26927  -45.975  -84.270  3.229 0.0000000000
26941  -45.690  -84.193  1.955 0.0000000000
274931  -54.215  -77.595  6.907 0.0000000000
41856  -53.811  -76.612  6.826 0.0000000000
43207  -52.614  -75.910  7.219 0.0000000000
44567  -53.228  -75.031  8.927 0.0000000000
44587  -52.241  -75.327  8.538 0.0000000000
43188  -52.086  -75.723  7.767 0.0000000000
44564  -51.080  -74.965  8.340 0.0000000000
44546  -50.473  -74.280  8.812 0.0000000000
45825  -49.773  -73.611  9.271 0.0000000000
49129  -51.618  -71.686  12.445 0.0000000000
50315  -51.365  -71.236  11.834 0.0000000000
50337  -50.749  -71.149  10.933 0.0000000000
51496  -49.893  -70.232  11.958 0.0000000000
253596  -50.391  -70.735  11.169 0.0000000000
50346  -50.485  -71.463  10.535 0.0000000000
47999  -49.884  -72.278  9.953 0.0000000000
48018  -49.564  -72.648  9.640 0.0000000000
45824  -49.054  -73.815  9.250 0.0000000000
255275  -47.709  -72.674  10.038 0.0000000000
47996  -47.112  -72.408  10.251 0.0000000000
47995  -46.505  -72.212  10.469 0.0000000000
51502  -46.798  -70.068  11.233 0.0000000000
50330  -46.048  -71.149  11.002 0.0000000000
49147  -45.286  -71.895  10.888 0.0000000000
49138  -44.895  -71.507  11.293 0.0000000000
50311  -43.573  -70.721  12.234 0.0000000000
47886  -44.095  -72.423  18.650 0.0000000000
48992  -44.860  -72.804  18.241 0.0000000000
256192  -45.563  -72.767  17.389 0.0000000000
49061  -45.045  -72.503  16.467 0.0000000000
50219  -44.717  -72.410  15.819 0.0000000000
50248  -44.336  -72.153  15.073 0.0000000000
50164  -39.251  -70.859  19.440 0.0000000000
300404  -39.756  -70.986  18.614 0.0000000000
50184  -40.169  -71.372  17.603 0.0000000000
52561  -39.088  -69.939  17.367 0.0000000000
50196  -40.112  -71.254  16.913 0.0000000000
49055  -41.308  -71.925  16.818 0.0000000000
265129  -42.198  -71.611  16.221 0.0000000000
50246  -42.930  -71.268  15.531 0.0000000000
50275  -44.243  -71.518  14.708 0.0000000000
51443  -44.253  -70.946  14.390 0.0000000000
52617  -43.971  -69.770  13.898 0.0000000000
53784  -44.076  -68.792  13.866 0.0000000000
55016  -42.659  -68.269  14.365 0.0000000000
55018  -43.942  -68.125  14.075 0.0000000000
55025  -44.405  -68.246  13.311 0.0000000000
55044  -43.986  -68.189  12.152 0.0000000000
55043  -43.456  -68.307  12.194 0.0000000000
30862  -53.191  -81.108  6.617 0.0000000000
26878  -50.860  -82.533  6.839 0.0000000000
24647  -50.737  -84.315  7.746 0.0000000000
300487  -51.456  -83.168  6.415 0.0000000000
24649  -51.168  -85.162  7.036 0.0000000000
22323  -51.225  -86.137  7.629 0.0000000000
19994  -49.915  -87.698  7.245 0.0000000000
24688  -49.841  -85.199  4.598 0.0000000000
269490  -49.177  -86.643  5.129 0.0000000000
20027  -48.859  -87.068  4.993 0.0000000000
18864  -47.151  -87.616  2.700 0.0000000000
18859  -47.248  -87.815  3.100 0.0000000000
17702  -47.982  -87.958  5.074 0.0000000000
46877  -42.577  -72.838  11.360 0.0000000000
41793  -43.840  -76.213  8.880 0.0000000000
40432  -44.304  -76.902  8.080 0.0000000000
274932  -44.538  -77.813  6.949 0.0000000000
39116  -45.042  -78.463  5.964 0.0000000000
37735  -44.996  -78.337  4.835 0.0000000000
34982  -45.534  -79.083  2.673 0.0000000000
33591  -45.155  -80.158  3.190 0.0000000000
34997  -43.983  -79.405  2.501 0.0000000000
32225  -44.409  -80.546  2.720 0.0000000000
302081  -44.370  -81.633  3.383 0.0000000000
29559  -44.534  -82.627  3.151 0.0000000000
26934  -44.914  -83.690  2.426 0.0000000000
268885  -45.374  -84.115  1.459 0.0000000000
29621  -43.188  -82.735  -1.460 0.0000000000
292033  -43.405  -82.824  -0.509 0.0000000000
28229  -43.848  -83.046  0.589 0.0000000000
26978  -44.593  -83.885  0.201 0.0000000000
26979  -45.194  -84.053  0.261 0.0000000000
26981  -46.577  -84.616  0.350 0.0000000000
28250  -47.101  -84.036  -0.903 0.0000000000
28253  -48.763  -83.218  -1.259 0.0000000000
290771  -50.307  -82.835  -1.008 0.0000000000
29612  -50.189  -81.861  -0.784 0.0000000000
26993  -51.079  -82.472  -1.165 0.0000000000
28285  -51.903  -82.760  -2.522 0.0000000000
16639  -45.983  -88.257  2.903 0.0000000000
16648  -45.948  -88.276  1.442 0.0000000000
16669  -45.954  -88.043  0.917 0.0000000000
17693  -48.120  -87.897  5.499 0.0000000000
17705  -47.865  -87.886  4.564 0.0000000000
17706  -47.922  -87.809  4.361 0.0000000000
17712  -45.881  -88.279  2.105 0.0000000000
17713  -46.051  -88.115  2.453 0.0000000000
17717  -46.252  -87.954  1.992 0.0000000000
17718  -46.464  -87.710  1.730 0.0000000000
17723  -46.103  -88.043  1.618 0.0000000000
17724  -46.261  -87.537  1.090 0.0000000000
17817  -47.356  -88.986  -2.042 0.0000000000
18828  -49.553  -88.044  6.110 0.0000000000
18837  -49.170  -88.262  5.916 0.0000000000
18838  -49.241  -87.486  5.785 0.0000000000
18848  -48.914  -87.172  5.660 0.0000000000
18852  -48.482  -87.637  5.204 0.0000000000
18858  -46.740  -87.817  2.931 0.0000000000
18860  -47.882  -87.873  3.477 0.0000000000
18869  -46.655  -87.786  2.364 0.0000000000
18870  -46.871  -87.547  2.154 0.0000000000
18871  -47.058  -86.981  2.117 0.0000000000
18872  -47.208  -86.667  1.836 0.0000000000
18903  -47.676  -86.577  -0.480 0.0000000000
18958  -48.111  -88.907  -1.838 0.0000000000
18959  -48.955  -88.309  -1.675 0.0000000000
19989  -49.984  -87.625  7.855 0.0000000000
20000  -49.600  -88.093  6.947 0.0000000000
20012  -49.915  -87.458  5.826 0.0000000000
20022  -49.485  -86.731  6.082 0.0000000000
20026  -48.887  -86.983  4.142 0.0000000000
20028  -48.981  -86.928  5.308 0.0000000000
20033  -48.419  -87.560  4.632 0.0000000000
20037  -47.692  -87.587  2.989 0.0000000000
20045  -47.382  -87.310  2.645 0.0000000000
20046  -48.236  -87.514  2.441 0.0000000000
20047  -48.181  -86.924  3.199 0.0000000000
20059  -47.383  -86.509  2.128 0.0000000000
20072  -48.126  -86.142  0.237 0.0000000000
20086  -47.581  -86.629  -1.127 0.0000000000
20096  -47.866  -86.455  -1.293 0.0000000000
20103  -49.035  -86.782  -1.559 0.0000000000
20114  -49.134  -87.541  -1.106 0.0000000000
20123  -49.407  -87.642  -2.031 0.0000000000
20124  -49.727  -86.965  -2.343 0.0000000000
20139  -49.077  -87.161  -3.365 0.0000000000
20140  -49.415  -86.742  -2.955 0.0000000000
21160  -50.626  -86.768  8.465 0.0000000000
21164  -50.591  -86.892  7.918 0.0000000000
21165  -50.257  -87.305  7.600 0.0000000000
21166  -50.574  -86.994  7.243 0.0000000000
21173  -50.292  -87.329  6.892 0.0000000000
21186  -49.787  -86.743  6.174 0.0000000000
21191  -49.310  -86.671  5.798 0.0000000000
21192  -49.623  -86.421  5.977 0.0000000000
21197  -49.093  -86.813  4.544 0.0000000000
21202  -48.785  -87.120  3.470 0.0000000000
21209  -48.777  -87.088  2.949 0.0000000000
21231  -48.050  -86.094  0.532 0.0000000000
21238  -48.492  -86.077  0.088 0.0000000000
21239  -48.832  -85.796  -0.134 0.0000000000
21253  -48.561  -85.940  -0.049 0.0000000000
21254  -48.707  -85.842  -0.686 0.0000000000
21261  -48.180  -86.116  -0.895 0.0000000000
21270  -48.138  -86.201  -1.327 0.0000000000
21271  -48.609  -85.938  -0.809 0.0000000000
21279  -48.991  -86.059  -1.474 0.0000000000
21305  -48.012  -86.316  -2.565 0.0000000000
22320  -51.217  -85.971  8.310 0.0000000000
22322  -51.002  -86.392  8.178 0.0000000000
22329  -51.297  -85.742  7.165 0.0000000000
22341  -50.596  -86.815  5.979 0.0000000000
22352  -50.302  -86.548  5.741 0.0000000000
22353  -50.609  -86.191  6.029 0.0000000000
22356  -49.528  -86.358  5.579 0.0000000000
22365  -49.211  -86.492  4.374 0.0000000000
22366  -49.430  -86.154  4.859 0.0000000000
22375  -49.231  -86.462  3.658 0.0000000000
22376  -49.366  -86.072  4.177 0.0000000000
22386  -49.133  -86.456  2.906 0.0000000000
22397  -48.160  -86.110  2.866 0.0000000000
22420  -48.953  -85.917  0.198 0.0000000000
22436  -48.960  -85.730  -0.479 0.0000000000
22448  -48.971  -85.670  -0.836 0.0000000000
22462  -49.214  -85.233  -1.527 0.0000000000
22472  -48.780  -85.662  -1.472 0.0000000000
22480  -49.012  -85.226  -2.097 0.0000000000
22492  -49.022  -85.217  -2.199 0.0000000000
22504  -48.051  -85.891  -2.900 0.0000000000
22505  -48.449  -85.296  -2.878 0.0000000000
23484  -51.475  -85.264  8.168 0.0000000000
23487  -51.389  -85.614  7.795 0.0000000000
23488  -51.511  -85.278  7.353 0.0000000000
23491  -51.395  -85.392  6.845 0.0000000000
23503  -51.129  -85.928  6.346 0.0000000000
23514  -50.203  -85.541  6.401 0.0000000000
23524  -49.843  -85.866  5.225 0.0000000000
23525  -50.185  -85.677  5.517 0.0000000000
23526  -50.231  -85.405  5.980 0.0000000000
23536  -49.684  -85.713  4.617 0.0000000000
23537  -50.127  -85.350  4.938 0.0000000000
23557  -48.471  -85.936  2.891 0.0000000000
23566  -48.336  -85.357  1.433 0.0000000000
23573  -48.734  -85.290  0.669 0.0000000000
23574  -49.261  -85.319  0.105 0.0000000000
23585  -49.663  -85.047  -0.445 0.0000000000
23586  -50.018  -84.880  -0.848 0.0000000000
23600  -49.657  -85.151  -0.723 0.0000000000
23601  -49.881  -85.031  -1.065 0.0000000000
23607  -49.787  -85.056  -1.154 0.0000000000
23608  -49.864  -84.997  -1.123 0.0000000000
23624  -49.138  -84.989  -2.726 0.0000000000
23625  -49.756  -84.588  -2.894 0.0000000000
23647  -49.359  -84.929  -4.441 0.0000000000
23648  -49.259  -85.017  -3.796 0.0000000000
24642  -51.240  -85.200  8.455 0.0000000000
24643  -50.583  -84.600  8.065 0.0000000000
24644  -50.739  -84.947  7.875 0.0000000000
24648  -50.582  -84.773  7.365 0.0000000000
24657  -50.526  -84.800  6.449 0.0000000000
24658  -50.346  -84.871  6.851 0.0000000000
24671  -50.200  -85.213  6.618 0.0000000000
24680  -50.500  -85.148  5.265 0.0000000000
24687  -49.163  -85.165  4.579 0.0000000000
24693  -48.182  -85.120  4.113 0.0000000000
24694  -48.620  -85.429  4.003 0.0000000000
24700  -48.396  -85.199  3.549 0.0000000000
24720  -48.663  -85.128  1.123 0.0000000000
24725  -48.993  -85.079  0.320 0.0000000000
24726  -49.223  -85.181  0.074 0.0000000000
24739  -50.053  -84.741  -0.699 0.0000000000
24747  -50.125  -84.735  -0.950 0.0000000000
24752  -50.195  -84.596  -1.070 0.0000000000
24754  -50.323  -84.551  -1.437 0.0000000000
24758  -50.276  -84.494  -2.079 0.0000000000
24772  -50.219  -84.325  -3.248 0.0000000000
24794  -49.832  -84.367  -4.666 0.0000000000
25742  -50.965  -83.850  7.506 0.0000000000
25745  -50.849  -84.290  7.172 0.0000000000
25755  -50.829  -84.366  6.534 0.0000000000
25767  -51.406  -83.726  5.972 0.0000000000
25773  -51.353  -83.914  5.285 0.0000000000
25778  -48.132  -84.789  4.654 0.0000000000
25779  -48.659  -84.434  4.886 0.0000000000
25781  -50.167  -84.725  4.513 0.0000000000
25782  -51.053  -84.084  4.781 0.0000000000
25788  -47.247  -84.973  4.174 0.0000000000
25798  -47.856  -84.939  3.684 0.0000000000
25803  -47.233  -84.625  2.692 0.0000000000
25804  -48.389  -84.658  2.865 0.0000000000
25805  -48.580  -84.707  2.172 0.0000000000
25812  -48.317  -84.498  1.894 0.0000000000
25814  -48.644  -84.917  0.905 0.0000000000
25817  -48.986  -84.894  -0.058 0.0000000000
25818  -49.222  -84.751  -0.136 0.0000000000
25834  -49.826  -84.042  -0.811 0.0000000000
25845  -50.322  -84.256  -0.995 0.0000000000
25855  -50.843  -83.884  -2.037 0.0000000000
25860  -50.765  -83.954  -2.297 0.0000000000
25865  -50.691  -83.893  -3.141 0.0000000000
25874  -50.189  -84.263  -3.783 0.0000000000
25886  -50.216  -84.069  -4.335 0.0000000000
25887  -50.601  -83.770  -4.006 0.0000000000
25901  -50.208  -83.860  -4.872 0.0000000000
26873  -50.796  -83.347  7.226 0.0000000000
26877  -51.169  -83.461  7.162 0.0000000000
26887  -51.270  -83.677  6.642 0.0000000000
26900  -51.341  -82.903  5.940 0.0000000000
26902  -51.744  -83.288  5.428 0.0000000000
26908  -46.714  -84.001  4.456 0.0000000000
26909  -47.492  -84.619  4.791 0.0000000000
26910  -48.208  -84.210  5.193 0.0000000000
26911  -48.927  -83.837  5.086 0.0000000000
26920  -46.245  -83.795  4.427 0.0000000000
26921  -46.928  -84.536  4.324 0.0000000000
26926  -45.405  -83.747  3.490 0.0000000000
26928  -46.416  -84.363  3.860 0.0000000000
26933  -44.661  -83.539  2.053 0.0000000000
26935  -45.550  -84.092  2.706 0.0000000000
26936  -46.121  -84.458  2.428 0.0000000000
26938  -47.360  -84.582  1.897 0.0000000000
26940  -45.125  -83.864  1.951 0.0000000000
26942  -46.336  -84.504  1.684 0.0000000000
26943  -46.888  -84.701  1.479 0.0000000000
26945  -47.971  -84.433  1.044 0.0000000000
26946  -47.987  -84.166  -0.069 0.0000000000
26956  -45.347  -84.096  0.868 0.0000000000
26957  -46.017  -84.314  1.110 0.0000000000
26959  -47.030  -84.922  0.781 0.0000000000
26960  -47.730  -84.569  0.467 0.0000000000
26961  -47.945  -84.109  0.038 0.0000000000
26963  -48.988  -84.112  -0.393 0.0000000000
26964  -49.077  -84.035  -0.421 0.0000000000
26980  -45.988  -84.224  0.248 0.0000000000
26982  -47.097  -84.957  0.122 0.0000000000
26983  -49.405  -83.632  -0.966 0.0000000000
26984  -49.641  -83.813  -0.926 0.0000000000
26991  -45.631  -84.088  -0.347 0.0000000000
26995  -44.174  -83.671  -1.400 0.0000000000
26996  -44.737  -83.815  -1.292 0.0000000000
26998  -50.687  -83.807  -1.476 0.0000000000
27004  -44.544  -83.681  -1.637 0.0000000000
27005  -51.379  -83.212  -1.809 0.0000000000
27011  -51.568  -83.231  -2.253 0.0000000000
27016  -51.114  -83.532  -3.019 0.0000000000
27017  -51.584  -83.193  -2.795 0.0000000000
27021  -51.345  -83.049  -3.308 0.0000000000
28171  -50.818  -81.826  6.796 0.0000000000
28177  -51.637  -81.545  6.908 0.0000000000
28184  -51.230  -82.217  6.973 0.0000000000
28185  -51.381  -81.760  6.823 0.0000000000
28194  -50.846  -82.375  6.744 0.0000000000
28195  -51.127  -81.865  6.036 0.0000000000
28207  -50.072  -83.234  4.838 0.0000000000
28208  -50.710  -82.960  4.926 0.0000000000
28209  -50.913  -82.522  5.561 0.0000000000
28210  -51.002  -82.074  5.650 0.0000000000
28211  -45.203  -82.982  3.900 0.0000000000
28215  -44.608  -83.269  2.698 0.0000000000
28216  -44.883  -83.199  3.319 0.0000000000
28221  -44.292  -83.371  1.613 0.0000000000
28230  -44.270  -83.609  0.847 0.0000000000
28232  -47.913  -84.253  -0.325 0.0000000000
28234  -48.797  -83.733  -0.726 0.0000000000
28246  -43.753  -83.068  -0.004 0.0000000000
28247  -44.129  -83.523  0.085 0.0000000000
28248  -46.620  -84.395  -0.242 0.0000000000
28249  -46.858  -84.345  -0.470 0.0000000000
28251  -47.806  -83.920  -0.778 0.0000000000
28252  -48.210  -83.277  -1.207 0.0000000000
28254  -49.392  -83.045  -1.380 0.0000000000
28255  -49.799  -83.022  -1.280 0.0000000000
28256  -50.752  -82.339  -0.874 0.0000000000
28264  -46.912  -83.847  -0.819 0.0000000000
28265  -47.180  -83.496  -1.126 0.0000000000
28271  -46.094  -83.850  -1.152 0.0000000000
28272  -51.431  -82.663  -1.565 0.0000000000
28276  -43.819  -83.190  -1.878 0.0000000000
28278  -44.906  -83.615  -1.769 0.0000000000
28279  -45.582  -83.361  -1.750 0.0000000000
28280  -51.849  -82.847  -2.016 0.0000000000
29493  -51.785  -80.846  7.440 0.0000000000
29498  -51.846  -81.022  7.086 0.0000000000
29507  -51.352  -81.834  6.882 0.0000000000
29508  -51.953  -81.473  6.978 0.0000000000
29515  -52.263  -81.744  6.750 0.0000000000
29530  -52.044  -81.913  6.166 0.0000000000
29536  -47.120  -82.132  5.250 0.0000000000
29537  -47.740  -82.318  5.234 0.0000000000
29539  -52.079  -81.728  5.867 0.0000000000
29542  -45.935  -81.948  4.726 0.0000000000
29543  -46.491  -82.050  5.004 0.0000000000
29544  -47.303  -82.823  5.178 0.0000000000
29545  -47.980  -82.871  5.332 0.0000000000
29546  -48.776  -82.558  5.191 0.0000000000
29547  -49.429  -82.150  4.934 0.0000000000
29550  -50.730  -82.281  4.977 0.0000000000
29551  -51.383  -81.730  5.659 0.0000000000
29552  -51.925  -81.562  5.648 0.0000000000
29553  -44.585  -82.034  3.607 0.0000000000
29554  -45.060  -82.271  4.058 0.0000000000
29555  -45.629  -82.557  4.463 0.0000000000
29556  -50.851  -81.627  4.636 0.0000000000
29557  -51.528  -81.550  4.770 0.0000000000
29564  -44.173  -82.711  2.601 0.0000000000
29569  -44.002  -82.830  1.954 0.0000000000
29591  -48.178  -83.177  -1.290 0.0000000000
29592  -48.933  -82.824  -1.501 0.0000000000
29593  -49.404  -82.579  -1.485 0.0000000000
29594  -49.908  -82.418  -1.079 0.0000000000
29595  -50.385  -82.307  -0.761 0.0000000000
29606  -46.891  -83.015  -1.429 0.0000000000
29608  -47.856  -82.956  -1.370 0.0000000000
29610  -49.232  -82.077  -1.395 0.0000000000
29611  -49.838  -82.027  -0.914 0.0000000000
29613  -51.104  -81.919  -0.645 0.0000000000
29615  -52.312  -81.588  -0.930 0.0000000000
29622  -46.874  -82.520  -1.507 0.0000000000
29623  -47.379  -82.517  -1.693 0.0000000000
29624  -47.757  -82.648  -1.615 0.0000000000
29625  -51.772  -82.139  -1.197 0.0000000000
29629  -43.540  -82.609  -2.081 0.0000000000
29637  -45.134  -82.487  -2.406 0.0000000000
30840  -52.217  -80.445  7.398 0.0000000000
30850  -52.300  -80.668  6.837 0.0000000000
30861  -52.514  -81.118  6.545 0.0000000000
30872  -53.275  -80.922  5.734 0.0000000000
30878  -47.320  -81.411  5.260 0.0000000000
30879  -47.920  -81.772  5.250 0.0000000000
30882  -52.421  -80.467  5.631 0.0000000000
30883  -45.744  -81.336  4.575 0.0000000000
30885  -49.160  -81.473  4.867 0.0000000000
30887  -50.147  -81.174  4.551 0.0000000000
30888  -52.325  -81.101  5.369 0.0000000000
30890  -44.622  -81.358  3.631 0.0000000000
30891  -44.924  -81.617  4.094 0.0000000000
30892  -50.865  -81.228  4.425 0.0000000000
30894  -51.905  -81.193  4.375 0.0000000000
30895  -52.212  -81.031  4.875 0.0000000000
30899  -44.218  -81.175  3.256 0.0000000000
30934  -49.630  -81.592  -1.097 0.0000000000
30936  -50.415  -81.398  -0.641 0.0000000000
30937  -50.898  -81.360  -0.547 0.0000000000
30938  -51.408  -81.389  -0.557 0.0000000000
30944  -42.176  -81.482  -1.152 0.0000000000
30945  -46.782  -82.000  -1.943 0.0000000000
30946  -47.230  -81.906  -1.992 0.0000000000
30950  -42.298  -81.170  -1.589 0.0000000000
30953  -43.585  -82.040  -2.341 0.0000000000
30962  -43.643  -81.378  -2.561 0.0000000000
30964  -44.901  -81.863  -2.514 0.0000000000
30965  -45.954  -81.261  -2.600 0.0000000000
32166  -53.049  -80.138  7.354 0.0000000000
32180  -53.131  -80.405  6.944 0.0000000000
32190  -53.337  -80.528  6.370 0.0000000000
32201  -47.946  -81.132  5.219 0.0000000000
32205  -47.464  -80.686  4.859 0.0000000000
32207  -48.762  -80.826  4.869 0.0000000000
32209  -49.999  -80.910  4.496 0.0000000000
32210  -52.761  -80.056  5.291 0.0000000000
32212  -44.895  -80.701  3.236 0.0000000000
32215  -46.219  -80.495  3.651 0.0000000000
32216  -49.679  -80.287  4.341 0.0000000000
32219  -51.864  -80.615  4.041 0.0000000000
32220  -52.116  -80.531  4.657 0.0000000000
32221  -52.438  -80.031  4.747 0.0000000000
32267  -49.873  -80.967  -0.947 0.0000000000
32268  -50.549  -81.071  -0.686 0.0000000000
32269  -51.755  -81.045  -0.601 0.0000000000
32276  -48.872  -80.875  -1.864 0.0000000000
32277  -49.560  -80.646  -1.338 0.0000000000
32278  -52.155  -80.764  -0.998 0.0000000000
32289  -48.337  -80.860  -2.181 0.0000000000
33521  -53.346  -80.123  7.223 0.0000000000
33537  -53.357  -80.337  6.887 0.0000000000
33538  -53.856  -79.667  6.883 0.0000000000
33555  -53.548  -79.734  6.312 0.0000000000
33568  -47.052  -80.271  4.355 0.0000000000
33570  -48.499  -80.110  4.589 0.0000000000
33571  -49.102  -80.353  4.509 0.0000000000
33572  -53.058  -79.685  5.505 0.0000000000
33573  -53.129  -79.199  5.842 0.0000000000
33575  -45.904  -79.911  3.546 0.0000000000
33576  -46.614  -79.985  3.846 0.0000000000
33578  -48.088  -79.629  4.158 0.0000000000
33581  -51.221  -79.867  3.680 0.0000000000
33582  -51.544  -80.407  3.900 0.0000000000
33585  -52.835  -79.678  4.919 0.0000000000
33586  -52.898  -79.178  5.304 0.0000000000
33590  -44.772  -80.086  2.928 0.0000000000
33592  -45.123  -79.941  3.170 0.0000000000
33593  -51.821  -79.794  3.657 0.0000000000
33594  -52.407  -79.689  3.673 0.0000000000
33602  -44.307  -79.949  2.521 0.0000000000
33644  -50.049  -80.132  -0.929 0.0000000000
33645  -50.387  -80.502  -1.089 0.0000000000
33646  -50.791  -80.626  -1.026 0.0000000000
33655  -48.712  -80.148  -2.029 0.0000000000
33667  -42.468  -80.056  -1.812 0.0000000000
33668  -42.833  -80.308  -2.133 0.0000000000
33669  -47.381  -80.186  -2.732 0.0000000000
34908  -54.303  -79.402  7.147 0.0000000000
34923  -54.343  -79.085  6.834 0.0000000000
34945  -54.041  -78.968  6.462 0.0000000000
34953  -53.595  -79.216  6.049 0.0000000000
34954  -53.574  -78.844  6.149 0.0000000000
34957  -53.152  -78.795  5.731 0.0000000000
34961  -45.607  -79.226  3.078 0.0000000000
34963  -47.008  -79.735  3.947 0.0000000000
34964  -47.793  -79.648  4.070 0.0000000000
34966  -49.127  -79.289  3.848 0.0000000000
34967  -49.703  -79.187  3.704 0.0000000000
34968  -50.193  -79.571  3.736 0.0000000000
34970  -52.903  -78.885  5.031 0.0000000000
34979  -44.157  -78.980  2.929 0.0000000000
34980  -44.509  -79.452  2.859 0.0000000000
34981  -44.989  -79.563  3.046 0.0000000000
34983  -50.194  -79.128  3.591 0.0000000000
34984  -50.748  -79.348  3.541 0.0000000000
34986  -52.032  -79.273  3.502 0.0000000000
34987  -52.472  -79.139  3.688 0.0000000000
34988  -52.737  -78.849  4.086 0.0000000000
36340  -54.263  -78.541  6.554 0.0000000000
36363  -53.769  -78.429  6.351 0.0000000000
36375  -46.984  -79.067  4.373 0.0000000000
36378  -53.220  -78.514  5.399 0.0000000000
36393  -44.343  -78.562  3.353 0.0000000000
36394  -45.066  -78.756  3.248 0.0000000000
36395  -45.665  -79.050  3.030 0.0000000000
36397  -47.421  -79.417  4.109 0.0000000000
36398  -48.171  -79.275  4.083 0.0000000000
36400  -49.300  -78.727  3.691 0.0000000000
36402  -52.903  -78.564  4.385 0.0000000000
36403  -53.083  -78.449  4.713 0.0000000000
36417  -50.505  -78.757  3.563 0.0000000000
36418  -51.056  -78.775  3.437 0.0000000000
36419  -51.590  -78.741  3.527 0.0000000000
36421  -52.259  -78.589  4.084 0.0000000000
37723  -53.919  -77.973  6.436 0.0000000000
37736  -46.993  -78.420  5.241 0.0000000000
37738  -48.428  -78.135  5.014 0.0000000000
37740  -53.918  -77.876  5.696 0.0000000000
37741  -53.868  -77.912  6.074 0.0000000000
37750  -43.508  -78.257  4.174 0.0000000000
37751  -44.098  -78.095  4.431 0.0000000000
37752  -44.630  -78.189  4.238 0.0000000000
37753  -45.233  -78.442  4.344 0.0000000000
37754  -45.869  -78.649  4.581 0.0000000000
37756  -47.361  -78.704  4.811 0.0000000000
37758  -48.701  -78.188  4.317 0.0000000000
37759  -49.276  -77.834  4.046 0.0000000000
37761  -53.665  -78.032  5.138 0.0000000000
37762  -53.584  -78.138  5.763 0.0000000000
37773  -44.148  -78.139  3.900 0.0000000000
37775  -45.105  -78.528  3.643 0.0000000000
37777  -48.962  -78.352  3.825 0.0000000000
37779  -50.850  -77.975  3.644 0.0000000000
37780  -52.491  -77.836  4.420 0.0000000000
37790  -50.324  -78.248  3.666 0.0000000000
37792  -51.550  -78.279  3.922 0.0000000000
37793  -51.802  -78.280  4.162 0.0000000000
37794  -51.936  -78.166  4.262 0.0000000000
39050  -44.871  -77.082  7.901 0.0000000000
39062  -44.178  -77.434  7.325 0.0000000000
39063  -44.869  -77.550  7.355 0.0000000000
39082  -44.560  -78.294  6.443 0.0000000000
39083  -45.118  -78.010  6.642 0.0000000000
39084  -45.687  -77.883  6.561 0.0000000000
39086  -46.759  -77.794  6.630 0.0000000000
39089  -54.319  -77.865  7.030 0.0000000000
39118  -45.814  -78.121  5.938 0.0000000000
39120  -47.052  -77.933  6.156 0.0000000000
39121  -47.756  -77.697  6.134 0.0000000000
39123  -49.155  -77.449  5.735 0.0000000000
39125  -54.040  -77.784  6.509 0.0000000000
39130  -45.338  -78.385  5.518 0.0000000000
39132  -46.280  -78.521  5.222 0.0000000000
39133  -47.385  -78.120  5.697 0.0000000000
39135  -48.813  -77.756  5.401 0.0000000000
39137  -49.669  -77.315  4.430 0.0000000000
39138  -53.905  -77.870  6.150 0.0000000000
39156  -52.435  -77.443  4.341 0.0000000000
40414  -44.124  -76.602  8.534 0.0000000000
40431  -43.753  -76.811  8.172 0.0000000000
40433  -45.425  -76.807  8.087 0.0000000000
40435  -47.025  -76.728  7.962 0.0000000000
40437  -48.251  -76.549  7.919 0.0000000000
40455  -45.456  -77.356  7.639 0.0000000000
40456  -45.998  -77.502  7.192 0.0000000000
40457  -46.642  -77.150  7.553 0.0000000000
40459  -47.910  -76.865  7.508 0.0000000000
40460  -48.617  -76.742  7.389 0.0000000000
40461  -49.317  -76.641  7.103 0.0000000000
40478  -47.057  -77.437  7.133 0.0000000000
40479  -47.664  -77.258  7.136 0.0000000000
40482  -50.160  -76.450  6.203 0.0000000000
40483  -54.095  -76.905  6.603 0.0000000000
40484  -54.265  -76.994  7.085 0.0000000000
40506  -49.608  -77.099  5.672 0.0000000000
40507  -50.368  -76.262  5.724 0.0000000000
40508  -50.679  -76.198  5.436 0.0000000000
40509  -53.997  -76.928  5.992 0.0000000000
40510  -54.120  -77.360  6.486 0.0000000000
40520  -53.961  -77.021  5.385 0.0000000000
41773  -43.542  -75.794  9.237 0.0000000000
41775  -44.780  -75.864  9.289 0.0000000000
41776  -45.405  -75.705  9.170 0.0000000000
41794  -44.462  -76.286  8.928 0.0000000000
41797  -46.399  -76.063  8.742 0.0000000000
41799  -47.628  -75.871  8.699 0.0000000000
41816  -46.067  -76.591  8.392 0.0000000000
41818  -47.336  -76.377  8.397 0.0000000000
41820  -48.583  -76.113  8.265 0.0000000000
41821  -49.232  -75.934  8.080 0.0000000000
41822  -49.803  -75.777  7.861 0.0000000000
41834  -48.896  -76.407  7.846 0.0000000000
41836  -50.098  -76.135  7.416 0.0000000000
41837  -50.422  -76.069  7.195 0.0000000000
41849  -49.835  -76.347  7.118 0.0000000000
41851  -50.632  -76.137  6.710 0.0000000000
41853  -51.779  -76.002  6.505 0.0000000000
41855  -53.304  -76.158  7.128 0.0000000000
41876  -50.453  -76.266  6.274 0.0000000000
41878  -51.421  -76.120  6.004 0.0000000000
41880  -52.774  -76.207  5.854 0.0000000000
41882  -53.754  -76.717  6.152 0.0000000000
41886  -51.078  -76.078  5.526 0.0000000000
41891  -53.705  -76.750  5.545 0.0000000000
43112  -44.127  -75.124  10.012 0.0000000000
43113  -44.708  -74.905  9.852 0.0000000000
43132  -44.450  -75.462  9.631 0.0000000000
43134  -46.359  -75.136  9.483 0.0000000000
43136  -47.539  -74.846  9.130 0.0000000000
43150  -46.054  -75.640  9.145 0.0000000000
43152  -47.302  -75.433  9.006 0.0000000000
43166  -48.933  -75.633  8.598 0.0000000000
43168  -50.027  -75.315  8.157 0.0000000000
43170  -52.864  -75.458  8.569 0.0000000000
43186  -50.755  -75.980  7.386 0.0000000000
43187  -51.059  -75.739  7.888 0.0000000000
43189  -52.603  -75.639  7.946 0.0000000000
43190  -53.009  -75.867  7.907 0.0000000000
43205  -51.191  -75.969  7.255 0.0000000000
43206  -51.980  -75.900  7.059 0.0000000000
44510  -44.961  -74.255  10.079 0.0000000000
44512  -46.223  -74.228  9.915 0.0000000000
44527  -46.006  -74.709  9.784 0.0000000000
44528  -46.656  -74.561  9.715 0.0000000000
44529  -47.244  -74.533  9.552 0.0000000000
44530  -47.811  -74.398  9.457 0.0000000000
44543  -48.763  -74.617  8.868 0.0000000000
44545  -49.883  -74.415  8.734 0.0000000000
44548  -52.978  -74.276  9.685 0.0000000000
44562  -49.694  -74.930  8.532 0.0000000000
44563  -50.789  -74.595  8.556 0.0000000000
44566  -52.576  -74.829  9.189 0.0000000000
44586  -51.554  -75.348  8.278 0.0000000000
45647  -39.215  -73.704  19.940 0.0000000000
45662  -43.798  -73.660  19.322 0.0000000000
45779  -43.976  -73.527  10.579 0.0000000000
45801  -43.718  -74.234  10.447 0.0000000000
45802  -44.405  -73.931  10.331 0.0000000000
45803  -45.401  -73.764  10.192 0.0000000000
45805  -46.732  -73.963  9.951 0.0000000000
45806  -47.129  -73.538  9.984 0.0000000000
45822  -47.400  -74.037  9.820 0.0000000000
45823  -47.971  -73.917  9.600 0.0000000000
45837  -49.031  -74.261  9.005 0.0000000000
45838  -49.521  -74.086  8.963 0.0000000000
45839  -50.166  -73.930  9.013 0.0000000000
45840  -50.743  -73.780  9.022 0.0000000000
45842  -51.924  -74.025  9.225 0.0000000000
45843  -52.537  -73.497  9.505 0.0000000000
45844  -53.082  -73.607  9.664 0.0000000000
45856  -50.922  -74.088  8.817 0.0000000000
45857  -51.270  -74.284  8.764 0.0000000000
46788  -37.180  -73.033  20.506 0.0000000000
46795  -38.232  -73.079  20.197 0.0000000000
46796  -38.854  -73.153  19.990 0.0000000000
46797  -39.476  -73.164  19.804 0.0000000000
46798  -40.065  -73.251  19.643 0.0000000000
46801  -41.937  -73.837  19.488 0.0000000000
46803  -42.006  -73.222  19.359 0.0000000000
46804  -42.495  -73.796  19.427 0.0000000000
46805  -43.587  -73.168  19.150 0.0000000000
46887  -42.948  -73.229  11.016 0.0000000000
46889  -44.254  -73.019  10.837 0.0000000000
46890  -44.910  -72.856  10.675 0.0000000000
46891  -45.509  -72.887  10.351 0.0000000000
46911  -44.610  -73.390  10.520 0.0000000000
46913  -46.058  -73.090  10.221 0.0000000000
46914  -46.567  -72.755  10.236 0.0000000000
46915  -47.146  -73.003  10.080 0.0000000000
46916  -48.324  -72.928  9.764 0.0000000000
46917  -48.847  -72.573  9.826 0.0000000000
46934  -49.116  -73.139  9.483 0.0000000000
46935  -50.056  -73.108  9.402 0.0000000000
46936  -50.755  -73.054  9.362 0.0000000000
46937  -51.194  -72.843  9.455 0.0000000000
46938  -51.829  -73.005  9.313 0.0000000000
46939  -52.236  -72.989  9.328 0.0000000000
46956  -50.838  -73.265  9.284 0.0000000000
46958  -52.083  -73.237  9.309 0.0000000000
47854  -37.310  -71.966  20.827 0.0000000000
47855  -37.532  -72.460  20.596 0.0000000000
47863  -39.803  -72.647  19.686 0.0000000000
47864  -40.424  -72.829  19.553 0.0000000000
47865  -40.993  -72.979  19.446 0.0000000000
47866  -41.493  -72.977  19.337 0.0000000000
47868  -40.704  -72.432  19.325 0.0000000000
47870  -41.857  -72.585  19.225 0.0000000000
47871  -42.381  -72.661  19.199 0.0000000000
47873  -43.848  -72.674  19.003 0.0000000000
47874  -44.617  -72.567  19.132 0.0000000000
47884  -42.710  -72.234  18.966 0.0000000000
47885  -43.366  -72.451  18.633 0.0000000000
47887  -44.762  -72.558  18.775 0.0000000000
47945  -53.064  -72.407  13.313 0.0000000000
47966  -42.166  -72.445  11.681 0.0000000000
47968  -44.075  -72.162  11.319 0.0000000000
47970  -53.684  -72.430  11.432 0.0000000000
47977  -43.873  -72.658  11.157 0.0000000000
47980  -45.988  -72.560  10.398 0.0000000000
47998  -49.233  -72.225  10.037 0.0000000000
48000  -50.599  -72.343  9.814 0.0000000000
48002  -51.669  -72.371  9.807 0.0000000000
48003  -52.269  -72.408  9.977 0.0000000000
48004  -52.731  -72.608  9.985 0.0000000000
48019  -50.353  -72.696  9.547 0.0000000000
48021  -51.498  -72.723  9.461 0.0000000000
48023  -52.502  -72.766  9.441 0.0000000000
48966  -37.468  -71.412  20.717 0.0000000000
48967  -37.838  -71.306  20.482 0.0000000000
48969  -38.242  -71.427  20.258 0.0000000000
48971  -39.477  -71.960  19.776 0.0000000000
48975  -39.890  -71.643  19.419 0.0000000000
48977  -41.689  -72.120  19.053 0.0000000000
48979  -45.697  -72.626  18.947 0.0000000000
48986  -40.847  -71.654  18.725 0.0000000000
48987  -41.433  -71.869  18.680 0.0000000000
48988  -42.225  -71.951  18.743 0.0000000000
48989  -42.936  -72.155  18.389 0.0000000000
48991  -44.260  -72.391  18.212 0.0000000000
49009  -41.742  -71.927  18.061 0.0000000000
49011  -43.172  -72.175  17.743 0.0000000000
49012  -43.777  -72.304  17.740 0.0000000000
49014  -45.245  -72.873  17.819 0.0000000000
49035  -41.932  -71.967  17.368 0.0000000000
49036  -42.605  -71.995  17.258 0.0000000000
49037  -43.213  -72.067  17.165 0.0000000000
49038  -43.795  -72.238  17.197 0.0000000000
49039  -44.412  -72.462  17.124 0.0000000000
49040  -45.027  -72.662  17.122 0.0000000000
49041  -45.984  -72.818  17.380 0.0000000000
49043  -47.109  -72.176  16.932 0.0000000000
49056  -42.025  -71.864  16.726 0.0000000000
49058  -43.343  -72.003  16.554 0.0000000000
49060  -44.556  -72.430  16.492 0.0000000000
49110  -50.260  -72.020  13.319 0.0000000000
49113  -52.302  -72.331  13.510 0.0000000000
49116  -50.668  -71.990  13.114 0.0000000000
49117  -51.197  -72.147  13.173 0.0000000000
49118  -51.958  -72.078  12.946 0.0000000000
49120  -53.174  -72.224  12.501 0.0000000000
49128  -43.305  -71.330  12.017 0.0000000000
49131  -52.714  -71.936  12.088 0.0000000000
49135  -43.077  -71.866  11.772 0.0000000000
49137  -44.293  -71.631  11.461 0.0000000000
49139  -45.481  -71.345  11.124 0.0000000000
49140  -51.812  -71.314  11.264 0.0000000000
49142  -52.734  -71.846  11.500 0.0000000000
49146  -44.635  -71.982  11.057 0.0000000000
49148  -45.911  -72.068  10.679 0.0000000000
49149  -46.420  -71.635  10.771 0.0000000000
49150  -47.458  -71.402  10.622 0.0000000000
49151  -48.064  -71.380  10.505 0.0000000000
49152  -51.056  -71.432  10.576 0.0000000000
49154  -52.108  -71.656  10.890 0.0000000000
49163  -47.029  -71.844  10.516 0.0000000000
49165  -49.563  -71.807  10.262 0.0000000000
49166  -50.184  -71.862  10.218 0.0000000000
49167  -50.796  -71.851  10.164 0.0000000000
49168  -51.357  -71.858  10.208 0.0000000000
49169  -51.880  -71.960  10.379 0.0000000000
50152  -37.184  -70.942  20.902 0.0000000000
50154  -38.047  -70.925  20.381 0.0000000000
50157  -38.889  -70.913  19.799 0.0000000000
50158  -39.382  -71.313  19.709 0.0000000000
50165  -39.544  -70.870  19.034 0.0000000000
50166  -39.870  -71.315  18.965 0.0000000000
50174  -39.707  -70.976  17.996 0.0000000000
50175  -40.298  -71.312  18.488 0.0000000000
50183  -39.656  -70.965  17.270 0.0000000000
50195  -39.735  -70.750  16.702 0.0000000000
50197  -40.720  -71.633  17.192 0.0000000000
50198  -45.567  -72.448  16.781 0.0000000000
50213  -40.167  -70.912  16.486 0.0000000000
50214  -40.741  -71.321  16.571 0.0000000000
50216  -42.862  -71.656  16.075 0.0000000000
50218  -44.126  -72.190  15.799 0.0000000000
50220  -45.335  -72.463  15.931 0.0000000000
50221  -45.953  -72.459  16.046 0.0000000000
50245  -42.416  -71.127  15.795 0.0000000000
50247  -43.834  -71.746  15.166 0.0000000000
50250  -45.719  -72.516  15.195 0.0000000000
50252  -47.150  -71.366  15.685 0.0000000000
50254  -48.523  -71.360  15.940 0.0000000000
50277  -45.437  -72.057  14.477 0.0000000000
50278  -46.217  -72.009  14.681 0.0000000000
50290  -49.981  -71.882  14.176 0.0000000000
50298  -50.313  -72.242  13.939 0.0000000000
50299  -50.857  -72.325  14.232 0.0000000000
50302  -49.919  -71.539  12.930 0.0000000000
50304  -51.003  -71.596  12.628 0.0000000000
50314  -50.735  -71.129  12.110 0.0000000000
50316  -51.978  -71.475  11.806 0.0000000000
50320  -43.920  -71.179  11.799 0.0000000000
50321  -44.552  -71.082  11.680 0.0000000000
50323  -45.736  -70.782  11.383 0.0000000000
50324  -46.247  -70.475  11.237 0.0000000000
50325  -50.306  -70.744  11.690 0.0000000000
50326  -50.826  -71.026  11.454 0.0000000000
50331  -46.597  -70.920  10.906 0.0000000000
50332  -47.172  -70.807  10.846 0.0000000000
50335  -49.103  -70.710  10.857 0.0000000000
50338  -51.260  -71.206  11.112 0.0000000000
50343  -48.694  -71.312  10.495 0.0000000000
50344  -49.336  -71.287  10.531 0.0000000000
50345  -49.939  -71.370  10.534 0.0000000000
51366  -37.353  -70.416  20.742 0.0000000000
51367  -37.840  -70.381  20.469 0.0000000000
51372  -38.102  -70.140  20.096 0.0000000000
51373  -38.447  -70.498  19.890 0.0000000000
51378  -38.755  -70.370  19.360 0.0000000000
51379  -39.134  -70.547  19.012 0.0000000000
51383  -39.299  -70.588  18.420 0.0000000000
51388  -39.014  -70.065  18.010 0.0000000000
51395  -39.417  -70.365  17.038 0.0000000000
51402  -39.511  -70.206  16.558 0.0000000000
51404  -40.460  -70.720  16.112 0.0000000000
51417  -40.310  -70.241  15.889 0.0000000000
51419  -41.472  -70.327  15.792 0.0000000000
51420  -42.104  -70.390  15.650 0.0000000000
51421  -42.558  -70.751  15.439 0.0000000000
51422  -47.006  -71.108  15.108 0.0000000000
51424  -48.273  -70.883  15.276 0.0000000000
51425  -48.913  -70.919  15.169 0.0000000000
51441  -42.395  -70.241  15.165 0.0000000000
51442  -43.674  -71.032  14.733 0.0000000000
51444  -44.614  -71.382  14.333 0.0000000000
51445  -45.852  -71.466  14.287 0.0000000000
51446  -46.988  -70.693  14.788 0.0000000000
51447  -48.098  -70.676  14.679 0.0000000000
51452  -43.236  -70.368  14.424 0.0000000000
51453  -43.825  -70.463  14.234 0.0000000000
51454  -44.374  -70.363  14.042 0.0000000000
51457  -46.605  -70.677  14.493 0.0000000000
51458  -47.090  -70.576  14.218 0.0000000000
51462  -49.477  -71.796  13.799 0.0000000000
51466  -45.453  -70.393  13.572 0.0000000000
51467  -46.011  -70.489  13.838 0.0000000000
51468  -46.638  -70.526  13.915 0.0000000000
51471  -48.534  -70.877  13.360 0.0000000000
51472  -49.030  -71.469  13.476 0.0000000000
51479  -45.930  -70.296  13.305 0.0000000000
51481  -47.461  -70.010  13.078 0.0000000000
51482  -48.026  -70.055  12.819 0.0000000000
51483  -48.493  -70.217  12.577 0.0000000000
51485  -49.639  -70.811  12.515 0.0000000000
51492  -43.884  -69.982  12.219 0.0000000000
51493  -44.500  -69.873  12.090 0.0000000000
51495  -49.458  -69.884  12.077 0.0000000000
51499  -44.824  -70.479  11.869 0.0000000000
51500  -45.374  -70.310  11.703 0.0000000000
51504  -48.966  -69.425  11.498 0.0000000000
51506  -49.951  -70.266  11.440 0.0000000000
51511  -47.477  -70.137  11.109 0.0000000000
51514  -49.438  -70.031  11.308 0.0000000000
52533  -36.640  -69.780  21.166 0.0000000000
52536  -37.098  -69.884  20.799 0.0000000000
52537  -37.471  -69.385  20.583 0.0000000000
52538  -37.867  -69.265  20.261 0.0000000000
52542  -38.040  -69.586  19.938 0.0000000000
52548  -38.196  -69.430  19.447 0.0000000000
52549  -38.469  -69.648  18.959 0.0000000000
52560  -38.911  -69.574  17.725 0.0000000000
52568  -39.170  -69.787  16.762 0.0000000000
52575  -39.501  -69.677  16.295 0.0000000000
52576  -40.038  -69.799  15.899 0.0000000000
52592  -40.540  -69.855  15.656 0.0000000000
52593  -41.074  -69.856  15.444 0.0000000000
52594  -41.674  -69.877  15.348 0.0000000000
52612  -41.858  -69.522  15.073 0.0000000000
52613  -42.188  -69.604  14.821 0.0000000000
52615  -42.493  -69.463  14.300 0.0000000000
52616  -42.983  -69.717  14.123 0.0000000000
52618  -44.400  -69.604  13.582 0.0000000000
52626  -44.924  -69.659  12.582 0.0000000000
52627  -45.480  -70.239  12.925 0.0000000000
52629  -46.874  -69.619  12.551 0.0000000000
52630  -47.594  -69.265  12.311 0.0000000000
52639  -44.661  -69.535  12.186 0.0000000000
52641  -45.467  -70.150  12.401 0.0000000000
52643  -47.950  -68.559  11.848 0.0000000000
52644  -48.348  -68.731  11.908 0.0000000000
52645  -48.918  -69.324  11.736 0.0000000000
52652  -45.517  -69.652  11.791 0.0000000000
52653  -46.006  -69.207  11.512 0.0000000000
52655  -46.956  -68.975  11.387 0.0000000000
52656  -47.913  -68.701  11.545 0.0000000000
52664  -47.742  -69.363  11.328 0.0000000000
52665  -48.464  -69.193  11.233 0.0000000000
53678  -36.048  -68.908  21.558 0.0000000000
53694  -37.575  -68.739  20.230 0.0000000000
53717  -38.801  -69.058  17.833 0.0000000000
53723  -38.962  -68.617  17.411 0.0000000000
53724  -39.212  -68.816  16.890 0.0000000000
53729  -39.514  -69.018  16.462 0.0000000000
53730  -39.972  -69.187  16.116 0.0000000000
53771  -41.145  -68.494  15.092 0.0000000000
53781  -42.323  -68.926  14.470 0.0000000000
53783  -43.488  -69.282  13.852 0.0000000000
53790  -44.382  -68.710  13.508 0.0000000000
53798  -44.469  -68.582  12.991 0.0000000000
53808  -43.174  -68.928  12.268 0.0000000000
53809  -43.810  -68.671  12.160 0.0000000000
53810  -45.652  -69.921  12.199 0.0000000000
53811  -46.154  -69.107  12.367 0.0000000000
53812  -47.715  -68.561  11.644 0.0000000000
53823  -45.682  -69.277  11.771 0.0000000000
53824  -46.548  -68.820  11.600 0.0000000000
53825  -47.362  -68.717  11.558 0.0000000000
53826  -47.736  -68.661  11.554 0.0000000000
54894  -36.283  -68.307  21.279 0.0000000000
54908  -36.745  -68.341  20.799 0.0000000000
54909  -37.168  -68.307  20.380 0.0000000000
54916  -37.532  -68.165  20.035 0.0000000000
54917  -37.816  -68.259  19.799 0.0000000000
54932  -38.261  -68.498  18.805 0.0000000000
54933  -38.442  -68.225  18.401 0.0000000000
54938  -38.698  -68.445  17.955 0.0000000000
54939  -39.032  -67.970  17.658 0.0000000000
54946  -39.842  -67.920  16.699 0.0000000000
54953  -39.730  -68.457  16.703 0.0000000000
54954  -40.178  -68.184  16.414 0.0000000000
54971  -40.411  -68.607  15.950 0.0000000000
54972  -40.911  -68.224  15.537 0.0000000000
54973  -41.454  -67.970  15.268 0.0000000000
55002  -42.205  -68.373  14.757 0.0000000000
55017  -43.350  -68.120  14.228 0.0000000000
55019  -44.227  -68.320  13.776 0.0000000000
55033  -43.072  -67.929  12.341 0.0000000000
55034  -43.665  -67.859  12.275 0.0000000000
55035  -44.080  -67.907  12.442 0.0000000000
55036  -44.284  -68.273  12.585 0.0000000000
55988  -36.517  -67.810  21.045 0.0000000000
56005  -37.045  -67.137  19.794 0.0000000000
56007  -37.651  -67.871  19.797 0.0000000000
56013  -37.460  -67.426  19.563 0.0000000000
56014  -37.928  -67.759  19.361 0.0000000000
56023  -38.238  -67.968  18.855 0.0000000000
56024  -38.462  -67.612  18.368 0.0000000000
56046  -39.700  -67.424  16.868 0.0000000000
56068  -40.875  -67.302  16.173 0.0000000000
56069  -41.339  -67.109  15.908 0.0000000000
56091  -41.187  -67.624  15.751 0.0000000000
56115  -42.060  -67.844  15.047 0.0000000000
56132  -42.886  -67.724  14.478 0.0000000000
56133  -43.410  -67.765  14.251 0.0000000000
56135  -44.199  -67.985  13.723 0.0000000000
56146  -43.834  -67.645  13.341 0.0000000000
56147  -44.182  -67.910  12.991 0.0000000000
56156  -43.224  -67.489  12.584 0.0000000000
56157  -43.817  -67.619  12.680 0.0000000000
57045  -36.343  -66.731  20.903 0.0000000000
57050  -36.654  -66.744  20.211 0.0000000000
57056  -37.297  -66.835  19.371 0.0000000000
57061  -38.501  -66.903  18.352 0.0000000000
57062  -39.011  -66.556  17.988 0.0000000000
57069  -39.338  -66.847  17.542 0.0000000000
57081  -39.600  -67.003  17.116 0.0000000000
57144  -42.439  -66.530  14.966 0.0000000000
57162  -43.398  -67.288  13.566 0.0000000000
57173  -43.238  -66.690  13.214 0.0000000000
58070  -36.659  -66.026  19.983 0.0000000000
58081  -40.024  -65.885  18.117 0.0000000000
58092  -39.608  -66.344  17.803 0.0000000000
58093  -40.285  -66.183  17.677 0.0000000000
58094  -41.036  -65.944  17.496 0.0000000000
58117  -40.456  -66.386  17.109 0.0000000000
58154  -41.878  -66.128  15.713 0.0000000000
58168  -42.252  -66.174  15.185 0.0000000000
58185  -43.051  -65.990  14.059 0.0000000000
58196  -43.072  -66.063  13.469 0.0000000000
59257  -36.634  -65.571  20.462 0.0000000000
59404  -43.021  -65.502  14.127 0.0000000000
59412  -42.726  -65.161  13.864 0.0000000000
60411  -37.162  -64.720  20.570 0.0000000000
253748  -52.959  -76.166  6.460 0.0000000000
254484  -48.198  -77.106  7.119 0.0000000000
255338  -50.587  -86.997  6.666 0.0000000000
255440  -49.208  -71.142  14.481 0.0000000000
255629  -46.693  -78.226  5.685 0.0000000000
256216  -47.483  -86.269  1.125 0.0000000000
256278  -44.419  -68.918  12.506 0.0000000000
256908  -48.761  -71.473  13.965 0.0000000000
257488  -51.057  -81.084  -0.572 0.0000000000
257853  -45.494  -78.872  2.931 0.0000000000
258033  -45.638  -73.351  10.236 0.0000000000
258151  -50.319  -82.565  4.719 0.0000000000
258157  -44.808  -83.901  0.713 0.0000000000
258563  -41.529  -71.540  16.415 0.0000000000
259228  -46.073  -79.116  4.105 0.0000000000
259601  -53.439  -76.464  6.432 0.0000000000
259603  -51.663  -73.726  9.118 0.0000000000
259623  -44.765  -72.752  17.608 0.0000000000
260235  -40.639  -66.613  16.657 0.0000000000
260344  -49.354  -85.260  -0.138 0.0000000000
260468  -47.270  -87.999  3.836 0.0000000000
260480  -49.851  -82.596  4.929 0.0000000000
260909  -50.075  -81.118  -0.798 0.0000000000
261098  -46.249  -80.901  4.321 0.0000000000
261344  -48.388  -71.836  10.256 0.0000000000
261368  -54.358  -79.290  7.054 0.0000000000
262337  -42.597  -73.225  19.299 0.0000000000
262676  -49.735  -84.871  -2.071 0.0000000000
262722  -49.396  -76.872  6.602 0.0000000000
262888  -45.268  -83.909  2.392 0.0000000000
262967  -43.277  -67.405  14.080 0.0000000000
263447  -50.294  -71.085  10.818 0.0000000000
263486  -49.511  -83.686  4.974 0.0000000000
263917  -52.396  -71.695  11.783 0.0000000000
264046  -48.501  -75.134  8.764 0.0000000000
264166  -43.932  -83.386  -0.598 0.0000000000
264470  -45.712  -82.743  -2.176 0.0000000000
264650  -50.020  -76.589  5.608 0.0000000000
264654  -49.731  -76.785  6.169 0.0000000000
265024  -46.362  -70.149  12.902 0.0000000000
265935  -50.629  -84.941  5.902 0.0000000000
266211  -48.411  -73.531  9.485 0.0000000000
267140  -50.284  -83.758  -1.141 0.0000000000
268000  -50.805  -83.820  -2.711 0.0000000000
268102  -44.802  -70.815  14.270 0.0000000000
268512  -49.043  -84.881  1.025 0.0000000000
268664  -45.706  -75.203  9.480 0.0000000000
268674  -51.522  -75.922  7.570 0.0000000000
269309  -53.450  -80.237  5.860 0.0000000000
269516  -40.401  -71.963  19.261 0.0000000000
269961  -50.980  -80.328  3.974 0.0000000000
270564  -42.480  -67.863  14.736 0.0000000000
270635  -46.313  -69.731  11.423 0.0000000000
270974  -36.595  -67.319  20.710 0.0000000000
271107  -45.176  -72.477  19.318 0.0000000000
272087  -43.481  -69.964  14.060 0.0000000000
272711  -40.284  -73.781  19.787 0.0000000000
273598  -37.539  -69.961  20.595 0.0000000000
273703  -43.378  -71.350  15.238 0.0000000000
273734  -45.146  -71.438  14.191 0.0000000000
273834  -36.454  -69.285  21.227 0.0000000000
273866  -43.611  -68.554  13.979 0.0000000000
274470  -38.191  -70.589  20.225 0.0000000000
274605  -52.852  -78.999  4.469 0.0000000000
274672  -37.006  -72.542  20.821 0.0000000000
274681  -51.599  -80.923  4.106 0.0000000000
274704  -38.559  -72.578  19.971 0.0000000000
275206  -47.446  -70.694  14.897 0.0000000000
275227  -40.814  -69.413  15.442 0.0000000000
289834  -52.748  -79.304  3.975 0.0000000000
290531  -52.341  -81.168  -0.666 0.0000000000
291114  -43.632  -82.383  1.655 0.0000000000
291133  -43.691  -83.185  -1.187 0.0000000000
294105  -46.763  -81.535  5.159 0.0000000000
295259  -51.000  -81.842  5.039 0.0000000000
298083  -42.722  -65.834  14.729 0.0000000000
298427  -36.901  -67.381  20.234 0.0000000000
298756  -44.971  -84.021  -0.223 0.0000000000
298900  -50.613  -81.728  -0.656 0.0000000000
298916  -49.250  -71.211  15.813 0.0000000000
298925  -48.711  -85.379  1.887 0.0000000000
299260  -46.466  -72.404  16.124 0.0000000000
299630  -52.596  -71.855  11.006 0.0000000000
299834  -51.121  -72.357  13.790 0.0000000000
300092  -44.125  -68.554  12.242 0.0000000000
300258  -52.231  -80.107  4.082 0.0000000000
300494  -50.932  -86.501  7.484 0.0000000000
300548  -39.606  -71.196  19.371 0.0000000000
300758  -48.184  -87.749  4.798 0.0000000000
300929  -50.164  -80.498  4.396 0.0000000000
300989  -51.928  -82.345  -1.728 0.0000000000
301105  -53.270  -81.127  6.230 0.0000000000
301989  -44.420  -77.227  7.710 0.0000000000
302836  -48.343  -80.989  5.134 0.0000000000
302986  -49.104  -88.414  6.123 0.0000000000
303550  -44.903  -78.535  5.269 0.0000000000
304336  -50.679  -80.921  -0.775 0.0000000000
304426  -49.210  -85.067  -2.084 0.0000000000
304529  -51.405  -74.742  8.583 0.0000000000
304879  -41.629  -66.267  16.217 0.0000000000
305387  -52.818  -72.313  10.555 0.0000000000
305571  -45.419  -76.440  8.509 0.0000000000
305646  -50.479  -84.206  4.741 0.0000000000
305647  -45.829  -71.641  10.891 0.0000000000
306149  -52.490  -81.061  5.692 0.0000000000
307194  -48.724  -72.174  10.107 0.0000000000
307419  -38.877  -72.120  19.913 0.0000000000
307436  -45.805  -72.602  17.122 0.0000000000
307494  -45.278  -81.300  4.354 0.0000000000
307850  -46.621  -87.320  1.411 0.0000000000
307891  -49.283  -87.784  -1.412 0.0000000000
307968  -53.663  -79.012  6.107 0.0000000000
307972  -49.084  -87.937  -2.346 0.0000000000
308020  -52.191  -81.352  5.650 0.0000000000
308133  -46.175  -82.489  4.832 0.0000000000
308178  -43.819  -78.742  3.146 0.0000000000
