#!ascii label  , from subject sub-v2s5x29561_ses-1 vox2ras=TkReg
2030
36751  37.601  -77.238  -12.751 0.3000000119
49212  37.934  -69.304  -19.117 0.6000000238
51296  36.733  -67.401  -17.295 0.6999999881
256772  35.461  -67.322  -17.453 0.6999999881
37867  36.969  -76.346  -13.386 0.4000000060
45404  37.634  -73.051  -18.512 0.4000000060
38943  36.790  -76.263  -12.279 0.5000000000
37846  37.200  -76.904  -12.228 0.5000000000
48210  37.875  -69.437  -20.430 0.6999999881
49213  37.350  -68.821  -18.849 0.6999999881
49217  37.573  -69.050  -20.624 0.5000000000
51312  37.601  -67.837  -18.409 0.6000000238
51304  37.269  -67.671  -17.982 0.6000000238
51305  37.090  -67.323  -17.644 0.6999999881
52270  35.496  -66.682  -17.956 0.6999999881
41184  36.235  -74.805  -13.700 0.5000000000
44364  37.879  -72.718  -17.075 0.4000000060
40056  36.291  -75.296  -12.706 0.6000000238
45419  38.253  -72.273  -19.655 0.4000000060
45423  38.728  -71.788  -20.099 0.5000000000
42273  36.139  -73.890  -13.264 0.6000000238
295497  38.068  -71.813  -19.972 0.6000000238
46351  39.219  -70.558  -20.231 0.6000000238
41168  36.257  -74.650  -12.449 0.6000000238
48209  39.061  -69.808  -19.987 0.6000000238
51318  38.044  -67.925  -20.052 0.6000000238
51317  38.580  -67.435  -19.955 0.6000000238
53346  39.630  -66.369  -18.625 0.6999999881
52286  38.158  -67.294  -18.427 0.6999999881
53341  38.699  -66.145  -18.034 0.6999999881
52267  37.397  -66.820  -17.246 0.6999999881
52278  34.984  -66.523  -18.405 0.6999999881
54371  38.539  -65.938  -17.404 0.6999999881
53331  37.468  -66.279  -16.884 0.6999999881
53319  36.499  -66.112  -16.910 0.6999999881
54363  38.273  -65.654  -16.946 0.6999999881
42290  36.606  -74.197  -14.854 0.5000000000
44351  36.789  -72.748  -15.643 0.5000000000
44358  36.882  -73.101  -16.466 0.5000000000
45413  38.599  -72.601  -18.814 0.4000000060
272950  36.321  -73.376  -13.728 0.5000000000
45418  39.490  -71.854  -19.234 0.5000000000
46349  39.597  -70.921  -20.512 0.6000000238
43307  36.574  -73.407  -12.144 0.6000000238
274436  37.352  -72.544  -13.347 0.5000000000
44339  38.221  -71.939  -13.899 0.5000000000
49221  40.020  -69.172  -20.210 0.6999999881
50284  38.419  -68.300  -20.642 0.6000000238
49222  37.815  -68.917  -20.751 0.6999999881
52290  39.533  -66.941  -19.659 0.6000000238
52295  39.720  -67.230  -20.062 0.6000000238
53345  40.256  -66.250  -18.909 0.6000000238
52284  39.309  -66.729  -18.962 0.6000000238
54368  40.258  -65.368  -17.930 0.6000000238
54369  39.679  -65.628  -17.679 0.6999999881
53321  35.129  -66.101  -17.397 0.6999999881
55398  39.848  -64.901  -17.584 0.6000000238
54351  37.333  -65.513  -16.615 0.6999999881
54353  36.171  -65.783  -16.538 0.6999999881
54361  39.367  -65.217  -17.233 0.6999999881
306064  39.432  -72.176  -17.557 0.4000000060
43342  36.638  -73.101  -15.059 0.5000000000
45382  38.299  -72.253  -16.095 0.4000000060
45411  39.894  -71.864  -18.373 0.5000000000
46344  40.519  -70.817  -19.383 0.6000000238
44350  37.366  -72.344  -15.335 0.4000000060
47264  39.763  -70.374  -21.022 0.6000000238
44340  37.498  -72.260  -14.407 0.4000000060
45366  38.741  -71.973  -15.470 0.4000000060
271993  38.582  -71.964  -14.964 0.4000000060
45379  40.242  -71.451  -15.947 0.4000000060
48211  40.352  -69.784  -20.864 0.6999999881
50283  39.423  -68.253  -20.334 0.6000000238
51320  39.890  -67.649  -20.066 0.6000000238
53344  41.024  -66.029  -18.958 0.6000000238
53357  40.660  -66.520  -19.845 0.6000000238
54373  41.289  -65.608  -18.649 0.6000000238
54354  35.526  -65.869  -16.521 0.6999999881
55385  37.043  -65.123  -16.194 0.6999999881
55392  38.966  -64.727  -16.959 0.6000000238
55393  38.424  -64.975  -16.735 0.6000000238
45395  39.011  -72.281  -16.830 0.4000000060
45401  40.527  -71.591  -17.662 0.4000000060
47262  41.097  -70.078  -20.439 0.6999999881
45393  40.216  -71.689  -16.693 0.4000000060
48207  41.028  -69.636  -20.662 0.8000000119
265936  39.770  -71.622  -14.780 0.5000000000
50280  41.036  -68.519  -19.767 0.6999999881
51319  40.648  -67.700  -19.800 0.6000000238
53350  41.748  -65.932  -19.624 0.5000000000
53356  41.122  -66.424  -19.662 0.6000000238
54356  34.015  -65.571  -16.542 0.6999999881
56432  41.948  -62.815  -18.397 0.6000000238
55396  41.196  -63.990  -18.319 0.6000000238
54342  36.482  -65.381  -15.947 0.8000000119
54344  35.251  -65.609  -15.762 0.8000000119
56433  40.942  -63.424  -17.766 0.6000000238
55390  40.147  -64.139  -17.431 0.6000000238
46335  41.801  -70.763  -18.103 0.5000000000
46336  41.045  -70.918  -18.625 0.6000000238
46314  41.298  -71.407  -17.079 0.5000000000
45390  42.508  -72.396  -16.906 0.6999999881
45392  41.031  -71.650  -16.543 0.4000000060
49219  41.533  -69.148  -20.411 0.6999999881
49216  41.653  -68.545  -19.606 0.6999999881
52292  42.104  -65.978  -19.634 0.6000000238
52293  41.697  -66.786  -19.451 0.6000000238
54376  42.959  -64.917  -19.707 0.6000000238
54345  34.532  -65.551  -15.784 0.6000000238
56436  41.912  -63.684  -18.677 0.6000000238
55375  37.194  -64.359  -16.082 0.6999999881
55377  36.233  -65.185  -15.291 0.6999999881
56424  40.365  -63.333  -17.426 0.6999999881
257534  39.057  -63.825  -17.053 0.6999999881
56418  37.650  -64.127  -16.386 0.6999999881
46334  42.664  -71.706  -18.834 0.5000000000
47247  42.204  -70.659  -19.283 0.6000000238
47255  41.790  -70.115  -19.757 0.6000000238
45399  42.975  -72.283  -17.361 0.6999999881
46313  42.201  -71.489  -17.102 0.6000000238
48206  41.855  -69.695  -20.201 0.6999999881
44362  42.703  -72.499  -16.517 0.6999999881
44356  42.032  -72.294  -15.785 0.6999999881
295021  41.872  -69.358  -20.377 0.6999999881
273292  42.324  -68.922  -19.879 0.6999999881
53349  43.485  -65.729  -19.402 0.5000000000
51314  42.441  -67.360  -19.121 0.6000000238
54335  33.625  -65.684  -15.101 0.5000000000
56430  43.531  -63.787  -19.158 0.6000000238
53354  43.761  -65.145  -19.667 0.6000000238
55370  34.788  -65.089  -14.527 0.6000000238
55371  34.237  -65.156  -14.525 0.5000000000
56435  42.544  -62.923  -18.739 0.6000000238
264864  42.489  -63.521  -18.950 0.6000000238
56410  36.894  -64.140  -15.438 0.6000000238
57503  35.384  -63.359  -14.567 0.5000000000
57504  34.732  -63.074  -14.656 0.5000000000
58652  41.626  -62.022  -17.575 0.6999999881
57533  40.902  -62.314  -17.605 0.6999999881
57525  39.054  -62.102  -16.645 0.6999999881
57519  37.746  -63.419  -16.085 0.6999999881
57513  36.929  -63.429  -15.436 0.5000000000
58648  40.860  -61.883  -17.166 0.6999999881
57511  37.921  -62.537  -16.002 0.6000000238
47261  42.920  -70.855  -20.241 0.6000000238
45416  43.301  -71.556  -18.854 0.6999999881
46348  43.067  -71.128  -19.858 0.6000000238
45388  43.723  -71.806  -16.596 0.6999999881
48202  43.663  -69.724  -20.290 0.6999999881
51313  43.460  -67.512  -19.146 0.6999999881
49215  43.188  -68.952  -19.749 0.6999999881
52287  43.006  -66.667  -18.926 0.6000000238
55355  34.063  -64.729  -14.095 0.4000000060
53343  43.826  -65.195  -19.458 0.5000000000
57494  34.432  -63.474  -14.460 0.4000000060
57522  41.925  -62.481  -17.710 0.6000000238
56422  42.705  -62.746  -18.212 0.6000000238
57502  36.513  -63.016  -15.130 0.5000000000
57493  35.958  -63.213  -14.688 0.5000000000
57512  37.449  -63.089  -15.654 0.5000000000
60633  36.507  -60.910  -15.895 0.4000000060
58647  41.475  -61.837  -17.237 0.6000000238
58640  39.745  -61.160  -16.234 0.6999999881
58642  38.642  -61.817  -16.174 0.6000000238
59622  37.633  -61.446  -14.983 0.5000000000
46326  44.230  -71.014  -18.039 0.6000000238
46340  44.357  -70.551  -19.073 0.6999999881
46347  43.942  -70.409  -20.127 0.6999999881
47219  44.349  -70.897  -15.698 0.6999999881
47236  44.708  -70.467  -16.957 0.6999999881
48201  43.984  -69.411  -19.537 0.6000000238
50276  44.100  -68.047  -18.882 0.6000000238
53339  43.023  -65.790  -17.779 0.6000000238
52276  43.105  -66.746  -18.287 0.5000000000
55395  43.246  -64.444  -18.483 0.6000000238
56423  42.025  -63.412  -17.309 0.6000000238
55387  42.610  -63.943  -17.899 0.6000000238
60624  36.104  -61.452  -15.318 0.4000000060
270819  35.383  -61.260  -15.317 0.5000000000
58623  34.699  -62.367  -14.749 0.4000000060
57517  41.478  -62.130  -16.308 0.6000000238
60634  35.861  -60.468  -16.138 0.4000000060
59644  40.410  -61.743  -16.533 0.6000000238
59639  38.740  -61.641  -15.742 0.5000000000
48185  44.839  -70.007  -17.745 0.6999999881
48200  44.512  -69.923  -19.345 0.6000000238
48170  43.876  -70.333  -16.228 0.6999999881
49199  44.454  -68.772  -17.106 0.6000000238
49208  44.364  -68.596  -17.777 0.6000000238
47211  43.034  -70.399  -15.363 0.6999999881
51303  44.128  -67.681  -18.228 0.5000000000
53328  41.875  -66.013  -17.431 0.6000000238
53327  42.586  -66.255  -17.372 0.6000000238
54367  42.494  -64.934  -17.750 0.6000000238
55388  42.088  -64.505  -17.179 0.5000000000
56416  41.198  -63.058  -16.284 0.6000000238
58629  41.271  -62.071  -16.103 0.6000000238
59638  39.412  -61.495  -15.531 0.5000000000
48181  42.114  -69.546  -16.252 0.6999999881
49189  43.831  -68.796  -16.679 0.6999999881
50266  43.075  -68.064  -17.773 0.6000000238
51295  42.236  -67.161  -17.202 0.5000000000
53317  41.019  -66.053  -16.756 0.6000000238
52265  41.569  -66.404  -17.098 0.6000000238
55382  41.033  -64.975  -16.348 0.6000000238
56407  40.762  -63.261  -15.804 0.6000000238
58632  39.462  -61.592  -15.383 0.5000000000
44284  37.909  -72.608  -11.469 0.5000000000
45330  39.888  -72.146  -13.372 0.5000000000
44268  39.048  -72.687  -11.133 0.5000000000
44297  39.387  -72.423  -12.286 0.5000000000
44337  41.289  -72.652  -14.399 0.6999999881
43324  41.699  -73.560  -13.218 0.6999999881
44328  41.314  -72.948  -13.759 0.5000000000
44296  39.894  -72.759  -12.501 0.5000000000
44355  42.589  -72.421  -15.461 0.6999999881
44336  42.486  -72.844  -14.499 0.6999999881
45375  44.142  -71.667  -15.676 0.6999999881
307269  38.190  -77.876  -13.114 0.3000000119
52268  36.831  -67.048  -17.239 0.6999999881
51311  37.865  -67.964  -19.135 0.6000000238
53333  36.305  -66.592  -17.259 0.6999999881
53336  34.122  -66.189  -17.822 0.6999999881
45363  40.728  -71.936  -15.315 0.6000000238
54372  41.879  -65.134  -19.058 0.6000000238
56427  38.483  -64.102  -16.791 0.6999999881
55369  35.389  -65.000  -14.609 0.6000000238
56409  37.305  -63.750  -15.757 0.6999999881
56402  35.705  -64.116  -14.666 0.6000000238
56426  38.616  -62.990  -16.770 0.6999999881
56403  34.922  -63.793  -14.545 0.5000000000
56396  34.295  -63.946  -14.037 0.5000000000
58619  37.358  -62.097  -15.199 0.5000000000
52275  43.857  -67.304  -18.451 0.5000000000
49188  44.290  -69.014  -16.730 0.6999999881
52262  42.965  -67.041  -17.797 0.5000000000
266900  40.894  -64.069  -16.202 0.6000000238
57509  40.812  -62.571  -15.788 0.6000000238
49200  43.852  -68.304  -17.419 0.6000000238
54360  41.217  -65.527  -16.849 0.6000000238
296106  41.982  -68.744  -17.243 0.5000000000
43302  42.130  -73.725  -12.385 0.6000000238
43233  41.324  -72.773  -8.363 0.6000000238
44233  41.215  -72.166  -7.954 0.4000000060
44266  42.017  -73.013  -11.100 0.5000000000
43338  42.670  -73.061  -13.227 0.6000000238
303269  37.367  -70.560  -18.428 0.5000000000
44225  41.477  -71.934  -7.166 0.4000000060
47257  38.715  -70.289  -19.782 0.5000000000
48187  37.342  -69.820  -17.183 0.5000000000
43260  41.732  -73.496  -10.349 0.5000000000
45234  40.487  -71.434  -5.833 0.4000000060
48198  38.065  -69.913  -18.841 0.5000000000
49202  37.351  -69.244  -17.346 0.5000000000
44237  40.566  -72.596  -9.458 0.6000000238
273686  37.195  -68.957  -18.132 0.5000000000
44280  42.328  -72.661  -11.459 0.5000000000
44326  43.106  -72.297  -13.414 0.6000000238
45236  38.077  -71.520  -5.912 0.4000000060
45214  37.747  -72.089  -5.773 0.4000000060
45277  40.814  -71.821  -8.337 0.4000000060
50198  34.983  -68.210  -13.758 0.5000000000
44257  40.645  -72.181  -10.395 0.5000000000
50234  36.493  -68.600  -15.879 0.5000000000
260918  35.036  -68.082  -14.904 0.5000000000
44295  43.343  -71.967  -11.891 0.6000000238
44294  43.772  -71.464  -12.760 0.6000000238
44346  43.058  -72.242  -14.791 0.6000000238
50268  37.028  -67.846  -17.697 0.5000000000
50237  34.600  -68.244  -15.369 0.5000000000
50216  34.047  -68.270  -14.504 0.4000000060
45324  41.638  -71.578  -11.971 0.5000000000
45299  41.182  -71.794  -11.088 0.5000000000
46282  42.150  -70.958  -12.775 0.6000000238
46288  42.812  -70.944  -13.506 0.6000000238
46287  43.056  -71.380  -14.031 0.6000000238
47212  42.790  -70.334  -14.627 0.6000000238
46299  44.071  -71.180  -15.133 0.6000000238
46232  40.693  -71.171  -6.589 0.4000000060
302900  38.410  -70.964  -5.850 0.4000000060
268693  34.460  -68.253  -15.977 0.5000000000
50228  33.450  -68.430  -15.364 0.5000000000
49176  32.345  -68.940  -15.242 0.4000000060
50248  34.987  -68.111  -15.924 0.6000000238
49168  32.935  -68.636  -14.954 0.4000000060
46250  40.775  -70.999  -10.305 0.6000000238
258470  41.998  -70.224  -11.558 0.6000000238
47194  42.032  -70.137  -12.689 0.6000000238
48148  42.023  -69.775  -13.556 0.6000000238
46225  36.510  -70.891  -5.925 0.4000000060
50239  33.573  -68.810  -16.101 0.5000000000
49184  32.405  -69.169  -16.105 0.4000000060
48176  30.984  -70.198  -16.258 0.4000000060
46242  39.781  -70.781  -8.443 0.6000000238
46241  40.153  -70.918  -7.755 0.4000000060
47169  40.888  -70.163  -10.371 0.6000000238
45282  40.366  -71.505  -9.403 0.6000000238
297507  41.499  -70.714  -10.819 0.5000000000
49131  42.485  -68.854  -11.801 0.6000000238
48112  40.965  -69.636  -10.665 0.5000000000
48156  42.214  -69.934  -14.264 0.6000000238
46206  35.874  -71.302  -5.783 0.4000000060
46221  39.615  -70.566  -5.858 0.4000000060
50251  33.414  -68.679  -16.966 0.6000000238
49195  32.170  -69.099  -16.902 0.5000000000
48183  30.485  -69.895  -16.945 0.5000000000
47231  29.607  -70.210  -17.178 0.5000000000
48092  39.719  -69.638  -7.346 0.4000000060
47124  40.025  -70.037  -6.279 0.4000000060
48098  39.676  -69.669  -8.139 0.5000000000
49112  40.513  -69.043  -9.770 0.5000000000
49127  40.712  -68.668  -10.667 0.5000000000
49149  42.776  -68.731  -12.472 0.6000000238
48149  41.689  -69.455  -13.846 0.6000000238
48172  42.709  -69.886  -15.705 0.6000000238
48056  35.926  -69.322  -5.654 0.4000000060
46224  37.139  -70.735  -5.892 0.4000000060
48075  35.746  -69.877  -5.745 0.4000000060
297203  35.144  -69.980  -5.416 0.4000000060
52279  34.496  -66.520  -18.364 0.6000000238
270368  36.240  -68.461  -5.868 0.4000000060
47128  37.720  -70.128  -5.868 0.4000000060
49205  31.511  -68.237  -18.116 0.6000000238
49210  30.180  -68.748  -18.146 0.5000000000
48190  29.744  -69.606  -17.616 0.4000000060
300339  38.967  -68.959  -6.221 0.4000000060
48106  40.093  -69.260  -9.222 0.5000000000
50158  41.460  -68.027  -11.781 0.5000000000
50173  41.589  -67.904  -12.053 0.6000000238
48157  41.085  -69.525  -14.563 0.6000000238
48173  41.438  -69.405  -16.018 0.6000000238
50048  34.653  -68.443  -4.708 0.4000000060
52272  33.263  -66.861  -17.956 0.6000000238
50270  32.261  -67.483  -18.445 0.6000000238
49209  30.736  -68.377  -17.973 0.5000000000
48184  28.174  -69.553  -17.195 0.5000000000
49077  37.520  -68.703  -6.030 0.4000000060
50091  39.238  -68.603  -6.985 0.4000000060
259834  39.463  -68.634  -7.684 0.5000000000
50123  39.766  -68.124  -9.667 0.5000000000
50195  41.238  -68.350  -13.401 0.5000000000
49046  34.503  -68.942  -4.625 0.4000000060
52273  32.613  -66.950  -17.919 0.6000000238
51302  30.830  -67.809  -17.683 0.5000000000
50252  30.192  -68.181  -16.811 0.5000000000
50107  39.488  -68.418  -8.400 0.5000000000
50146  40.416  -68.361  -10.744 0.4000000060
51228  40.937  -67.685  -12.427 0.4000000060
49166  40.750  -69.173  -14.702 0.4000000060
271119  40.717  -68.686  -15.598 0.6000000238
51283  41.678  -67.703  -17.078 0.4000000060
51095  33.999  -67.776  -3.699 0.4000000060
50060  35.381  -68.128  -5.394 0.4000000060
53337  33.614  -66.222  -17.460 0.6000000238
51112  35.578  -67.519  -5.476 0.4000000060
54357  33.538  -65.583  -16.412 0.5000000000
52274  32.071  -67.079  -17.760 0.5000000000
51292  30.584  -67.909  -17.079 0.5000000000
49186  29.794  -68.565  -15.712 0.4000000060
51290  31.593  -67.422  -16.326 0.4000000060
52159  39.326  -66.753  -8.228 0.5000000000
52172  39.364  -66.780  -8.785 0.5000000000
259222  39.464  -67.449  -10.522 0.6000000238
50184  40.692  -67.968  -13.127 0.4000000060
50211  40.205  -68.388  -14.429 0.4000000060
51274  40.708  -67.631  -16.115 0.4000000060
51230  39.603  -67.399  -12.161 0.5000000000
53313  33.378  -65.851  -16.088 0.5000000000
52250  32.519  -66.810  -16.198 0.6000000238
52243  33.135  -66.552  -15.638 0.4000000060
51269  39.624  -67.559  -15.083 0.5000000000
52256  41.111  -66.707  -16.757 0.5000000000
52197  38.780  -66.570  -10.888 0.5000000000
270284  39.367  -67.517  -11.143 0.5000000000
51246  39.836  -68.025  -13.564 0.5000000000
51256  39.266  -68.064  -13.896 0.5000000000
53152  34.789  -66.523  -3.476 0.4000000060
269728  40.281  -64.052  -15.657 0.5000000000
52257  40.562  -66.433  -16.648 0.4000000060
51276  39.756  -67.070  -15.734 0.5000000000
52218  38.607  -67.035  -12.550 0.5000000000
52207  38.744  -66.783  -11.760 0.5000000000
54324  33.451  -65.712  -14.684 0.4000000060
55374  39.948  -64.656  -15.310 0.4000000060
53308  39.247  -65.588  -14.678 0.4000000060
301790  40.585  -65.466  -15.837 0.5000000000
53312  39.989  -65.891  -15.963 0.5000000000
51262  39.207  -67.429  -14.416 0.5000000000
52248  39.719  -66.467  -15.798 0.5000000000
51263  38.911  -67.491  -13.683 0.5000000000
52234  38.371  -66.955  -13.576 0.5000000000
53296  38.374  -66.453  -13.921 0.4000000060
51286  36.419  -67.700  -16.858 0.5000000000
50258  34.362  -67.998  -17.037 0.6000000238
50256  37.130  -68.513  -17.589 0.6000000238
51299  34.329  -67.439  -17.706 0.6000000238
47250  37.704  -70.777  -18.930 0.5000000000
54347  33.566  -65.679  -15.682 0.5000000000
296435  41.634  -69.105  -16.673 0.6000000238
50245  40.874  -68.253  -16.195 0.4000000060
50225  35.564  -68.184  -14.853 0.5000000000
50246  36.645  -68.298  -16.498 0.5000000000
50236  35.268  -68.152  -15.385 0.5000000000
49175  32.953  -68.815  -15.678 0.4000000060
49177  31.687  -69.290  -15.674 0.4000000060
47166  39.848  -70.597  -8.997 0.6000000238
49194  32.712  -68.910  -16.916 0.6000000238
49196  31.683  -69.645  -16.832 0.4000000060
309105  38.745  -69.694  -5.919 0.4000000060
50269  32.904  -67.418  -18.411 0.6000000238
304692  32.837  -68.437  -17.503 0.6000000238
268170  31.240  -68.984  -17.567 0.5000000000
266226  28.968  -70.289  -17.381 0.5000000000
47224  29.273  -70.660  -16.935 0.5000000000
48195  28.673  -69.358  -17.860 0.5000000000
51307  31.792  -67.572  -18.274 0.5000000000
49206  29.320  -69.112  -17.795 0.5000000000
50263  30.356  -68.227  -17.627 0.5000000000
50159  40.562  -68.081  -11.400 0.5000000000
49197  29.217  -68.836  -17.185 0.5000000000
51148  39.056  -67.597  -7.182 0.5000000000
52259  32.540  -66.814  -16.954 0.6000000238
50233  40.451  -68.023  -15.630 0.3000000119
53302  38.756  -66.036  -14.328 0.4000000060
24020  39.128  -84.820  -15.001 0.3000000119
26515  40.570  -83.696  -15.949 0.3000000119
25304  40.217  -84.107  -15.062 0.3000000119
296182  42.953  -81.967  -15.484 0.3000000119
27528  42.137  -82.980  -15.619 0.3000000119
26494  42.803  -83.011  -14.569 0.3000000119
29650  43.524  -81.175  -16.323 0.3000000119
29617  43.657  -81.483  -15.243 0.3000000119
25250  43.779  -83.260  -12.164 0.3000000119
274236  43.539  -82.808  -13.874 0.3000000119
28569  44.390  -81.552  -14.544 0.3000000119
29631  44.317  -80.964  -15.214 0.3000000119
25275  43.915  -82.736  -13.196 0.3000000119
27483  45.284  -82.470  -11.634 0.3000000119
27495  45.083  -82.216  -12.629 0.3000000119
28547  45.029  -81.858  -13.310 0.4000000060
29599  45.212  -81.065  -14.009 0.4000000060
31893  45.635  -79.974  -14.814 0.4000000060
33102  45.854  -79.109  -15.721 0.3000000119
304066  46.703  -81.539  -10.406 0.3000000119
30704  46.435  -81.290  -11.783 0.4000000060
299768  46.321  -80.768  -12.685 0.4000000060
299319  45.514  -80.649  -13.951 0.4000000060
303959  46.471  -82.218  -9.716 0.3000000119
33055  46.653  -79.099  -14.121 0.4000000060
28469  47.426  -82.171  -7.944 0.4000000060
28494  46.999  -81.997  -9.043 0.4000000060
34352  46.490  -78.239  -14.698 0.4000000060
34329  45.868  -78.481  -14.396 0.3000000119
30666  47.295  -81.022  -9.959 0.4000000060
30688  47.064  -80.788  -10.914 0.3000000119
31824  47.035  -80.019  -11.974 0.4000000060
29512  47.831  -81.378  -8.390 0.4000000060
34267  46.687  -78.982  -12.138 0.5000000000
34288  47.085  -78.657  -12.680 0.4000000060
268240  36.422  -75.855  -11.797 0.5000000000
29474  48.147  -81.476  -7.283 0.4000000060
35540  46.812  -78.234  -13.312 0.4000000060
34271  38.301  -79.046  -13.109 0.3000000119
34255  37.772  -79.412  -12.497 0.4000000060
33040  43.341  -80.173  -14.202 0.3000000119
305853  37.435  -71.572  -19.349 0.4000000060
47245  36.800  -70.662  -17.955 0.4000000060
45340  39.671  -71.746  -13.744 0.4000000060
44315  39.040  -72.093  -12.696 0.4000000060
257046  37.615  -72.515  -12.659 0.4000000060
31712  47.715  -80.216  -8.881 0.4000000060
32952  47.284  -79.697  -10.570 0.3000000119
34253  47.043  -79.383  -11.270 0.5000000000
44300  37.467  -72.673  -11.972 0.4000000060
41163  36.413  -74.093  -11.761 0.4000000060
31672  47.656  -80.566  -7.934 0.4000000060
35524  37.489  -78.231  -12.437 0.4000000060
34290  45.796  -79.112  -13.076 0.4000000060
35504  36.944  -78.357  -11.093 0.5000000000
33057  44.753  -79.303  -14.173 0.5000000000
32979  38.060  -80.309  -12.172 0.4000000060
34270  38.763  -79.753  -13.325 0.4000000060
31874  43.686  -80.234  -13.644 0.3000000119
33004  38.942  -80.377  -12.942 0.4000000060
47237  37.099  -70.226  -17.163 0.4000000060
309547  40.808  -72.314  -14.749 0.4000000060
31713  46.876  -80.265  -8.711 0.4000000060
32907  46.866  -79.667  -10.137 0.4000000060
42246  36.949  -73.981  -10.768 0.4000000060
38925  36.224  -75.544  -10.595 0.5000000000
31715  46.346  -80.303  -9.410 0.4000000060
32955  46.180  -79.724  -11.290 0.4000000060
37817  36.588  -76.624  -10.260 0.5000000000
30624  45.890  -81.093  -8.336 0.4000000060
305266  45.551  -80.945  -9.307 0.4000000060
31758  45.699  -80.382  -10.354 0.4000000060
31780  44.693  -80.616  -11.468 0.5000000000
259784  44.012  -80.656  -12.202 0.5000000000
40030  36.845  -75.020  -10.123 0.4000000060
36696  36.712  -77.249  -10.007 0.5000000000
29492  45.384  -81.649  -8.007 0.4000000060
31828  43.769  -80.627  -12.665 0.5000000000
34244  37.277  -79.427  -11.192 0.4000000060
31852  42.818  -80.760  -13.180 0.4000000060
31832  41.017  -80.894  -12.649 0.4000000060
33002  40.356  -80.768  -12.975 0.4000000060
32956  38.455  -80.908  -11.775 0.4000000060
43274  38.099  -73.067  -10.596 0.4000000060
43262  38.588  -73.440  -10.237 0.3000000119
30655  44.741  -81.090  -10.214 0.4000000060
30670  44.076  -81.244  -10.758 0.4000000060
38904  36.770  -76.013  -9.613 0.4000000060
47222  30.611  -70.337  -15.701 0.4000000060
28453  44.269  -82.661  -7.243 0.4000000060
29515  44.480  -81.781  -9.066 0.4000000060
30706  43.270  -81.226  -11.606 0.5000000000
31804  42.915  -81.104  -12.167 0.5000000000
36686  36.870  -77.296  -9.411 0.5000000000
32932  37.043  -79.107  -10.417 0.4000000060
29495  43.521  -82.144  -8.280 0.4000000060
31805  42.179  -81.021  -12.103 0.4000000060
32958  37.588  -80.028  -11.157 0.4000000060
31808  39.803  -81.024  -12.130 0.4000000060
31783  38.461  -80.797  -11.033 0.4000000060
43290  39.658  -73.018  -11.409 0.4000000060
41147  37.290  -74.434  -9.785 0.3000000119
29529  43.913  -81.753  -9.629 0.4000000060
30672  43.063  -81.439  -10.410 0.4000000060
38903  37.601  -76.275  -9.407 0.3000000119
29531  42.676  -81.621  -9.274 0.4000000060
29532  42.072  -81.451  -9.523 0.4000000060
30693  42.089  -81.143  -10.809 0.4000000060
30694  41.271  -81.222  -11.085 0.5000000000
29496  42.788  -81.836  -7.996 0.4000000060
29519  41.772  -81.714  -8.554 0.4000000060
30696  39.912  -81.437  -10.814 0.4000000060
31759  39.309  -81.329  -11.052 0.4000000060
32931  37.427  -80.178  -9.862 0.4000000060
43303  41.530  -73.899  -12.423 0.4000000060
29543  40.983  -81.559  -10.101 0.4000000060
35726  41.036  -78.801  -20.388 0.3000000119
301244  44.359  -83.394  -11.285 0.3000000119
26400  45.800  -82.825  -9.978 0.3000000119
27449  47.027  -82.398  -8.333 0.4000000060
29457  47.967  -81.353  -6.402 0.4000000060
30604  46.930  -81.175  -7.065 0.4000000060
29442  46.709  -81.921  -6.046 0.4000000060
29461  45.237  -82.107  -6.840 0.4000000060
42221  38.746  -74.241  -9.430 0.3000000119
28454  43.753  -82.643  -6.931 0.4000000060
42234  39.245  -73.457  -10.347 0.4000000060
40001  38.499  -75.467  -8.959 0.4000000060
37803  37.535  -76.855  -8.953 0.4000000060
29482  41.683  -81.737  -7.418 0.4000000060
268270  40.771  -81.816  -9.080 0.4000000060
30659  39.857  -81.169  -9.304 0.4000000060
31739  39.283  -80.761  -9.783 0.4000000060
32886  37.800  -79.451  -8.695 0.3000000119
34215  37.325  -78.159  -8.797 0.4000000060
29483  41.076  -81.617  -7.476 0.4000000060
36731  36.821  -77.004  -11.292 0.4000000060
42260  40.990  -74.172  -11.523 0.4000000060
26546  40.867  -83.254  -16.974 0.3000000119
26496  41.907  -83.398  -15.180 0.3000000119
28597  42.803  -81.786  -16.300 0.3000000119
34520  40.607  -79.380  -21.179 0.3000000119
35724  42.342  -78.527  -20.753 0.3000000119
27525  43.566  -82.310  -14.601 0.3000000119
25230  44.600  -82.860  -11.972 0.3000000119
27512  44.312  -82.345  -13.460 0.4000000060
31894  44.985  -80.381  -15.110 0.4000000060
28533  45.617  -82.043  -12.138 0.3000000119
28524  46.013  -81.975  -11.265 0.3000000119
29578  45.887  -81.232  -12.900 0.4000000060
31888  46.341  -79.727  -13.824 0.4000000060
27452  46.367  -82.811  -8.879 0.3000000119
27424  48.355  -82.558  -6.405 0.4000000060
32975  45.675  -79.748  -11.957 0.4000000060
33018  44.506  -79.916  -13.241 0.5000000000
33020  42.304  -80.551  -13.633 0.3000000119
31826  45.069  -80.030  -12.305 0.5000000000
29460  45.783  -81.855  -6.668 0.4000000060
30709  40.958  -81.039  -11.722 0.4000000060
31762  37.856  -80.524  -9.867 0.4000000060
40027  42.105  -75.015  -9.565 0.4000000060
41143  41.628  -74.680  -10.303 0.4000000060
42199  42.432  -74.122  -8.152 0.4000000060
43232  41.886  -73.050  -8.053 0.3000000119
42219  41.761  -73.529  -9.632 0.5000000000
41151  41.690  -74.479  -10.909 0.4000000060
42259  41.697  -74.353  -11.654 0.4000000060
34134  40.480  -78.849  -4.211 0.3000000119
35380  40.643  -78.228  -4.216 0.3000000119
41046  38.691  -74.561  -5.471 0.3000000119
42123  39.704  -73.890  -5.415 0.3000000119
269270  38.945  -72.872  -5.248 0.3000000119
45211  39.830  -71.660  -5.555 0.3000000119
36615  39.867  -77.242  -4.356 0.3000000119
38817  38.584  -76.247  -4.892 0.3000000119
259095  37.748  -75.647  -5.100 0.3000000119
34136  39.135  -79.324  -4.084 0.3000000119
35381  38.726  -78.320  -4.175 0.3000000119
266812  38.054  -73.357  -5.543 0.3000000119
44181  37.439  -72.521  -5.698 0.3000000119
37725  38.205  -76.657  -4.664 0.3000000119
264321  36.863  -75.303  -5.069 0.3000000119
42150  37.826  -74.049  -5.917 0.3000000119
36600  35.887  -77.553  -4.196 0.3000000119
36629  36.503  -76.804  -5.277 0.3000000119
39947  34.712  -74.731  -5.046 0.3000000119
37727  35.416  -76.432  -4.895 0.3000000119
41014  34.230  -75.029  -4.733 0.3000000119
36581  37.143  -77.829  -3.423 0.3000000119
273096  35.859  -73.513  -5.606 0.3000000119
44184  35.205  -72.318  -5.574 0.3000000119
47112  34.920  -70.583  -5.370 0.3000000119
36602  34.559  -77.145  -3.836 0.3000000119
42128  35.600  -74.086  -5.417 0.3000000119
46192  33.997  -71.256  -4.044 0.3000000119
39916  33.792  -75.436  -3.871 0.3000000119
42094  33.982  -73.990  -3.917 0.3000000119
43149  34.186  -72.911  -4.393 0.3000000119
44142  33.681  -72.366  -3.432 0.3000000119
49034  34.154  -68.839  -3.604 0.3000000119
265625  34.113  -70.662  -4.120 0.3000000119
48034  34.036  -69.429  -3.771 0.3000000119
51070  33.904  -67.793  -2.528 0.3000000119
301101  34.161  -67.368  -4.089 0.3000000119
52076  34.470  -66.751  -1.587 0.3000000119
53123  34.664  -66.120  -1.911 0.3000000119
53133  34.700  -66.236  -2.481 0.3000000119
43221  42.317  -73.294  -7.154 0.3000000119
42207  42.468  -74.349  -8.991 0.4000000060
44178  39.515  -72.391  -5.390 0.3000000119
45217  35.607  -71.769  -5.718 0.3000000119
38898  42.239  -75.799  -9.206 0.5000000000
35399  39.540  -77.886  -4.397 0.3000000119
261036  37.026  -74.808  -5.397 0.3000000119
42124  39.026  -73.916  -5.513 0.3000000119
43168  40.314  -73.004  -5.424 0.3000000119
43194  41.266  -72.769  -5.766 0.3000000119
302115  37.506  -76.146  -5.116 0.3000000119
36598  37.360  -77.540  -4.153 0.3000000119
43174  36.323  -72.924  -5.824 0.3000000119
265055  35.659  -75.447  -4.946 0.3000000119
42083  33.770  -74.152  -3.419 0.3000000119
44143  33.420  -72.847  -2.838 0.3000000119
273146  34.566  -72.686  -4.846 0.3000000119
38795  33.947  -75.919  -3.451 0.3000000119
45182  33.873  -71.783  -3.826 0.3000000119
299757  37.752  -78.267  -8.268 0.3000000119
34202  38.215  -78.786  -7.963 0.4000000060
31668  39.813  -79.524  -6.663 0.4000000060
34192  39.102  -78.671  -7.045 0.4000000060
275101  38.319  -76.730  -8.648 0.3000000119
35448  40.575  -77.746  -7.235 0.4000000060
35436  40.905  -78.154  -6.746 0.3000000119
37787  38.917  -76.963  -8.211 0.4000000060
36651  40.166  -77.358  -7.660 0.4000000060
36650  41.728  -77.210  -7.348 0.3000000119
268892  39.692  -76.058  -8.912 0.3000000119
36666  40.076  -76.805  -8.066 0.4000000060
37771  41.604  -76.877  -7.841 0.4000000060
40016  40.489  -75.152  -9.500 0.3000000119
38887  41.099  -76.278  -8.978 0.4000000060
38884  42.715  -75.845  -8.738 0.4000000060
295826  39.505  -75.704  -9.204 0.3000000119
41145  40.510  -74.663  -9.981 0.3000000119
42233  40.293  -74.282  -10.389 0.3000000119
42220  39.390  -74.199  -9.627 0.3000000119
37799  41.245  -76.550  -8.733 0.4000000060
35450  38.825  -78.131  -7.322 0.4000000060
25155  47.056  -83.616  -7.697 0.3000000119
31716  38.868  -80.608  -8.449 0.3000000119
21412  45.493  -85.945  -7.910 0.3000000119
22670  45.657  -85.418  -8.198 0.3000000119
25152  47.008  -84.097  -8.019 0.3000000119
27436  47.801  -82.956  -7.426 0.3000000119
32875  38.555  -79.305  -7.792 0.3000000119
30627  40.144  -80.867  -7.908 0.3000000119
21387  45.756  -86.134  -5.985 0.3000000119
23889  47.135  -84.596  -6.250 0.3000000119
22632  46.603  -85.185  -5.896 0.3000000119
26369  47.801  -83.239  -6.286 0.3000000119
295493  48.426  -81.514  -5.101 0.3000000119
31677  39.417  -79.968  -7.162 0.3000000119
20104  44.115  -86.853  -4.157 0.3000000119
22608  46.138  -85.406  -4.735 0.3000000119
21351  45.425  -86.116  -4.694 0.3000000119
25090  47.387  -84.117  -5.489 0.3000000119
22607  46.512  -85.097  -4.984 0.3000000119
27397  48.398  -82.693  -5.106 0.3000000119
303681  44.996  -86.036  -3.347 0.3000000119
22586  45.971  -85.154  -2.776 0.3000000119
26338  47.615  -83.523  -4.605 0.3000000119
262334  46.869  -84.639  -4.019 0.3000000119
29424  47.804  -81.726  -5.323 0.3000000119
28418  45.226  -82.270  -5.207 0.3000000119
28421  44.039  -82.569  -5.639 0.3000000119
22599  43.777  -85.703  -4.429 0.3000000119
29399  47.906  -82.009  -3.972 0.3000000119
26326  46.942  -83.384  -3.730 0.3000000119
28394  45.777  -82.411  -4.863 0.3000000119
30614  40.304  -80.718  -7.307 0.3000000119
25057  44.074  -84.796  -3.475 0.3000000119
23843  43.167  -85.361  -3.886 0.3000000119
25029  45.360  -84.402  -3.196 0.3000000119
303056  46.885  -84.230  -2.814 0.3000000119
28349  45.911  -82.214  -3.747 0.3000000119
28395  44.759  -82.113  -5.063 0.3000000119
29463  42.524  -81.652  -6.461 0.3000000119
298285  41.075  -80.855  -6.595 0.3000000119
32863  41.082  -79.419  -6.313 0.3000000119
31717  38.279  -80.553  -8.813 0.3000000119
26312  45.136  -83.825  -2.739 0.3000000119
27347  46.504  -82.916  -3.182 0.3000000119
29413  45.202  -81.716  -4.689 0.3000000119
29427  43.504  -81.563  -5.628 0.3000000119
26370  47.475  -83.812  -6.468 0.3000000119
21405  45.956  -85.777  -6.920 0.3000000119
23915  46.591  -84.868  -7.462 0.3000000119
20117  44.700  -86.724  -5.078 0.3000000119
20118  44.095  -86.967  -4.441 0.3000000119
21322  44.862  -86.154  -3.356 0.3000000119
21334  45.259  -86.061  -3.967 0.3000000119
21335  44.820  -86.289  -3.724 0.3000000119
21336  44.461  -86.315  -3.890 0.3000000119
21337  44.094  -86.460  -4.098 0.3000000119
21352  45.033  -86.375  -4.512 0.3000000119
21353  44.533  -86.522  -4.332 0.3000000119
21354  43.343  -86.267  -5.117 0.3000000119
21373  46.067  -85.788  -5.828 0.3000000119
21374  45.785  -85.949  -5.263 0.3000000119
21386  46.026  -85.822  -6.335 0.3000000119
21388  45.448  -86.368  -5.692 0.3000000119
21406  45.622  -86.141  -7.228 0.3000000119
21407  45.130  -86.402  -7.462 0.3000000119
21413  45.017  -86.221  -8.129 0.3000000119
22587  45.586  -85.405  -2.560 0.3000000119
22588  45.246  -85.678  -3.187 0.3000000119
22589  44.982  -85.670  -3.353 0.3000000119
22596  46.108  -85.347  -3.800 0.3000000119
22597  45.518  -85.675  -3.264 0.3000000119
22598  44.488  -85.929  -3.787 0.3000000119
22601  42.629  -85.144  -3.933 0.3000000119
22609  45.721  -85.793  -4.298 0.3000000119
22619  46.843  -84.944  -5.468 0.3000000119
22620  46.375  -85.457  -5.473 0.3000000119
22633  46.343  -85.501  -6.091 0.3000000119
22644  46.589  -85.161  -6.373 0.3000000119
22645  46.305  -85.484  -6.649 0.3000000119
22658  46.528  -85.137  -6.871 0.3000000119
22659  46.270  -85.379  -7.306 0.3000000119
22660  45.844  -85.631  -7.567 0.3000000119
22669  46.069  -85.085  -7.910 0.3000000119
22682  45.924  -85.126  -8.044 0.3000000119
22683  45.413  -85.474  -8.499 0.3000000119
23822  47.006  -84.211  -3.080 0.3000000119
23823  46.583  -84.679  -2.770 0.3000000119
23824  46.031  -85.112  -2.737 0.3000000119
23825  45.322  -85.425  -2.777 0.3000000119
23826  43.429  -84.923  -3.205 0.3000000119
23839  46.833  -84.549  -3.393 0.3000000119
23840  46.543  -84.946  -3.439 0.3000000119
23841  44.584  -84.936  -3.813 0.3000000119
23842  44.044  -85.109  -4.034 0.3000000119
23857  47.150  -84.457  -5.160 0.3000000119
23858  46.793  -84.712  -4.769 0.3000000119
23859  46.525  -85.040  -4.291 0.3000000119
23874  47.192  -84.601  -5.749 0.3000000119
23890  46.926  -84.909  -6.074 0.3000000119
23904  47.217  -84.309  -6.654 0.3000000119
23905  46.927  -84.827  -6.712 0.3000000119
23920  46.666  -84.407  -8.070 0.3000000119
23921  46.420  -84.699  -8.101 0.3000000119
23972  44.130  -83.633  -11.137 0.3000000119
23984  43.439  -83.686  -11.892 0.3000000119
23985  42.893  -83.892  -12.183 0.3000000119
23999  43.247  -83.557  -12.340 0.3000000119
25009  44.241  -84.061  -2.281 0.3000000119
25028  46.673  -84.351  -2.761 0.3000000119
25054  47.301  -83.906  -4.333 0.3000000119
25055  47.153  -84.252  -3.770 0.3000000119
25056  44.685  -84.399  -3.380 0.3000000119
25074  47.415  -84.019  -4.882 0.3000000119
25075  47.155  -84.326  -4.488 0.3000000119
25107  47.314  -84.187  -6.078 0.3000000119
25139  47.427  -84.012  -7.132 0.3000000119
25140  47.052  -84.444  -7.291 0.3000000119
25151  47.379  -83.793  -7.697 0.3000000119
25156  46.685  -83.999  -8.088 0.3000000119
25191  44.210  -83.653  -10.863 0.3000000119
25211  44.642  -83.010  -11.501 0.3000000119
25212  44.232  -83.267  -11.618 0.3000000119
25231  44.176  -83.041  -12.025 0.3000000119
25232  44.024  -83.374  -11.695 0.3000000119
25249  44.023  -82.948  -12.430 0.3000000119
25276  43.612  -83.109  -12.604 0.3000000119
25303  40.831  -83.842  -15.043 0.3000000119
25305  39.713  -84.473  -15.055 0.3000000119
25323  40.712  -83.792  -15.415 0.3000000119
26309  47.067  -83.844  -2.979 0.3000000119
26310  46.797  -83.756  -2.696 0.3000000119
26325  47.253  -83.351  -4.224 0.3000000119
26337  48.011  -83.125  -4.797 0.3000000119
26347  47.662  -83.640  -5.193 0.3000000119
26358  47.905  -83.214  -5.545 0.3000000119
26359  47.578  -83.710  -5.860 0.3000000119
26374  48.017  -83.081  -6.937 0.3000000119
26375  47.703  -83.477  -7.369 0.3000000119
26382  47.441  -83.321  -7.645 0.3000000119
26384  47.013  -82.899  -7.878 0.3000000119
26385  46.397  -83.149  -7.892 0.3000000119
26390  46.687  -82.791  -8.316 0.3000000119
26391  46.116  -83.147  -8.106 0.3000000119
26395  45.961  -83.044  -9.133 0.3000000119
26435  44.944  -82.732  -11.821 0.3000000119
26447  44.845  -82.563  -12.261 0.3000000119
26459  44.474  -82.751  -12.366 0.3000000119
26476  44.301  -82.617  -12.839 0.3000000119
26492  43.480  -83.016  -13.197 0.3000000119
26493  43.091  -83.006  -13.926 0.3000000119
26495  42.321  -83.157  -14.915 0.3000000119
26497  41.269  -83.538  -15.265 0.3000000119
26513  41.717  -83.265  -15.639 0.3000000119
26514  41.133  -83.418  -15.768 0.3000000119
26533  41.033  -83.267  -16.406 0.3000000119
27346  46.801  -83.361  -3.072 0.3000000119
27359  48.161  -82.316  -3.893 0.3000000119
27360  47.556  -82.579  -3.755 0.3000000119
27361  46.747  -83.086  -3.728 0.3000000119
27381  48.394  -82.546  -4.255 0.3000000119
27382  47.872  -82.953  -4.127 0.3000000119
27411  48.284  -82.795  -5.840 0.4000000060
27435  48.241  -82.499  -6.988 0.4000000060
27444  47.804  -82.394  -7.502 0.4000000060
27445  47.387  -82.725  -7.748 0.3000000119
27456  46.642  -82.383  -9.069 0.3000000119
27457  46.238  -82.594  -9.540 0.3000000119
27461  46.152  -82.324  -10.256 0.3000000119
27462  45.658  -82.609  -10.667 0.3000000119
27471  45.952  -82.232  -10.842 0.3000000119
27472  45.597  -82.354  -11.200 0.3000000119
27484  45.160  -82.378  -12.134 0.3000000119
27496  44.673  -82.348  -12.914 0.3000000119
27513  43.968  -82.367  -14.041 0.4000000060
27526  43.092  -82.346  -15.006 0.3000000119
27527  42.573  -82.493  -15.380 0.3000000119
27538  41.675  -82.943  -16.175 0.3000000119
27553  42.214  -82.437  -16.047 0.3000000119
27555  41.401  -82.908  -16.814 0.3000000119
28325  46.184  -82.645  -2.650 0.3000000119
28346  48.080  -82.092  -3.909 0.3000000119
28347  47.417  -82.525  -3.801 0.3000000119
28348  46.394  -82.735  -3.844 0.3000000119
28369  48.383  -81.961  -4.029 0.3000000119
28370  46.970  -82.508  -4.392 0.3000000119
28371  45.991  -82.597  -4.373 0.3000000119
28372  45.457  -82.173  -4.312 0.3000000119
28373  45.203  -82.154  -4.697 0.3000000119
28391  48.545  -82.063  -4.785 0.3000000119
28392  47.105  -82.225  -5.081 0.3000000119
28393  46.488  -82.509  -4.874 0.3000000119
28396  44.302  -82.291  -5.344 0.3000000119
28416  48.506  -82.089  -5.660 0.3000000119
28417  46.798  -82.197  -5.459 0.3000000119
28419  44.644  -82.369  -5.362 0.3000000119
28420  44.368  -82.537  -5.613 0.3000000119
28436  48.467  -81.881  -6.453 0.4000000060
28437  45.017  -82.341  -6.024 0.4000000060
28438  44.258  -82.683  -6.074 0.3000000119
28439  43.904  -82.674  -6.217 0.3000000119
28451  48.335  -81.960  -7.082 0.4000000060
28452  44.610  -82.551  -6.699 0.4000000060
28468  47.802  -81.948  -7.670 0.4000000060
28470  43.932  -82.486  -7.776 0.4000000060
28485  47.657  -81.695  -8.034 0.4000000060
28486  47.313  -81.834  -8.417 0.4000000060
28502  46.765  -81.900  -9.559 0.4000000060
28503  46.566  -81.899  -10.112 0.3000000119
28513  46.380  -81.852  -10.727 0.3000000119
28525  45.749  -82.123  -11.652 0.3000000119
28539  45.478  -81.787  -12.744 0.3000000119
28558  44.692  -81.735  -13.999 0.4000000060
28559  44.290  -82.100  -14.070 0.4000000060
28570  43.833  -81.868  -14.750 0.3000000119
28571  43.360  -81.727  -15.221 0.3000000119
28583  43.452  -81.384  -15.736 0.3000000119
28584  43.099  -81.661  -15.835 0.3000000119
28585  42.694  -82.044  -15.949 0.3000000119
28598  42.426  -82.088  -16.442 0.3000000119
28612  42.580  -81.808  -16.808 0.3000000119
29410  48.287  -81.704  -4.121 0.3000000119
29411  47.848  -81.791  -4.648 0.3000000119
29422  48.384  -81.625  -4.462 0.3000000119
29423  48.385  -81.490  -4.792 0.3000000119
29425  44.365  -81.642  -5.307 0.3000000119
29426  43.880  -81.991  -5.461 0.3000000119
29439  48.430  -81.507  -5.772 0.3000000119
29440  48.295  -81.361  -5.623 0.3000000119
29441  47.601  -81.681  -5.969 0.4000000060
29443  45.853  -82.084  -5.982 0.3000000119
29444  43.691  -82.238  -5.831 0.3000000119
29445  43.136  -81.753  -6.065 0.3000000119
29456  48.260  -81.345  -6.338 0.4000000060
29458  47.250  -81.470  -6.535 0.4000000060
29459  46.467  -81.566  -6.586 0.4000000060
29462  43.105  -82.093  -6.745 0.4000000060
29465  41.355  -81.472  -6.816 0.4000000060
29475  46.279  -81.346  -7.151 0.4000000060
29476  45.648  -81.715  -7.331 0.4000000060
29477  44.971  -82.116  -7.369 0.4000000060
29478  44.617  -82.137  -7.924 0.4000000060
29479  43.279  -82.240  -7.516 0.4000000060
29480  42.676  -81.819  -7.187 0.4000000060
29481  42.046  -81.666  -6.899 0.4000000060
29491  47.998  -81.305  -7.852 0.4000000060
29493  44.905  -81.765  -8.542 0.4000000060
29494  44.243  -82.146  -8.466 0.4000000060
29497  42.080  -81.767  -8.005 0.4000000060
29498  41.398  -81.762  -8.007 0.4000000060
29499  40.832  -81.684  -8.110 0.4000000060
29500  40.469  -81.751  -8.734 0.4000000060
29513  47.470  -81.464  -8.934 0.4000000060
29514  45.187  -81.341  -9.123 0.4000000060
29516  43.771  -82.046  -8.956 0.4000000060
29517  43.079  -81.911  -8.747 0.4000000060
29518  42.458  -81.689  -8.603 0.4000000060
29520  41.090  -81.776  -8.591 0.4000000060
29527  47.191  -81.501  -9.492 0.4000000060
29528  44.679  -81.450  -9.652 0.4000000060
29530  43.334  -81.915  -9.322 0.4000000060
29533  40.870  -81.698  -9.596 0.4000000060
29534  40.301  -81.728  -9.375 0.4000000060
29540  46.930  -81.508  -9.991 0.3000000119
29541  44.203  -81.492  -10.142 0.4000000060
29542  41.493  -81.534  -9.809 0.4000000060
29544  40.414  -81.599  -10.086 0.4000000060
29552  46.706  -81.325  -10.846 0.3000000119
29553  40.729  -81.474  -10.638 0.4000000060
29561  46.401  -81.547  -11.311 0.4000000060
29562  46.071  -81.697  -11.846 0.3000000119
29577  45.869  -81.598  -12.384 0.3000000119
29586  45.391  -81.394  -13.392 0.4000000060
29587  45.048  -81.479  -13.824 0.4000000060
29600  44.789  -81.370  -14.350 0.4000000060
29615  44.507  -81.162  -14.782 0.3000000119
29616  44.121  -81.304  -15.021 0.3000000119
29632  43.898  -81.100  -15.463 0.3000000119
29633  43.224  -81.468  -16.197 0.3000000119
29649  43.771  -81.028  -15.875 0.3000000119
29651  43.085  -81.466  -16.590 0.3000000119
30576  45.990  -81.041  -4.139 0.3000000119
30585  43.884  -81.167  -5.458 0.3000000119
30602  48.026  -81.309  -6.973 0.4000000060
30603  47.538  -81.279  -6.983 0.4000000060
30610  47.823  -80.960  -7.500 0.4000000060
30611  47.307  -80.791  -7.555 0.4000000060
30612  46.660  -80.919  -7.561 0.4000000060
30613  46.062  -81.258  -7.758 0.4000000060
30615  39.752  -80.444  -7.492 0.3000000119
30622  47.853  -80.823  -7.946 0.4000000060
30623  46.402  -80.809  -8.090 0.4000000060
30625  45.447  -81.385  -8.600 0.4000000060
30626  40.592  -81.219  -7.683 0.4000000060
30628  39.643  -80.640  -8.185 0.3000000119
30639  47.849  -80.684  -8.596 0.4000000060
30640  47.799  -81.023  -8.767 0.4000000060
30641  46.219  -80.687  -8.627 0.4000000060
30642  45.763  -80.934  -8.942 0.4000000060
30643  40.039  -81.096  -8.588 0.3000000119
30644  39.464  -80.841  -8.860 0.3000000119
30645  38.725  -80.736  -8.970 0.4000000060
30651  47.807  -80.578  -9.114 0.4000000060
30652  47.571  -81.012  -9.410 0.4000000060
30653  45.849  -80.627  -9.482 0.4000000060
30654  45.294  -80.932  -9.703 0.4000000060
30656  43.198  -81.617  -9.816 0.4000000060
30657  42.584  -81.383  -9.900 0.4000000060
30658  42.049  -81.282  -10.100 0.4000000060
30667  47.026  -81.127  -10.417 0.3000000119
30668  45.678  -80.566  -9.951 0.4000000060
30669  45.303  -80.701  -10.318 0.4000000060
30671  43.656  -81.565  -10.314 0.4000000060
30673  42.504  -81.236  -10.390 0.4000000060
30674  41.456  -81.360  -10.403 0.4000000060
30675  39.388  -81.284  -10.537 0.4000000060
30687  47.369  -80.538  -10.405 0.4000000060
30689  44.776  -80.843  -10.831 0.5000000000
30690  44.196  -80.903  -11.337 0.4000000060
30691  43.745  -81.143  -11.310 0.4000000060
30692  42.835  -81.277  -10.961 0.4000000060
30695  40.412  -81.310  -11.355 0.4000000060
30703  46.727  -81.033  -11.381 0.3000000119
30705  43.799  -80.899  -11.768 0.5000000000
30707  42.541  -81.188  -11.531 0.5000000000
30708  41.769  -81.073  -11.514 0.5000000000
30710  40.292  -81.069  -11.858 0.4000000060
30720  46.648  -80.760  -12.016 0.4000000060
30721  46.204  -81.240  -12.276 0.4000000060
30735  46.047  -80.712  -13.185 0.4000000060
30743  45.672  -80.955  -13.532 0.4000000060
30751  44.918  -80.906  -14.541 0.4000000060
30756  44.702  -80.787  -14.905 0.4000000060
31666  41.046  -80.143  -6.440 0.3000000119
31667  40.432  -79.879  -6.485 0.3000000119
31673  47.115  -80.553  -7.912 0.4000000060
31674  46.865  -80.568  -7.916 0.4000000060
31675  40.601  -80.481  -6.791 0.3000000119
31676  39.988  -80.210  -6.886 0.3000000119
31678  38.959  -79.698  -7.555 0.3000000119
31689  47.783  -80.442  -8.327 0.4000000060
31690  47.264  -80.290  -8.519 0.4000000060
31691  46.930  -80.412  -8.273 0.4000000060
31692  46.622  -80.490  -8.397 0.4000000060
31693  39.173  -80.245  -7.818 0.3000000119
31694  38.511  -80.082  -8.186 0.3000000119
31714  46.497  -80.380  -8.910 0.4000000060
31718  37.906  -80.070  -8.713 0.3000000119
31736  47.693  -80.180  -9.398 0.4000000060
31737  47.652  -79.833  -9.774 0.4000000060
31738  46.789  -80.077  -9.225 0.4000000060
31740  38.306  -80.652  -9.409 0.4000000060
31741  37.760  -80.393  -9.312 0.4000000060
31755  47.499  -79.900  -10.206 0.3000000119
31756  46.454  -79.969  -10.227 0.4000000060
31757  46.078  -80.269  -9.937 0.4000000060
31760  38.963  -81.052  -10.716 0.4000000060
31761  38.542  -80.606  -10.253 0.4000000060
31777  47.293  -80.065  -10.837 0.3000000119
31778  45.971  -80.119  -10.711 0.4000000060
31779  45.344  -80.387  -10.927 0.4000000060
31781  39.641  -81.318  -11.580 0.4000000060
31782  38.924  -81.225  -11.399 0.4000000060
31799  47.222  -79.798  -11.364 0.3000000119
31800  45.709  -80.071  -11.318 0.4000000060
31801  45.227  -80.196  -11.653 0.5000000000
31802  44.547  -80.395  -12.008 0.5000000000
31803  43.504  -80.883  -12.192 0.5000000000
31806  41.380  -80.954  -12.127 0.4000000060
31807  40.537  -80.923  -12.243 0.4000000060
31809  39.091  -81.167  -12.038 0.4000000060
31825  46.643  -80.367  -12.527 0.4000000060
31827  44.369  -80.257  -12.638 0.5000000000
31829  43.219  -80.849  -12.684 0.4000000060
31830  42.515  -80.955  -12.677 0.4000000060
31831  41.739  -80.846  -12.628 0.4000000060
31848  46.715  -80.130  -12.679 0.4000000060
31849  46.502  -80.052  -13.159 0.4000000060
31850  43.991  -80.259  -13.138 0.5000000000
31851  43.483  -80.647  -13.193 0.4000000060
31853  42.020  -80.630  -13.113 0.3000000119
31854  41.184  -80.714  -13.121 0.4000000060
31873  45.950  -80.412  -13.643 0.4000000060
31889  45.798  -80.173  -14.195 0.4000000060
31912  45.312  -79.684  -16.007 0.3000000119
32865  40.440  -79.275  -6.395 0.3000000119
32868  39.237  -79.357  -7.042 0.4000000060
32869  38.849  -79.153  -7.319 0.3000000119
32876  38.138  -79.450  -8.266 0.4000000060
32885  47.203  -80.031  -9.081 0.4000000060
32905  47.572  -79.831  -9.530 0.4000000060
32906  47.122  -79.782  -9.583 0.4000000060
32908  37.477  -79.874  -9.234 0.3000000119
32909  37.241  -79.454  -9.785 0.4000000060
32929  47.336  -79.724  -10.194 0.3000000119
32930  37.813  -80.412  -10.618 0.4000000060
32953  46.907  -79.534  -10.670 0.5000000000
32954  46.542  -79.745  -10.686 0.4000000060
32957  37.975  -80.454  -11.450 0.4000000060
32973  47.160  -79.555  -11.054 0.3000000119
32974  47.110  -79.322  -11.558 0.5000000000
32976  39.915  -80.836  -12.550 0.4000000060
32977  39.342  -80.797  -12.488 0.4000000060
32978  38.664  -80.668  -12.400 0.4000000060
32980  37.601  -79.902  -11.779 0.4000000060
32998  47.147  -79.167  -12.204 0.4000000060
32999  46.214  -79.428  -11.904 0.5000000000
33000  45.419  -79.540  -12.653 0.5000000000
33001  44.864  -79.895  -12.862 0.5000000000
33003  39.582  -80.611  -12.990 0.4000000060
33016  47.037  -79.185  -13.014 0.4000000060
33017  45.123  -79.475  -13.248 0.5000000000
33019  43.088  -80.515  -13.687 0.3000000119
33023  39.861  -80.291  -13.408 0.4000000060
33037  46.927  -79.092  -13.533 0.4000000060
33038  44.549  -79.551  -13.761 0.5000000000
33039  43.921  -79.810  -13.983 0.3000000119
33041  42.626  -80.451  -14.203 0.3000000119
33054  47.072  -78.238  -13.854 0.4000000060
33056  46.255  -79.454  -14.486 0.4000000060
33060  43.254  -80.006  -14.679 0.3000000119
33080  46.539  -78.537  -14.863 0.4000000060
33081  46.067  -79.175  -15.150 0.3000000119
33101  46.366  -78.303  -15.391 0.4000000060
33212  40.086  -79.354  -20.824 0.3000000119
33223  40.172  -79.543  -21.262 0.3000000119
34133  41.087  -78.633  -4.218 0.3000000119
34135  39.792  -79.104  -4.176 0.3000000119
34154  39.818  -78.416  -4.521 0.3000000119
34155  39.134  -78.560  -4.542 0.3000000119
34185  40.942  -78.778  -6.422 0.3000000119
34186  40.189  -78.719  -6.602 0.4000000060
34187  39.567  -78.931  -6.798 0.4000000060
34193  38.598  -78.687  -7.457 0.4000000060
34203  37.945  -78.946  -8.426 0.3000000119
34214  37.595  -78.910  -8.969 0.3000000119
34222  47.317  -79.688  -9.930 0.4000000060
34234  47.103  -79.641  -10.308 0.4000000060
34235  37.006  -78.427  -10.398 0.5000000000
34242  47.093  -79.600  -10.660 0.3000000119
34243  46.793  -79.176  -11.586 0.5000000000
34245  37.028  -78.867  -10.934 0.4000000060
34254  38.354  -79.970  -12.819 0.4000000060
34256  37.421  -79.304  -11.861 0.4000000060
34257  37.166  -78.866  -11.531 0.5000000000
34266  47.045  -79.001  -12.010 0.5000000000
34268  45.978  -79.294  -12.514 0.5000000000
34269  39.238  -80.197  -13.358 0.4000000060
34289  46.618  -78.700  -12.816 0.5000000000
34292  38.800  -79.081  -13.489 0.3000000119
34293  38.688  -78.533  -13.370 0.3000000119
34310  47.153  -78.587  -13.312 0.4000000060
34311  45.964  -78.882  -13.199 0.4000000060
34312  45.454  -78.935  -13.762 0.5000000000
34328  46.922  -78.157  -14.252 0.4000000060
34353  46.202  -78.126  -14.999 0.3000000119
34503  42.469  -78.598  -20.707 0.3000000119
34504  41.377  -78.801  -21.180 0.3000000119
34505  40.690  -79.087  -20.749 0.3000000119
34517  42.214  -78.570  -21.034 0.3000000119
34518  41.937  -78.588  -21.172 0.3000000119
34519  40.988  -79.063  -21.271 0.3000000119
35379  41.413  -78.072  -3.957 0.3000000119
35382  38.221  -78.069  -3.549 0.3000000119
35383  37.706  -77.771  -3.594 0.3000000119
35398  40.180  -77.805  -4.411 0.3000000119
35400  39.015  -77.809  -4.138 0.3000000119
35437  39.667  -78.372  -6.829 0.4000000060
35449  39.879  -77.873  -7.148 0.4000000060
35464  38.239  -78.161  -7.693 0.4000000060
35465  37.315  -77.755  -8.491 0.3000000119
35481  36.997  -77.769  -9.043 0.5000000000
35482  36.820  -77.813  -9.738 0.5000000000
35505  36.788  -77.783  -10.520 0.5000000000
35514  37.427  -78.792  -12.209 0.4000000060
35515  37.180  -78.260  -11.810 0.4000000060
35522  46.967  -78.622  -12.550 0.4000000060
35523  37.745  -78.595  -12.843 0.3000000119
35528  47.125  -78.396  -13.053 0.4000000060
35531  38.239  -78.246  -13.152 0.3000000119
35539  47.058  -78.184  -13.542 0.4000000060
35541  46.376  -78.385  -13.769 0.4000000060
35544  38.482  -77.990  -13.346 0.3000000119
35554  46.893  -78.037  -14.015 0.4000000060
35555  46.469  -78.206  -14.513 0.4000000060
35600  46.152  -78.107  -15.535 0.4000000060
35711  42.851  -78.533  -20.229 0.3000000119
36582  36.327  -77.946  -3.485 0.3000000119
36596  38.604  -77.707  -3.987 0.3000000119
36597  38.053  -77.585  -3.949 0.3000000119
36599  36.618  -77.600  -4.297 0.3000000119
36601  35.176  -77.450  -4.055 0.3000000119
36614  40.555  -77.171  -4.324 0.3000000119
36616  39.166  -77.314  -4.137 0.3000000119
36617  38.485  -77.185  -4.176 0.3000000119
36618  37.615  -77.110  -4.629 0.3000000119
36619  36.875  -77.256  -4.923 0.3000000119
36620  36.265  -77.151  -5.051 0.3000000119
36621  35.581  -77.017  -4.710 0.3000000119
36628  36.982  -76.925  -5.236 0.3000000119
36640  41.288  -77.583  -7.039 0.3000000119
36649  42.201  -76.819  -7.465 0.3000000119
36652  39.370  -77.650  -7.412 0.4000000060
36665  40.988  -77.243  -7.644 0.4000000060
36667  39.475  -77.167  -7.877 0.4000000060
36668  38.661  -77.570  -7.756 0.4000000060
36669  37.841  -77.715  -8.017 0.3000000119
36678  37.646  -77.326  -8.484 0.3000000119
36685  37.118  -77.355  -8.888 0.4000000060
36715  36.756  -77.139  -10.722 0.5000000000
36730  36.929  -77.614  -11.317 0.4000000060
36741  37.833  -77.863  -12.862 0.3000000119
36742  37.411  -77.562  -12.151 0.5000000000
36765  37.704  -76.907  -13.351 0.3000000119
37709  34.993  -76.812  -4.417 0.3000000119
37724  38.871  -76.730  -4.477 0.3000000119
37726  35.963  -76.763  -5.101 0.3000000119
37728  34.830  -76.244  -4.611 0.3000000119
37740  38.001  -76.182  -5.064 0.3000000119
37741  37.559  -76.580  -5.059 0.3000000119
37742  37.072  -76.415  -5.219 0.3000000119
37743  35.880  -76.164  -5.041 0.3000000119
37784  42.191  -76.515  -7.936 0.4000000060
37785  41.120  -76.804  -8.251 0.4000000060
37786  39.534  -76.731  -8.229 0.4000000060
37788  38.277  -77.269  -8.225 0.4000000060
37798  41.712  -76.537  -8.469 0.4000000060
37800  40.668  -76.545  -8.472 0.4000000060
37801  39.933  -76.412  -8.479 0.3000000119
37802  39.169  -76.440  -8.648 0.3000000119
37809  37.003  -76.793  -9.328 0.5000000000
37810  36.709  -76.677  -9.712 0.4000000060
37829  36.621  -76.544  -10.920 0.4000000060
37838  37.056  -77.110  -11.732 0.5000000000
37839  36.803  -76.528  -11.653 0.5000000000
37853  37.178  -76.596  -12.810 0.5000000000
38794  34.198  -76.471  -3.801 0.3000000119
38802  34.240  -76.125  -4.428 0.3000000119
38803  33.916  -75.919  -4.114 0.3000000119
38816  39.162  -76.237  -4.760 0.3000000119
38818  35.096  -75.772  -5.032 0.3000000119
38819  34.450  -75.828  -4.886 0.3000000119
38832  38.379  -75.768  -5.216 0.3000000119
38833  37.202  -75.781  -5.029 0.3000000119
38834  36.597  -75.673  -4.549 0.3000000119
38870  42.270  -76.235  -8.416 0.4000000060
38883  43.121  -75.693  -8.267 0.4000000060
38885  42.105  -76.141  -8.793 0.4000000060
38886  41.641  -76.221  -8.966 0.4000000060
38888  40.386  -76.114  -8.850 0.4000000060
38889  39.066  -75.915  -8.974 0.3000000119
38890  38.594  -76.169  -8.952 0.3000000119
38891  38.095  -76.379  -9.168 0.4000000060
38899  41.512  -75.750  -9.216 0.4000000060
38900  40.822  -75.649  -9.151 0.3000000119
38901  40.077  -75.714  -9.251 0.3000000119
38902  38.045  -75.734  -9.025 0.4000000060
38910  36.316  -75.602  -10.021 0.4000000060
38935  36.378  -75.960  -11.112 0.5000000000
38954  36.492  -75.941  -12.917 0.6000000238
39905  33.733  -75.333  -3.059 0.3000000119
39915  33.922  -75.593  -4.661 0.3000000119
39926  34.538  -75.414  -5.040 0.3000000119
39941  38.900  -75.301  -5.291 0.3000000119
39942  38.106  -75.115  -5.278 0.3000000119
39943  37.402  -75.238  -5.216 0.3000000119
39944  36.448  -74.940  -5.296 0.3000000119
39945  36.392  -75.466  -4.510 0.3000000119
39946  35.195  -75.197  -5.152 0.3000000119
39999  43.044  -75.486  -8.589 0.4000000060
40000  42.766  -75.412  -9.166 0.5000000000
40013  42.352  -75.359  -9.422 0.4000000060
40014  42.013  -75.451  -9.526 0.4000000060
40015  41.296  -75.276  -9.423 0.3000000119
40017  39.677  -75.276  -9.409 0.3000000119
40018  37.982  -75.102  -9.078 0.3000000119
40019  37.383  -75.468  -9.324 0.3000000119
40020  36.800  -75.442  -9.682 0.4000000060
40028  41.774  -74.971  -9.734 0.4000000060
40029  37.183  -75.039  -9.620 0.3000000119
40042  36.595  -74.983  -10.826 0.5000000000
40050  36.371  -75.224  -12.026 0.6000000238
40062  36.249  -75.357  -13.280 0.6000000238
41003  33.778  -74.732  -3.376 0.3000000119
41015  33.970  -74.919  -4.147 0.3000000119
41027  34.212  -74.408  -4.452 0.3000000119
41045  39.432  -74.610  -5.312 0.3000000119
41047  38.156  -74.432  -5.721 0.3000000119
41048  37.639  -74.673  -5.584 0.3000000119
41049  36.628  -74.244  -5.648 0.3000000119
41050  36.024  -74.503  -5.397 0.3000000119
41051  35.441  -74.645  -5.258 0.3000000119
41105  43.111  -75.151  -8.247 0.4000000060
41106  42.828  -74.733  -8.556 0.4000000060
41115  42.941  -75.186  -8.780 0.4000000060
41116  42.759  -74.938  -9.050 0.5000000000
41129  42.411  -74.812  -9.393 0.4000000060
41130  39.842  -74.746  -9.662 0.3000000119
41131  39.189  -74.791  -9.439 0.3000000119
41132  38.531  -74.837  -9.121 0.4000000060
41133  37.547  -74.863  -9.369 0.3000000119
41142  42.077  -74.600  -9.837 0.4000000060
41144  41.200  -74.902  -9.953 0.4000000060
41146  37.684  -73.992  -9.834 0.3000000119
41148  36.914  -74.426  -10.461 0.4000000060
41152  41.048  -74.567  -10.641 0.4000000060
41153  36.641  -74.339  -11.072 0.4000000060
41169  36.115  -74.341  -12.957 0.6000000238
41176  36.248  -74.832  -13.085 0.6000000238
41185  36.140  -74.408  -13.408 0.5000000000
41192  36.378  -74.785  -14.454 0.5000000000
42084  33.531  -73.802  -3.115 0.3000000119
42105  34.614  -74.021  -4.934 0.3000000119
42106  34.235  -73.712  -4.424 0.3000000119
42122  40.500  -73.692  -5.497 0.3000000119
42125  38.388  -73.946  -5.696 0.3000000119
42126  37.293  -73.527  -5.729 0.3000000119
42127  36.560  -73.513  -5.748 0.3000000119
42129  35.084  -73.588  -5.355 0.3000000119
42187  42.465  -73.868  -7.405 0.3000000119
42200  42.149  -73.644  -8.491 0.4000000060
42208  42.090  -73.807  -9.152 0.4000000060
42218  42.312  -74.195  -9.764 0.5000000000
42222  37.979  -74.400  -9.379 0.3000000119
42232  41.879  -74.344  -10.376 0.4000000060
42235  38.999  -73.819  -9.882 0.4000000060
42236  37.331  -73.971  -10.331 0.4000000060
42241  41.918  -74.426  -11.273 0.4000000060
42242  41.502  -74.506  -11.234 0.4000000060
42243  40.687  -74.207  -10.969 0.3000000119
42244  39.894  -73.797  -10.654 0.4000000060
42245  37.904  -73.626  -10.285 0.4000000060
42258  41.991  -73.823  -11.673 0.4000000060
42261  36.770  -73.833  -11.180 0.4000000060
42266  36.196  -73.929  -12.577 0.6000000238
42283  36.283  -74.132  -14.015 0.5000000000
43122  33.727  -73.212  -3.343 0.3000000119
43123  33.292  -73.466  -2.907 0.3000000119
43135  33.972  -73.437  -3.911 0.3000000119
43148  34.595  -73.291  -4.878 0.3000000119
43167  40.993  -73.171  -5.521 0.3000000119
43169  39.664  -72.898  -5.326 0.3000000119
43170  39.301  -73.366  -5.486 0.3000000119
43171  38.350  -72.906  -5.274 0.3000000119
43172  37.765  -72.952  -5.443 0.3000000119
43173  37.040  -72.961  -5.799 0.3000000119
43175  35.560  -72.920  -5.543 0.3000000119
43176  34.901  -72.851  -5.317 0.3000000119
43209  42.186  -72.971  -6.575 0.3000000119
43222  42.050  -72.900  -7.322 0.3000000119
43231  42.273  -73.409  -7.779 0.3000000119
43239  41.730  -73.265  -8.795 0.6000000238
43240  41.131  -72.934  -9.114 0.6000000238
43249  41.223  -72.923  -9.793 0.6000000238
43261  41.290  -72.833  -10.279 0.5000000000
43270  42.029  -73.816  -11.050 0.5000000000
43271  40.159  -73.630  -11.193 0.4000000060
43272  39.471  -73.192  -10.866 0.4000000060
43273  38.823  -72.993  -10.638 0.3000000119
43289  41.868  -74.198  -12.048 0.6000000238
43291  37.753  -72.804  -10.988 0.5000000000
43292  37.338  -72.925  -11.415 0.4000000060
43293  36.816  -73.403  -11.509 0.4000000060
43304  40.553  -73.399  -12.396 0.4000000060
43305  39.802  -72.943  -12.008 0.5000000000
43306  36.980  -73.010  -11.861 0.4000000060
43322  42.561  -72.916  -12.564 0.6000000238
43323  42.313  -73.632  -12.954 0.6000000238
43325  41.117  -73.489  -12.876 0.4000000060
43326  37.028  -72.929  -12.412 0.6000000238
43327  36.507  -73.297  -12.924 0.6000000238
43339  42.283  -73.482  -13.545 0.6999999881
43340  36.687  -72.984  -14.255 0.5000000000
43345  36.679  -73.497  -15.952 0.5000000000
44164  34.244  -72.251  -4.728 0.3000000119
44165  33.968  -72.298  -4.135 0.3000000119
44177  40.717  -72.528  -5.455 0.3000000119
44179  38.689  -72.607  -5.377 0.3000000119
44180  38.074  -72.632  -5.433 0.4000000060
44182  36.748  -72.383  -5.783 0.3000000119
44183  35.994  -72.329  -5.728 0.3000000119
44185  34.622  -72.250  -5.245 0.3000000119
44201  40.354  -72.038  -5.422 0.3000000119
44213  41.768  -72.441  -6.765 0.4000000060
44214  41.479  -71.838  -6.369 0.4000000060
44224  41.671  -72.490  -7.609 0.3000000119
44238  40.459  -72.073  -9.073 0.4000000060
44245  40.709  -72.543  -10.088 0.5000000000
44246  40.351  -72.217  -9.807 0.6000000238
44255  41.694  -72.940  -10.634 0.5000000000
44256  41.040  -72.503  -10.489 0.5000000000
44267  41.222  -72.305  -10.830 0.5000000000
44269  38.357  -72.677  -11.004 0.5000000000
44279  42.427  -72.836  -12.000 0.6000000238
44281  41.845  -72.180  -11.149 0.5000000000
44282  39.238  -72.534  -11.688 0.5000000000
44283  38.594  -72.514  -11.567 0.5000000000
44298  38.803  -72.364  -12.154 0.5000000000
44299  38.116  -72.470  -12.086 0.4000000060
44311  43.174  -72.199  -12.671 0.6000000238
44312  40.929  -73.090  -13.301 0.5000000000
44313  40.277  -72.897  -13.030 0.5000000000
44314  39.609  -72.297  -12.836 0.5000000000
44316  37.998  -72.275  -13.258 0.4000000060
44317  37.044  -72.796  -12.949 0.5000000000
44318  36.817  -72.918  -13.514 0.5000000000
44325  43.100  -72.469  -14.169 0.6000000238
44327  42.018  -72.997  -14.099 0.6999999881
44329  40.426  -72.659  -13.633 0.5000000000
44330  37.603  -72.280  -13.774 0.5000000000
44331  37.072  -72.535  -14.009 0.4000000060
44338  40.529  -72.389  -14.232 0.5000000000
44341  36.922  -72.594  -14.780 0.5000000000
44347  42.837  -72.513  -14.870 0.6999999881
44348  42.039  -72.521  -15.124 0.6999999881
44349  41.333  -72.393  -14.955 0.6999999881
44354  43.165  -72.320  -15.236 0.6999999881
44357  37.161  -72.612  -16.135 0.5000000000
44361  43.020  -72.379  -15.825 0.6999999881
44363  42.227  -72.294  -16.400 0.6999999881
44365  37.226  -72.879  -16.956 0.5000000000
44369  37.202  -73.060  -18.195 0.4000000060
45157  33.651  -71.441  -2.627 0.3000000119
45158  33.236  -71.920  -2.303 0.3000000119
45168  33.696  -71.693  -3.249 0.3000000119
45169  33.261  -72.104  -2.832 0.3000000119
45195  34.330  -71.720  -5.056 0.3000000119
45196  34.051  -71.743  -4.469 0.3000000119
45212  39.078  -71.952  -5.653 0.3000000119
45213  38.387  -72.093  -5.692 0.4000000060
45215  37.088  -71.980  -5.832 0.4000000060
45216  36.367  -71.785  -5.763 0.4000000060
45218  34.895  -71.733  -5.448 0.3000000119
45235  39.991  -71.021  -5.823 0.4000000060
45237  37.449  -71.463  -5.969 0.4000000060
45238  36.806  -71.398  -5.947 0.4000000060
45239  36.318  -71.302  -5.886 0.4000000060
45253  41.060  -71.429  -6.157 0.4000000060
45264  41.089  -71.517  -6.836 0.4000000060
45265  40.598  -71.265  -7.307 0.4000000060
45274  41.031  -71.628  -7.613 0.4000000060
45275  40.535  -71.384  -8.028 0.4000000060
45278  40.438  -71.496  -8.697 0.4000000060
45289  40.526  -71.610  -10.087 0.6000000238
45300  40.853  -71.627  -10.679 0.6000000238
45312  42.900  -72.006  -11.595 0.5000000000
45313  42.473  -72.022  -11.427 0.5000000000
45314  41.398  -71.683  -11.492 0.5000000000
45322  43.825  -71.417  -12.109 0.6000000238
45323  43.304  -71.784  -11.888 0.6000000238
45331  39.337  -71.865  -13.231 0.4000000060
45332  38.678  -71.935  -13.220 0.4000000060
45338  43.254  -71.888  -13.547 0.6000000238
45339  40.083  -71.994  -13.832 0.5000000000
45341  39.049  -71.718  -13.747 0.4000000060
45348  43.130  -72.006  -14.414 0.6000000238
45349  40.273  -71.957  -14.790 0.4000000060
45350  39.978  -71.761  -14.217 0.4000000060
45351  39.472  -71.624  -14.240 0.5000000000
45352  38.784  -71.793  -14.376 0.4000000060
45353  38.070  -72.015  -14.740 0.4000000060
45360  44.169  -71.533  -15.238 0.6999999881
45361  43.387  -71.954  -15.001 0.6000000238
45362  41.425  -72.153  -15.549 0.6999999881
45364  40.039  -71.617  -15.344 0.4000000060
45365  39.448  -71.721  -15.478 0.4000000060
45367  38.052  -72.030  -15.470 0.4000000060
45376  43.648  -72.058  -15.499 0.6999999881
45377  41.600  -71.980  -16.144 0.6000000238
45378  40.940  -71.723  -15.961 0.6000000238
45380  39.600  -71.609  -16.231 0.4000000060
45381  38.903  -71.962  -16.113 0.4000000060
45383  37.714  -72.516  -16.111 0.4000000060
45389  42.871  -72.466  -16.952 0.6999999881
45391  41.870  -71.878  -16.623 0.4000000060
45394  39.519  -72.036  -17.050 0.4000000060
45398  43.687  -71.570  -17.542 0.6999999881
45400  42.715  -72.335  -17.528 0.6000000238
45402  39.900  -71.840  -17.475 0.4000000060
45403  38.939  -72.498  -17.762 0.4000000060
45408  43.652  -71.472  -18.310 0.6999999881
45409  43.099  -71.802  -18.261 0.6999999881
45410  42.778  -71.980  -18.202 0.6000000238
45412  39.048  -72.187  -19.018 0.4000000060
45417  42.742  -71.782  -18.895 0.6999999881
45422  42.977  -71.509  -19.355 0.6000000238
46179  33.978  -70.856  -3.549 0.3000000119
46191  34.182  -71.190  -4.673 0.3000000119
46204  39.391  -71.209  -5.719 0.4000000060
46205  38.710  -71.438  -5.780 0.4000000060
46207  35.266  -71.194  -5.573 0.3000000119
46208  34.638  -71.136  -5.183 0.3000000119
46219  40.632  -71.144  -6.208 0.4000000060
46220  40.109  -70.485  -6.056 0.4000000060
46222  38.984  -70.710  -5.780 0.4000000060
46223  37.866  -70.872  -5.952 0.4000000060
46236  40.343  -70.936  -7.037 0.4000000060
46245  40.075  -71.058  -8.921 0.6000000238
46249  41.183  -70.688  -10.480 0.5000000000
46257  41.100  -71.305  -11.026 0.5000000000
46265  41.730  -70.850  -11.717 0.6000000238
46266  41.332  -71.221  -11.499 0.5000000000
46273  43.759  -71.340  -12.322 0.6000000238
46274  43.638  -71.273  -12.278 0.6000000238
46275  41.969  -71.294  -12.354 0.6000000238
46280  43.611  -71.351  -12.937 0.6000000238
46281  43.171  -71.110  -12.825 0.6000000238
46293  42.986  -71.288  -14.685 0.6000000238
46294  42.707  -70.809  -14.186 0.6000000238
46306  44.382  -71.110  -15.357 0.6999999881
46312  44.395  -71.082  -15.879 0.6999999881
46315  37.101  -70.471  -16.341 0.4000000060
46322  44.717  -70.558  -17.867 0.6000000238
46323  44.592  -70.744  -17.373 0.6000000238
46324  36.571  -70.710  -17.245 0.4000000060
46327  42.270  -71.271  -17.735 0.6000000238
46328  41.961  -70.954  -17.600 0.5000000000
46329  41.245  -71.210  -17.846 0.5000000000
46330  40.544  -71.396  -18.260 0.5000000000
46331  36.538  -71.530  -18.457 0.4000000060
46332  44.562  -70.633  -18.434 0.6999999881
46333  43.953  -71.065  -18.810 0.6999999881
46337  40.142  -71.513  -19.158 0.5000000000
46338  39.447  -71.620  -19.924 0.5000000000
46339  37.694  -71.814  -19.821 0.6000000238
46341  44.060  -70.742  -19.569 0.6999999881
46342  43.452  -71.221  -19.411 0.6000000238
46343  42.778  -71.501  -19.522 0.6000000238
46345  39.795  -71.254  -20.097 0.6000000238
46346  39.177  -71.388  -20.512 0.6000000238
46350  39.462  -70.881  -20.570 0.6000000238
47101  34.420  -70.518  -4.782 0.3000000119
47102  33.957  -69.987  -4.324 0.3000000119
47125  39.765  -70.141  -6.067 0.4000000060
47126  39.228  -70.041  -5.897 0.4000000060
47127  38.465  -70.254  -5.779 0.4000000060
47129  36.626  -70.304  -5.969 0.4000000060
47130  36.138  -70.373  -5.930 0.4000000060
47131  35.556  -70.635  -5.806 0.4000000060
47147  40.368  -70.607  -6.415 0.4000000060
47148  39.981  -70.080  -6.853 0.4000000060
47154  40.139  -70.562  -7.138 0.4000000060
47155  39.873  -70.261  -7.751 0.4000000060
47160  39.919  -69.917  -9.046 0.5000000000
47161  39.703  -70.250  -8.514 0.5000000000
47170  40.466  -70.168  -9.961 0.6000000238
47173  41.435  -70.213  -10.786 0.5000000000
47181  41.724  -70.469  -11.161 0.6000000238
47188  41.908  -70.595  -12.273 0.6000000238
47199  42.128  -70.379  -13.267 0.6000000238
47205  42.372  -70.314  -13.962 0.6000000238
47220  44.135  -70.700  -15.352 0.6999999881
47228  44.456  -70.747  -16.337 0.6999999881
47230  30.111  -70.417  -16.479 0.4000000060
47235  44.792  -70.301  -17.519 0.6999999881
47238  29.110  -69.787  -17.592 0.5000000000
47239  28.448  -69.879  -17.573 0.5000000000
47242  44.795  -70.255  -18.062 0.6999999881
47243  42.082  -70.743  -18.195 0.5000000000
47244  37.217  -70.276  -17.952 0.5000000000
47246  44.545  -70.206  -18.796 0.6999999881
47248  41.737  -70.531  -18.791 0.6000000238
47249  41.089  -70.419  -19.449 0.6000000238
47251  37.530  -70.120  -18.329 0.5000000000
47252  44.444  -70.153  -19.664 0.6999999881
47253  43.265  -70.321  -20.592 0.6000000238
47254  42.541  -70.276  -20.342 0.6000000238
47256  40.309  -70.593  -20.336 0.6999999881
47258  38.187  -70.818  -19.681 0.5000000000
47259  44.202  -69.969  -20.114 0.6999999881
47260  43.377  -70.636  -20.479 0.6999999881
47263  40.381  -70.076  -20.903 0.6000000238
47265  39.592  -70.371  -20.930 0.6000000238
47266  39.974  -70.057  -21.191 0.6000000238
47267  39.913  -70.140  -21.185 0.6000000238
48021  33.971  -69.627  -3.173 0.3000000119
48046  34.310  -69.894  -4.756 0.3000000119
48047  34.180  -69.436  -4.485 0.3000000119
48057  35.310  -69.272  -5.412 0.4000000060
48058  34.610  -69.477  -5.063 0.4000000060
48069  39.615  -69.691  -6.174 0.4000000060
48070  39.167  -69.412  -6.068 0.4000000060
48071  38.172  -69.630  -5.926 0.4000000060
48072  37.553  -69.461  -5.989 0.4000000060
48073  36.938  -69.230  -5.953 0.4000000060
48074  36.394  -69.715  -5.944 0.4000000060
48105  40.305  -69.716  -9.621 0.5000000000
48113  40.604  -69.668  -10.186 0.6000000238
48118  41.308  -69.566  -11.154 0.5000000000
48123  41.840  -69.748  -11.422 0.6000000238
48124  41.501  -69.070  -11.683 0.6000000238
48133  42.587  -69.177  -12.344 0.6000000238
48134  42.233  -69.473  -11.951 0.6000000238
48142  42.201  -69.439  -12.826 0.6000000238
48163  42.462  -70.034  -14.963 0.6000000238
48164  41.597  -69.824  -14.762 0.6000000238
48171  43.362  -70.189  -15.830 0.6999999881
48179  43.927  -69.381  -16.491 0.6999999881
48180  43.062  -69.674  -16.345 0.6999999881
48182  31.468  -70.075  -16.621 0.4000000060
48186  44.638  -69.760  -17.211 0.6999999881
48188  31.010  -69.525  -17.173 0.5000000000
48189  30.300  -69.333  -17.755 0.5000000000
48192  44.478  -69.439  -17.672 0.6000000238
48193  37.379  -69.670  -17.876 0.5000000000
48194  29.737  -69.023  -17.885 0.5000000000
48196  44.687  -69.918  -18.338 0.6000000238
48197  44.136  -69.310  -18.475 0.6000000238
48199  37.495  -69.378  -18.413 0.6000000238
48203  42.738  -69.722  -20.197 0.6999999881
48204  38.271  -69.853  -19.663 0.6999999881
48205  43.756  -70.160  -20.551 0.6999999881
48208  39.632  -69.775  -20.678 0.6000000238
48212  39.951  -69.928  -21.167 0.6999999881
49022  34.048  -68.999  -3.087 0.3000000119
49047  34.277  -68.934  -4.082 0.3000000119
49059  35.716  -68.700  -5.678 0.4000000060
49060  35.161  -68.636  -5.375 0.4000000060
49061  34.791  -68.840  -5.108 0.4000000060
49074  39.365  -69.123  -6.422 0.4000000060
49076  38.222  -68.542  -6.061 0.4000000060
49078  36.788  -68.571  -5.954 0.4000000060
49079  36.329  -69.003  -5.867 0.4000000060
49090  38.949  -68.580  -6.509 0.4000000060
49097  39.508  -69.125  -7.087 0.4000000060
49103  39.605  -69.034  -8.255 0.5000000000
49108  39.758  -68.845  -8.834 0.5000000000
49113  40.150  -68.665  -9.445 0.5000000000
49118  40.685  -69.100  -10.411 0.5000000000
49119  40.441  -68.558  -10.042 0.5000000000
49126  41.005  -68.995  -11.077 0.5000000000
49132  41.258  -68.604  -11.775 0.5000000000
49140  42.829  -68.697  -12.112 0.6000000238
49150  42.553  -68.551  -12.704 0.6000000238
49157  42.097  -69.104  -13.060 0.6000000238
49158  41.786  -68.745  -13.242 0.6000000238
49165  41.149  -69.023  -13.966 0.5000000000
49182  36.313  -68.973  -15.343 0.5000000000
49183  33.024  -68.953  -16.338 0.4000000060
49185  31.580  -70.085  -16.179 0.4000000060
49190  42.473  -69.110  -16.892 0.6000000238
49191  41.005  -68.995  -16.256 0.6000000238
49193  37.062  -68.963  -16.236 0.5000000000
49201  42.708  -68.728  -17.652 0.5000000000
49203  37.038  -68.757  -16.928 0.6000000238
49204  32.230  -68.525  -17.680 0.6000000238
49207  28.605  -69.248  -17.733 0.5000000000
49211  43.885  -68.804  -18.661 0.6000000238
49214  43.615  -68.792  -19.514 0.6000000238
49218  37.472  -68.927  -20.017 0.5000000000
49220  40.860  -69.215  -20.527 0.6999999881
50021  34.062  -68.360  -3.335 0.3000000119
50035  34.255  -68.421  -3.857 0.4000000060
50049  34.501  -68.556  -4.261 0.4000000060
50059  35.930  -68.045  -5.713 0.4000000060
50061  34.915  -68.270  -5.109 0.4000000060
50078  37.237  -67.996  -5.989 0.4000000060
50079  36.522  -67.981  -5.929 0.4000000060
50101  39.202  -68.062  -7.410 0.5000000000
50114  39.632  -68.221  -9.016 0.5000000000
50133  39.861  -68.048  -10.321 0.4000000060
50145  40.867  -68.444  -11.303 0.5000000000
50157  42.127  -68.411  -11.838 0.5000000000
50171  42.686  -68.506  -11.959 0.6000000238
50172  42.061  -68.264  -11.919 0.5000000000
50182  42.222  -68.301  -12.327 0.6000000238
50183  41.510  -67.976  -12.664 0.6000000238
50194  41.919  -68.351  -12.873 0.6000000238
50196  40.378  -68.326  -13.792 0.4000000060
50197  39.715  -68.264  -14.043 0.4000000060
50210  40.689  -68.662  -14.137 0.4000000060
50212  39.621  -68.045  -14.451 0.5000000000
50223  40.562  -68.496  -14.954 0.4000000060
50224  40.056  -68.048  -15.041 0.3000000119
50226  34.541  -68.123  -14.707 0.5000000000
50227  33.996  -68.314  -15.058 0.4000000060
50235  35.875  -68.319  -15.478 0.5000000000
50238  34.025  -68.397  -15.721 0.5000000000
50242  29.695  -68.432  -16.584 0.4000000060
50244  41.372  -68.481  -16.974 0.4000000060
50247  36.174  -67.929  -16.145 0.5000000000
50249  34.665  -68.110  -16.512 0.5000000000
50250  34.095  -68.441  -16.522 0.5000000000
50253  29.715  -68.555  -17.524 0.5000000000
50254  44.240  -68.276  -17.639 0.6000000238
50255  42.131  -68.216  -17.614 0.5000000000
50257  36.857  -68.068  -17.165 0.5000000000
50259  33.874  -68.065  -17.413 0.6000000238
50260  33.248  -68.026  -17.907 0.6000000238
50261  32.592  -67.949  -18.239 0.6000000238
50262  32.156  -67.926  -18.392 0.6000000238
50264  29.933  -68.712  -18.081 0.5000000000
50265  43.936  -67.873  -17.882 0.5000000000
50267  37.194  -68.313  -18.245 0.6000000238
50271  31.795  -67.733  -18.329 0.5000000000
50272  31.268  -67.917  -18.213 0.5000000000
50273  30.796  -68.160  -18.045 0.5000000000
50274  44.368  -67.918  -18.281 0.6000000238
50275  37.454  -68.466  -19.106 0.6999999881
50277  43.669  -68.111  -19.168 0.6999999881
50278  43.000  -68.164  -19.394 0.6999999881
50279  42.209  -68.159  -19.446 0.6999999881
50281  37.445  -68.543  -20.199 0.6000000238
50282  40.297  -68.422  -20.013 0.6000000238
50285  37.844  -68.542  -20.651 0.5000000000
51082  33.943  -67.724  -3.061 0.3000000119
51094  34.531  -66.909  -4.086 0.4000000060
51103  34.445  -67.361  -4.618 0.3000000119
51104  34.273  -67.940  -4.345 0.4000000060
51113  34.988  -67.565  -5.099 0.4000000060
51114  34.681  -67.943  -4.768 0.4000000060
51152  39.244  -67.289  -7.753 0.5000000000
51158  39.360  -67.565  -8.497 0.5000000000
51170  39.416  -67.470  -9.232 0.5000000000
51184  39.438  -67.449  -9.905 0.5000000000
51200  39.830  -67.995  -10.994 0.5000000000
51212  40.966  -67.694  -11.889 0.5000000000
51229  40.286  -67.547  -12.248 0.5000000000
51231  39.093  -67.422  -12.665 0.5000000000
51247  39.711  -67.479  -12.644 0.5000000000
51248  38.641  -67.333  -13.158 0.5000000000
51268  39.957  -67.635  -15.527 0.5000000000
51275  40.231  -67.349  -15.975 0.5000000000
51277  35.612  -67.916  -15.977 0.5000000000
51284  41.183  -67.497  -16.557 0.5000000000
51285  40.602  -66.956  -16.409 0.5000000000
51287  35.848  -67.671  -16.756 0.6000000238
51288  35.249  -67.834  -16.608 0.6999999881
51289  34.819  -67.617  -17.196 0.6000000238
51291  31.044  -67.665  -16.778 0.5000000000
51293  43.546  -67.365  -17.953 0.5000000000
51294  42.718  -67.416  -17.724 0.6000000238
51297  36.062  -67.244  -17.411 0.6999999881
51298  35.009  -66.956  -18.129 0.6999999881
51300  33.690  -67.327  -18.153 0.6000000238
51301  31.517  -67.506  -17.408 0.5000000000
51306  34.473  -66.770  -18.288 0.6000000238
51308  31.101  -67.842  -18.090 0.5000000000
51309  44.087  -67.546  -18.701 0.5000000000
51310  38.428  -67.410  -19.130 0.6000000238
51315  41.454  -67.793  -19.363 0.6999999881
51316  39.039  -67.321  -20.167 0.6000000238
51321  39.093  -67.693  -20.425 0.6000000238
51322  38.460  -67.810  -20.515 0.6000000238
52087  34.486  -66.685  -2.205 0.3000000119
52088  34.012  -67.201  -2.579 0.4000000060
52096  34.538  -66.647  -2.840 0.3000000119
52097  34.120  -67.128  -3.430 0.3000000119
52115  34.971  -66.857  -4.709 0.4000000060
52151  38.945  -67.046  -7.220 0.5000000000
52160  39.222  -66.790  -7.918 0.5000000000
52183  39.266  -66.777  -9.390 0.5000000000
52190  39.218  -66.860  -9.993 0.6000000238
52196  39.016  -67.099  -11.217 0.5000000000
52206  39.284  -67.315  -11.692 0.5000000000
52228  38.119  -66.857  -13.105 0.5000000000
52238  38.806  -66.830  -14.120 0.4000000060
52247  40.035  -66.580  -16.293 0.4000000060
52249  33.153  -66.550  -16.355 0.6000000238
52255  41.696  -66.996  -16.958 0.5000000000
52258  33.182  -66.621  -17.156 0.6000000238
52260  32.001  -67.027  -16.742 0.6000000238
52263  42.560  -66.634  -17.310 0.6000000238
52264  42.187  -66.629  -17.238 0.5000000000
52266  37.890  -66.682  -17.941 0.6999999881
52269  36.125  -66.890  -17.416 0.6999999881
52271  33.856  -66.662  -18.090 0.6000000238
52277  37.494  -67.208  -17.989 0.6000000238
52280  33.361  -67.064  -18.306 0.6000000238
52281  32.693  -67.148  -18.451 0.6000000238
52282  32.261  -67.218  -18.390 0.6000000238
52283  43.542  -67.041  -18.752 0.5000000000
52285  38.754  -66.963  -18.684 0.6000000238
52288  42.629  -66.337  -19.322 0.5000000000
52289  40.173  -66.771  -19.792 0.6000000238
52291  38.935  -67.055  -19.470 0.6000000238
52294  40.395  -67.088  -19.907 0.6000000238
53107  34.788  -66.131  -0.542 0.3000000119
53243  38.710  -66.331  -10.397 0.5000000000
53289  37.833  -66.340  -12.941 0.5000000000
53297  38.008  -66.375  -13.498 0.4000000060
53301  39.132  -66.423  -14.708 0.5000000000
53304  33.106  -66.244  -14.886 0.4000000060
53307  39.606  -65.925  -15.274 0.5000000000
53309  33.419  -65.877  -15.372 0.5000000000
53318  40.490  -65.956  -16.333 0.6000000238
53320  35.848  -66.247  -17.280 0.6999999881
53322  34.366  -65.881  -17.340 0.6999999881
53323  33.659  -65.694  -17.106 0.6999999881
53324  33.367  -65.746  -16.826 0.5000000000
53326  42.823  -66.375  -17.563 0.5000000000
53329  41.468  -65.948  -17.203 0.6000000238
53330  37.980  -66.275  -17.218 0.6999999881
53332  37.036  -66.632  -16.885 0.6999999881
53334  35.325  -66.458  -18.112 0.6999999881
53335  34.818  -66.339  -18.235 0.6999999881
53338  43.180  -66.019  -18.407 0.5000000000
53340  39.359  -66.087  -18.068 0.6999999881
53342  38.258  -66.284  -17.838 0.6999999881
53347  38.958  -66.426  -18.500 0.6999999881
53348  38.330  -66.485  -18.398 0.6999999881
53351  41.082  -66.309  -19.634 0.6000000238
53352  40.499  -66.405  -19.620 0.6000000238
53353  39.911  -66.544  -19.321 0.6000000238
53355  43.169  -65.533  -19.647 0.6000000238
54147  34.612  -65.437  -1.982 0.3000000119
54158  34.799  -65.705  -2.480 0.3000000119
54323  33.776  -65.381  -14.586 0.4000000060
54329  39.625  -65.187  -15.012 0.4000000060
54331  35.646  -65.358  -15.146 0.6000000238
54332  35.000  -65.408  -15.087 0.6000000238
54333  34.347  -65.381  -15.131 0.6000000238
54334  33.836  -65.528  -15.128 0.5000000000
54340  40.586  -64.905  -15.727 0.6000000238
54341  40.119  -65.338  -15.470 0.5000000000
54343  35.901  -65.545  -15.810 0.8000000119
54346  33.900  -65.544  -15.784 0.5000000000
54350  40.849  -65.519  -16.257 0.6000000238
54352  36.750  -65.642  -16.525 0.6999999881
54355  34.795  -65.741  -16.539 0.6999999881
54358  42.599  -65.675  -17.518 0.6000000238
54359  41.786  -65.439  -17.362 0.6000000238
54362  38.839  -65.455  -17.029 0.6999999881
54364  37.798  -65.802  -16.852 0.6999999881
54365  43.692  -65.136  -18.699 0.6000000238
54366  43.103  -65.303  -18.051 0.6000000238
54370  39.077  -65.755  -17.573 0.6999999881
54374  40.733  -65.904  -18.295 0.6000000238
54375  40.034  -66.020  -18.154 0.6000000238
54377  42.277  -65.433  -19.531 0.5000000000
54378  41.519  -65.783  -19.486 0.6000000238
54379  43.468  -64.937  -19.768 0.6000000238
54380  42.645  -65.439  -19.653 0.6000000238
55361  34.575  -64.378  -14.389 0.5000000000
55367  36.393  -64.547  -15.057 0.6999999881
55368  35.914  -64.898  -14.854 0.6000000238
55376  36.752  -64.853  -15.577 0.6999999881
55381  41.568  -64.266  -16.672 0.5000000000
55383  37.902  -64.434  -16.689 0.6000000238
55384  37.492  -64.766  -16.502 0.6999999881
55389  41.454  -65.006  -16.949 0.6000000238
55391  39.518  -64.469  -17.217 0.6000000238
55394  37.820  -65.159  -16.712 0.6000000238
55397  40.492  -64.518  -17.831 0.6000000238
55399  43.912  -64.494  -19.396 0.6000000238
55400  43.092  -63.896  -19.281 0.6000000238
55401  42.197  -64.336  -18.942 0.6000000238
55402  41.453  -64.647  -18.654 0.6000000238
55403  40.805  -64.957  -18.343 0.6000000238
55404  43.820  -64.665  -19.680 0.6000000238
55405  43.526  -64.465  -19.823 0.6000000238
55406  42.721  -64.695  -19.498 0.6000000238
56401  36.416  -63.731  -15.074 0.5000000000
56415  41.438  -63.546  -16.671 0.6000000238
56417  38.142  -63.663  -16.471 0.6999999881
56425  39.765  -63.635  -17.200 0.6999999881
56431  43.087  -63.428  -18.715 0.6000000238
56434  43.243  -63.522  -19.035 0.6000000238
56437  43.729  -64.134  -19.470 0.6000000238
57508  41.226  -62.494  -15.895 0.6000000238
57516  41.603  -62.761  -16.899 0.6000000238
57518  38.218  -62.643  -16.444 0.6000000238
57523  40.167  -62.550  -17.237 0.6999999881
57524  39.380  -62.834  -16.954 0.6999999881
57530  42.871  -63.053  -18.805 0.6000000238
57531  42.277  -62.572  -18.189 0.6000000238
57532  41.694  -62.330  -17.773 0.6999999881
58614  34.201  -62.825  -14.677 0.4000000060
58617  38.672  -62.252  -15.465 0.5000000000
58618  37.967  -62.027  -15.090 0.5000000000
58620  36.745  -62.343  -15.086 0.5000000000
58621  36.118  -62.576  -14.847 0.5000000000
58622  35.456  -62.705  -14.639 0.5000000000
58630  40.486  -62.052  -15.725 0.6000000238
58631  39.877  -61.474  -15.770 0.5000000000
58633  38.157  -62.201  -15.854 0.5000000000
58634  37.668  -62.420  -15.491 0.6000000238
58635  37.105  -62.721  -15.362 0.5000000000
58639  41.453  -61.874  -16.627 0.6000000238
58641  39.193  -61.346  -16.393 0.6000000238
58646  41.552  -61.858  -17.060 0.6000000238
58649  39.783  -61.578  -16.755 0.6999999881
58653  41.438  -61.873  -17.579 0.6999999881
59624  36.316  -62.016  -15.062 0.4000000060
59625  35.651  -62.005  -14.992 0.5000000000
59626  35.032  -61.804  -14.981 0.4000000060
59635  40.628  -61.898  -16.304 0.6000000238
59636  39.970  -61.192  -16.077 0.6000000238
59637  39.704  -61.232  -15.816 0.5000000000
59642  41.463  -61.759  -16.930 0.6000000238
59643  41.226  -61.797  -16.604 0.6000000238
59645  39.247  -61.049  -15.994 0.6999999881
59647  41.160  -61.744  -16.915 0.6000000238
59648  40.241  -61.665  -16.998 0.6999999881
60632  37.300  -60.900  -15.541 0.5000000000
255546  33.466  -68.436  -14.610 0.4000000060
255607  38.350  -72.659  -17.518 0.4000000060
255905  41.218  -74.085  -12.019 0.4000000060
256352  29.328  -68.715  -16.320 0.4000000060
257057  39.397  -72.425  -18.180 0.4000000060
257399  46.635  -79.963  -9.745 0.4000000060
257400  38.378  -72.245  -12.667 0.4000000060
257723  36.487  -74.814  -11.508 0.4000000060
257801  38.480  -72.355  -16.651 0.4000000060
258326  36.353  -75.399  -11.324 0.5000000000
258348  39.756  -69.425  -8.697 0.5000000000
258417  35.172  -68.123  -14.341 0.5000000000
259043  40.367  -73.557  -11.768 0.4000000060
259067  40.571  -71.663  -17.094 0.4000000060
259334  37.990  -69.107  -6.047 0.4000000060
259687  41.456  -81.675  -9.162 0.4000000060
259896  38.582  -69.129  -6.068 0.4000000060
260180  43.198  -66.267  -18.941 0.6000000238
260444  39.624  -69.202  -7.699 0.5000000000
260942  36.495  -73.576  -14.516 0.5000000000
261086  44.618  -82.078  -13.597 0.4000000060
261603  37.045  -69.929  -6.004 0.4000000060
262122  40.050  -71.144  -8.393 0.6000000238
262331  48.384  -81.562  -6.839 0.4000000060
262332  35.054  -74.228  -5.219 0.3000000119
262742  40.368  -70.915  -6.082 0.4000000060
262825  45.855  -84.158  -3.032 0.3000000119
262922  35.885  -75.048  -5.162 0.3000000119
262977  41.808  -72.774  -14.643 0.6999999881
263194  36.372  -75.738  -12.374 0.5000000000
263227  44.182  -70.183  -16.851 0.6999999881
263705  38.314  -73.895  -9.826 0.3000000119
264027  37.772  -72.548  -19.473 0.4000000060
264595  41.988  -74.288  -10.804 0.5000000000
264740  40.120  -72.545  -5.336 0.3000000119
265078  34.663  -66.287  -1.156 0.3000000119
265474  40.854  -72.442  -8.714 0.6000000238
265573  38.640  -73.263  -5.425 0.3000000119
266001  33.811  -73.735  -3.521 0.3000000119
266031  35.061  -64.452  -14.558 0.5000000000
266353  38.025  -77.571  -13.148 0.3000000119
266514  39.182  -66.902  -10.590 0.5000000000
267335  39.475  -66.826  -15.167 0.5000000000
267432  33.863  -71.141  -3.114 0.3000000119
267513  39.044  -75.348  -9.196 0.3000000119
267946  39.885  -81.376  -10.076 0.4000000060
268041  43.438  -81.439  -10.957 0.5000000000
268642  31.924  -69.647  -16.424 0.4000000060
268739  40.037  -67.618  -11.690 0.5000000000
269031  39.186  -71.708  -14.840 0.4000000060
269154  37.303  -74.244  -5.880 0.3000000119
269609  44.368  -70.901  -16.643 0.6999999881
269620  47.083  -80.372  -11.430 0.3000000119
269820  44.632  -80.559  -15.324 0.4000000060
270161  47.532  -79.720  -9.879 0.3000000119
270369  40.154  -67.639  -12.878 0.4000000060
270604  41.885  -73.839  -12.778 0.4000000060
270684  37.275  -79.816  -10.532 0.4000000060
270828  46.797  -84.372  -7.994 0.3000000119
271207  47.603  -80.395  -10.017 0.4000000060
271365  41.770  -69.824  -15.538 0.6000000238
271374  33.905  -71.345  -3.550 0.3000000119
271491  33.932  -74.423  -3.841 0.3000000119
271752  36.264  -75.983  -10.399 0.5000000000
272381  39.712  -69.601  -6.588 0.4000000060
272858  42.733  -72.954  -13.813 0.6000000238
272939  40.770  -70.554  -10.171 0.6000000238
273370  42.900  -63.182  -18.958 0.6000000238
273424  39.250  -67.716  -13.285 0.5000000000
273804  38.682  -62.010  -16.507 0.6000000238
274059  46.065  -82.192  -5.541 0.3000000119
274473  39.312  -67.987  -7.977 0.5000000000
274546  39.880  -73.376  -5.496 0.3000000119
274633  47.177  -83.903  -3.665 0.3000000119
274685  36.446  -76.145  -9.954 0.5000000000
275016  47.940  -81.091  -8.167 0.4000000060
275228  34.887  -61.246  -15.158 0.4000000060
275293  41.936  -73.940  -10.176 0.5000000000
275381  43.386  -72.263  -16.198 0.6999999881
275477  33.932  -72.832  -3.829 0.3000000119
275578  47.174  -84.136  -7.698 0.3000000119
275771  39.511  -76.728  -4.469 0.3000000119
275813  42.876  -80.204  -14.584 0.3000000119
275855  43.155  -85.843  -4.767 0.3000000119
294873  31.742  -70.018  -16.497 0.4000000060
295031  40.225  -78.138  -6.864 0.4000000060
295114  44.231  -80.706  -11.794 0.5000000000
295246  46.719  -79.503  -11.056 0.5000000000
295457  34.129  -67.118  -1.937 0.3000000119
295676  33.994  -66.840  -18.223 0.6000000238
295681  34.711  -65.735  -1.490 0.3000000119
295937  45.041  -82.819  -11.323 0.3000000119
295994  39.609  -73.947  -10.092 0.4000000060
297596  43.232  -70.813  -15.081 0.6000000238
297812  41.007  -67.039  -19.786 0.6000000238
298236  47.974  -81.122  -7.486 0.4000000060
298418  45.214  -80.581  -14.481 0.4000000060
298626  37.348  -73.444  -10.881 0.4000000060
298731  39.080  -69.030  -20.293 0.6999999881
298957  31.756  -68.909  -17.440 0.5000000000
298964  36.065  -70.938  -5.891 0.4000000060
299948  40.804  -81.104  -7.094 0.3000000119
300079  37.221  -78.498  -9.589 0.4000000060
300138  38.774  -71.316  -20.335 0.6000000238
301541  44.327  -68.501  -16.906 0.6000000238
301769  35.740  -66.549  -17.751 0.6999999881
301776  41.646  -77.886  -6.794 0.3000000119
301802  36.382  -74.706  -11.935 0.6000000238
302007  45.650  -78.478  -14.841 0.3000000119
302291  40.992  -71.135  -10.629 0.6000000238
302413  46.297  -82.530  -3.265 0.3000000119
302672  46.105  -80.584  -9.125 0.4000000060
303233  40.178  -70.268  -9.480 0.6000000238
303326  44.144  -79.986  -13.596 0.5000000000
303366  43.256  -82.749  -14.451 0.3000000119
303387  39.351  -79.636  -13.661 0.4000000060
303729  41.606  -78.658  -20.826 0.3000000119
303827  43.211  -83.107  -13.421 0.3000000119
303941  37.623  -69.339  -20.440 0.6000000238
303962  36.982  -65.979  -16.715 0.6999999881
304135  29.626  -70.808  -16.140 0.5000000000
304183  37.482  -63.941  -16.080 0.6999999881
304222  47.741  -83.551  -6.909 0.3000000119
304237  42.826  -68.583  -12.288 0.6000000238
304452  40.621  -76.978  -8.046 0.4000000060
304581  42.283  -82.132  -16.768 0.3000000119
304677  35.808  -60.930  -15.701 0.4000000060
304849  40.710  -68.952  -15.146 0.6000000238
305130  40.621  -71.559  -16.271 0.4000000060
305315  40.965  -69.457  -15.361 0.6000000238
305378  43.237  -63.391  -18.942 0.6000000238
305382  39.828  -71.475  -15.780 0.4000000060
305809  37.188  -71.224  -18.701 0.4000000060
306170  43.570  -70.893  -19.953 0.6000000238
306407  34.525  -76.594  -4.232 0.3000000119
306420  35.201  -62.220  -14.829 0.5000000000
306429  42.106  -81.566  -9.015 0.4000000060
306925  40.430  -70.824  -9.694 0.6000000238
307241  35.874  -60.086  -16.280 0.4000000060
307840  40.125  -81.678  -9.000 0.4000000060
307945  42.498  -66.443  -17.304 0.6000000238
308113  41.416  -81.100  -6.445 0.3000000119
308316  36.653  -77.072  -5.210 0.3000000119
308368  43.507  -82.353  -6.348 0.4000000060
308415  29.203  -69.308  -17.891 0.4000000060
308597  31.778  -69.937  -16.309 0.4000000060
308664  42.856  -72.171  -17.824 0.6999999881
308831  42.492  -72.403  -16.013 0.6999999881
309562  40.413  -69.904  -20.931 0.6000000238
309627  39.320  -78.103  -7.061 0.4000000060
309632  30.689  -69.134  -17.669 0.5000000000
309845  45.355  -82.109  -12.409 0.3000000119
309980  39.709  -69.835  -8.602 0.5000000000
310443  40.785  -65.268  -15.941 0.5000000000
310520  36.123  -73.979  -5.572 0.3000000119
310530  36.482  -75.296  -10.401 0.4000000060
310540  40.412  -81.377  -8.188 0.3000000119
310639  42.283  -81.784  -7.494 0.4000000060
310711  34.656  -70.079  -5.113 0.4000000060
310957  30.352  -68.476  -18.108 0.5000000000
311059  39.894  -74.349  -9.921 0.3000000119
311167  39.063  -67.224  -12.154 0.5000000000
311676  44.107  -82.797  -6.635 0.3000000119
311814  38.891  -78.762  -4.178 0.3000000119
