#!ascii label  , from subject sub-v2s5x29538_ses-1 vox2ras=TkReg
1869
71396  34.034  -52.182  -12.241 0.6000000238
72915  25.166  -51.156  -13.093 0.6999999881
69942  27.552  -52.611  -11.556 0.6999999881
65529  32.197  -54.701  -9.659 0.8999999762
67034  33.458  -54.090  -10.110 0.8000000119
68497  34.224  -53.547  -10.814 0.8000000119
72886  34.770  -51.676  -11.383 0.6000000238
72912  34.519  -51.062  -12.485 0.6999999881
74555  34.473  -50.784  -13.022 0.6999999881
319105  24.544  -50.258  -13.854 0.6999999881
74558  22.607  -50.492  -13.561 0.6999999881
71398  26.465  -51.802  -12.263 0.6999999881
71381  28.053  -52.195  -11.159 0.6000000238
69928  28.357  -52.713  -11.030 0.6999999881
68498  28.946  -53.675  -10.943 0.6999999881
68484  30.198  -53.453  -10.013 0.8000000119
69891  31.724  -53.075  -9.198 0.8000000119
68465  32.566  -53.806  -9.350 0.8000000119
68463  33.704  -53.250  -9.622 0.8000000119
69909  34.462  -52.495  -10.323 0.6000000238
74532  34.971  -50.632  -11.039 0.6000000238
76098  34.993  -50.166  -12.089 0.6999999881
76122  35.118  -49.819  -13.821 0.6999999881
76114  23.067  -49.460  -13.693 0.5000000000
72906  22.823  -51.618  -12.609 0.6000000238
317588  24.926  -49.537  -13.440 0.4000000060
72914  25.662  -50.960  -12.778 0.6000000238
72889  27.345  -51.188  -12.077 0.5000000000
71370  28.871  -52.204  -10.490 0.6000000238
69912  29.789  -52.574  -10.127 0.8000000119
282049  30.893  -52.539  -9.510 0.6999999881
71315  32.199  -51.989  -8.738 0.6999999881
72818  33.284  -51.547  -8.718 0.6999999881
76073  34.756  -50.163  -10.586 0.5000000000
77627  34.667  -49.522  -11.055 0.6000000238
79198  34.833  -48.941  -12.228 0.6000000238
76110  35.074  -49.738  -13.260 0.6000000238
77674  35.609  -49.224  -14.575 0.5000000000
72890  23.934  -51.570  -11.867 0.5000000000
71400  23.333  -52.072  -12.195 0.6000000238
68503  23.283  -53.819  -11.097 0.6000000238
74546  23.331  -50.248  -12.656 0.5000000000
277068  28.261  -51.110  -10.705 0.5000000000
74504  29.105  -51.116  -10.052 0.6000000238
74465  30.664  -50.699  -8.912 0.6000000238
74462  32.423  -50.917  -8.408 0.6000000238
76025  33.566  -50.516  -8.923 0.5000000000
77584  34.293  -49.951  -9.578 0.5000000000
79173  34.417  -49.046  -10.732 0.6000000238
79199  34.336  -48.553  -11.845 0.6000000238
281675  35.316  -48.509  -13.030 0.5000000000
80826  35.751  -48.129  -13.265 0.5000000000
82501  36.926  -47.493  -14.104 0.5000000000
80836  36.230  -47.977  -13.692 0.5000000000
69945  23.866  -52.873  -11.526 0.5000000000
65554  23.624  -54.896  -10.377 0.5000000000
77653  23.781  -48.854  -13.345 0.5000000000
77640  25.422  -49.103  -12.563 0.4000000060
77621  26.413  -49.219  -11.271 0.3000000119
76087  26.973  -49.669  -11.749 0.4000000060
321586  28.394  -49.776  -10.348 0.3000000119
77619  27.497  -49.283  -11.005 0.3000000119
74506  28.386  -50.615  -10.449 0.5000000000
76047  30.056  -50.476  -9.154 0.5000000000
76029  31.018  -50.248  -8.524 0.5000000000
76027  32.668  -49.913  -8.457 0.5000000000
79123  33.442  -49.191  -9.028 0.5000000000
79159  34.169  -48.525  -9.786 0.6000000238
80796  33.861  -48.049  -10.939 0.6000000238
80817  34.636  -48.366  -12.359 0.5000000000
84200  35.236  -46.903  -12.883 0.5000000000
82492  36.377  -47.000  -13.354 0.5000000000
68487  24.238  -53.842  -10.618 0.5000000000
71373  24.241  -51.955  -11.280 0.5000000000
74535  23.998  -50.726  -11.621 0.5000000000
79202  23.688  -48.443  -12.348 0.4000000060
79200  24.939  -48.594  -12.237 0.5000000000
79189  25.189  -48.546  -11.724 0.4000000060
79176  26.178  -48.792  -11.042 0.3000000119
77588  28.338  -49.155  -9.847 0.3000000119
77568  30.173  -49.603  -8.512 0.4000000060
77549  32.361  -49.464  -8.305 0.5000000000
79124  33.018  -48.574  -8.824 0.4000000060
82473  33.885  -47.398  -12.277 0.5000000000
84191  33.588  -46.838  -12.380 0.5000000000
82483  34.175  -47.118  -12.669 0.5000000000
85871  37.158  -45.822  -14.007 0.5000000000
85860  36.645  -45.864  -13.709 0.4000000060
84211  36.047  -46.495  -13.199 0.5000000000
321842  24.565  -55.168  -9.673 0.5000000000
69929  24.731  -52.773  -10.473 0.5000000000
74521  24.221  -50.570  -10.999 0.5000000000
271637  23.824  -49.040  -11.373 0.4000000060
80811  24.088  -48.015  -11.370 0.4000000060
80798  25.853  -48.228  -10.682 0.3000000119
79148  27.955  -48.328  -9.973 0.3000000119
77570  29.227  -49.096  -8.932 0.4000000060
79104  30.394  -48.586  -8.106 0.4000000060
79103  31.416  -48.262  -7.959 0.4000000060
77551  31.182  -49.266  -8.059 0.4000000060
80731  32.447  -48.117  -8.425 0.4000000060
82418  33.267  -47.547  -8.943 0.5000000000
321606  33.406  -47.307  -9.751 0.5000000000
80783  33.790  -47.857  -10.269 0.6000000238
85851  34.054  -45.833  -12.990 0.4000000060
298199  35.060  -46.239  -12.929 0.5000000000
68470  25.109  -53.625  -9.672 0.4000000060
74508  24.308  -50.433  -10.357 0.4000000060
287538  24.820  -51.637  -10.067 0.4000000060
77622  23.754  -48.383  -11.082 0.4000000060
80800  24.333  -47.666  -10.858 0.4000000060
80785  26.869  -48.095  -10.110 0.4000000060
80756  28.446  -47.651  -8.879 0.4000000060
80771  28.508  -48.296  -9.141 0.4000000060
80735  29.904  -47.612  -8.082 0.4000000060
82404  31.234  -47.188  -8.240 0.4000000060
82419  32.728  -47.474  -8.641 0.5000000000
84155  33.016  -46.675  -9.278 0.5000000000
84170  32.836  -46.463  -10.444 0.6000000238
85837  32.658  -46.338  -12.660 0.5000000000
85852  32.521  -45.782  -12.822 0.4000000060
87534  33.502  -45.474  -13.159 0.4000000060
67000  25.707  -54.484  -9.083 0.4000000060
72839  24.913  -51.213  -9.742 0.4000000060
69895  25.538  -52.679  -9.514 0.4000000060
77608  23.899  -48.609  -10.344 0.4000000060
82445  25.933  -47.297  -9.964 0.4000000060
82420  28.987  -47.524  -8.463 0.4000000060
82406  29.846  -46.995  -8.128 0.4000000060
84124  32.086  -46.902  -8.307 0.4000000060
84156  32.770  -46.170  -9.160 0.5000000000
85818  32.692  -45.826  -10.316 0.4000000060
85829  32.304  -46.157  -11.837 0.6000000238
69894  25.986  -52.872  -9.115 0.4000000060
74486  25.268  -50.865  -9.339 0.4000000060
76050  24.494  -49.971  -9.341 0.4000000060
278382  23.792  -47.636  -10.172 0.4000000060
82446  25.217  -47.174  -10.043 0.4000000060
82435  26.302  -46.783  -9.664 0.4000000060
84145  28.181  -46.485  -8.745 0.5000000000
82422  28.304  -47.007  -8.864 0.4000000060
84127  29.701  -46.426  -8.265 0.3000000119
85777  30.803  -46.027  -8.043 0.3000000119
85776  31.576  -46.087  -7.929 0.4000000060
87495  32.522  -45.152  -9.574 0.4000000060
87514  32.125  -45.029  -11.131 0.4000000060
87519  32.274  -45.565  -11.442 0.5000000000
66999  26.127  -54.415  -8.732 0.4000000060
79149  23.769  -48.123  -9.946 0.4000000060
84172  24.165  -46.619  -9.737 0.4000000060
84159  25.966  -46.148  -9.535 0.3000000119
84147  27.064  -46.241  -8.935 0.3000000119
84128  29.151  -46.294  -8.418 0.3000000119
273526  30.468  -45.462  -8.055 0.3000000119
87462  31.781  -45.371  -8.230 0.3000000119
89153  32.335  -44.276  -10.294 0.4000000060
89169  31.687  -44.396  -11.599 0.4000000060
71318  26.241  -52.061  -8.889 0.3000000119
74467  25.568  -50.596  -8.872 0.3000000119
77571  24.627  -49.071  -8.829 0.3000000119
82437  23.491  -47.162  -9.247 0.3000000119
85811  25.058  -45.554  -9.309 0.3000000119
85798  26.009  -45.629  -8.849 0.3000000119
85795  27.938  -45.960  -8.550 0.4000000060
87466  28.692  -45.045  -8.053 0.4000000060
85779  29.089  -45.680  -8.184 0.3000000119
89113  30.899  -44.471  -8.000 0.3000000119
90786  32.100  -43.991  -8.948 0.3000000119
90825  32.053  -43.705  -10.526 0.4000000060
90836  31.255  -43.628  -11.583 0.4000000060
90848  30.796  -44.154  -12.185 0.4000000060
85781  27.667  -45.386  -8.324 0.4000000060
90767  29.087  -44.138  -7.644 0.4000000060
89115  29.583  -44.579  -7.797 0.4000000060
90764  31.183  -43.791  -7.953 0.3000000119
92379  31.928  -43.047  -9.686 0.4000000060
272614  31.392  -42.379  -10.288 0.4000000060
318216  30.764  -42.564  -11.312 0.4000000060
319037  31.331  -42.874  -10.875 0.4000000060
90837  30.501  -43.615  -12.005 0.4000000060
92316  30.827  -43.351  -7.712 0.4000000060
93955  31.496  -42.735  -8.254 0.5000000000
94005  31.457  -42.082  -9.773 0.4000000060
286161  30.697  -42.119  -11.023 0.4000000060
273434  28.937  -43.984  -13.059 0.3000000119
94032  29.612  -42.317  -11.808 0.3000000119
69940  34.342  -52.873  -11.610 0.6999999881
67017  30.929  -54.132  -9.630 0.8000000119
72856  34.686  -51.227  -10.187 0.6000000238
69874  33.020  -52.599  -8.966 0.6999999881
305581  34.233  -51.908  -9.655 0.6999999881
79220  35.607  -48.815  -13.592 0.6000000238
76100  26.216  -49.927  -12.378 0.4000000060
74520  27.680  -50.488  -11.303 0.4000000060
71333  30.345  -51.872  -9.743 0.6999999881
72821  31.486  -51.334  -8.806 0.6999999881
74480  34.417  -50.952  -9.647 0.6999999881
77643  23.336  -48.799  -12.651 0.5000000000
76028  31.615  -50.337  -8.401 0.5000000000
77586  29.302  -49.757  -9.134 0.4000000060
80769  33.854  -48.166  -9.415 0.6000000238
80809  33.485  -47.559  -11.374 0.5000000000
321542  32.702  -46.719  -11.051 0.6000000238
82433  27.495  -47.305  -9.329 0.3000000119
85794  32.222  -45.528  -8.620 0.4000000060
68449  26.638  -53.376  -8.571 0.4000000060
87463  31.369  -44.887  -8.152 0.3000000119
294364  31.934  -43.595  -8.705 0.3000000119
93987  31.735  -42.578  -9.395 0.3000000119
92428  28.830  -43.504  -12.693 0.3000000119
59166  29.987  -57.670  -13.390 0.6000000238
60812  29.138  -57.109  -14.308 0.6000000238
67172  26.195  -54.182  -16.910 0.6000000238
68664  27.164  -53.151  -18.407 0.6000000238
54263  28.421  -59.936  -12.760 0.5000000000
55918  29.611  -58.927  -12.775 0.6000000238
59145  31.233  -57.787  -11.549 0.6999999881
59155  30.838  -58.023  -12.424 0.6999999881
57567  29.224  -58.534  -13.226 0.6000000238
60810  30.204  -56.663  -14.063 0.6000000238
62432  29.339  -56.095  -14.698 0.6000000238
308579  29.209  -55.057  -15.198 0.6000000238
67170  27.927  -53.991  -16.349 0.6000000238
68624  27.470  -53.489  -16.813 0.6000000238
71547  27.783  -52.405  -18.411 0.6000000238
68660  29.887  -53.169  -18.831 0.6999999881
55853  29.024  -59.258  -10.817 0.6000000238
59120  29.678  -57.765  -10.247 0.6999999881
54214  29.016  -59.817  -11.711 0.5000000000
57526  29.775  -58.549  -10.837 0.6999999881
55872  30.106  -58.778  -11.956 0.6999999881
60780  31.672  -56.785  -12.586 0.6999999881
60795  31.047  -56.839  -13.417 0.6999999881
65647  30.230  -54.974  -14.794 0.5000000000
70058  28.149  -52.758  -16.845 0.6000000238
73026  28.500  -51.579  -17.626 0.6000000238
71545  29.189  -52.279  -18.507 0.6999999881
298039  30.537  -51.585  -17.832 0.6999999881
68650  31.340  -53.266  -18.234 0.6999999881
70083  31.856  -52.527  -18.082 0.6999999881
70066  40.697  -52.510  -17.464 0.4000000060
72973  38.609  -51.228  -15.370 0.5000000000
72976  36.165  -51.410  -15.609 0.6000000238
71485  35.002  -51.957  -15.712 0.6000000238
316215  33.005  -52.146  -17.822 0.6999999881
60749  25.205  -57.307  -11.148 0.5000000000
59134  26.833  -57.493  -10.737 0.5000000000
60746  27.704  -56.810  -10.733 0.6000000238
57514  26.978  -58.593  -10.411 0.5000000000
60734  29.336  -56.866  -10.275 0.6999999881
59123  27.854  -57.869  -10.380 0.5000000000
55835  28.679  -58.918  -10.365 0.6000000238
322391  30.814  -56.839  -10.208 0.6999999881
59130  31.152  -57.687  -10.941 0.6999999881
62364  32.273  -56.702  -11.737 0.6999999881
64043  30.915  -55.505  -14.101 0.6999999881
68611  29.134  -53.613  -15.974 0.6000000238
70056  28.927  -52.330  -16.433 0.6000000238
73009  29.485  -50.936  -17.432 0.6999999881
71529  31.218  -52.135  -17.850 0.6999999881
71526  32.532  -51.964  -18.119 0.6999999881
72992  33.925  -51.589  -17.050 0.6000000238
73005  33.747  -51.376  -17.760 0.6000000238
316620  23.741  -53.809  -13.195 0.5000000000
64025  23.345  -55.624  -12.942 0.4000000060
64006  25.549  -55.567  -11.493 0.5000000000
288962  24.366  -55.297  -12.727 0.5000000000
62357  25.982  -56.537  -11.008 0.5000000000
65590  26.299  -54.674  -11.389 0.6000000238
63997  26.682  -55.667  -11.132 0.6000000238
65551  29.614  -54.992  -10.546 0.6999999881
63995  28.433  -55.903  -10.918 0.6000000238
63976  30.220  -55.797  -10.261 0.6999999881
319771  31.990  -56.367  -10.457 0.6999999881
64033  31.922  -55.674  -13.458 0.6999999881
67115  30.677  -54.404  -14.905 0.6999999881
68593  30.042  -53.748  -15.487 0.6999999881
70043  29.480  -52.531  -16.034 0.6999999881
282106  29.606  -51.323  -16.428 0.6999999881
74639  30.366  -50.543  -17.522 0.8000000119
74653  31.715  -50.904  -18.047 0.6999999881
270454  36.954  -50.636  -15.881 0.5000000000
74624  34.978  -50.986  -16.594 0.6000000238
73019  33.412  -51.065  -18.103 0.6000000238
68576  22.669  -53.412  -14.534 0.4000000060
68541  24.607  -53.396  -12.872 0.6000000238
67083  24.984  -54.555  -12.422 0.6000000238
67082  25.266  -54.073  -11.964 0.6000000238
67070  26.828  -54.167  -11.531 0.6000000238
67055  28.425  -54.402  -11.092 0.6000000238
65549  30.602  -54.753  -9.816 0.6999999881
63975  31.143  -55.780  -10.068 0.6999999881
64003  32.923  -55.817  -11.570 0.6999999881
62386  32.403  -56.074  -12.570 0.6999999881
65601  33.347  -54.817  -12.102 0.8000000119
65613  32.690  -55.023  -13.029 0.8000000119
68574  31.195  -53.452  -14.626 0.6000000238
72960  30.449  -51.642  -15.504 0.6000000238
76176  30.904  -49.898  -16.702 0.8000000119
74637  31.324  -50.515  -17.854 0.6999999881
268400  38.571  -50.232  -15.753 0.5000000000
74606  36.072  -50.624  -16.510 0.6000000238
313774  34.133  -50.229  -18.061 0.6999999881
76172  37.736  -49.795  -16.405 0.6000000238
71469  22.545  -52.260  -15.177 0.5000000000
71450  20.725  -51.870  -13.786 0.4000000060
67086  20.774  -54.055  -12.347 0.4000000060
69992  23.996  -52.502  -13.977 0.5000000000
68575  23.162  -53.134  -14.300 0.5000000000
288946  25.062  -52.885  -13.053 0.6000000238
68527  26.068  -53.346  -11.935 0.6000000238
68500  27.821  -53.772  -11.391 0.6000000238
67038  29.423  -54.372  -10.523 0.6999999881
65571  32.915  -55.150  -10.512 0.8000000119
65586  33.598  -54.744  -11.183 0.8000000119
67091  33.083  -54.017  -12.986 0.6000000238
70006  31.863  -52.827  -14.381 0.6000000238
72979  31.046  -50.914  -15.575 0.6999999881
295958  31.349  -49.942  -15.906 0.6999999881
77732  32.944  -48.391  -17.722 0.6999999881
74634  35.726  -50.409  -17.157 0.6000000238
77748  35.409  -49.438  -18.508 0.6000000238
79295  36.186  -48.882  -18.435 0.6000000238
76173  36.810  -49.889  -16.974 0.6000000238
77746  36.499  -49.346  -18.387 0.6000000238
71434  21.931  -51.530  -13.457 0.5000000000
71435  21.206  -51.540  -13.304 0.5000000000
68532  21.130  -53.472  -12.436 0.5000000000
65580  20.933  -55.246  -11.353 0.5000000000
72941  23.882  -51.160  -14.358 0.5000000000
72961  23.217  -51.466  -15.136 0.5000000000
273837  25.837  -52.216  -12.483 0.6000000238
68525  33.676  -53.702  -12.127 0.6999999881
69970  33.671  -52.519  -12.553 0.6000000238
71444  32.915  -51.859  -14.057 0.6000000238
72956  32.872  -51.016  -14.662 0.6000000238
76160  32.461  -49.542  -15.850 0.6999999881
74608  32.899  -50.210  -15.436 0.6000000238
281805  32.631  -48.566  -16.997 0.6000000238
79298  34.328  -48.760  -17.899 0.6999999881
77711  38.498  -49.133  -16.982 0.5000000000
307677  37.708  -48.329  -18.570 0.4000000060
71417  22.304  -51.898  -13.127 0.5000000000
68519  22.146  -53.574  -11.784 0.5000000000
63998  21.780  -55.331  -10.806 0.5000000000
60726  21.309  -57.114  -9.305 0.5000000000
57500  20.955  -58.740  -9.022 0.5000000000
50880  21.092  -60.957  -9.303 0.5000000000
72913  34.089  -51.357  -13.003 0.6000000238
74576  33.789  -50.469  -14.597 0.6000000238
76158  33.878  -49.704  -15.473 0.4000000060
77714  34.688  -48.547  -16.448 0.5000000000
79261  35.534  -48.127  -17.333 0.4000000060
80889  37.258  -47.732  -17.963 0.4000000060
79278  35.836  -48.417  -17.930 0.5000000000
69954  22.902  -52.619  -12.153 0.6000000238
67058  22.457  -54.286  -10.960 0.5000000000
62329  22.131  -56.337  -9.485 0.5000000000
59111  21.448  -58.229  -8.757 0.5000000000
54167  21.543  -59.818  -8.791 0.5000000000
49184  21.302  -61.937  -8.676 0.5000000000
45839  21.060  -63.752  -8.429 0.4000000060
42616  20.461  -64.721  -7.955 0.5000000000
41028  20.224  -65.484  -7.098 0.4000000060
39443  19.413  -66.387  -6.253 0.4000000060
37886  18.635  -66.689  -7.020 0.4000000060
76134  34.391  -50.109  -14.609 0.6000000238
77683  34.959  -49.400  -15.213 0.4000000060
296949  35.687  -48.200  -16.472 0.4000000060
82547  36.999  -47.404  -17.189 0.4000000060
63981  22.851  -55.445  -10.139 0.5000000000
60710  22.124  -57.126  -8.685 0.4000000060
55811  21.730  -59.255  -8.449 0.4000000060
49179  22.090  -61.600  -8.219 0.5000000000
45831  22.212  -63.276  -7.130 0.4000000060
44192  21.583  -64.416  -7.219 0.5000000000
44177  21.676  -64.292  -6.484 0.4000000060
300375  20.889  -65.465  -5.644 0.5000000000
41020  20.895  -65.264  -6.900 0.5000000000
295971  20.323  -66.068  -4.950 0.3000000119
37868  19.487  -66.827  -5.226 0.3000000119
279470  18.361  -66.889  -4.221 0.3000000119
79236  35.956  -48.872  -14.875 0.4000000060
62307  23.101  -56.755  -9.038 0.5000000000
59086  22.205  -58.015  -8.048 0.5000000000
54160  22.323  -60.021  -7.991 0.4000000060
63979  24.082  -55.235  -10.024 0.4000000060
60708  23.302  -56.986  -8.484 0.4000000060
55799  22.406  -58.842  -7.573 0.4000000060
50858  23.005  -61.274  -6.429 0.4000000060
272044  24.296  -56.218  -8.790 0.4000000060
59084  23.210  -57.640  -7.625 0.4000000060
54149  23.105  -59.647  -6.875 0.4000000060
62305  24.841  -56.222  -8.536 0.4000000060
54148  23.440  -59.582  -6.330 0.4000000060
50857  23.069  -61.213  -5.785 0.4000000060
49159  22.468  -62.060  -4.938 0.4000000060
59072  23.457  -57.904  -7.067 0.4000000060
65515  25.456  -55.089  -9.136 0.3000000119
54131  23.469  -59.734  -5.651 0.4000000060
52475  22.938  -60.439  -4.989 0.4000000060
50829  22.175  -61.033  -4.382 0.4000000060
62304  25.614  -56.108  -8.408 0.4000000060
268202  21.138  -61.679  -4.433 0.4000000060
52460  21.090  -60.412  -3.925 0.4000000060
62285  26.133  -56.041  -8.133 0.3000000119
320025  25.319  -56.777  -7.168 0.4000000060
59053  24.271  -57.972  -5.880 0.4000000060
55768  23.472  -59.343  -5.186 0.4000000060
54119  22.766  -59.940  -4.572 0.4000000060
52477  21.801  -60.463  -4.089 0.4000000060
55756  22.269  -59.065  -4.012 0.3000000119
71430  33.165  -52.094  -13.567 0.6000000238
69991  24.430  -52.156  -13.811 0.5000000000
74575  34.364  -50.526  -14.041 0.6000000238
79237  35.782  -48.723  -15.632 0.4000000060
65686  27.311  -54.437  -16.238 0.6000000238
70085  31.204  -52.483  -17.759 0.6999999881
73007  30.910  -50.953  -17.898 0.6999999881
279495  38.943  -51.674  -15.559 0.5000000000
74603  38.844  -50.725  -15.622 0.5000000000
72954  36.738  -51.769  -15.313 0.5000000000
72974  37.477  -50.969  -15.520 0.4000000060
291141  35.426  -51.324  -15.959 0.6000000238
62377  24.581  -55.943  -12.048 0.5000000000
65631  31.482  -54.564  -14.195 0.6999999881
74636  34.383  -50.513  -17.727 0.6000000238
65575  27.334  -55.331  -11.173 0.6000000238
70026  30.557  -52.678  -15.357 0.6999999881
313699  30.169  -50.398  -16.301 0.8000000119
76208  32.487  -50.038  -18.150 0.6999999881
319622  21.513  -52.475  -15.088 0.4000000060
68556  32.218  -53.654  -13.724 0.6000000238
71466  31.307  -52.145  -15.068 0.6000000238
77717  32.048  -48.815  -17.115 0.6999999881
76190  31.992  -49.428  -17.796 0.6999999881
77694  38.881  -49.282  -16.155 0.5000000000
77693  39.715  -49.371  -15.876 0.5000000000
77751  33.393  -49.137  -18.015 0.6999999881
76204  35.523  -49.841  -18.313 0.6000000238
69988  33.053  -52.761  -13.485 0.6999999881
72958  31.816  -51.219  -15.060 0.6999999881
74610  31.700  -50.321  -15.595 0.6999999881
79280  34.510  -48.289  -17.750 0.6000000238
77731  36.947  -49.515  -17.868 0.6000000238
79277  37.960  -49.059  -18.287 0.6000000238
69956  21.605  -52.842  -12.864 0.5000000000
67060  21.548  -54.323  -11.544 0.5000000000
63983  21.220  -55.627  -10.748 0.4000000060
72938  33.181  -51.340  -14.267 0.6000000238
77698  33.565  -49.033  -15.916 0.6000000238
41023  19.006  -65.775  -7.192 0.3000000119
77696  35.122  -48.951  -15.711 0.5000000000
82532  36.964  -47.454  -16.330 0.4000000060
47479  21.945  -62.571  -8.115 0.5000000000
299833  20.198  -66.214  -5.533 0.4000000060
303858  18.856  -67.230  -5.738 0.4000000060
62276  25.139  -56.614  -7.534 0.4000000060
59061  23.848  -58.284  -6.621 0.4000000060
56090  42.279  -59.361  -21.674 0.3000000119
292268  43.300  -59.337  -22.173 0.3000000119
60897  38.222  -56.575  -17.469 0.4000000060
64158  39.537  -55.579  -20.226 0.4000000060
62520  40.092  -56.087  -20.037 0.4000000060
62528  40.475  -56.133  -20.638 0.4000000060
280536  37.575  -55.901  -16.790 0.4000000060
60845  37.372  -56.759  -15.692 0.4000000060
60825  36.482  -56.412  -15.265 0.4000000060
62428  36.013  -56.053  -15.222 0.5000000000
62430  34.907  -56.555  -15.004 0.5000000000
62449  33.813  -56.388  -15.402 0.5000000000
65732  38.107  -54.906  -19.803 0.4000000060
64136  37.755  -55.657  -19.043 0.5000000000
62483  37.824  -56.291  -17.164 0.5000000000
60848  32.730  -56.797  -15.691 0.5000000000
65739  38.345  -54.882  -20.674 0.5000000000
64147  38.547  -55.601  -19.679 0.5000000000
65744  39.119  -54.760  -21.522 0.5000000000
64172  39.994  -55.608  -20.581 0.4000000060
64182  40.691  -55.657  -21.707 0.4000000060
60927  40.977  -56.792  -21.309 0.4000000060
60929  41.444  -56.759  -22.346 0.4000000060
59304  41.483  -57.414  -23.576 0.3000000119
59319  42.235  -58.470  -24.974 0.4000000060
67180  39.090  -54.044  -17.703 0.4000000060
67164  37.838  -54.223  -16.361 0.4000000060
67147  37.027  -54.187  -15.706 0.4000000060
67210  39.106  -53.907  -18.668 0.4000000060
67212  37.911  -54.666  -18.533 0.4000000060
67182  38.091  -54.414  -16.982 0.4000000060
297423  36.635  -55.348  -15.649 0.4000000060
65643  36.409  -54.949  -15.302 0.5000000000
64052  34.775  -55.708  -15.121 0.5000000000
68674  38.611  -53.934  -19.981 0.4000000060
67221  37.942  -54.850  -19.159 0.4000000060
64117  37.724  -55.676  -18.082 0.4000000060
282267  35.461  -54.673  -15.088 0.5000000000
65664  34.016  -55.157  -15.559 0.5000000000
315731  33.093  -55.965  -15.982 0.5000000000
64083  32.670  -55.528  -16.568 0.6000000238
281733  31.724  -54.415  -17.622 0.6000000238
64100  31.077  -55.674  -17.372 0.6000000238
70069  32.753  -52.912  -17.424 0.6000000238
67185  31.994  -54.010  -17.657 0.6000000238
64119  30.313  -55.204  -17.703 0.5000000000
62544  41.321  -56.195  -22.568 0.4000000060
68662  28.342  -53.124  -18.880 0.5000000000
295908  41.833  -56.712  -23.587 0.4000000060
60946  42.441  -56.654  -24.743 0.4000000060
279764  42.379  -57.631  -24.723 0.4000000060
68606  37.671  -53.425  -15.798 0.4000000060
70020  36.808  -53.123  -15.314 0.5000000000
68589  35.796  -53.576  -15.048 0.5000000000
70023  35.025  -53.078  -15.147 0.5000000000
67150  33.508  -54.525  -15.988 0.5000000000
70041  34.076  -52.936  -15.858 0.5000000000
67168  32.533  -54.432  -16.961 0.6000000238
71500  33.519  -52.208  -16.683 0.6000000238
68634  32.768  -53.421  -17.001 0.6000000238
301968  41.510  -59.807  -21.274 0.3000000119
301862  44.668  -59.116  -21.536 0.3000000119
57742  46.412  -58.126  -23.410 0.3000000119
68657  39.760  -53.556  -18.524 0.4000000060
307849  40.062  -53.187  -17.441 0.4000000060
70068  39.845  -53.077  -16.991 0.4000000060
68604  38.585  -53.492  -16.154 0.4000000060
283057  38.466  -52.720  -15.707 0.4000000060
70021  36.293  -52.864  -15.184 0.5000000000
70018  37.635  -52.367  -15.360 0.4000000060
71464  35.459  -52.336  -15.360 0.5000000000
67200  30.852  -54.237  -18.391 0.6000000238
67213  29.656  -54.158  -18.476 0.5000000000
310086  38.708  -53.054  -15.949 0.4000000060
64081  37.269  -55.538  -16.435 0.4000000060
62469  32.091  -56.112  -16.480 0.5000000000
321507  45.191  -57.913  -23.983 0.3000000119
68633  39.081  -53.873  -17.139 0.4000000060
68587  36.676  -53.766  -15.381 0.5000000000
298172  34.388  -54.002  -15.235 0.5000000000
67166  33.437  -53.996  -16.320 0.6000000238
89145  32.389  -44.651  -9.436 0.3000000119
36342  18.630  -67.513  -5.325 0.4000000060
36350  18.646  -67.484  -5.974 0.4000000060
36365  18.604  -67.296  -6.651 0.4000000060
37855  19.455  -66.711  -4.635 0.3000000119
37856  18.469  -67.259  -4.772 0.3000000119
37869  19.007  -67.096  -5.141 0.4000000060
37878  19.193  -66.884  -5.852 0.4000000060
37879  18.841  -67.044  -6.314 0.4000000060
39423  19.913  -66.250  -4.500 0.3000000119
39433  20.550  -65.835  -5.422 0.5000000000
39434  19.688  -66.514  -5.659 0.4000000060
39442  19.921  -66.154  -6.111 0.4000000060
39444  19.003  -66.575  -6.580 0.4000000060
39451  19.656  -66.093  -6.550 0.4000000060
39452  19.226  -66.164  -6.794 0.3000000119
39453  18.738  -66.176  -7.129 0.3000000119
40990  20.297  -65.694  -4.403 0.3000000119
41004  21.209  -65.108  -5.214 0.5000000000
41005  20.746  -65.499  -4.922 0.5000000000
41013  21.262  -65.045  -5.913 0.5000000000
41014  20.467  -65.804  -6.045 0.4000000060
41019  21.328  -64.884  -6.624 0.4000000060
41021  20.081  -65.834  -6.569 0.4000000060
41022  19.630  -65.842  -6.960 0.4000000060
41029  19.494  -65.465  -7.400 0.3000000119
41038  18.791  -65.389  -7.579 0.3000000119
42578  21.457  -64.583  -6.096 0.4000000060
42600  21.093  -64.634  -7.687 0.5000000000
42601  20.674  -65.026  -7.424 0.5000000000
42615  20.806  -64.277  -8.208 0.5000000000
44176  21.996  -63.857  -6.858 0.4000000060
44205  21.388  -64.103  -7.895 0.5000000000
45832  21.856  -63.752  -7.523 0.5000000000
45837  22.040  -63.075  -7.781 0.5000000000
45838  21.593  -63.498  -8.138 0.4000000060
45846  21.215  -63.115  -8.633 0.4000000060
47469  22.458  -62.724  -7.331 0.4000000060
47478  22.255  -62.131  -7.969 0.5000000000
47484  21.458  -62.514  -8.460 0.5000000000
49140  22.605  -61.480  -4.758 0.4000000060
49141  21.960  -61.704  -4.512 0.4000000060
49180  21.729  -62.045  -8.280 0.5000000000
49183  21.694  -61.599  -8.545 0.5000000000
50817  20.613  -60.852  -4.010 0.4000000060
50828  22.902  -61.083  -5.171 0.4000000060
50830  21.361  -61.086  -4.111 0.4000000060
50869  22.420  -61.109  -8.151 0.5000000000
50874  21.997  -61.067  -8.636 0.5000000000
50875  21.386  -61.345  -8.868 0.5000000000
52476  22.668  -60.931  -4.704 0.4000000060
52489  23.265  -60.171  -5.467 0.4000000060
52490  23.206  -60.621  -5.622 0.4000000060
52498  23.331  -60.131  -6.018 0.4000000060
52499  23.190  -60.636  -6.335 0.4000000060
52507  23.255  -60.054  -6.533 0.4000000060
52508  23.020  -60.257  -6.981 0.4000000060
52512  22.572  -60.626  -7.869 0.4000000060
52513  22.284  -60.544  -8.381 0.5000000000
52515  21.835  -60.437  -8.735 0.5000000000
52516  21.337  -60.369  -9.080 0.5000000000
52522  20.902  -60.346  -9.446 0.5000000000
52810  40.691  -60.317  -21.317 0.3000000119
54102  20.859  -59.862  -3.888 0.4000000060
54120  22.196  -59.936  -4.163 0.4000000060
54132  23.232  -59.869  -5.057 0.4000000060
54156  22.392  -59.494  -7.653 0.4000000060
54166  22.021  -59.942  -8.452 0.4000000060
54175  21.112  -59.796  -9.277 0.5000000000
54197  28.744  -59.713  -11.130 0.6000000238
54213  29.445  -59.525  -11.923 0.5000000000
54215  28.382  -60.133  -11.576 0.5000000000
54237  29.142  -59.717  -12.142 0.5000000000
54238  28.752  -60.017  -12.157 0.5000000000
54262  28.932  -59.624  -12.598 0.5000000000
54425  41.980  -59.647  -21.104 0.3000000119
54426  41.734  -59.619  -21.787 0.3000000119
54431  42.673  -59.702  -22.381 0.3000000119
55755  23.145  -59.433  -4.645 0.4000000060
55779  23.558  -59.158  -5.906 0.4000000060
55798  22.796  -59.223  -7.239 0.4000000060
55802  22.050  -59.024  -7.979 0.5000000000
55822  21.230  -59.230  -8.913 0.5000000000
55823  20.779  -59.188  -9.533 0.5000000000
55836  28.059  -59.031  -10.273 0.6000000238
55852  29.552  -59.028  -11.099 0.6000000238
55854  28.436  -59.449  -10.505 0.6000000238
55873  29.712  -59.130  -11.666 0.6999999881
55874  29.313  -59.489  -11.383 0.6000000238
55897  29.748  -59.103  -12.233 0.6000000238
55898  29.388  -59.398  -12.443 0.6000000238
55919  29.111  -59.126  -12.936 0.5000000000
55920  28.587  -59.325  -13.093 0.5000000000
55929  28.710  -58.757  -13.378 0.6000000238
56087  45.215  -59.129  -21.431 0.3000000119
56088  43.734  -59.023  -21.739 0.3000000119
57434  23.853  -58.361  -5.614 0.4000000060
57440  23.649  -58.695  -5.921 0.4000000060
57447  23.950  -58.389  -6.218 0.4000000060
57448  23.550  -58.754  -6.377 0.4000000060
57458  23.253  -58.412  -6.856 0.4000000060
57459  22.819  -58.606  -7.205 0.4000000060
57470  22.493  -58.263  -7.603 0.4000000060
57471  22.157  -58.529  -7.881 0.5000000000
57488  21.794  -58.502  -8.298 0.4000000060
57489  21.355  -58.739  -8.671 0.5000000000
57510  29.461  -58.250  -10.402 0.6999999881
57511  28.866  -58.325  -10.325 0.6000000238
57512  28.261  -58.409  -10.277 0.6000000238
57513  27.621  -58.490  -10.311 0.5000000000
57524  30.864  -58.159  -11.301 0.6999999881
57525  30.319  -58.356  -11.055 0.6999999881
57527  29.247  -58.743  -10.608 0.6000000238
57528  26.583  -58.077  -10.595 0.5000000000
57539  30.945  -58.207  -11.882 0.6999999881
57540  30.477  -58.467  -11.634 0.6999999881
57541  29.994  -58.722  -11.382 0.6999999881
57550  30.493  -58.421  -12.205 0.6999999881
57551  30.061  -58.673  -12.529 0.6000000238
57565  30.303  -58.135  -12.762 0.6999999881
57566  29.748  -58.298  -13.030 0.6000000238
57582  29.350  -57.953  -13.555 0.6000000238
57583  28.813  -58.209  -13.659 0.6000000238
57743  45.935  -58.513  -23.353 0.3000000119
57745  41.348  -58.528  -24.460 0.4000000060
57749  44.798  -57.808  -24.055 0.3000000119
59059  24.758  -57.668  -6.187 0.4000000060
59060  24.302  -57.974  -6.423 0.4000000060
59070  24.733  -57.646  -6.752 0.4000000060
59071  24.091  -57.803  -6.924 0.4000000060
59073  22.899  -58.045  -7.288 0.4000000060
59085  22.601  -57.717  -7.743 0.4000000060
59109  22.294  -57.346  -8.129 0.5000000000
59110  21.879  -57.739  -8.568 0.4000000060
59114  21.030  -58.203  -9.196 0.5000000000
59118  30.911  -57.376  -10.364 0.6999999881
59119  30.276  -57.637  -10.299 0.6999999881
59121  29.096  -57.805  -10.225 0.6999999881
59122  28.487  -57.810  -10.289 0.5000000000
59124  27.210  -57.969  -10.458 0.5000000000
59129  31.601  -57.395  -11.253 0.6999999881
59131  30.616  -57.922  -10.709 0.6999999881
59132  30.039  -58.116  -10.543 0.6999999881
59133  27.074  -56.905  -10.846 0.6000000238
59135  26.203  -57.619  -10.816 0.5000000000
59137  24.956  -57.839  -11.224 0.5000000000
59144  31.576  -57.404  -11.799 0.6999999881
59153  31.457  -57.270  -12.338 0.6999999881
59154  31.210  -57.740  -12.113 0.6999999881
59164  31.046  -57.505  -12.637 0.6999999881
59165  30.583  -57.616  -12.976 0.6999999881
59179  30.493  -57.114  -13.548 0.6999999881
59192  28.897  -57.673  -14.069 0.6000000238
59310  45.568  -58.029  -23.893 0.3000000119
59320  41.856  -58.192  -24.738 0.4000000060
60668  25.366  -56.874  -6.860 0.4000000060
60669  25.065  -57.201  -7.118 0.4000000060
60670  24.511  -57.442  -7.254 0.4000000060
60671  23.791  -57.472  -7.387 0.4000000060
60681  24.604  -56.914  -7.583 0.4000000060
60682  24.196  -56.876  -7.991 0.4000000060
60683  23.617  -57.197  -7.967 0.4000000060
60684  22.897  -57.319  -8.067 0.4000000060
60707  23.853  -56.883  -8.381 0.4000000060
60709  22.611  -57.017  -8.496 0.5000000000
60711  21.370  -57.683  -8.988 0.5000000000
60724  22.457  -56.768  -9.081 0.4000000060
60725  21.877  -56.874  -9.162 0.5000000000
60730  31.798  -56.694  -10.555 0.6999999881
60731  31.272  -56.800  -10.352 0.6999999881
60732  30.384  -57.085  -10.183 0.6999999881
60733  29.830  -57.276  -10.158 0.6999999881
60735  28.680  -56.787  -10.360 0.6999999881
60736  28.165  -57.230  -10.439 0.5000000000
60737  21.135  -56.625  -9.860 0.5000000000
60742  32.295  -56.771  -11.295 0.6999999881
60743  31.946  -56.953  -11.033 0.6999999881
60744  31.472  -57.181  -10.706 0.6999999881
60745  28.219  -56.688  -10.615 0.6000000238
60747  26.430  -57.010  -10.906 0.5000000000
60748  25.788  -57.165  -10.975 0.5000000000
60757  31.924  -57.032  -11.521 0.6999999881
60758  25.416  -56.705  -11.205 0.5000000000
60768  31.859  -56.979  -12.040 0.6999999881
60781  31.255  -57.040  -12.881 0.6999999881
60796  29.966  -57.148  -13.841 0.6000000238
60797  29.512  -57.423  -13.941 0.6000000238
60811  29.666  -56.876  -14.228 0.6000000238
60828  34.781  -56.925  -14.918 0.5000000000
60830  33.062  -57.051  -15.289 0.5000000000
60847  33.255  -56.578  -15.564 0.5000000000
60864  37.988  -57.085  -16.402 0.5000000000
60865  37.683  -56.752  -16.102 0.4000000060
60866  31.839  -56.583  -16.291 0.5000000000
60880  38.585  -57.216  -17.227 0.4000000060
60881  38.082  -56.868  -16.953 0.5000000000
60896  38.751  -56.897  -17.766 0.4000000060
60914  39.977  -57.063  -19.369 0.4000000060
60924  40.432  -56.785  -20.346 0.4000000060
60938  42.181  -56.396  -24.234 0.4000000060
60945  42.775  -56.964  -24.932 0.4000000060
60947  41.998  -57.316  -24.303 0.3000000119
62286  25.706  -56.347  -7.846 0.3000000119
62287  24.701  -56.611  -8.026 0.4000000060
62288  24.301  -56.612  -8.468 0.4000000060
62306  23.774  -56.558  -8.840 0.4000000060
62326  24.052  -56.040  -9.215 0.4000000060
62327  23.454  -56.240  -9.358 0.5000000000
62328  22.813  -56.327  -9.428 0.5000000000
62330  21.613  -56.612  -9.510 0.5000000000
62341  32.147  -56.020  -10.369 0.6999999881
62342  31.612  -56.254  -10.247 0.6999999881
62343  30.988  -56.353  -10.182 0.6999999881
62344  30.379  -56.428  -10.181 0.6999999881
62345  29.697  -56.219  -10.318 0.6999999881
62346  29.074  -56.322  -10.477 0.6999999881
62347  28.557  -56.324  -10.697 0.6000000238
62348  22.012  -55.809  -9.785 0.5000000000
62349  21.579  -56.069  -9.729 0.5000000000
62350  20.721  -56.269  -10.273 0.4000000060
62354  27.979  -56.245  -10.871 0.6000000238
62355  27.331  -56.352  -10.910 0.6000000238
62356  26.672  -56.337  -11.008 0.6000000238
62363  32.567  -56.378  -11.401 0.6999999881
62365  26.112  -55.936  -11.183 0.6000000238
62366  25.620  -56.184  -11.266 0.5000000000
62367  25.064  -56.185  -11.580 0.5000000000
62368  24.519  -56.602  -11.836 0.5000000000
62375  32.545  -56.229  -11.964 0.6999999881
62376  32.127  -56.530  -12.286 0.6999999881
62379  23.682  -56.154  -12.539 0.4000000060
62387  31.936  -56.335  -12.846 0.6999999881
62388  31.491  -56.590  -13.149 0.6999999881
62397  31.738  -56.115  -13.360 0.6999999881
62398  31.251  -56.316  -13.612 0.6999999881
62399  30.763  -56.520  -13.857 0.6999999881
62412  30.987  -56.036  -13.962 0.6999999881
62413  29.800  -56.230  -14.434 0.6000000238
62414  29.267  -56.554  -14.518 0.6000000238
62427  36.555  -55.880  -15.460 0.4000000060
62429  35.318  -56.242  -15.085 0.5000000000
62431  34.373  -56.537  -15.085 0.5000000000
62433  28.883  -56.237  -14.845 0.6000000238
62447  37.386  -56.187  -16.151 0.4000000060
62448  36.940  -56.289  -15.629 0.4000000060
62450  33.355  -56.118  -15.778 0.5000000000
62451  32.887  -56.264  -15.937 0.5000000000
62452  32.335  -56.574  -16.067 0.5000000000
62467  37.746  -56.514  -16.599 0.5000000000
62468  32.567  -56.016  -16.268 0.5000000000
62470  31.533  -56.355  -16.606 0.5000000000
62484  31.262  -56.060  -17.035 0.6000000238
62498  38.269  -56.207  -18.066 0.4000000060
62507  38.205  -56.003  -18.689 0.5000000000
62512  39.780  -56.439  -19.515 0.4000000060
62514  38.378  -55.782  -19.155 0.5000000000
62521  39.322  -55.852  -19.784 0.4000000060
62527  40.795  -56.222  -21.207 0.4000000060
62536  41.122  -56.364  -21.859 0.4000000060
62552  41.553  -56.427  -23.067 0.4000000060
63926  26.389  -55.513  -8.114 0.3000000119
63939  25.949  -55.562  -8.639 0.4000000060
63940  25.236  -55.705  -8.878 0.3000000119
63941  24.597  -55.833  -9.020 0.4000000060
63955  24.891  -55.388  -9.331 0.3000000119
63956  23.782  -55.765  -9.733 0.4000000060
63957  23.149  -55.853  -9.776 0.5000000000
63958  22.465  -55.779  -9.710 0.5000000000
63973  32.345  -55.444  -10.253 0.8000000119
63974  31.749  -55.612  -10.096 0.6999999881
63977  29.728  -55.558  -10.498 0.6999999881
63978  28.879  -55.869  -10.748 0.6000000238
63980  23.468  -55.432  -10.169 0.5000000000
63982  22.247  -55.410  -10.215 0.5000000000
63992  33.057  -55.571  -11.030 0.6999999881
63993  32.596  -55.777  -10.714 0.8000000119
63994  28.631  -55.346  -10.920 0.6999999881
63996  27.520  -55.888  -10.967 0.6000000238
64004  26.715  -55.154  -11.284 0.6000000238
64005  26.201  -55.343  -11.347 0.6000000238
64007  25.028  -55.478  -11.930 0.5000000000
64014  33.116  -55.375  -11.985 0.8000000119
64015  32.783  -55.724  -12.247 0.6999999881
64016  24.771  -55.361  -12.474 0.5000000000
64017  23.790  -55.647  -12.716 0.4000000060
64023  32.192  -55.889  -13.095 0.6999999881
64024  23.806  -55.238  -12.893 0.5000000000
64032  32.303  -55.391  -13.305 0.8000000119
64034  31.431  -55.708  -13.752 0.6999999881
64044  30.468  -55.373  -14.347 0.6999999881
64045  30.013  -55.578  -14.506 0.5000000000
64050  36.205  -55.494  -15.285 0.5000000000
64051  35.552  -55.619  -15.134 0.5000000000
64053  34.254  -56.059  -15.279 0.5000000000
64054  29.584  -55.769  -14.686 0.6000000238
64055  29.122  -55.659  -14.972 0.6000000238
64065  36.947  -55.730  -15.927 0.4000000060
64066  34.129  -55.574  -15.401 0.5000000000
64067  33.768  -55.879  -15.658 0.5000000000
64068  33.284  -55.663  -15.995 0.5000000000
64069  32.891  -55.833  -16.175 0.5000000000
64082  33.015  -55.432  -16.346 0.5000000000
64084  32.149  -55.562  -16.864 0.6000000238
64098  37.635  -55.750  -17.423 0.4000000060
64099  31.593  -55.558  -17.207 0.6000000238
64118  30.862  -55.303  -17.590 0.5000000000
64137  37.639  -55.526  -18.733 0.4000000060
64148  38.006  -55.393  -19.485 0.5000000000
64159  38.747  -55.386  -20.217 0.4000000060
64160  38.251  -55.114  -20.064 0.5000000000
64171  40.332  -55.669  -21.135 0.4000000060
64173  39.130  -55.132  -20.771 0.4000000060
64191  41.243  -55.449  -23.369 0.4000000060
64192  40.929  -55.481  -22.458 0.4000000060
65504  26.298  -54.960  -8.458 0.4000000060
65514  25.919  -54.916  -8.828 0.4000000060
65530  31.696  -54.660  -9.654 0.8999999762
65531  31.162  -54.570  -9.645 0.6999999881
65532  24.946  -54.869  -9.536 0.5000000000
65533  24.352  -55.585  -9.527 0.4000000060
65546  32.532  -54.926  -9.974 0.8999999762
65547  31.946  -55.098  -9.909 0.8999999762
65548  31.246  -55.121  -9.864 0.6999999881
65550  29.970  -54.563  -10.236 0.6999999881
65552  24.515  -54.767  -9.955 0.5000000000
65553  24.062  -54.685  -10.247 0.5000000000
65555  23.126  -55.071  -10.473 0.5000000000
65556  22.611  -55.065  -10.441 0.5000000000
65570  33.394  -54.553  -10.649 0.8000000119
65572  29.081  -54.854  -10.758 0.6999999881
65573  28.637  -54.757  -10.941 0.6000000238
65574  28.092  -54.934  -11.132 0.6000000238
65576  23.280  -54.649  -10.631 0.6000000238
65577  22.798  -54.678  -10.683 0.5000000000
65578  22.220  -54.782  -10.750 0.5000000000
65579  21.623  -54.634  -11.123 0.5000000000
65587  33.351  -55.208  -11.461 0.6999999881
65588  27.555  -54.683  -11.222 0.6000000238
65589  27.016  -54.697  -11.299 0.6000000238
65591  25.747  -54.960  -11.471 0.6000000238
65592  25.310  -54.928  -11.721 0.5000000000
65593  21.164  -54.537  -11.572 0.5000000000
65594  20.729  -54.777  -11.820 0.5000000000
65600  33.563  -54.682  -11.605 0.8000000119
65602  33.012  -55.229  -12.530 0.8000000119
65603  25.027  -54.965  -12.379 0.6000000238
65604  24.831  -54.942  -12.594 0.5000000000
65612  33.073  -54.630  -12.735 0.8000000119
65614  24.267  -54.776  -12.744 0.5000000000
65621  32.306  -54.826  -13.472 0.8000000119
65622  31.837  -55.177  -13.683 0.6999999881
65623  31.345  -55.115  -13.988 0.6999999881
65632  30.914  -54.911  -14.448 0.6999999881
65644  35.828  -55.075  -15.156 0.5000000000
65645  35.132  -55.119  -15.091 0.5000000000
65646  34.471  -55.128  -15.225 0.5000000000
65662  36.992  -55.200  -16.118 0.4000000060
65663  36.844  -54.788  -15.675 0.4000000060
65665  33.719  -54.956  -15.821 0.5000000000
65666  33.287  -55.075  -16.194 0.5000000000
65667  28.761  -54.740  -15.659 0.6000000238
65669  27.707  -55.031  -15.802 0.6000000238
65670  27.063  -55.055  -15.994 0.6000000238
65682  37.644  -54.739  -16.704 0.4000000060
65683  37.315  -55.099  -16.496 0.4000000060
65684  32.860  -55.001  -16.651 0.6000000238
65685  32.404  -54.988  -16.951 0.6000000238
65687  26.584  -54.600  -16.492 0.6000000238
65696  37.669  -54.704  -17.462 0.4000000060
65697  37.508  -55.251  -17.000 0.4000000060
65698  32.107  -54.414  -17.253 0.6000000238
65699  31.887  -54.970  -17.254 0.6000000238
65700  31.342  -55.023  -17.587 0.6000000238
65710  31.291  -54.372  -18.023 0.6000000238
65711  30.894  -54.836  -17.971 0.5000000000
65712  30.481  -54.674  -18.164 0.5000000000
65713  29.835  -54.720  -18.038 0.5000000000
65724  37.821  -55.309  -19.190 0.4000000060
65725  30.316  -54.250  -18.434 0.5000000000
65740  38.180  -54.700  -20.507 0.4000000060
65745  38.416  -54.570  -21.250 0.5000000000
65746  38.191  -54.388  -21.070 0.5000000000
65752  39.039  -54.405  -22.393 0.5000000000
65753  38.467  -54.157  -21.897 0.5000000000
66998  26.362  -53.888  -8.637 0.4000000060
67013  33.089  -54.076  -9.639 0.8000000119
67014  32.626  -54.438  -9.612 0.8999999762
67015  32.119  -54.285  -9.463 0.8999999762
67016  31.528  -54.152  -9.551 0.8000000119
67018  25.326  -54.552  -9.396 0.3000000119
67019  24.925  -54.275  -9.763 0.5000000000
67033  33.834  -54.017  -10.650 0.8000000119
67035  33.041  -54.590  -9.984 0.8000000119
67036  30.366  -54.074  -9.900 0.6999999881
67037  29.805  -53.906  -10.291 0.6999999881
67039  24.385  -54.281  -10.266 0.5000000000
67040  23.740  -54.285  -10.660 0.5000000000
67052  33.761  -54.321  -11.031 0.8000000119
67053  29.305  -53.753  -10.691 0.6999999881
67054  28.927  -54.201  -10.903 0.6000000238
67056  27.983  -54.289  -11.308 0.6000000238
67057  23.047  -54.268  -10.887 0.6000000238
67059  21.955  -54.311  -11.242 0.5000000000
67068  33.789  -54.307  -11.415 0.8000000119
67069  27.412  -54.217  -11.388 0.6000000238
67071  26.239  -54.116  -11.623 0.6000000238
67072  25.099  -54.525  -11.884 0.6000000238
67073  22.194  -54.011  -11.417 0.5000000000
67074  21.792  -54.021  -11.797 0.5000000000
67075  21.326  -54.195  -11.861 0.5000000000
67076  20.953  -54.267  -12.044 0.5000000000
67080  33.635  -54.261  -11.878 0.6999999881
67081  33.385  -54.171  -12.428 0.6000000238
67084  24.734  -54.567  -12.561 0.6000000238
67085  21.014  -53.977  -12.199 0.5000000000
67092  32.711  -54.437  -13.229 0.8000000119
67093  24.713  -53.955  -12.466 0.6000000238
67094  24.219  -54.008  -12.803 0.5000000000
67095  23.699  -54.317  -13.024 0.5000000000
67097  20.537  -53.880  -12.620 0.4000000060
67103  32.288  -54.246  -13.617 0.6000000238
67104  31.838  -54.061  -13.943 0.6000000238
67105  23.379  -54.041  -13.545 0.5000000000
67113  31.442  -53.881  -14.400 0.6000000238
67114  30.992  -53.901  -14.835 0.6999999881
67116  22.629  -54.065  -14.349 0.4000000060
67117  22.209  -53.693  -14.839 0.4000000060
67128  36.571  -54.378  -15.334 0.5000000000
67129  36.029  -54.535  -15.153 0.5000000000
67130  35.495  -54.100  -15.046 0.5000000000
67131  34.808  -54.506  -15.077 0.5000000000
67132  30.474  -53.820  -15.144 0.6999999881
67133  30.018  -54.338  -15.222 0.6999999881
67134  29.376  -54.516  -15.409 0.6000000238
67146  37.526  -53.983  -15.946 0.4000000060
67148  34.086  -54.624  -15.497 0.5000000000
67149  33.885  -54.019  -15.755 0.6000000238
67151  29.586  -53.970  -15.662 0.6999999881
67152  29.033  -54.188  -15.861 0.6000000238
67153  28.091  -54.607  -15.961 0.6000000238
67163  38.373  -53.960  -16.468 0.4000000060
67165  37.348  -54.635  -16.115 0.4000000060
67167  33.018  -54.433  -16.580 0.6000000238
67169  28.654  -53.865  -16.280 0.6000000238
67171  26.651  -53.973  -16.654 0.6000000238
67181  38.606  -54.278  -17.429 0.4000000060
67183  32.641  -53.954  -17.058 0.6000000238
67184  32.294  -53.945  -17.405 0.6000000238
67186  26.321  -53.791  -17.257 0.6000000238
67195  38.934  -54.093  -18.261 0.4000000060
67196  38.487  -54.382  -18.099 0.4000000060
67197  37.893  -54.544  -17.829 0.4000000060
67198  31.646  -53.775  -18.023 0.6000000238
67199  30.863  -53.541  -18.440 0.6999999881
67211  38.446  -54.400  -18.825 0.4000000060
67214  28.097  -53.577  -18.694 0.5000000000
67219  38.726  -54.100  -19.263 0.4000000060
67220  38.183  -54.447  -19.650 0.4000000060
67227  38.182  -54.341  -20.532 0.4000000060
68450  26.150  -53.395  -8.897 0.4000000060
68451  25.934  -53.937  -9.039 0.4000000060
68464  33.156  -53.497  -9.456 0.8000000119
68466  31.926  -53.725  -9.308 0.8000000119
68467  31.307  -53.616  -9.462 0.8000000119
68468  30.715  -53.573  -9.626 0.8000000119
68469  25.628  -53.383  -9.316 0.4000000060
68482  33.933  -53.541  -10.161 0.8000000119
68483  33.486  -53.707  -9.757 0.8000000119
68485  29.632  -53.241  -10.334 0.6999999881
68486  24.694  -53.775  -10.190 0.5000000000
68496  34.357  -53.412  -11.348 0.8000000119
68499  28.488  -53.851  -11.242 0.6000000238
68501  24.460  -53.339  -10.626 0.5000000000
68502  23.841  -53.708  -10.955 0.5000000000
68504  22.648  -53.884  -11.258 0.5000000000
68513  33.956  -53.830  -11.619 0.6999999881
68514  28.131  -53.234  -11.162 0.6000000238
68515  26.628  -53.578  -11.738 0.6000000238
68516  25.928  -53.827  -11.860 0.6000000238
68517  23.551  -53.390  -11.390 0.5000000000
68518  22.862  -53.452  -11.563 0.6000000238
68520  21.602  -53.650  -12.156 0.5000000000
68521  21.279  -53.683  -12.272 0.5000000000
68526  33.362  -53.547  -12.669 0.6000000238
68528  25.534  -53.495  -12.163 0.6000000238
68529  25.045  -53.441  -12.492 0.6000000238
68530  21.997  -53.226  -12.408 0.5000000000
68531  21.437  -53.371  -12.515 0.5000000000
68533  20.851  -53.572  -12.466 0.4000000060
68539  33.072  -53.409  -13.236 0.6000000238
68540  32.717  -53.850  -13.436 0.6000000238
68542  24.035  -53.357  -13.211 0.6000000238
68543  20.940  -53.050  -12.670 0.5000000000
68544  20.397  -53.248  -12.724 0.4000000060
68555  32.698  -53.279  -13.626 0.6999999881
68557  31.830  -53.476  -14.100 0.6000000238
68558  23.921  -52.956  -13.717 0.6000000238
68559  23.573  -53.424  -13.741 0.5000000000
68560  23.165  -53.813  -14.155 0.4000000060
68573  31.533  -53.343  -14.427 0.6000000238
68577  22.218  -53.010  -15.064 0.4000000060
68588  36.260  -53.375  -15.148 0.5000000000
68590  35.266  -53.508  -15.055 0.5000000000
68591  30.763  -53.216  -14.885 0.6999999881
68592  30.321  -53.268  -15.490 0.6999999881
68605  38.054  -53.736  -16.062 0.4000000060
68607  37.155  -53.603  -15.646 0.4000000060
68608  34.719  -53.490  -15.189 0.5000000000
68609  34.211  -53.481  -15.537 0.5000000000
68610  29.672  -53.262  -15.758 0.6999999881
68618  39.383  -53.398  -16.787 0.4000000060
68619  38.882  -53.671  -16.611 0.4000000060
68620  33.741  -53.470  -16.038 0.6000000238
68621  33.228  -53.447  -16.498 0.6000000238
68622  28.722  -53.345  -16.242 0.6000000238
68623  28.179  -53.334  -16.549 0.6000000238
68625  26.786  -53.556  -16.983 0.6000000238
68632  39.612  -53.577  -17.412 0.4000000060
68635  32.452  -53.432  -17.628 0.6000000238
68636  32.061  -53.537  -17.872 0.6000000238
68637  27.084  -53.179  -17.320 0.6000000238
68638  26.579  -53.400  -17.597 0.6000000238
68646  39.988  -53.380  -17.908 0.4000000060
68647  39.448  -53.766  -18.058 0.4000000060
68648  32.092  -52.991  -18.022 0.6000000238
68649  31.746  -53.086  -18.092 0.6999999881
68651  26.696  -53.490  -18.193 0.6000000238
68658  31.010  -53.034  -18.193 0.6999999881
68659  30.610  -53.115  -18.357 0.6999999881
68661  29.144  -53.124  -19.063 0.5000000000
68663  27.602  -53.182  -18.683 0.6000000238
69875  32.362  -52.679  -8.928 0.8000000119
69876  31.736  -52.418  -8.962 0.6999999881
69878  26.417  -52.909  -8.790 0.4000000060
69888  33.819  -52.685  -9.522 0.8000000119
69889  33.307  -52.938  -9.329 0.6999999881
69890  32.758  -53.151  -9.146 0.8000000119
69892  31.323  -52.665  -9.227 0.6999999881
69893  30.544  -52.993  -9.710 0.8000000119
69910  34.136  -52.923  -9.937 0.8000000119
69911  30.124  -52.921  -10.037 0.8000000119
69913  29.253  -52.726  -10.467 0.8000000119
69914  25.201  -52.301  -9.743 0.4000000060
69915  25.052  -52.707  -9.898 0.4000000060
69924  34.572  -52.681  -10.898 0.6000000238
69925  34.386  -53.091  -10.501 0.8000000119
69926  29.127  -53.269  -10.730 0.6999999881
69927  28.797  -52.752  -10.745 0.6999999881
69930  24.290  -52.844  -10.973 0.5000000000
69939  34.538  -52.938  -11.264 0.6999999881
69941  27.934  -52.673  -11.360 0.6999999881
69943  27.044  -52.896  -11.661 0.6999999881
69944  26.446  -52.923  -11.915 0.6000000238
69946  23.143  -52.969  -11.743 0.6000000238
69947  22.439  -53.065  -12.054 0.6000000238
69950  33.989  -52.718  -12.074 0.6999999881
69951  33.669  -53.108  -12.358 0.6000000238
69952  25.921  -52.889  -12.174 0.6000000238
69953  25.436  -52.887  -12.489 0.6000000238
69955  22.456  -52.785  -12.682 0.5000000000
69957  21.242  -53.012  -12.761 0.5000000000
69971  33.356  -52.931  -12.897 0.6000000238
69972  25.330  -52.387  -12.934 0.6000000238
69973  24.466  -52.791  -13.443 0.5000000000
69974  22.096  -52.439  -12.923 0.5000000000
69975  21.462  -52.436  -12.930 0.5000000000
69976  21.185  -52.691  -12.851 0.5000000000
69977  20.683  -52.679  -13.083 0.4000000060
69989  32.597  -52.824  -13.761 0.6999999881
69990  32.203  -53.104  -13.869 0.6000000238
69993  23.597  -52.826  -14.133 0.5000000000
70005  32.341  -52.661  -14.024 0.6000000238
70007  31.280  -53.031  -14.656 0.6000000238
70008  23.634  -52.359  -14.393 0.5000000000
70009  23.284  -52.560  -14.604 0.5000000000
70010  22.768  -52.776  -14.807 0.5000000000
70019  37.241  -52.673  -15.359 0.4000000060
70022  35.651  -52.944  -15.118 0.5000000000
70024  31.506  -52.583  -14.850 0.6000000238
70025  31.070  -52.636  -15.059 0.6000000238
70035  39.092  -52.645  -15.936 0.4000000060
70036  39.066  -53.193  -16.276 0.4000000060
70037  37.802  -52.837  -15.609 0.4000000060
70038  37.327  -53.139  -15.551 0.5000000000
70039  34.994  -52.578  -15.306 0.5000000000
70040  34.588  -52.997  -15.439 0.5000000000
70042  30.017  -52.667  -15.684 0.6999999881
70044  29.059  -52.974  -16.069 0.6000000238
70053  39.580  -52.840  -16.432 0.4000000060
70054  33.560  -52.867  -16.293 0.5000000000
70055  33.063  -52.816  -16.788 0.6000000238
70057  28.569  -52.825  -16.451 0.6000000238
70059  27.673  -52.968  -17.046 0.6000000238
70067  40.266  -52.775  -17.215 0.4000000060
70070  32.421  -52.864  -17.871 0.6000000238
70071  27.831  -52.402  -17.273 0.6000000238
70072  27.395  -52.751  -17.562 0.6000000238
70073  27.006  -53.124  -17.887 0.6000000238
70080  40.409  -53.104  -18.406 0.4000000060
70081  32.657  -52.475  -17.808 0.6999999881
70082  32.187  -52.459  -18.111 0.6999999881
70084  31.508  -52.629  -18.013 0.6999999881
70086  27.418  -52.770  -18.127 0.6000000238
70095  30.882  -52.665  -17.750 0.6999999881
70096  30.364  -52.733  -18.161 0.6999999881
70097  29.553  -52.779  -18.734 0.6999999881
70098  28.741  -52.738  -18.795 0.6999999881
70099  27.969  -52.693  -18.782 0.5000000000
71313  33.377  -52.084  -8.975 0.6999999881
71314  32.823  -52.073  -8.765 0.6999999881
71316  31.611  -51.832  -8.851 0.6999999881
71317  26.602  -52.410  -8.708 0.4000000060
71319  25.861  -51.762  -9.171 0.4000000060
71329  33.864  -52.123  -9.350 0.6999999881
71330  33.462  -52.477  -9.247 0.6999999881
71331  31.236  -52.179  -9.184 0.6999999881
71332  30.773  -52.002  -9.542 0.6999999881
71334  25.939  -52.327  -9.240 0.4000000060
71335  25.526  -52.066  -9.503 0.4000000060
71336  25.094  -51.821  -9.748 0.4000000060
71351  34.547  -51.877  -10.113 0.6000000238
71352  34.222  -52.349  -9.776 0.6999999881
71353  30.344  -52.404  -9.810 0.6999999881
71354  29.930  -51.988  -9.953 0.6999999881
71355  29.347  -52.123  -10.169 0.6000000238
71356  24.869  -52.186  -10.188 0.4000000060
71369  34.739  -52.012  -10.793 0.6000000238
71371  28.453  -52.216  -10.830 0.6000000238
71372  24.515  -52.319  -10.834 0.5000000000
71379  34.597  -52.378  -11.387 0.6999999881
71380  34.283  -52.408  -11.840 0.6999999881
71382  27.678  -52.163  -11.472 0.6000000238
71383  27.264  -52.229  -11.715 0.6999999881
71384  26.776  -52.346  -11.974 0.6999999881
71385  23.922  -52.280  -11.751 0.5000000000
71386  23.441  -52.563  -11.869 0.6000000238
71395  34.435  -51.931  -11.863 0.6000000238
71397  26.944  -51.777  -12.028 0.6999999881
71399  25.990  -51.463  -12.534 0.6999999881
71401  22.664  -52.311  -12.690 0.6000000238
71413  33.863  -51.976  -12.787 0.6000000238
71414  33.444  -52.335  -13.101 0.6000000238
71415  25.530  -51.683  -12.829 0.6999999881
71416  25.124  -51.833  -13.124 0.6999999881
71418  21.528  -51.880  -13.102 0.5000000000
71419  20.960  -51.871  -12.950 0.5000000000
71420  20.951  -52.474  -12.946 0.5000000000
71429  33.625  -51.778  -13.300 0.6000000238
71431  32.688  -52.359  -13.807 0.6999999881
71432  24.756  -51.558  -13.557 0.6999999881
71433  24.250  -51.566  -13.955 0.5000000000
71436  20.760  -51.929  -13.178 0.4000000060
71445  32.338  -52.156  -14.298 0.6000000238
71446  23.898  -51.927  -14.356 0.5000000000
71447  23.407  -51.977  -14.923 0.5000000000
71448  23.032  -52.285  -14.998 0.5000000000
71449  21.231  -51.596  -13.996 0.5000000000
71459  38.383  -51.765  -15.286 0.5000000000
71460  37.807  -51.902  -15.195 0.5000000000
71461  37.234  -52.110  -15.245 0.4000000060
71462  36.652  -52.420  -15.232 0.5000000000
71463  36.001  -52.407  -15.268 0.5000000000
71465  31.788  -52.155  -14.720 0.6000000238
71467  30.737  -52.105  -15.270 0.6000000238
71468  22.993  -51.821  -15.313 0.5000000000
71470  21.950  -51.812  -14.829 0.5000000000
71471  21.442  -52.118  -14.755 0.4000000060
71472  20.936  -52.044  -14.396 0.4000000060
71482  38.732  -52.197  -15.601 0.4000000060
71483  38.141  -52.301  -15.444 0.4000000060
71484  35.697  -51.886  -15.509 0.6000000238
71486  34.501  -52.465  -15.784 0.5000000000
71487  33.976  -52.453  -16.156 0.6000000238
71488  30.246  -52.073  -15.556 0.6000000238
71489  29.760  -51.998  -15.964 0.6999999881
71499  34.293  -51.886  -16.314 0.6000000238
71501  33.080  -52.422  -17.307 0.6999999881
71502  29.278  -51.820  -16.418 0.6000000238
71503  28.843  -51.675  -16.960 0.6000000238
71504  28.409  -52.206  -16.971 0.6000000238
71514  33.489  -51.932  -17.575 0.6999999881
71515  30.880  -51.545  -17.878 0.6999999881
71516  28.474  -51.618  -17.364 0.6000000238
71517  28.106  -51.942  -17.497 0.6000000238
71527  32.107  -51.957  -18.127 0.6999999881
71528  31.586  -52.049  -17.989 0.6999999881
71530  30.890  -52.104  -17.652 0.6999999881
71531  29.619  -51.912  -18.035 0.6999999881
71532  28.825  -51.897  -18.069 0.6000000238
71533  28.145  -52.047  -17.978 0.6000000238
71534  27.712  -52.314  -17.798 0.6000000238
71543  30.562  -52.409  -17.772 0.6999999881
71544  29.990  -52.346  -18.155 0.6999999881
71546  28.359  -52.289  -18.537 0.6999999881
72817  33.761  -51.642  -9.014 0.6999999881
72819  32.675  -51.474  -8.549 0.6999999881
72820  32.002  -51.394  -8.617 0.6999999881
72823  26.195  -51.487  -8.772 0.3000000119
72824  25.724  -51.183  -9.017 0.3000000119
72833  34.368  -51.490  -9.698 0.6999999881
72834  34.047  -51.280  -9.303 0.6999999881
72835  31.083  -51.583  -9.155 0.6999999881
72836  30.556  -51.526  -9.488 0.6999999881
72837  30.050  -51.504  -9.735 0.6999999881
72838  25.410  -51.475  -9.436 0.4000000060
72857  29.480  -51.567  -9.970 0.6000000238
72858  28.974  -51.633  -10.249 0.6000000238
72859  28.636  -51.140  -10.348 0.5000000000
72860  24.660  -51.275  -10.169 0.4000000060
72861  24.430  -51.023  -10.543 0.5000000000
72873  34.859  -51.283  -10.849 0.6000000238
72874  28.533  -51.672  -10.578 0.5000000000
72875  28.125  -51.659  -10.909 0.5000000000
72876  27.935  -51.046  -11.003 0.5000000000
72877  24.560  -51.674  -10.625 0.5000000000
72878  24.269  -51.281  -11.172 0.5000000000
72887  27.772  -51.634  -11.271 0.6000000238
72888  27.601  -51.117  -11.649 0.5000000000
72900  34.610  -51.335  -11.926 0.6999999881
72901  34.236  -51.636  -12.381 0.6000000238
72902  26.895  -51.214  -12.241 0.5000000000
72903  26.393  -51.202  -12.381 0.6999999881
72904  26.050  -50.918  -12.486 0.6000000238
72905  23.597  -50.861  -12.172 0.5000000000
72916  23.122  -50.996  -12.684 0.6000000238
72917  22.448  -51.097  -13.099 0.6999999881
72925  33.762  -51.316  -13.518 0.6000000238
72926  33.375  -51.566  -13.788 0.6000000238
72927  24.318  -50.889  -13.868 0.5000000000
72928  22.149  -50.902  -13.730 0.5000000000
72929  21.780  -51.337  -13.883 0.5000000000
72937  33.751  -51.055  -14.070 0.6000000238
72939  32.635  -51.522  -14.439 0.6000000238
72940  32.049  -51.572  -14.644 0.6999999881
72942  23.427  -51.035  -14.842 0.5000000000
72943  21.908  -51.370  -14.405 0.5000000000
72952  37.987  -51.366  -15.263 0.5000000000
72953  37.357  -51.558  -15.279 0.5000000000
72955  36.243  -51.978  -15.350 0.5000000000
72957  32.288  -51.107  -14.765 0.6000000238
72959  30.962  -51.532  -15.301 0.6999999881
72962  22.766  -51.358  -15.144 0.5000000000
72963  22.248  -51.238  -14.938 0.5000000000
72975  36.847  -51.205  -15.553 0.4000000060
72977  34.827  -51.469  -16.238 0.6000000238
72978  31.522  -50.797  -15.369 0.6999999881
72980  30.475  -51.030  -15.869 0.8000000119
72981  30.043  -51.462  -15.891 0.6000000238
72991  34.434  -51.241  -16.754 0.6000000238
72993  29.943  -50.292  -16.901 0.8000000119
72994  29.616  -50.745  -16.986 0.6999999881
72995  29.272  -51.211  -16.972 0.6999999881
73004  34.207  -51.055  -17.442 0.6000000238
73006  31.240  -51.096  -17.967 0.6999999881
73008  30.236  -51.023  -17.806 0.6999999881
73010  28.887  -51.305  -17.406 0.6999999881
73020  32.766  -51.346  -18.230 0.6000000238
73021  32.100  -51.489  -18.149 0.6999999881
73022  31.610  -51.556  -18.024 0.6999999881
73023  31.227  -51.565  -17.949 0.6999999881
73024  29.891  -51.388  -17.803 0.6999999881
73025  29.128  -51.350  -17.702 0.6000000238
74460  33.704  -51.126  -8.820 0.6999999881
74461  33.127  -50.904  -8.541 0.6000000238
74463  31.688  -50.866  -8.604 0.5000000000
74464  31.129  -51.055  -8.886 0.6999999881
74468  25.051  -50.290  -9.148 0.3000000119
74481  34.002  -50.738  -9.266 0.6999999881
74482  30.729  -51.175  -9.178 0.6000000238
74483  30.231  -51.008  -9.431 0.6000000238
74484  29.586  -51.094  -9.712 0.6000000238
74485  29.126  -50.626  -9.731 0.5000000000
74487  24.727  -50.565  -9.561 0.4000000060
74488  24.316  -50.245  -9.800 0.4000000060
74503  34.665  -50.587  -10.055 0.5000000000
74505  28.757  -50.734  -10.144 0.5000000000
74507  24.525  -50.804  -9.993 0.4000000060
74518  34.843  -50.778  -10.537 0.6000000238
74519  28.047  -50.536  -10.857 0.4000000060
74533  27.403  -50.681  -11.901 0.5000000000
74534  27.107  -50.826  -12.167 0.5000000000
74542  34.849  -50.726  -11.997 0.6999999881
74543  26.453  -50.593  -12.266 0.5000000000
74544  25.834  -50.389  -12.515 0.6000000238
74545  23.678  -50.036  -12.111 0.5000000000
74556  25.374  -50.203  -13.198 0.4000000060
74557  22.879  -50.415  -13.106 0.6000000238
74564  34.517  -50.552  -13.470 0.6999999881
74565  34.135  -50.927  -13.506 0.6000000238
74566  24.163  -50.261  -14.145 0.6999999881
74567  22.558  -50.512  -14.111 0.6999999881
74568  22.194  -50.881  -14.481 0.5000000000
74577  33.372  -50.896  -14.496 0.6000000238
74578  23.693  -50.492  -14.414 0.5000000000
74579  23.202  -50.585  -14.588 0.5000000000
74580  22.707  -50.639  -14.632 0.5000000000
74588  33.175  -50.578  -14.922 0.6000000238
74589  32.105  -50.855  -15.389 0.6999999881
74590  22.982  -50.971  -14.983 0.5000000000
74591  22.507  -50.936  -14.927 0.5000000000
74602  39.396  -50.652  -15.740 0.5000000000
74604  38.174  -50.713  -15.576 0.4000000060
74605  37.524  -50.324  -15.989 0.5000000000
74607  35.557  -50.816  -16.541 0.6000000238
74609  32.310  -50.310  -15.570 0.6999999881
74611  31.166  -50.335  -15.700 0.6999999881
74612  30.619  -50.342  -15.935 0.8000000119
74623  36.554  -50.371  -16.393 0.6000000238
74625  34.656  -50.773  -17.236 0.6000000238
74635  35.182  -50.560  -17.181 0.6000000238
74638  30.897  -50.606  -17.690 0.6999999881
74640  29.838  -50.597  -17.339 0.8000000119
74650  33.609  -50.423  -18.245 0.6999999881
74651  32.982  -50.643  -18.323 0.6999999881
74652  32.276  -50.838  -18.169 0.6999999881
76011  32.069  -49.864  -8.211 0.5000000000
76012  31.451  -49.799  -8.201 0.5000000000
76026  33.129  -50.226  -8.706 0.5000000000
76030  30.420  -50.135  -8.729 0.5000000000
76031  29.835  -49.983  -8.921 0.5000000000
76033  25.410  -50.005  -8.763 0.3000000119
76034  24.745  -49.738  -8.874 0.3000000119
76045  34.387  -50.402  -9.584 0.6999999881
76046  33.945  -50.178  -9.302 0.5000000000
76048  29.478  -50.287  -9.324 0.5000000000
76049  28.959  -50.024  -9.604 0.4000000060
76051  24.173  -49.474  -9.848 0.4000000060
76062  34.546  -50.029  -9.949 0.5000000000
76063  28.611  -50.207  -10.124 0.5000000000
76064  28.227  -49.972  -10.634 0.3000000119
76065  24.205  -49.886  -10.241 0.4000000060
76074  27.924  -50.028  -11.028 0.4000000060
76075  27.697  -49.879  -11.280 0.4000000060
76076  27.450  -49.603  -11.336 0.4000000060
76085  34.921  -50.133  -11.191 0.6000000238
76086  27.373  -50.068  -11.615 0.4000000060
76088  26.573  -49.691  -12.162 0.4000000060
76089  23.975  -49.920  -11.523 0.5000000000
76099  26.952  -50.217  -12.032 0.4000000060
76101  25.780  -49.704  -12.792 0.4000000060
76102  23.250  -49.337  -12.675 0.5000000000
76111  34.743  -50.263  -13.095 0.6999999881
76112  24.807  -49.932  -13.660 0.4000000060
76113  23.006  -49.754  -13.084 0.5000000000
76123  34.787  -50.161  -13.644 0.6999999881
76124  24.346  -49.776  -13.955 0.6999999881
76125  23.051  -49.701  -14.055 0.6999999881
76133  34.845  -50.032  -14.194 0.6999999881
76135  23.848  -49.802  -14.177 0.6999999881
76136  23.355  -50.000  -14.253 0.6999999881
76137  22.944  -50.212  -14.257 0.6999999881
76143  34.435  -49.751  -15.171 0.4000000060
76144  33.986  -50.052  -15.013 0.6000000238
76145  33.492  -50.138  -15.199 0.6000000238
76155  39.494  -49.984  -15.787 0.5000000000
76156  38.053  -50.145  -15.964 0.5000000000
76157  37.000  -50.196  -16.298 0.6000000238
76159  33.191  -49.587  -15.598 0.6000000238
76161  31.365  -49.587  -16.454 0.6999999881
76162  30.888  -49.938  -16.107 0.6999999881
76174  36.228  -50.168  -17.086 0.6000000238
76175  31.273  -49.492  -17.154 0.8000000119
76177  30.460  -50.152  -16.431 0.8000000119
76187  36.422  -49.838  -17.883 0.6000000238
76188  35.874  -50.011  -17.785 0.6000000238
76189  35.368  -50.162  -17.825 0.6000000238
76191  31.446  -49.667  -17.690 0.6999999881
76192  31.026  -50.078  -17.378 0.8000000119
76193  30.531  -50.184  -17.130 0.8000000119
76203  35.979  -49.675  -18.346 0.6000000238
76205  35.004  -49.900  -18.488 0.6000000238
76206  33.841  -49.823  -18.244 0.6999999881
76207  33.189  -49.903  -18.241 0.6999999881
76209  31.812  -50.243  -18.006 0.6999999881
77550  31.842  -49.249  -8.106 0.5000000000
77552  30.531  -49.176  -8.145 0.4000000060
77564  33.538  -49.892  -8.977 0.5000000000
77565  33.152  -49.703  -8.699 0.5000000000
77566  32.807  -49.276  -8.684 0.4000000060
77567  30.785  -49.734  -8.323 0.5000000000
77569  29.685  -49.492  -8.762 0.4000000060
77572  24.157  -48.652  -9.321 0.3000000119
77585  34.002  -49.531  -9.405 0.5000000000
77587  28.802  -49.453  -9.449 0.4000000060
77589  24.309  -49.364  -9.220 0.4000000060
77590  24.040  -48.833  -9.748 0.4000000060
77603  34.402  -49.607  -9.775 0.5000000000
77604  34.351  -49.088  -9.773 0.6000000238
77605  28.529  -49.682  -10.006 0.4000000060
77606  28.195  -49.382  -10.483 0.3000000119
77607  27.881  -49.114  -10.689 0.3000000119
77616  34.486  -49.478  -10.294 0.6000000238
77617  34.264  -48.853  -10.281 0.6000000238
77618  27.893  -49.520  -10.975 0.3000000119
77620  26.928  -49.420  -11.326 0.4000000060
77628  26.397  -49.325  -11.836 0.4000000060
77629  25.669  -49.004  -12.043 0.3000000119
77630  23.651  -48.392  -11.825 0.4000000060
77631  23.528  -48.586  -12.383 0.4000000060
77638  34.946  -49.564  -12.172 0.6000000238
77639  26.038  -49.442  -12.340 0.4000000060
77641  24.705  -48.691  -12.772 0.5000000000
77642  23.549  -49.035  -12.125 0.4000000060
77651  35.028  -49.336  -12.701 0.6000000238
77652  24.489  -48.942  -13.244 0.5000000000
77654  23.260  -49.044  -13.111 0.5000000000
77662  35.340  -49.390  -13.711 0.6000000238
77663  24.423  -49.322  -13.657 0.4000000060
77664  24.009  -49.332  -13.866 0.5000000000
77665  23.419  -49.467  -14.005 0.5000000000
77675  35.276  -49.595  -14.287 0.5000000000
77676  34.920  -49.805  -14.757 0.6000000238
77682  35.502  -49.175  -15.155 0.4000000060
77692  40.255  -49.209  -15.903 0.5000000000
77695  38.322  -49.618  -16.178 0.5000000000
77697  34.350  -49.077  -15.699 0.5000000000
77699  32.915  -49.061  -16.190 0.6999999881
77700  32.383  -49.026  -16.468 0.6999999881
77701  31.880  -49.229  -16.459 0.6999999881
77712  37.959  -49.387  -16.778 0.5000000000
77713  37.428  -49.508  -17.105 0.6000000238
77715  33.926  -48.575  -16.534 0.5000000000
77716  33.251  -48.568  -16.711 0.6000000238
77718  31.515  -49.027  -17.086 0.6999999881
77730  37.499  -49.217  -18.050 0.6000000238
77733  32.311  -48.889  -17.551 0.6999999881
77734  31.577  -48.962  -17.480 0.6999999881
77745  37.058  -49.169  -18.306 0.6000000238
77747  35.946  -49.235  -18.504 0.6000000238
77749  34.772  -49.432  -18.411 0.6000000238
77750  34.101  -49.261  -18.079 0.6999999881
77752  32.693  -49.247  -17.937 0.6999999881
79101  32.378  -48.878  -8.446 0.4000000060
79102  31.912  -48.551  -8.111 0.4000000060
79105  29.914  -48.250  -8.246 0.4000000060
79122  33.639  -48.526  -9.106 0.6000000238
79125  29.870  -48.976  -8.377 0.4000000060
79126  29.448  -48.449  -8.702 0.4000000060
79127  28.914  -48.577  -8.932 0.4000000060
79129  24.403  -48.346  -8.849 0.3000000119
79130  23.943  -48.072  -9.401 0.4000000060
79145  33.943  -48.823  -9.446 0.5000000000
79146  28.623  -48.876  -9.290 0.3000000119
79147  28.233  -48.545  -9.706 0.3000000119
79160  28.045  -48.869  -10.228 0.3000000119
79161  27.693  -48.749  -10.334 0.3000000119
79162  27.149  -48.642  -10.422 0.3000000119
79163  26.567  -48.436  -10.617 0.3000000119
79164  23.846  -48.042  -10.645 0.4000000060
79174  34.154  -48.591  -10.811 0.6000000238
79175  26.855  -49.055  -10.884 0.3000000119
79177  25.509  -48.374  -11.261 0.4000000060
79178  23.877  -48.179  -11.261 0.4000000060
79186  34.462  -48.853  -11.235 0.6000000238
79187  34.114  -48.418  -11.304 0.6000000238
79188  25.919  -48.906  -11.544 0.3000000119
79190  24.415  -48.158  -11.881 0.4000000060
79201  24.163  -48.335  -12.367 0.5000000000
79209  35.254  -49.092  -13.163 0.6000000238
79210  35.018  -48.742  -12.686 0.5000000000
79211  23.966  -48.551  -12.841 0.5000000000
79212  23.507  -48.656  -12.761 0.5000000000
79219  35.983  -48.444  -13.789 0.5000000000
79227  35.874  -48.848  -14.199 0.5000000000
79228  35.573  -49.196  -14.072 0.5000000000
79246  39.371  -49.027  -16.066 0.5000000000
79247  35.285  -48.558  -16.189 0.4000000060
79260  39.051  -48.873  -16.675 0.5000000000
79262  35.175  -48.326  -16.908 0.4000000060
79263  34.177  -48.210  -17.245 0.6000000238
79264  33.519  -48.166  -17.340 0.6000000238
79265  32.961  -48.156  -17.454 0.6000000238
79279  35.185  -48.366  -17.797 0.5000000000
79281  33.861  -48.193  -17.685 0.6000000238
79282  33.320  -48.160  -17.653 0.6999999881
79291  38.619  -48.611  -18.489 0.6000000238
79292  38.135  -48.723  -18.521 0.6000000238
79293  37.499  -48.861  -18.449 0.4000000060
79294  36.812  -48.888  -18.421 0.4000000060
79296  35.595  -48.852  -18.352 0.6000000238
79297  34.979  -48.864  -18.171 0.6999999881
79299  33.601  -48.454  -17.863 0.6999999881
80732  31.932  -48.001  -8.118 0.4000000060
80733  30.999  -47.765  -8.081 0.4000000060
80734  30.416  -47.964  -8.059 0.4000000060
80752  33.502  -48.032  -9.013 0.6000000238
80753  33.008  -47.939  -8.780 0.5000000000
80754  29.480  -47.878  -8.473 0.4000000060
80755  28.951  -48.084  -8.764 0.4000000060
80758  23.779  -47.687  -9.073 0.3000000119
80770  33.594  -47.728  -9.211 0.6000000238
80772  28.154  -47.953  -9.510 0.4000000060
80773  27.779  -47.829  -9.636 0.4000000060
80774  27.169  -47.713  -9.675 0.4000000060
80775  23.627  -47.582  -9.624 0.4000000060
80782  33.986  -48.086  -9.834 0.6000000238
80784  27.447  -48.262  -9.997 0.4000000060
80786  26.251  -47.918  -10.220 0.4000000060
80787  25.542  -47.696  -10.273 0.4000000060
80788  24.886  -47.495  -10.380 0.4000000060
80797  33.540  -47.659  -10.766 0.6000000238
80799  25.075  -47.866  -10.887 0.3000000119
80801  23.991  -47.912  -10.792 0.4000000060
80808  33.903  -48.031  -11.621 0.5000000000
80810  24.697  -48.022  -11.407 0.4000000060
80818  34.138  -47.951  -12.138 0.5000000000
80825  36.090  -47.523  -13.275 0.5000000000
80827  35.173  -47.957  -12.831 0.5000000000
80828  34.494  -47.776  -12.581 0.5000000000
80845  36.593  -47.885  -14.029 0.5000000000
80846  36.270  -48.363  -14.318 0.4000000060
80855  36.660  -47.952  -14.637 0.4000000060
80856  36.340  -48.449  -15.167 0.4000000060
80878  36.028  -47.937  -17.296 0.4000000060
80890  36.618  -47.776  -17.691 0.4000000060
80891  36.416  -48.406  -18.031 0.4000000060
80901  37.036  -48.342  -18.255 0.4000000060
82402  32.224  -47.431  -8.179 0.5000000000
82403  31.745  -47.164  -8.289 0.4000000060
82405  30.519  -47.240  -8.081 0.4000000060
82407  29.206  -46.887  -8.358 0.3000000119
82421  28.705  -47.120  -8.623 0.4000000060
82423  27.853  -46.880  -9.034 0.5000000000
82430  33.706  -47.670  -9.656 0.6000000238
82431  33.345  -47.262  -9.305 0.5000000000
82432  28.019  -47.414  -9.257 0.4000000060
82434  26.915  -47.060  -9.487 0.3000000119
82436  25.606  -46.649  -9.714 0.4000000060
82438  23.555  -46.675  -9.402 0.3000000119
82443  33.403  -47.399  -10.271 0.6000000238
82444  26.587  -47.491  -9.823 0.4000000060
82447  24.372  -47.164  -10.155 0.4000000060
82448  23.894  -47.129  -10.002 0.4000000060
82449  23.759  -46.625  -9.721 0.4000000060
82456  33.244  -47.371  -10.919 0.6000000238
82457  24.020  -47.552  -10.395 0.4000000060
82463  33.742  -47.594  -11.870 0.5000000000
82464  32.898  -47.141  -11.400 0.6000000238
82465  32.763  -46.915  -11.892 0.5000000000
82481  35.521  -47.501  -12.948 0.5000000000
82482  34.816  -47.359  -12.775 0.5000000000
82491  36.556  -47.488  -13.661 0.5000000000
84125  31.624  -46.751  -8.269 0.4000000060
84126  30.342  -46.536  -8.136 0.4000000060
84129  28.571  -46.131  -8.455 0.3000000119
84142  32.988  -47.037  -8.873 0.5000000000
84143  32.746  -46.572  -8.861 0.5000000000
84144  28.695  -46.634  -8.613 0.4000000060
84146  27.601  -46.357  -8.822 0.5000000000
84149  23.565  -46.285  -9.231 0.3000000119
84157  27.239  -46.755  -9.079 0.5000000000
84158  26.625  -46.349  -9.367 0.4000000060
84160  25.266  -46.108  -9.417 0.3000000119
84161  24.640  -46.147  -9.416 0.3000000119
84162  23.991  -46.182  -9.536 0.3000000119
84163  23.696  -46.285  -9.521 0.3000000119
84169  33.117  -46.912  -9.908 0.5000000000
84171  24.850  -46.607  -9.688 0.4000000060
84180  33.044  -46.999  -10.674 0.6000000238
84186  32.566  -46.631  -11.584 0.6000000238
84192  32.950  -46.728  -12.288 0.5000000000
84193  32.548  -46.515  -12.150 0.5000000000
84199  35.851  -46.991  -13.045 0.5000000000
84201  34.565  -46.741  -12.838 0.5000000000
84202  33.930  -46.449  -12.791 0.4000000060
84203  33.217  -46.436  -12.709 0.5000000000
84210  36.575  -46.477  -13.500 0.5000000000
84219  37.117  -46.434  -13.800 0.5000000000
85775  32.074  -46.412  -8.236 0.4000000060
85778  30.132  -45.997  -8.174 0.3000000119
85780  28.316  -45.547  -8.242 0.4000000060
85793  32.433  -46.152  -8.607 0.5000000000
85796  27.236  -45.750  -8.641 0.4000000060
85797  26.525  -45.910  -8.800 0.3000000119
85807  32.949  -46.178  -9.742 0.5000000000
85808  32.566  -45.638  -9.126 0.5000000000
85809  26.149  -45.910  -9.174 0.3000000119
85810  25.574  -45.694  -9.285 0.3000000119
85812  24.485  -45.843  -9.173 0.3000000119
85823  32.458  -46.160  -11.089 0.6000000238
85838  32.353  -46.076  -12.434 0.6000000238
85848  35.609  -46.053  -13.129 0.5000000000
85849  35.182  -45.711  -13.104 0.5000000000
85850  34.670  -45.707  -13.035 0.5000000000
85861  36.088  -45.937  -13.450 0.5000000000
87464  30.407  -44.946  -8.004 0.3000000119
87465  29.362  -45.099  -7.954 0.3000000119
87482  32.333  -45.087  -9.032 0.4000000060
87483  32.073  -45.048  -8.629 0.3000000119
87506  32.565  -45.245  -10.169 0.4000000060
87513  32.463  -45.416  -10.778 0.4000000060
87520  31.997  -45.163  -11.742 0.5000000000
87533  34.251  -45.291  -13.218 0.4000000060
87535  32.816  -45.391  -13.098 0.4000000060
87555  36.736  -45.250  -14.000 0.4000000060
89112  31.551  -44.257  -8.159 0.3000000119
89114  30.214  -44.491  -7.878 0.4000000060
89133  32.150  -44.531  -8.889 0.3000000119
89134  31.823  -44.709  -8.409 0.3000000119
89152  32.458  -44.733  -9.982 0.4000000060
89162  32.370  -44.826  -10.551 0.4000000060
89163  32.047  -44.389  -10.969 0.4000000060
89170  31.239  -44.529  -12.168 0.4000000060
90741  30.173  -43.443  -7.563 0.4000000060
90763  31.690  -43.656  -8.214 0.3000000119
90765  30.554  -43.925  -7.773 0.4000000060
90766  29.847  -44.023  -7.677 0.4000000060
90787  31.873  -44.121  -8.531 0.3000000119
90799  32.310  -44.138  -9.373 0.3000000119
90800  32.068  -43.595  -9.369 0.4000000060
90815  32.405  -44.314  -9.801 0.3000000119
90816  32.254  -43.891  -9.895 0.4000000060
90835  31.756  -43.853  -11.249 0.4000000060
90849  29.937  -44.142  -12.795 0.4000000060
90862  29.350  -44.299  -13.346 0.3000000119
90863  28.686  -43.921  -13.327 0.3000000119
92343  31.767  -43.128  -8.400 0.3000000119
92344  31.332  -43.155  -8.001 0.5000000000
92363  31.876  -43.087  -9.040 0.3000000119
92391  31.830  -43.125  -10.273 0.4000000060
92402  31.611  -43.235  -10.932 0.4000000060
92413  31.058  -43.013  -11.341 0.4000000060
92414  30.339  -43.010  -11.729 0.4000000060
92415  29.689  -42.922  -11.980 0.3000000119
92427  29.630  -43.573  -12.405 0.3000000119
93971  31.650  -42.648  -8.735 0.5000000000
93972  31.416  -42.261  -8.369 0.5000000000
93988  31.482  -42.137  -9.026 0.5000000000
94004  31.702  -42.634  -9.998 0.4000000060
94018  31.502  -42.787  -10.511 0.4000000060
94019  31.145  -42.500  -10.825 0.4000000060
94031  30.259  -42.422  -11.524 0.3000000119
268272  32.176  -50.407  -8.473 0.5000000000
268389  34.759  -50.485  -12.552 0.6999999881
270272  22.564  -59.465  -4.247 0.3000000119
270555  34.033  -53.289  -11.848 0.6999999881
270582  24.127  -49.886  -10.848 0.4000000060
270626  22.815  -49.941  -13.931 0.6999999881
270653  34.911  -49.921  -12.649 0.6000000238
270751  23.997  -49.217  -10.618 0.4000000060
270803  29.440  -53.575  -18.830 0.5000000000
271091  39.266  -49.477  -15.882 0.5000000000
271394  28.665  -53.255  -10.933 0.6999999881
271473  34.064  -53.935  -11.173 0.8000000119
271560  31.019  -46.635  -8.139 0.4000000060
272313  25.063  -53.905  -12.206 0.6000000238
272586  29.814  -45.508  -8.095 0.3000000119
272901  19.935  -66.555  -5.050 0.3000000119
273035  21.178  -64.883  -7.188 0.5000000000
273084  18.814  -66.879  -4.573 0.3000000119
273659  34.031  -48.328  -10.315 0.6000000238
273667  28.522  -54.298  -16.048 0.6000000238
274009  27.237  -53.730  -11.537 0.6000000238
274066  21.952  -52.429  -15.124 0.4000000060
274841  35.057  -50.417  -11.573 0.6000000238
275289  27.159  -53.850  -16.570 0.6000000238
275305  37.860  -56.118  -17.663 0.4000000060
275307  30.230  -53.682  -18.649 0.6999999881
275546  38.222  -53.221  -15.863 0.4000000060
276084  31.590  -47.628  -8.159 0.4000000060
276118  34.860  -51.000  -11.455 0.6000000238
276119  29.590  -46.020  -8.263 0.3000000119
276132  30.846  -48.263  -8.060 0.4000000060
276157  28.011  -55.622  -11.025 0.6000000238
276160  34.915  -49.839  -11.637 0.6000000238
276511  31.166  -45.486  -8.001 0.3000000119
277158  21.723  -55.729  -10.337 0.5000000000
277259  30.655  -55.433  -10.014 0.6999999881
277876  29.881  -50.767  -16.414 0.6999999881
277925  31.823  -49.774  -15.905 0.6999999881
278138  24.037  -53.306  -11.081 0.5000000000
278257  40.385  -52.929  -17.747 0.4000000060
278379  29.629  -55.297  -14.823 0.5000000000
278568  45.054  -58.331  -23.771 0.3000000119
279129  27.450  -51.676  -11.659 0.6000000238
279175  34.463  -49.807  -18.354 0.6000000238
280016  29.308  -55.866  -10.512 0.6999999881
280185  38.927  -49.815  -15.850 0.5000000000
280383  31.123  -54.346  -14.584 0.6999999881
281373  25.466  -54.048  -9.394 0.4000000060
281510  33.951  -50.787  -17.919 0.6000000238
281536  21.091  -52.512  -14.941 0.4000000060
281767  31.920  -54.638  -13.845 0.6999999881
282332  31.489  -48.802  -7.903 0.4000000060
282648  32.629  -50.738  -15.219 0.6000000238
283134  22.815  -61.720  -5.296 0.4000000060
283277  33.224  -51.672  -18.065 0.6000000238
284060  33.246  -47.212  -11.937 0.5000000000
284738  29.919  -44.986  -7.961 0.3000000119
285899  27.537  -53.172  -11.413 0.6000000238
285939  21.757  -63.020  -8.347 0.5000000000
286148  33.326  -55.095  -10.963 0.8000000119
286200  21.162  -55.974  -10.123 0.4000000060
286409  20.945  -65.371  -6.309 0.5000000000
286713  23.653  -47.142  -9.717 0.4000000060
286881  34.054  -51.691  -9.399 0.6999999881
287100  33.019  -53.915  -16.737 0.6000000238
287766  34.727  -49.194  -11.695 0.6000000238
287768  24.899  -52.326  -13.362 0.5000000000
287845  27.092  -55.907  -10.994 0.6000000238
287950  30.251  -52.080  -17.935 0.6999999881
288156  24.910  -56.909  -11.486 0.5000000000
288594  29.011  -44.646  -7.847 0.4000000060
288812  23.574  -58.792  -5.394 0.4000000060
288988  31.383  -51.226  -15.236 0.6999999881
289076  22.467  -60.457  -4.424 0.4000000060
289333  23.850  -48.195  -11.854 0.4000000060
289948  24.194  -55.770  -12.424 0.4000000060
290052  31.564  -51.659  -15.018 0.6999999881
290056  30.166  -55.179  -10.355 0.6999999881
290268  36.399  -50.845  -15.907 0.5000000000
290386  36.526  -47.676  -16.841 0.4000000060
290392  31.213  -50.655  -8.669 0.5000000000
290527  33.493  -46.046  -12.893 0.4000000060
290722  25.602  -54.437  -11.597 0.6000000238
290922  32.935  -46.017  -12.960 0.4000000060
291057  22.986  -60.830  -6.825 0.4000000060
291786  29.343  -57.400  -10.163 0.6999999881
292911  28.831  -57.293  -10.223 0.6999999881
293412  37.293  -45.280  -14.266 0.5000000000
293644  32.255  -45.336  -13.090 0.4000000060
293660  32.604  -55.579  -12.828 0.6999999881
294368  20.829  -51.602  -13.308 0.5000000000
294844  26.310  -52.446  -12.191 0.6000000238
294935  37.635  -54.951  -18.204 0.4000000060
295058  33.701  -55.405  -15.814 0.5000000000
295171  25.677  -56.532  -7.206 0.4000000060
295436  26.301  -58.722  -10.586 0.5000000000
295550  30.474  -56.014  -14.228 0.6000000238
295657  24.878  -53.218  -10.039 0.5000000000
295752  29.925  -56.775  -10.190 0.6999999881
295870  25.187  -56.386  -8.064 0.4000000060
296334  25.148  -49.358  -13.024 0.4000000060
296453  29.221  -55.414  -10.714 0.6999999881
296481  21.550  -60.852  -8.944 0.5000000000
296608  29.196  -54.477  -18.098 0.5000000000
296702  32.037  -43.459  -9.958 0.4000000060
296794  29.704  -54.847  -15.093 0.5000000000
297410  37.593  -55.240  -17.655 0.4000000060
297974  22.528  -51.700  -15.207 0.5000000000
298231  24.844  -50.665  -13.517 0.6999999881
298735  34.457  -46.182  -12.903 0.4000000060
299844  31.064  -53.083  -9.417 0.8000000119
300049  32.493  -46.837  -8.482 0.5000000000
300166  22.050  -52.952  -12.719 0.5000000000
300884  34.716  -48.249  -17.264 0.6000000238
300889  32.684  -45.637  -9.730 0.5000000000
301007  36.167  -47.932  -16.475 0.4000000060
301094  34.706  -56.221  -15.083 0.5000000000
301146  26.260  -52.519  -8.969 0.4000000060
301454  22.103  -59.538  -8.127 0.4000000060
301707  30.980  -48.735  -8.000 0.4000000060
301769  35.286  -49.475  -14.808 0.5000000000
303361  22.140  -62.561  -5.089 0.4000000060
303376  31.085  -41.914  -10.404 0.4000000060
304887  32.269  -53.317  -9.103 0.8000000119
304979  37.728  -55.126  -18.846 0.4000000060
305164  27.464  -57.375  -10.578 0.5000000000
305171  31.220  -53.839  -18.275 0.6000000238
305479  27.574  -52.845  -18.561 0.6000000238
305533  27.027  -53.530  -18.438 0.6000000238
305660  30.855  -45.042  -8.049 0.3000000119
305733  32.738  -45.894  -9.439 0.5000000000
305909  20.745  -61.347  -4.175 0.4000000060
306652  28.790  -53.997  -18.457 0.5000000000
306689  39.753  -55.277  -21.126 0.4000000060
306829  30.669  -55.955  -10.148 0.6999999881
306910  35.912  -50.984  -16.027 0.6000000238
307010  28.764  -53.476  -18.821 0.5000000000
307036  31.732  -55.930  -16.850 0.6000000238
307459  30.948  -42.969  -7.813 0.4000000060
307610  22.828  -58.873  -4.338 0.3000000119
308102  25.198  -53.117  -9.627 0.4000000060
308203  35.582  -46.530  -13.005 0.5000000000
308264  23.568  -51.517  -14.821 0.5000000000
308454  24.161  -52.464  -11.276 0.5000000000
308520  32.687  -50.442  -8.556 0.6000000238
308603  32.763  -56.049  -11.094 0.6999999881
308818  23.458  -49.148  -13.603 0.5000000000
309000  20.536  -65.551  -6.589 0.5000000000
309140  36.171  -53.962  -15.151 0.5000000000
309468  22.811  -49.936  -13.527 0.5000000000
309507  36.906  -47.001  -13.700 0.5000000000
309599  34.922  -53.935  -15.059 0.5000000000
310766  30.874  -57.228  -13.102 0.6999999881
310844  34.499  -53.165  -11.002 0.8000000119
311057  32.022  -45.920  -8.234 0.4000000060
311408  34.967  -48.264  -12.665 0.5000000000
311703  29.683  -50.714  -9.464 0.5000000000
312487  24.148  -53.555  -10.821 0.5000000000
312806  37.275  -49.906  -16.518 0.6000000238
313011  31.642  -54.875  -13.934 0.6999999881
313600  27.106  -53.338  -11.561 0.6000000238
313698  22.284  -62.553  -7.750 0.5000000000
314207  21.342  -55.061  -11.143 0.5000000000
314415  32.618  -48.526  -17.369 0.6999999881
315052  23.421  -55.994  -12.833 0.4000000060
315304  34.845  -50.329  -17.843 0.6000000238
315386  26.562  -50.085  -12.203 0.4000000060
315896  29.483  -47.364  -8.266 0.4000000060
316218  23.380  -51.458  -12.298 0.6000000238
316751  37.757  -55.894  -18.641 0.5000000000
316894  44.231  -59.049  -21.617 0.3000000119
316944  21.193  -58.495  -8.886 0.5000000000
317749  34.017  -56.684  -15.146 0.5000000000
317774  30.138  -45.227  -8.040 0.3000000119
317816  37.690  -55.458  -18.996 0.4000000060
317825  31.889  -44.758  -11.483 0.4000000060
318501  31.367  -44.122  -11.729 0.4000000060
318568  34.564  -50.127  -18.105 0.6999999881
318811  30.603  -53.910  -18.553 0.6000000238
318974  38.261  -54.261  -21.437 0.5000000000
319085  23.480  -59.159  -6.362 0.4000000060
319221  39.056  -50.293  -15.725 0.5000000000
319454  34.776  -51.608  -10.478 0.6000000238
319505  24.022  -50.683  -14.235 0.5000000000
319885  24.783  -57.413  -11.411 0.5000000000
320123  23.217  -59.055  -6.752 0.4000000060
320348  41.168  -57.550  -23.041 0.3000000119
320680  39.411  -51.612  -15.749 0.5000000000
320847  20.883  -55.915  -10.423 0.4000000060
320960  21.696  -57.284  -8.906 0.5000000000
321198  27.503  -48.976  -10.714 0.3000000119
321265  21.795  -52.762  -12.868 0.5000000000
321577  22.374  -52.621  -15.122 0.4000000060
321876  24.131  -57.135  -7.646 0.4000000060
322020  38.633  -54.062  -16.927 0.4000000060
322118  32.401  -55.801  -16.530 0.5000000000
322176  32.339  -56.439  -10.841 0.6999999881
