#!ascii label  , from subject sub-v2s5x29538_ses-1 vox2ras=TkReg
577
188124  32.148  2.743  -7.699 0.0000000000
164541  26.899  -8.612  -6.568 0.0000000000
193364  29.662  5.649  -8.114 0.0000000000
212111  26.260  16.162  -8.512 0.0000000000
160397  25.053  -10.983  -6.483 0.0000000000
197448  33.178  8.100  -8.454 0.0000000000
202562  31.451  10.579  -7.346 0.0000000000
182694  28.309  0.096  -9.006 0.0000000000
176717  28.788  -2.851  -7.485 0.0000000000
182659  31.755  0.430  -6.242 0.0000000000
190738  35.325  4.335  -9.025 0.0000000000
185556  36.113  2.225  -7.648 0.0000000000
189437  30.204  3.580  -9.936 0.0000000000
267031  33.282  5.070  -11.358 0.0000000000
291496  28.117  13.417  -7.511 0.0000000000
207372  29.814  13.751  -8.610 0.0000000000
171364  28.553  -5.480  -6.571 0.0000000000
294560  30.416  8.910  -6.878 0.0000000000
288254  29.908  9.952  -6.960 0.0000000000
184190  30.450  1.227  -8.654 0.0000000000
182691  30.400  0.235  -8.267 0.0000000000
185522  31.986  1.728  -6.806 0.0000000000
161820  25.852  -9.902  -6.922 0.0000000000
192068  29.581  4.900  -9.019 0.0000000000
190775  31.615  4.537  -11.321 0.0000000000
193399  31.388  5.457  -9.122 0.0000000000
199998  33.184  9.727  -9.232 0.0000000000
197456  33.864  8.226  -10.144 0.0000000000
294005  26.433  15.458  -7.400 0.0000000000
206211  26.799  12.815  -7.385 0.0000000000
209755  27.350  15.123  -8.031 0.0000000000
214213  27.837  17.848  -13.902 0.0000000000
212149  28.828  16.251  -11.947 0.0000000000
209795  29.149  15.035  -9.888 0.0000000000
209794  29.586  14.772  -10.355 0.0000000000
207391  30.204  13.593  -9.650 0.0000000000
313096  30.017  -2.489  -6.340 0.0000000000
174050  29.026  -4.262  -7.794 0.0000000000
158919  24.539  -11.915  -6.663 0.0000000000
194758  31.488  6.603  -7.759 0.0000000000
196105  31.061  7.760  -7.209 0.0000000000
293667  32.256  9.065  -7.647 0.0000000000
202595  32.636  10.686  -8.729 0.0000000000
176720  26.855  -2.500  -7.691 0.0000000000
178200  28.555  -1.388  -8.409 0.0000000000
179616  30.144  -1.223  -7.097 0.0000000000
179600  31.130  -0.949  -5.989 0.0000000000
189434  33.721  3.944  -7.944 0.0000000000
186869  33.655  2.728  -6.996 0.0000000000
188164  36.767  3.450  -8.627 0.0000000000
186912  28.946  2.057  -9.030 0.0000000000
188149  29.322  3.095  -8.435 0.0000000000
189436  31.402  3.069  -8.847 0.0000000000
190740  32.866  4.223  -9.318 0.0000000000
267396  34.622  4.849  -10.471 0.0000000000
192115  35.186  5.570  -11.617 0.0000000000
194785  33.372  6.542  -9.420 0.0000000000
194789  34.224  6.402  -10.472 0.0000000000
203810  28.372  11.392  -7.197 0.0000000000
212129  27.512  16.735  -9.870 0.0000000000
209778  28.315  15.290  -8.666 0.0000000000
207362  29.163  13.370  -7.745 0.0000000000
203809  29.474  11.420  -6.859 0.0000000000
205024  30.996  12.226  -7.985 0.0000000000
205039  31.261  12.008  -8.875 0.0000000000
167325  26.807  -7.041  -7.276 0.0000000000
174065  27.627  -4.068  -8.354 0.0000000000
184152  33.837  1.469  -6.146 0.0000000000
181145  33.236  0.076  -5.376 0.0000000000
286129  29.135  9.144  -7.109 0.0000000000
199965  28.824  9.687  -7.047 0.0000000000
185557  30.805  1.704  -8.293 0.0000000000
184189  30.826  1.191  -8.075 0.0000000000
185538  31.771  1.900  -7.455 0.0000000000
156072  23.550  -13.152  -5.474 0.0000000000
285540  23.847  -12.703  -5.967 0.0000000000
164542  26.395  -9.074  -6.547 0.0000000000
192049  29.743  5.275  -8.652 0.0000000000
192084  30.840  5.289  -9.294 0.0000000000
307299  30.669  5.579  -8.481 0.0000000000
276922  32.609  10.452  -10.439 0.0000000000
200002  33.453  9.323  -10.346 0.0000000000
210945  26.478  15.555  -7.961 0.0000000000
209733  26.705  14.965  -7.590 0.0000000000
209732  27.032  14.739  -7.764 0.0000000000
291311  26.991  15.458  -8.218 0.0000000000
212143  29.307  15.583  -11.411 0.0000000000
209808  29.564  15.023  -10.778 0.0000000000
176693  30.207  -2.853  -5.947 0.0000000000
175393  29.830  -3.381  -6.216 0.0000000000
164554  25.144  -8.804  -7.563 0.0000000000
196107  29.705  7.184  -7.407 0.0000000000
197416  29.905  7.707  -7.068 0.0000000000
199961  31.483  9.660  -7.069 0.0000000000
199984  31.699  9.052  -7.296 0.0000000000
199983  32.025  9.648  -7.426 0.0000000000
201261  32.821  10.324  -8.294 0.0000000000
202584  32.481  10.666  -8.118 0.0000000000
212102  25.406  16.459  -7.634 0.0000000000
179655  27.704  -1.037  -8.299 0.0000000000
179671  28.433  -0.704  -8.493 0.0000000000
182675  30.909  0.446  -7.080 0.0000000000
181176  30.477  -0.360  -7.301 0.0000000000
307163  30.623  -0.380  -6.778 0.0000000000
179615  30.494  -1.023  -6.598 0.0000000000
181148  31.446  -0.523  -5.903 0.0000000000
160398  24.585  -11.399  -6.911 0.0000000000
158918  25.027  -11.949  -6.097 0.0000000000
189455  34.701  4.119  -8.273 0.0000000000
189432  35.029  3.786  -7.943 0.0000000000
288448  35.637  3.966  -8.627 0.0000000000
185575  28.652  1.665  -9.320 0.0000000000
278792  29.591  4.044  -8.912 0.0000000000
189439  29.707  3.805  -9.435 0.0000000000
285076  29.885  3.028  -8.877 0.0000000000
288087  31.130  3.221  -9.724 0.0000000000
284785  32.297  3.598  -8.844 0.0000000000
190715  31.602  3.696  -10.004 0.0000000000
192111  32.014  4.975  -12.093 0.0000000000
266845  32.564  4.262  -11.020 0.0000000000
266850  33.076  4.829  -11.622 0.0000000000
266848  34.590  4.934  -11.386 0.0000000000
267085  34.031  5.145  -11.446 0.0000000000
196124  32.341  7.436  -8.104 0.0000000000
194774  32.520  6.589  -8.484 0.0000000000
196141  33.256  7.633  -8.791 0.0000000000
196155  34.286  7.204  -10.376 0.0000000000
295105  35.214  6.961  -11.681 0.0000000000
206210  27.583  12.983  -7.304 0.0000000000
203813  26.581  11.676  -7.305 0.0000000000
203812  27.091  11.780  -7.394 0.0000000000
303115  27.436  11.369  -7.321 0.0000000000
203811  27.801  11.793  -7.364 0.0000000000
213179  28.044  17.000  -11.512 0.0000000000
214207  26.978  18.120  -13.423 0.0000000000
213165  27.687  16.992  -10.462 0.0000000000
211002  28.429  15.945  -9.474 0.0000000000
209776  29.441  14.660  -9.538 0.0000000000
208555  29.039  14.543  -8.509 0.0000000000
318856  29.665  13.536  -8.059 0.0000000000
290160  29.320  12.367  -7.233 0.0000000000
205006  29.960  12.536  -7.427 0.0000000000
275693  30.309  11.984  -7.355 0.0000000000
206218  30.333  12.893  -7.939 0.0000000000
207406  30.294  13.682  -10.092 0.0000000000
319627  30.796  12.560  -9.498 0.0000000000
205058  30.853  12.539  -10.073 0.0000000000
205057  31.275  11.963  -10.066 0.0000000000
168720  25.851  -6.681  -7.269 0.0000000000
176719  27.568  -2.511  -7.778 0.0000000000
175416  27.125  -3.112  -7.974 0.0000000000
175415  27.722  -3.427  -8.237 0.0000000000
171373  28.862  -4.942  -7.013 0.0000000000
172720  28.493  -5.075  -8.109 0.0000000000
170042  28.238  -5.913  -7.068 0.0000000000
170043  27.820  -6.152  -7.358 0.0000000000
186867  34.968  2.502  -7.133 0.0000000000
186850  33.983  2.258  -6.730 0.0000000000
185537  34.689  2.026  -6.853 0.0000000000
288339  29.516  8.036  -7.127 0.0000000000
198666  28.880  8.684  -7.177 0.0000000000
199963  30.374  9.534  -6.877 0.0000000000
201246  30.572  10.239  -6.857 0.0000000000
182710  29.013  0.179  -9.641 0.0000000000
182693  29.374  -0.170  -9.413 0.0000000000
276065  30.498  0.729  -8.486 0.0000000000
182690  30.686  0.731  -7.643 0.0000000000
276749  31.670  0.871  -6.610 0.0000000000
161808  25.558  -10.437  -6.541 0.0000000000
160396  25.566  -10.919  -6.039 0.0000000000
161807  26.110  -10.156  -6.192 0.0000000000
161791  26.884  -10.215  -5.279 0.0000000000
190765  36.208  4.742  -9.797 0.0000000000
189476  36.984  4.154  -9.508 0.0000000000
190719  29.587  4.462  -9.064 0.0000000000
192086  29.530  4.327  -10.420 0.0000000000
190742  31.211  3.877  -10.680 0.0000000000
192066  30.533  4.456  -10.345 0.0000000000
316496  31.489  5.035  -11.027 0.0000000000
193411  32.188  5.450  -10.135 0.0000000000
198693  33.313  8.545  -8.596 0.0000000000
197447  33.510  8.060  -9.032 0.0000000000
198702  33.472  8.629  -9.177 0.0000000000
198705  33.806  8.754  -10.591 0.0000000000
208541  27.282  14.211  -7.610 0.0000000000
208540  28.082  14.080  -7.673 0.0000000000
214197  28.279  16.940  -12.134 0.0000000000
213178  28.544  16.381  -11.964 0.0000000000
211017  28.674  15.894  -10.322 0.0000000000
209809  29.340  14.989  -10.834 0.0000000000
207380  30.282  13.500  -8.887 0.0000000000
208576  29.828  14.348  -9.955 0.0000000000
208575  30.038  14.208  -10.106 0.0000000000
311049  29.270  -2.457  -7.340 0.0000000000
287166  28.431  -3.513  -7.945 0.0000000000
175401  29.450  -3.478  -6.850 0.0000000000
172697  29.256  -4.389  -6.856 0.0000000000
157506  23.532  -12.218  -6.197 0.0000000000
160413  24.157  -10.905  -6.928 0.0000000000
270071  24.910  -10.087  -7.122 0.0000000000
163158  25.298  -9.709  -7.647 0.0000000000
163167  26.002  -8.993  -7.623 0.0000000000
164553  26.154  -8.567  -7.518 0.0000000000
279335  29.571  6.125  -7.726 0.0000000000
273741  30.280  5.998  -8.065 0.0000000000
194740  30.192  6.699  -7.761 0.0000000000
196126  31.473  7.275  -7.361 0.0000000000
197433  32.221  7.970  -7.685 0.0000000000
198663  30.761  8.443  -7.051 0.0000000000
198682  32.022  8.460  -7.395 0.0000000000
198681  32.611  8.498  -7.707 0.0000000000
199991  32.935  9.565  -8.536 0.0000000000
201270  32.959  10.260  -8.957 0.0000000000
202605  32.437  10.690  -9.833 0.0000000000
210946  26.031  15.965  -7.605 0.0000000000
305616  25.864  16.184  -8.422 0.0000000000
213146  25.801  16.617  -8.844 0.0000000000
178175  27.752  -1.960  -7.669 0.0000000000
178173  28.965  -1.789  -8.102 0.0000000000
295820  29.281  -0.884  -8.866 0.0000000000
179653  29.557  -1.201  -8.570 0.0000000000
178172  29.508  -2.012  -7.538 0.0000000000
178163  29.906  -1.772  -7.056 0.0000000000
178145  30.567  -1.727  -6.050 0.0000000000
178130  30.871  -2.048  -5.629 0.0000000000
188123  32.650  3.061  -7.551 0.0000000000
186870  33.033  2.730  -7.025 0.0000000000
189415  34.242  3.611  -7.457 0.0000000000
188144  35.326  3.318  -7.602 0.0000000000
289622  36.232  2.849  -7.695 0.0000000000
189452  37.021  3.749  -9.053 0.0000000000
290136  37.284  3.286  -8.899 0.0000000000
186911  37.488  2.355  -8.553 0.0000000000
184207  28.685  0.859  -9.603 0.0000000000
185558  30.302  1.773  -8.756 0.0000000000
186895  30.692  2.197  -8.491 0.0000000000
186898  28.893  2.615  -8.688 0.0000000000
188148  30.562  2.634  -8.871 0.0000000000
188146  31.830  2.832  -8.334 0.0000000000
188145  32.402  3.346  -8.157 0.0000000000
284579  33.510  4.211  -8.643 0.0000000000
297306  33.745  4.474  -9.233 0.0000000000
190741  31.833  3.922  -10.373 0.0000000000
267737  33.822  4.645  -10.203 0.0000000000
190767  34.921  4.834  -9.524 0.0000000000
266846  35.259  4.885  -10.150 0.0000000000
192110  36.154  5.516  -11.090 0.0000000000
194775  31.885  6.035  -8.286 0.0000000000
193398  32.138  5.691  -9.062 0.0000000000
307436  32.979  5.885  -9.820 0.0000000000
196152  33.491  7.345  -9.268 0.0000000000
196156  33.914  6.892  -9.792 0.0000000000
193417  33.833  5.529  -10.753 0.0000000000
302315  34.823  5.754  -11.548 0.0000000000
201249  27.898  10.263  -7.328 0.0000000000
213156  26.623  16.882  -9.300 0.0000000000
270692  26.958  17.138  -9.930 0.0000000000
212122  27.027  16.409  -8.854 0.0000000000
210986  27.610  16.064  -8.690 0.0000000000
209754  27.942  14.956  -8.260 0.0000000000
208556  28.332  14.548  -8.081 0.0000000000
209796  28.644  15.442  -9.283 0.0000000000
208539  28.796  14.184  -7.882 0.0000000000
207363  28.597  13.222  -7.589 0.0000000000
303715  28.611  12.085  -7.285 0.0000000000
302070  28.922  11.539  -7.117 0.0000000000
202566  28.882  10.927  -7.067 0.0000000000
305059  29.928  11.079  -6.698 0.0000000000
202564  30.473  10.977  -6.903 0.0000000000
202586  31.335  11.016  -7.540 0.0000000000
205041  30.754  12.673  -8.269 0.0000000000
203845  31.415  11.982  -8.344 0.0000000000
203830  31.595  11.310  -8.088 0.0000000000
202606  31.978  11.122  -9.876 0.0000000000
202610  31.920  11.458  -10.637 0.0000000000
167313  25.926  -7.317  -7.261 0.0000000000
167311  26.964  -7.754  -7.102 0.0000000000
172723  26.580  -4.540  -7.916 0.0000000000
174052  28.207  -4.276  -8.371 0.0000000000
172736  27.951  -4.844  -8.529 0.0000000000
171400  27.154  -5.553  -7.801 0.0000000000
168718  27.139  -6.465  -7.300 0.0000000000
168693  27.145  -6.957  -6.904 0.0000000000
186852  32.779  2.263  -6.780 0.0000000000
185521  32.523  1.719  -6.571 0.0000000000
184154  32.527  1.190  -6.207 0.0000000000
185517  34.757  1.410  -6.496 0.0000000000
184139  33.671  0.918  -5.980 0.0000000000
182649  32.295  0.408  -5.941 0.0000000000
179599  32.130  -0.658  -5.516 0.0000000000
160395  26.033  -10.642  -5.863 0.0000000000
160399  23.435  -10.986  -6.682 0.0000000000
161792  26.384  -10.343  -5.640 0.0000000000
161821  25.388  -10.020  -7.248 0.0000000000
161822  25.024  -10.486  -6.904 0.0000000000
163156  26.186  -9.222  -6.952 0.0000000000
163157  25.652  -9.560  -7.529 0.0000000000
163168  25.434  -9.271  -7.797 0.0000000000
164552  26.343  -8.773  -7.171 0.0000000000
164564  25.666  -8.907  -7.753 0.0000000000
165918  26.782  -8.325  -7.180 0.0000000000
167312  26.568  -7.583  -7.341 0.0000000000
167326  26.334  -7.015  -7.334 0.0000000000
168703  27.590  -6.537  -7.097 0.0000000000
168719  26.497  -6.443  -7.295 0.0000000000
170066  26.974  -5.983  -7.331 0.0000000000
171374  28.424  -5.386  -7.305 0.0000000000
171401  26.674  -5.431  -7.090 0.0000000000
172698  26.645  -5.050  -7.726 0.0000000000
172719  29.008  -4.595  -7.666 0.0000000000
172721  28.304  -4.966  -8.519 0.0000000000
172722  27.371  -5.009  -8.059 0.0000000000
172737  27.282  -4.385  -8.102 0.0000000000
174031  29.537  -3.910  -6.549 0.0000000000
174032  29.243  -4.067  -7.234 0.0000000000
174051  28.740  -4.082  -8.027 0.0000000000
174066  27.155  -3.932  -8.098 0.0000000000
175402  28.988  -3.573  -7.495 0.0000000000
175434  27.301  -3.596  -8.218 0.0000000000
176694  29.728  -2.928  -6.553 0.0000000000
176708  29.209  -2.932  -7.034 0.0000000000
176718  28.255  -2.784  -7.744 0.0000000000
178143  31.568  -1.105  -5.694 0.0000000000
178144  31.116  -1.471  -5.915 0.0000000000
178146  30.117  -1.998  -6.416 0.0000000000
178162  30.302  -1.470  -6.531 0.0000000000
178174  28.314  -1.900  -7.782 0.0000000000
178201  27.355  -1.527  -8.001 0.0000000000
179601  30.768  -1.208  -6.257 0.0000000000
179614  30.838  -0.552  -6.338 0.0000000000
179631  30.119  -0.913  -7.826 0.0000000000
179632  29.746  -1.506  -7.773 0.0000000000
179633  29.357  -1.710  -8.223 0.0000000000
179652  30.300  -0.320  -8.080 0.0000000000
179654  29.230  -1.409  -8.632 0.0000000000
179670  28.873  -0.820  -8.732 0.0000000000
181146  32.557  -0.009  -5.570 0.0000000000
181147  31.934  -0.069  -5.936 0.0000000000
181159  31.253  0.010  -6.185 0.0000000000
181175  30.842  -0.007  -6.764 0.0000000000
181185  29.461  -0.600  -8.990 0.0000000000
181186  28.612  -0.251  -8.995 0.0000000000
181211  29.068  -0.313  -9.333 0.0000000000
182647  33.272  0.534  -5.755 0.0000000000
182648  32.812  0.491  -5.669 0.0000000000
182660  31.265  0.452  -6.603 0.0000000000
182676  30.596  0.127  -7.512 0.0000000000
182692  29.935  -0.070  -8.818 0.0000000000
182708  30.028  0.737  -9.034 0.0000000000
182709  29.610  0.229  -9.349 0.0000000000
182711  28.630  0.174  -9.616 0.0000000000
184140  32.991  0.887  -5.974 0.0000000000
184141  32.530  0.785  -5.966 0.0000000000
184142  32.084  0.894  -6.165 0.0000000000
184151  34.282  1.216  -6.121 0.0000000000
184153  33.198  1.397  -6.298 0.0000000000
184155  31.996  1.363  -6.461 0.0000000000
184156  31.199  0.843  -7.071 0.0000000000
184171  31.587  1.352  -7.074 0.0000000000
184172  31.129  1.132  -7.531 0.0000000000
184191  29.760  1.294  -8.968 0.0000000000
184206  29.274  0.720  -9.418 0.0000000000
185518  34.212  1.746  -6.402 0.0000000000
185519  33.627  1.919  -6.342 0.0000000000
185520  33.096  1.919  -6.538 0.0000000000
185539  31.299  1.505  -7.781 0.0000000000
185559  29.614  1.917  -8.922 0.0000000000
185560  28.409  1.941  -8.871 0.0000000000
185574  28.982  1.416  -9.353 0.0000000000
186851  33.357  2.333  -6.690 0.0000000000
186853  32.254  2.113  -6.997 0.0000000000
186866  35.533  2.374  -7.292 0.0000000000
186868  34.313  2.593  -7.106 0.0000000000
186871  32.487  2.575  -7.202 0.0000000000
186872  31.267  1.936  -8.039 0.0000000000
186893  36.634  2.533  -7.962 0.0000000000
186894  31.691  2.386  -7.999 0.0000000000
186896  30.130  2.347  -8.841 0.0000000000
186897  29.517  2.569  -8.822 0.0000000000
188119  35.810  2.868  -7.441 0.0000000000
188120  34.703  3.102  -7.316 0.0000000000
188121  33.967  3.130  -7.269 0.0000000000
188122  33.324  3.155  -7.331 0.0000000000
188142  37.118  2.892  -8.326 0.0000000000
188143  35.927  3.249  -7.901 0.0000000000
188147  31.231  2.693  -8.541 0.0000000000
188150  28.662  2.963  -8.229 0.0000000000
188165  36.159  3.692  -8.437 0.0000000000
189414  34.777  3.589  -7.558 0.0000000000
189416  33.678  3.528  -7.486 0.0000000000
189431  35.556  3.687  -8.132 0.0000000000
189433  34.459  3.910  -7.857 0.0000000000
189435  33.029  3.546  -7.929 0.0000000000
189438  29.674  4.074  -10.249 0.0000000000
189453  36.588  3.931  -8.971 0.0000000000
189454  35.170  4.088  -8.449 0.0000000000
189456  29.594  4.235  -9.974 0.0000000000
189477  29.522  4.177  -10.224 0.0000000000
190696  28.938  4.640  -8.485 0.0000000000
190713  34.138  4.301  -8.368 0.0000000000
190714  33.088  4.097  -8.676 0.0000000000
190716  31.158  3.320  -10.608 0.0000000000
190717  30.452  3.759  -10.784 0.0000000000
190718  29.790  4.159  -10.650 0.0000000000
190736  36.487  4.299  -9.477 0.0000000000
190737  35.946  4.124  -9.156 0.0000000000
190739  34.600  4.606  -8.820 0.0000000000
190743  29.627  4.408  -10.214 0.0000000000
190766  35.555  4.671  -9.611 0.0000000000
190768  32.872  4.302  -10.211 0.0000000000
190769  31.989  4.054  -10.750 0.0000000000
190770  31.424  4.225  -10.893 0.0000000000
190774  31.964  4.340  -11.488 0.0000000000
190780  32.124  4.592  -12.008 0.0000000000
190781  31.878  4.700  -11.848 0.0000000000
190782  32.077  4.705  -12.057 0.0000000000
192050  29.317  5.089  -8.293 0.0000000000
192065  30.810  3.858  -10.817 0.0000000000
192067  30.198  5.043  -9.673 0.0000000000
192082  34.331  4.855  -9.541 0.0000000000
192083  30.965  4.716  -10.304 0.0000000000
192085  29.819  4.522  -10.156 0.0000000000
192105  35.830  4.972  -10.338 0.0000000000
192106  31.638  4.889  -11.513 0.0000000000
193363  29.913  6.134  -7.965 0.0000000000
193382  31.263  5.811  -8.286 0.0000000000
193383  30.030  5.554  -8.604 0.0000000000
193412  31.352  5.208  -10.236 0.0000000000
194757  31.987  6.877  -8.116 0.0000000000
194759  30.894  6.211  -7.868 0.0000000000
194773  33.079  6.976  -8.895 0.0000000000
194786  32.878  6.030  -9.123 0.0000000000
194790  33.624  6.007  -9.993 0.0000000000
194793  35.082  6.374  -11.915 0.0000000000
194794  34.477  6.141  -11.177 0.0000000000
196106  30.387  7.376  -7.265 0.0000000000
196125  31.847  7.379  -7.712 0.0000000000
196127  30.966  6.978  -7.454 0.0000000000
196142  32.829  7.506  -8.477 0.0000000000
196151  33.893  7.683  -9.727 0.0000000000
196159  34.722  6.848  -11.132 0.0000000000
197415  30.446  7.935  -7.097 0.0000000000
197417  28.926  8.083  -7.214 0.0000000000
197432  32.751  8.032  -8.034 0.0000000000
197434  31.712  7.877  -7.332 0.0000000000
198664  30.045  8.371  -6.990 0.0000000000
198665  29.381  8.586  -7.164 0.0000000000
198683  31.432  8.436  -7.090 0.0000000000
198694  33.028  8.513  -8.102 0.0000000000
198706  33.535  8.709  -9.889 0.0000000000
199938  28.499  9.116  -7.088 0.0000000000
199962  31.062  9.118  -6.901 0.0000000000
199964  29.454  9.624  -7.010 0.0000000000
199982  32.513  9.633  -7.941 0.0000000000
199990  33.132  9.093  -8.936 0.0000000000
199997  33.277  9.171  -9.573 0.0000000000
200001  33.789  9.248  -10.962 0.0000000000
201244  31.786  10.179  -7.293 0.0000000000
201245  31.221  10.185  -7.064 0.0000000000
201247  29.953  10.569  -6.724 0.0000000000
201248  29.267  10.259  -6.840 0.0000000000
201262  32.254  10.186  -7.813 0.0000000000
201278  33.202  9.659  -9.874 0.0000000000
201279  32.884  10.076  -9.764 0.0000000000
201282  33.024  9.983  -10.602 0.0000000000
202563  31.000  10.693  -7.142 0.0000000000
202565  29.501  10.852  -6.708 0.0000000000
202567  28.164  10.811  -7.216 0.0000000000
202585  31.889  10.740  -7.723 0.0000000000
202596  32.050  11.052  -8.344 0.0000000000
203806  30.945  11.183  -7.246 0.0000000000
203807  30.620  11.547  -7.267 0.0000000000
203808  30.104  11.503  -6.962 0.0000000000
203831  31.115  11.622  -7.684 0.0000000000
203832  30.742  11.963  -7.584 0.0000000000
203844  31.944  11.800  -8.856 0.0000000000
203861  31.633  11.863  -10.364 0.0000000000
205007  29.224  11.878  -7.102 0.0000000000
205008  28.003  12.420  -7.406 0.0000000000
205009  27.320  12.356  -7.353 0.0000000000
205025  30.583  12.430  -7.676 0.0000000000
205040  31.045  12.465  -8.674 0.0000000000
206207  29.437  12.847  -7.456 0.0000000000
206208  28.838  12.762  -7.439 0.0000000000
206209  28.258  12.876  -7.439 0.0000000000
206219  29.785  13.098  -7.775 0.0000000000
206228  30.751  12.768  -9.035 0.0000000000
206229  30.540  13.058  -8.560 0.0000000000
206238  30.657  12.812  -9.859 0.0000000000
206239  30.632  13.045  -9.133 0.0000000000
206250  30.494  13.287  -9.998 0.0000000000
207364  27.498  13.639  -7.430 0.0000000000
207371  30.096  13.333  -8.278 0.0000000000
207373  29.328  13.956  -8.164 0.0000000000
207381  29.916  13.936  -9.331 0.0000000000
207392  29.923  14.080  -9.961 0.0000000000
208565  29.640  14.249  -8.981 0.0000000000
209731  27.666  14.623  -7.870 0.0000000000
209753  28.483  14.859  -8.480 0.0000000000
209777  28.919  15.037  -8.981 0.0000000000
209793  29.852  14.712  -10.269 0.0000000000
209810  28.865  15.386  -10.100 0.0000000000
209822  29.388  15.228  -11.178 0.0000000000
210962  27.660  15.559  -8.399 0.0000000000
210963  26.522  15.642  -8.277 0.0000000000
210964  26.118  15.960  -8.238 0.0000000000
212110  26.991  15.877  -8.462 0.0000000000
212112  25.710  16.311  -8.196 0.0000000000
212136  28.354  16.503  -10.456 0.0000000000
212144  28.907  16.052  -11.631 0.0000000000
214206  27.649  17.362  -12.905 0.0000000000
266847  33.254  4.489  -10.917 0.0000000000
266849  32.335  4.485  -11.838 0.0000000000
267197  32.930  5.326  -10.627 0.0000000000
267251  34.690  5.301  -11.483 0.0000000000
267667  32.377  4.750  -12.005 0.0000000000
267685  33.699  4.922  -11.493 0.0000000000
267739  35.337  5.160  -10.988 0.0000000000
267765  32.953  4.674  -11.533 0.0000000000
269935  33.870  4.738  -11.264 0.0000000000
271758  29.898  5.120  -9.304 0.0000000000
274176  29.298  7.556  -7.187 0.0000000000
274399  30.457  -0.747  -6.973 0.0000000000
278703  27.174  -1.968  -7.623 0.0000000000
279480  29.642  4.477  -9.764 0.0000000000
280039  24.029  -11.453  -6.653 0.0000000000
280675  27.464  16.603  -9.320 0.0000000000
280916  30.108  3.355  -9.429 0.0000000000
281021  28.351  1.415  -8.998 0.0000000000
281176  28.630  16.237  -11.078 0.0000000000
282603  30.333  -2.223  -5.861 0.0000000000
282605  31.309  4.696  -10.996 0.0000000000
285209  35.223  2.011  -7.120 0.0000000000
285303  28.506  10.258  -7.189 0.0000000000
286583  30.045  4.398  -10.608 0.0000000000
286675  29.613  3.485  -8.789 0.0000000000
286844  28.617  -2.272  -7.554 0.0000000000
286933  31.898  3.240  -8.737 0.0000000000
286995  29.814  9.117  -7.047 0.0000000000
288283  27.137  -1.137  -7.944 0.0000000000
288739  36.492  3.129  -8.122 0.0000000000
289143  32.321  3.885  -9.362 0.0000000000
289202  29.061  -2.101  -7.579 0.0000000000
289209  29.736  11.936  -7.150 0.0000000000
289485  28.722  -4.638  -8.199 0.0000000000
289944  26.599  -8.125  -7.306 0.0000000000
290063  31.001  9.762  -6.792 0.0000000000
290194  27.080  13.318  -7.248 0.0000000000
290225  29.696  -2.394  -6.945 0.0000000000
290765  31.855  11.935  -9.464 0.0000000000
295710  32.997  8.935  -8.414 0.0000000000
295734  26.105  -7.989  -7.350 0.0000000000
296349  27.846  11.232  -7.223 0.0000000000
296733  28.058  -5.249  -8.463 0.0000000000
297237  32.774  8.994  -7.980 0.0000000000
298193  33.674  8.248  -9.537 0.0000000000
298270  35.306  2.854  -7.300 0.0000000000
298559  30.776  2.837  -9.345 0.0000000000
300728  28.114  -2.257  -7.563 0.0000000000
302316  32.506  5.012  -11.679 0.0000000000
302649  33.032  4.834  -11.608 0.0000000000
304765  31.892  5.093  -11.390 0.0000000000
305514  27.917  -1.581  -8.041 0.0000000000
305548  31.076  2.417  -8.337 0.0000000000
307375  24.851  -11.533  -6.471 0.0000000000
307850  32.113  2.896  -8.029 0.0000000000
312464  30.131  0.348  -8.844 0.0000000000
312863  23.989  -11.942  -6.493 0.0000000000
313746  34.115  7.772  -10.434 0.0000000000
313926  29.986  -0.673  -8.511 0.0000000000
314483  28.650  13.718  -7.704 0.0000000000
316361  32.067  2.381  -7.428 0.0000000000
318136  27.509  -6.283  -7.413 0.0000000000
318864  29.008  13.854  -7.828 0.0000000000
319261  28.427  12.529  -7.402 0.0000000000
319952  29.885  9.565  -7.030 0.0000000000
320809  31.625  3.496  -9.463 0.0000000000
