#!ascii label  , from subject sub-v2s5x29574_ses-1 vox2ras=TkReg
1732
298049  -38.551  -49.794  59.050 0.0000000000
102747  -19.277  -50.172  62.942 0.0000000000
102857  -27.887  -50.512  58.840 0.0000000000
150574  -43.113  -26.444  49.279 0.0000000000
155920  -48.090  -23.214  43.846 0.0000000000
99776  -11.585  -51.511  69.576 0.0000000000
143765  -40.127  -29.886  51.429 0.0000000000
110420  -40.982  -46.709  57.616 0.0000000000
286519  -33.673  -51.694  58.285 0.0000000000
101188  -14.673  -50.679  65.790 0.0000000000
92704  -14.866  -55.235  68.928 0.0000000000
292266  -34.266  -47.539  56.321 0.0000000000
111855  -35.570  -45.773  56.249 0.0000000000
107390  -23.725  -47.861  60.607 0.0000000000
110424  -30.098  -46.620  57.058 0.0000000000
312219  -37.602  -35.946  51.068 0.0000000000
135528  -40.757  -34.060  49.964 0.0000000000
140908  -43.151  -31.176  49.362 0.0000000000
86575  -7.127  -58.072  73.450 0.0000000000
85039  -3.751  -58.668  76.440 0.0000000000
118435  -33.597  -42.586  54.818 0.0000000000
127466  -32.761  -38.469  54.242 0.0000000000
130154  -34.608  -36.837  51.862 0.0000000000
88134  -10.788  -56.999  71.161 0.0000000000
269745  -18.959  -52.218  65.258 0.0000000000
265245  -21.895  -51.752  64.786 0.0000000000
101389  -36.138  -50.887  58.635 0.0000000000
107333  -18.200  -47.623  63.825 0.0000000000
263136  -16.700  -50.388  64.392 0.0000000000
98458  -16.766  -52.709  65.638 0.0000000000
110417  -33.443  -46.360  57.464 0.0000000000
108974  -32.224  -47.474  56.376 0.0000000000
134225  -38.069  -34.627  51.534 0.0000000000
132857  -38.919  -35.140  50.782 0.0000000000
136799  -38.877  -33.404  50.825 0.0000000000
142360  -41.775  -30.446  49.915 0.0000000000
145209  -43.163  -29.024  48.848 0.0000000000
143795  -44.951  -30.017  48.018 0.0000000000
147994  -44.300  -27.882  47.696 0.0000000000
149292  -45.790  -27.106  46.146 0.0000000000
115646  -33.650  -44.064  57.664 0.0000000000
114388  -34.466  -44.429  55.368 0.0000000000
118411  -31.597  -42.647  57.044 0.0000000000
127451  -31.230  -37.657  55.781 0.0000000000
132780  -31.762  -35.578  54.456 0.0000000000
313666  -33.336  -37.310  53.574 0.0000000000
283295  -32.990  -34.730  53.490 0.0000000000
134192  -34.933  -33.998  52.417 0.0000000000
271223  -26.231  -47.468  60.036 0.0000000000
92661  -8.626  -55.014  71.069 0.0000000000
92684  -10.191  -54.825  69.536 0.0000000000
78896  -4.150  -61.088  77.437 0.0000000000
287140  -2.103  -61.053  78.752 0.0000000000
139459  -39.181  -31.541  51.570 0.0000000000
113077  -40.951  -44.756  56.720 0.0000000000
101368  -30.884  -51.716  58.187 0.0000000000
101164  -13.009  -50.871  67.790 0.0000000000
92713  -12.239  -54.241  68.243 0.0000000000
95656  -14.470  -53.420  66.790 0.0000000000
158357  -49.519  -22.020  43.053 0.0000000000
105952  -36.105  -48.750  56.868 0.0000000000
107489  -37.218  -47.728  56.238 0.0000000000
290238  -35.277  -46.562  56.352 0.0000000000
108847  -20.140  -47.203  62.290 0.0000000000
102807  -21.539  -49.714  61.256 0.0000000000
111759  -22.284  -45.332  60.831 0.0000000000
114250  -24.807  -44.510  59.745 0.0000000000
111823  -26.699  -46.002  58.438 0.0000000000
113034  -28.644  -44.949  58.817 0.0000000000
104430  -28.698  -49.033  57.171 0.0000000000
102891  -31.252  -49.902  56.894 0.0000000000
104437  -33.642  -49.413  56.716 0.0000000000
127538  -37.966  -38.043  50.727 0.0000000000
138122  -40.238  -32.150  50.395 0.0000000000
138141  -41.884  -32.648  49.662 0.0000000000
149301  -47.543  -27.018  45.145 0.0000000000
85058  -5.725  -58.634  74.643 0.0000000000
80472  -6.312  -60.284  76.630 0.0000000000
110453  -38.048  -46.354  55.625 0.0000000000
300147  -38.113  -44.589  54.986 0.0000000000
118438  -37.224  -42.421  54.758 0.0000000000
277500  -31.098  -39.705  56.510 0.0000000000
123164  -32.830  -39.952  54.919 0.0000000000
123168  -35.387  -40.047  55.440 0.0000000000
126113  -34.936  -38.782  54.864 0.0000000000
127498  -35.033  -38.522  52.965 0.0000000000
126164  -36.184  -38.779  51.761 0.0000000000
131528  -36.027  -36.064  51.516 0.0000000000
134210  -36.762  -34.474  52.140 0.0000000000
102748  -23.864  -50.418  63.031 0.0000000000
91112  -7.332  -55.374  72.537 0.0000000000
88093  -8.795  -57.290  72.121 0.0000000000
89619  -12.530  -56.431  70.032 0.0000000000
78855  -0.676  -61.144  79.840 0.0000000000
99915  -19.329  -51.468  64.195 0.0000000000
296136  -20.748  -51.931  65.006 0.0000000000
273719  -20.396  -51.268  63.159 0.0000000000
265048  -37.226  -50.348  58.719 0.0000000000
104287  -18.193  -49.047  62.997 0.0000000000
104266  -17.140  -49.152  64.047 0.0000000000
102724  -17.837  -50.064  63.733 0.0000000000
275400  -17.755  -51.774  64.666 0.0000000000
295752  -37.885  -33.720  52.233 0.0000000000
135499  -38.526  -33.671  51.334 0.0000000000
138094  -38.459  -32.731  51.716 0.0000000000
147963  -42.257  -27.318  50.152 0.0000000000
288168  -42.356  -28.540  49.509 0.0000000000
147979  -43.275  -27.891  48.867 0.0000000000
146599  -43.684  -28.157  48.470 0.0000000000
266924  -43.719  -27.121  48.033 0.0000000000
149284  -44.359  -26.922  47.277 0.0000000000
115644  -32.333  -43.588  57.496 0.0000000000
134148  -31.508  -34.700  55.528 0.0000000000
289694  -32.550  -34.894  53.964 0.0000000000
136710  -33.084  -33.161  54.176 0.0000000000
136711  -33.726  -32.845  53.913 0.0000000000
279782  -26.793  -48.672  59.484 0.0000000000
104375  -26.957  -49.177  60.759 0.0000000000
101355  -27.673  -50.533  60.311 0.0000000000
95574  -9.805  -53.423  70.075 0.0000000000
95593  -10.640  -53.360  69.366 0.0000000000
153267  -48.646  -24.985  43.884 0.0000000000
78883  -3.247  -61.305  78.043 0.0000000000
107450  -42.133  -47.805  59.228 0.0000000000
111850  -41.337  -45.663  57.352 0.0000000000
100022  -32.241  -51.455  58.112 0.0000000000
285649  -33.714  -52.839  59.107 0.0000000000
104223  -15.229  -48.960  65.906 0.0000000000
104211  -14.115  -49.305  67.057 0.0000000000
104199  -13.698  -49.480  67.847 0.0000000000
305552  -13.683  -50.956  66.724 0.0000000000
301050  -13.231  -52.472  67.118 0.0000000000
98455  -14.586  -52.039  66.113 0.0000000000
97063  -17.944  -53.003  66.890 0.0000000000
95660  -17.216  -53.481  66.867 0.0000000000
292508  -34.915  -48.400  56.469 0.0000000000
285861  -35.613  -47.470  56.164 0.0000000000
108976  -34.491  -47.071  56.322 0.0000000000
110292  -20.811  -45.921  62.754 0.0000000000
110320  -21.084  -46.311  61.486 0.0000000000
112970  -22.065  -44.815  62.138 0.0000000000
114221  -24.238  -43.866  60.592 0.0000000000
115592  -25.642  -43.704  59.795 0.0000000000
113012  -25.712  -44.924  59.158 0.0000000000
114281  -26.937  -44.299  59.056 0.0000000000
110380  -30.251  -46.133  58.639 0.0000000000
110395  -29.429  -46.266  58.105 0.0000000000
110411  -28.491  -46.871  57.824 0.0000000000
311568  -29.066  -47.917  57.174 0.0000000000
104432  -29.777  -49.204  57.025 0.0000000000
105950  -30.497  -48.659  56.683 0.0000000000
107483  -33.155  -47.923  56.260 0.0000000000
105963  -32.559  -48.701  56.343 0.0000000000
287837  -33.967  -48.397  56.424 0.0000000000
104439  -35.077  -49.189  56.938 0.0000000000
130185  -37.772  -36.761  50.803 0.0000000000
284738  -38.394  -37.495  50.748 0.0000000000
130187  -38.666  -36.577  50.799 0.0000000000
134251  -39.687  -34.281  50.314 0.0000000000
132859  -39.999  -35.676  50.353 0.0000000000
142346  -39.466  -30.719  51.476 0.0000000000
139469  -39.523  -31.607  51.066 0.0000000000
142353  -39.871  -30.544  50.835 0.0000000000
142368  -42.342  -30.543  49.666 0.0000000000
139486  -41.600  -31.549  49.806 0.0000000000
293675  -42.744  -31.650  49.504 0.0000000000
267756  -43.003  -32.854  49.477 0.0000000000
149296  -46.632  -26.770  45.660 0.0000000000
150617  -46.615  -25.775  45.480 0.0000000000
151924  -47.813  -25.595  45.059 0.0000000000
88067  -6.320  -57.190  73.616 0.0000000000
88052  -5.198  -57.080  74.369 0.0000000000
85089  -6.368  -58.191  73.966 0.0000000000
82024  -7.100  -59.914  76.148 0.0000000000
80455  -6.035  -60.899  77.854 0.0000000000
110442  -36.448  -46.708  56.185 0.0000000000
272490  -37.389  -46.948  55.981 0.0000000000
111864  -36.626  -45.874  55.587 0.0000000000
115708  -34.034  -43.609  54.894 0.0000000000
114390  -35.803  -44.530  54.674 0.0000000000
115727  -35.897  -43.455  54.260 0.0000000000
115713  -37.516  -43.589  54.688 0.0000000000
118444  -34.918  -42.389  54.285 0.0000000000
126076  -31.134  -38.307  57.098 0.0000000000
128749  -31.856  -37.958  54.620 0.0000000000
124724  -31.442  -39.290  55.078 0.0000000000
288693  -32.864  -39.085  54.832 0.0000000000
266464  -34.415  -40.368  55.043 0.0000000000
126099  -33.961  -38.968  54.896 0.0000000000
124729  -34.879  -39.128  55.342 0.0000000000
127468  -33.991  -38.665  54.359 0.0000000000
130140  -33.815  -36.878  52.678 0.0000000000
127496  -34.119  -37.982  53.292 0.0000000000
127512  -34.749  -38.189  52.469 0.0000000000
127513  -35.240  -38.439  52.309 0.0000000000
128811  -35.191  -37.714  51.642 0.0000000000
128812  -36.079  -37.335  51.102 0.0000000000
130166  -35.206  -36.697  51.538 0.0000000000
294627  -35.776  -33.508  52.785 0.0000000000
134208  -35.523  -34.300  52.100 0.0000000000
135467  -36.237  -33.464  52.883 0.0000000000
105894  -22.547  -48.319  60.500 0.0000000000
102794  -22.696  -50.035  61.690 0.0000000000
104353  -24.002  -49.084  61.408 0.0000000000
89602  -9.695  -56.485  70.856 0.0000000000
307292  -8.675  -56.586  71.437 0.0000000000
88113  -10.050  -57.197  71.696 0.0000000000
92715  -13.321  -54.910  68.361 0.0000000000
91177  -12.600  -55.437  68.958 0.0000000000
91162  -13.630  -55.721  69.614 0.0000000000
306454  -19.356  -52.797  67.262 0.0000000000
298890  -20.489  -52.532  66.614 0.0000000000
98463  -22.183  -52.254  66.147 0.0000000000
98486  -23.340  -51.958  65.483 0.0000000000
101370  -34.487  -51.172  58.268 0.0000000000
98595  -35.265  -52.264  59.173 0.0000000000
107321  -16.895  -47.736  64.707 0.0000000000
104249  -16.234  -48.872  64.975 0.0000000000
101222  -15.793  -50.345  65.042 0.0000000000
99841  -15.308  -51.625  65.675 0.0000000000
99865  -16.911  -51.692  64.872 0.0000000000
98479  -18.024  -52.465  65.438 0.0000000000
110438  -33.503  -46.899  56.553 0.0000000000
110439  -34.092  -46.624  56.455 0.0000000000
108939  -30.767  -46.707  58.164 0.0000000000
107473  -31.141  -47.596  56.593 0.0000000000
110426  -32.514  -46.773  57.052 0.0000000000
277269  -37.993  -35.274  51.214 0.0000000000
132844  -38.430  -35.536  50.797 0.0000000000
309939  -38.460  -34.906  51.101 0.0000000000
135514  -39.145  -34.085  50.667 0.0000000000
292687  -39.469  -33.624  50.430 0.0000000000
143778  -40.693  -29.793  50.532 0.0000000000
145200  -41.682  -29.359  49.891 0.0000000000
143784  -42.131  -29.896  49.726 0.0000000000
274087  -43.155  -30.073  49.146 0.0000000000
142379  -44.154  -30.413  48.664 0.0000000000
290091  -43.671  -29.204  48.575 0.0000000000
145216  -44.443  -29.058  48.047 0.0000000000
145243  -45.479  -28.873  46.892 0.0000000000
148008  -44.936  -27.648  46.754 0.0000000000
149291  -45.091  -26.421  46.777 0.0000000000
85092  -8.186  -58.638  73.693 0.0000000000
85072  -7.173  -58.974  74.116 0.0000000000
83575  -8.566  -59.240  75.218 0.0000000000
114355  -34.355  -44.594  56.406 0.0000000000
113080  -35.449  -45.115  55.594 0.0000000000
115677  -33.745  -44.255  56.429 0.0000000000
117011  -33.022  -43.564  56.231 0.0000000000
118427  -32.397  -42.409  55.689 0.0000000000
130071  -31.479  -36.806  56.892 0.0000000000
132756  -31.138  -35.676  56.500 0.0000000000
131467  -31.433  -36.276  54.835 0.0000000000
130106  -32.136  -36.747  54.218 0.0000000000
128758  -32.911  -37.863  54.091 0.0000000000
130121  -32.614  -36.623  53.826 0.0000000000
131498  -33.254  -36.063  52.994 0.0000000000
131511  -33.404  -35.425  52.526 0.0000000000
276212  -34.464  -35.266  51.948 0.0000000000
134191  -33.838  -34.403  52.787 0.0000000000
303959  -25.160  -47.135  60.521 0.0000000000
105880  -24.983  -48.403  61.669 0.0000000000
107394  -26.149  -47.965  61.246 0.0000000000
92672  -9.698  -54.949  69.930 0.0000000000
89616  -10.636  -56.251  70.241 0.0000000000
80469  -4.168  -60.309  76.780 0.0000000000
289815  -3.161  -58.721  77.296 0.0000000000
82010  -3.336  -59.900  77.269 0.0000000000
82000  -2.575  -59.996  78.284 0.0000000000
81993  -2.056  -59.966  78.863 0.0000000000
115663  -40.675  -43.592  56.633 0.0000000000
101366  -29.418  -51.816  58.430 0.0000000000
99991  -28.978  -51.830  60.007 0.0000000000
102622  -13.244  -49.957  69.225 0.0000000000
99794  -12.134  -51.420  68.522 0.0000000000
97015  -11.542  -52.908  68.500 0.0000000000
97037  -12.250  -52.450  67.775 0.0000000000
94231  -13.165  -54.086  67.380 0.0000000000
94233  -14.505  -54.202  67.519 0.0000000000
97060  -15.438  -53.139  66.297 0.0000000000
95645  -15.536  -53.984  67.102 0.0000000000
94209  -15.704  -54.650  68.691 0.0000000000
157168  -48.760  -22.620  43.305 0.0000000000
269345  -37.168  -49.496  57.735 0.0000000000
105939  -37.886  -49.001  57.288 0.0000000000
105968  -36.476  -48.443  56.686 0.0000000000
307214  -36.400  -47.357  56.195 0.0000000000
110441  -35.495  -46.242  56.388 0.0000000000
111846  -34.572  -45.700  56.865 0.0000000000
111847  -35.094  -45.781  56.647 0.0000000000
113068  -35.071  -45.370  56.543 0.0000000000
114321  -34.150  -44.126  57.272 0.0000000000
104306  -19.121  -49.027  62.490 0.0000000000
102771  -20.391  -50.265  62.295 0.0000000000
105858  -20.289  -48.413  61.632 0.0000000000
273395  -21.655  -47.526  60.778 0.0000000000
110333  -22.825  -46.507  60.289 0.0000000000
114208  -22.892  -43.816  61.696 0.0000000000
112997  -23.389  -44.669  60.350 0.0000000000
110350  -24.409  -46.222  59.951 0.0000000000
110352  -25.551  -46.340  59.854 0.0000000000
110378  -26.162  -46.600  59.235 0.0000000000
107454  -26.880  -48.046  58.646 0.0000000000
114254  -28.144  -43.965  59.393 0.0000000000
113047  -27.883  -45.206  58.320 0.0000000000
108949  -27.435  -47.349  57.902 0.0000000000
104410  -27.908  -49.689  57.986 0.0000000000
101394  -29.372  -50.826  57.591 0.0000000000
101396  -30.722  -51.030  57.438 0.0000000000
101398  -31.997  -50.786  57.543 0.0000000000
104447  -31.432  -48.787  56.352 0.0000000000
102893  -32.497  -49.870  56.820 0.0000000000
101400  -33.513  -50.419  58.075 0.0000000000
102883  -34.604  -50.197  57.872 0.0000000000
102885  -36.236  -50.051  57.942 0.0000000000
107346  -18.972  -47.566  63.118 0.0000000000
131545  -39.116  -36.375  50.613 0.0000000000
139458  -39.132  -32.080  51.125 0.0000000000
298719  -39.361  -32.510  50.719 0.0000000000
266899  -40.409  -32.628  50.155 0.0000000000
140895  -40.757  -30.966  50.196 0.0000000000
138123  -40.804  -32.193  50.007 0.0000000000
136815  -40.885  -32.965  49.948 0.0000000000
135544  -42.157  -33.774  49.575 0.0000000000
149308  -48.359  -26.427  44.691 0.0000000000
274906  -47.929  -24.967  44.905 0.0000000000
155918  -47.502  -23.663  44.842 0.0000000000
88037  -4.296  -56.948  75.326 0.0000000000
83558  -4.604  -58.978  75.491 0.0000000000
83581  -6.201  -59.119  74.742 0.0000000000
83560  -5.815  -59.495  75.466 0.0000000000
82020  -4.637  -59.899  76.208 0.0000000000
80463  -5.165  -60.715  77.028 0.0000000000
107476  -38.567  -48.188  56.845 0.0000000000
108968  -38.840  -47.763  56.469 0.0000000000
110447  -39.401  -46.612  56.161 0.0000000000
301172  -36.418  -45.424  55.237 0.0000000000
111866  -38.180  -45.873  55.416 0.0000000000
111859  -39.619  -45.965  55.967 0.0000000000
114375  -39.552  -44.684  55.458 0.0000000000
310184  -38.946  -43.144  55.159 0.0000000000
117020  -39.018  -42.774  55.450 0.0000000000
119940  -31.455  -41.376  56.830 0.0000000000
119988  -32.012  -41.388  55.377 0.0000000000
270608  -31.051  -38.741  55.779 0.0000000000
123147  -31.975  -40.509  55.425 0.0000000000
121583  -33.370  -41.157  54.697 0.0000000000
121608  -34.375  -41.175  54.811 0.0000000000
264021  -36.023  -41.279  55.103 0.0000000000
127480  -33.900  -38.272  53.842 0.0000000000
279130  -35.313  -38.668  54.112 0.0000000000
126178  -36.927  -38.545  50.977 0.0000000000
130184  -36.660  -36.900  50.988 0.0000000000
131529  -36.615  -36.013  51.443 0.0000000000
265331  -35.239  -35.114  51.901 0.0000000000
132841  -36.256  -35.567  51.651 0.0000000000
132825  -37.089  -35.059  51.859 0.0000000000
134211  -37.222  -34.538  52.043 0.0000000000
302468  -37.459  -33.789  52.382 0.0000000000
101298  -21.332  -50.758  62.557 0.0000000000
99920  -22.953  -51.445  64.107 0.0000000000
104309  -25.070  -49.590  62.728 0.0000000000
88091  -6.983  -57.023  72.878 0.0000000000
91123  -8.034  -55.581  71.717 0.0000000000
283218  -7.880  -56.732  72.116 0.0000000000
86594  -8.160  -57.882  72.962 0.0000000000
85108  -9.095  -58.291  73.339 0.0000000000
94206  -11.501  -54.511  68.803 0.0000000000
276763  -11.150  -55.731  69.508 0.0000000000
89605  -11.645  -56.739  70.626 0.0000000000
77197  -2.306  -62.148  79.864 0.0000000000
78867  -1.659  -61.305  79.250 0.0000000000
81985  -1.010  -59.989  79.672 0.0000000000
104414  -38.555  -49.484  58.726 0.0000000000
101254  -18.939  -51.003  63.768 0.0000000000
99931  -19.613  -51.198  63.715 0.0000000000
314339  -19.732  -50.655  62.935 0.0000000000
102871  -37.649  -50.072  58.713 0.0000000000
102768  -18.492  -49.462  62.971 0.0000000000
102745  -18.113  -49.659  63.320 0.0000000000
102725  -18.362  -50.442  63.606 0.0000000000
298930  -18.331  -51.080  64.098 0.0000000000
136766  -38.054  -33.075  52.549 0.0000000000
136782  -38.251  -33.277  51.886 0.0000000000
149253  -42.825  -26.914  49.380 0.0000000000
147972  -42.512  -27.383  49.528 0.0000000000
147973  -43.000  -27.428  49.072 0.0000000000
147980  -43.425  -27.432  48.518 0.0000000000
149267  -43.190  -26.889  48.875 0.0000000000
314521  -43.750  -26.737  48.102 0.0000000000
136709  -32.607  -33.511  54.576 0.0000000000
310337  -27.034  -49.725  59.154 0.0000000000
104392  -27.033  -49.678  59.634 0.0000000000
102846  -27.788  -50.518  59.591 0.0000000000
98380  -11.193  -51.824  69.884 0.0000000000
96976  -10.515  -52.740  69.691 0.0000000000
98379  -10.906  -52.337  69.498 0.0000000000
154638  -48.269  -24.053  43.810 0.0000000000
281516  -48.718  -24.381  43.743 0.0000000000
154639  -48.734  -23.805  43.640 0.0000000000
110404  -41.986  -46.757  58.512 0.0000000000
267204  -42.120  -46.214  58.319 0.0000000000
298178  -41.194  -46.152  57.482 0.0000000000
100023  -32.873  -51.251  58.142 0.0000000000
295848  -32.797  -52.370  58.592 0.0000000000
99997  -33.274  -52.020  58.415 0.0000000000
102683  -14.698  -49.902  65.768 0.0000000000
104222  -14.746  -49.232  66.135 0.0000000000
102671  -14.220  -50.224  66.180 0.0000000000
102658  -13.935  -49.894  66.716 0.0000000000
101176  -14.200  -50.899  66.209 0.0000000000
99823  -14.118  -51.539  66.294 0.0000000000
99840  -14.732  -51.422  65.904 0.0000000000
107485  -34.357  -48.075  56.424 0.0000000000
107486  -34.888  -47.660  56.317 0.0000000000
111745  -21.159  -45.531  62.522 0.0000000000
116942  -26.520  -42.606  60.742 0.0000000000
116922  -25.761  -42.761  60.795 0.0000000000
270663  -26.873  -43.073  60.165 0.0000000000
115593  -26.382  -43.594  59.652 0.0000000000
115594  -27.212  -43.385  59.622 0.0000000000
110414  -30.105  -46.389  57.819 0.0000000000
110379  -29.856  -46.015  58.461 0.0000000000
110413  -29.436  -46.446  57.838 0.0000000000
110412  -28.970  -46.820  57.741 0.0000000000
108962  -29.731  -46.997  56.969 0.0000000000
273478  -30.086  -48.192  56.794 0.0000000000
281663  -30.157  -47.402  56.775 0.0000000000
107484  -33.763  -47.835  56.296 0.0000000000
281476  -33.493  -48.456  56.315 0.0000000000
295675  -34.380  -48.670  56.551 0.0000000000
130170  -37.771  -36.274  50.908 0.0000000000
130186  -38.298  -36.613  50.839 0.0000000000
131543  -38.265  -36.345  50.868 0.0000000000
134252  -40.304  -34.486  50.084 0.0000000000
288535  -39.838  -30.274  51.257 0.0000000000
143772  -40.200  -30.034  50.867 0.0000000000
142369  -42.877  -30.616  49.439 0.0000000000
140907  -42.558  -31.110  49.579 0.0000000000
139502  -43.214  -31.811  49.396 0.0000000000
151919  -46.689  -25.469  45.613 0.0000000000
86574  -6.596  -57.859  73.653 0.0000000000
86573  -6.098  -57.713  73.949 0.0000000000
85090  -6.874  -58.394  73.859 0.0000000000
111856  -36.140  -45.959  55.961 0.0000000000
111857  -36.525  -46.290  55.959 0.0000000000
117039  -33.983  -42.875  54.547 0.0000000000
115725  -34.552  -43.634  54.474 0.0000000000
117041  -34.830  -43.097  54.260 0.0000000000
117042  -35.538  -42.825  54.289 0.0000000000
118443  -34.290  -42.301  54.337 0.0000000000
127460  -32.177  -38.466  54.511 0.0000000000
301305  -32.358  -38.904  54.733 0.0000000000
126097  -32.667  -38.797  54.538 0.0000000000
126098  -33.437  -39.080  54.932 0.0000000000
126110  -33.164  -38.844  54.599 0.0000000000
126111  -33.748  -38.852  54.718 0.0000000000
127467  -33.376  -38.516  54.127 0.0000000000
130153  -34.084  -36.669  52.204 0.0000000000
128797  -34.187  -37.249  52.342 0.0000000000
128798  -34.694  -37.615  52.067 0.0000000000
128810  -35.042  -37.199  51.684 0.0000000000
131526  -34.880  -36.286  51.591 0.0000000000
105895  -23.257  -48.414  60.612 0.0000000000
105879  -23.432  -48.931  61.031 0.0000000000
272280  -23.890  -48.501  60.977 0.0000000000
89603  -10.369  -56.650  70.667 0.0000000000
88132  -9.585  -56.993  71.389 0.0000000000
88133  -10.180  -56.973  71.206 0.0000000000
88095  -10.301  -57.352  72.136 0.0000000000
88114  -10.570  -57.211  71.668 0.0000000000
92703  -14.229  -55.293  68.811 0.0000000000
92702  -13.582  -55.186  68.823 0.0000000000
91179  -13.874  -55.518  69.274 0.0000000000
85046  -3.813  -58.056  76.035 0.0000000000
285060  -3.481  -58.000  76.565 0.0000000000
107448  -41.107  -48.166  58.957 0.0000000000
98460  -19.214  -52.705  66.665 0.0000000000
98441  -19.822  -52.664  66.960 0.0000000000
98461  -19.853  -52.501  66.310 0.0000000000
98504  -21.348  -51.886  64.996 0.0000000000
313364  -21.435  -52.067  65.478 0.0000000000
98505  -21.865  -51.992  65.286 0.0000000000
98464  -22.807  -52.160  65.955 0.0000000000
99866  -22.393  -51.905  65.098 0.0000000000
101371  -35.214  -51.229  58.525 0.0000000000
100015  -35.459  -51.639  58.895 0.0000000000
108796  -17.865  -47.358  64.315 0.0000000000
107322  -17.368  -47.500  64.501 0.0000000000
101252  -17.258  -50.053  64.014 0.0000000000
104250  -16.627  -48.981  64.489 0.0000000000
102701  -16.651  -49.681  64.290 0.0000000000
102699  -15.887  -49.516  65.105 0.0000000000
101223  -16.294  -50.588  64.722 0.0000000000
101203  -16.042  -51.036  64.910 0.0000000000
99888  -16.672  -51.091  64.651 0.0000000000
98501  -18.457  -52.185  65.027 0.0000000000
98500  -17.976  -52.139  64.865 0.0000000000
266084  -18.615  -52.450  65.667 0.0000000000
266648  -18.365  -52.712  66.103 0.0000000000
110427  -33.151  -46.700  57.016 0.0000000000
284521  -33.754  -46.371  56.759 0.0000000000
108955  -31.175  -46.870  57.778 0.0000000000
110416  -32.769  -46.619  57.689 0.0000000000
135513  -38.754  -33.984  50.974 0.0000000000
136800  -39.341  -33.017  50.554 0.0000000000
145194  -41.411  -28.953  50.248 0.0000000000
146576  -41.617  -28.377  50.277 0.0000000000
304542  -42.875  -28.622  49.160 0.0000000000
145201  -42.192  -29.206  49.571 0.0000000000
145202  -42.724  -29.090  49.285 0.0000000000
143785  -42.628  -29.663  49.373 0.0000000000
287881  -42.993  -29.491  49.084 0.0000000000
143792  -43.330  -29.543  48.822 0.0000000000
146611  -44.119  -28.210  48.087 0.0000000000
145215  -44.015  -28.759  48.233 0.0000000000
146612  -44.515  -28.537  47.806 0.0000000000
146623  -44.718  -28.095  47.250 0.0000000000
146629  -45.185  -28.287  46.778 0.0000000000
150601  -44.452  -26.325  47.486 0.0000000000
149285  -44.692  -26.543  47.109 0.0000000000
114354  -34.108  -44.398  56.790 0.0000000000
114370  -33.996  -44.393  56.195 0.0000000000
115662  -33.743  -44.263  56.941 0.0000000000
116994  -31.511  -43.406  57.410 0.0000000000
115660  -32.864  -43.689  56.933 0.0000000000
115675  -32.432  -43.248  56.464 0.0000000000
117017  -32.676  -43.003  55.920 0.0000000000
118419  -32.139  -42.700  56.162 0.0000000000
132772  -31.599  -35.057  54.929 0.0000000000
132765  -31.288  -35.210  55.434 0.0000000000
309868  -31.582  -35.955  54.606 0.0000000000
130097  -31.663  -36.751  54.632 0.0000000000
131475  -31.851  -36.205  54.401 0.0000000000
131476  -32.246  -36.169  54.075 0.0000000000
132791  -32.711  -35.431  53.687 0.0000000000
132792  -33.091  -35.429  53.198 0.0000000000
134190  -33.334  -34.821  52.893 0.0000000000
132808  -33.670  -34.879  52.522 0.0000000000
134177  -33.437  -34.198  53.119 0.0000000000
136727  -34.066  -33.114  53.520 0.0000000000
108883  -25.581  -47.270  60.533 0.0000000000
108866  -25.779  -47.631  61.026 0.0000000000
265552  -26.163  -47.770  60.865 0.0000000000
276635  -27.451  -50.097  61.226 0.0000000000
308111  -27.003  -49.132  61.203 0.0000000000
94193  -10.080  -54.057  69.499 0.0000000000
94179  -9.637  -54.246  69.822 0.0000000000
91141  -10.284  -55.551  69.966 0.0000000000
80462  -4.455  -60.728  77.026 0.0000000000
82011  -3.780  -59.908  76.862 0.0000000000
80461  -3.773  -60.518  77.129 0.0000000000
78882  -2.687  -61.125  78.407 0.0000000000
80452  -2.924  -60.642  77.947 0.0000000000
80446  -2.368  -60.580  78.544 0.0000000000
113060  -41.704  -45.210  57.565 0.0000000000
114323  -41.889  -44.502  57.644 0.0000000000
115648  -41.691  -44.027  57.338 0.0000000000
114338  -41.099  -44.011  56.976 0.0000000000
101367  -30.205  -51.683  58.380 0.0000000000
100008  -29.804  -52.227  58.811 0.0000000000
100009  -30.537  -52.151  58.611 0.0000000000
101154  -13.201  -50.224  68.056 0.0000000000
102637  -13.545  -49.660  68.355 0.0000000000
101153  -12.852  -50.527  68.455 0.0000000000
101152  -12.393  -50.823  68.831 0.0000000000
99795  -12.621  -51.161  68.178 0.0000000000
98398  -11.928  -52.043  68.254 0.0000000000
99806  -12.895  -51.547  67.610 0.0000000000
97058  -14.088  -52.842  66.603 0.0000000000
97057  -13.548  -52.912  66.947 0.0000000000
95655  -13.932  -53.314  66.891 0.0000000000
94232  -13.792  -54.176  67.402 0.0000000000
95643  -14.174  -53.784  67.125 0.0000000000
98457  -16.188  -52.514  65.735 0.0000000000
309938  -15.420  -52.328  65.923 0.0000000000
97073  -16.440  -52.946  65.995 0.0000000000
94236  -17.055  -54.050  67.735 0.0000000000
95646  -16.270  -54.022  67.053 0.0000000000
304644  -16.581  -54.161  67.495 0.0000000000
308989  -15.553  -54.357  67.924 0.0000000000
104440  -36.337  -49.105  57.257 0.0000000000
105953  -36.702  -48.729  56.978 0.0000000000
306406  -35.778  -46.798  56.137 0.0000000000
110418  -34.092  -45.944  57.269 0.0000000000
110428  -34.335  -46.106  56.579 0.0000000000
113059  -34.680  -44.809  57.402 0.0000000000
113067  -34.632  -45.242  56.917 0.0000000000
114337  -34.445  -44.594  56.933 0.0000000000
105842  -19.302  -48.344  62.265 0.0000000000
105843  -19.778  -48.351  61.959 0.0000000000
107372  -20.047  -47.750  61.925 0.0000000000
110321  -21.544  -46.127  61.073 0.0000000000
108863  -21.012  -47.189  61.323 0.0000000000
110332  -22.125  -46.460  60.567 0.0000000000
108878  -22.126  -47.153  60.499 0.0000000000
111771  -22.514  -45.863  60.489 0.0000000000
114232  -24.573  -44.115  60.197 0.0000000000
114231  -23.737  -44.090  60.576 0.0000000000
112999  -24.263  -44.474  60.131 0.0000000000
111773  -23.578  -45.474  60.157 0.0000000000
113010  -24.576  -45.174  59.753 0.0000000000
110351  -25.038  -46.302  59.980 0.0000000000
111785  -25.156  -45.719  59.778 0.0000000000
111822  -26.182  -46.076  58.892 0.0000000000
270311  -25.860  -46.145  59.416 0.0000000000
110393  -26.381  -46.650  58.594 0.0000000000
265567  -26.728  -47.599  58.954 0.0000000000
108937  -26.669  -47.186  58.415 0.0000000000
113035  -29.141  -45.121  58.863 0.0000000000
113014  -29.635  -44.690  59.308 0.0000000000
113013  -28.976  -44.565  59.180 0.0000000000
114234  -28.962  -43.959  60.115 0.0000000000
114283  -28.394  -44.416  59.088 0.0000000000
114282  -27.693  -44.332  58.900 0.0000000000
113033  -28.142  -44.759  58.656 0.0000000000
287591  -28.152  -47.704  57.535 0.0000000000
108950  -27.940  -47.215  57.707 0.0000000000
107463  -28.045  -48.216  57.460 0.0000000000
105937  -27.589  -48.417  57.729 0.0000000000
104420  -28.190  -49.310  57.366 0.0000000000
102876  -28.456  -49.975  57.653 0.0000000000
104421  -28.851  -49.545  57.339 0.0000000000
102890  -30.634  -49.837  57.028 0.0000000000
102879  -30.336  -50.379  57.286 0.0000000000
102880  -30.967  -50.444  57.210 0.0000000000
101397  -31.369  -50.932  57.503 0.0000000000
101406  -31.591  -50.429  57.165 0.0000000000
107481  -31.648  -47.707  56.426 0.0000000000
105961  -31.283  -48.131  56.381 0.0000000000
105962  -31.949  -48.243  56.310 0.0000000000
105964  -33.191  -49.058  56.421 0.0000000000
104449  -32.588  -49.366  56.489 0.0000000000
102900  -33.065  -49.652  56.682 0.0000000000
291185  -32.947  -49.946  57.067 0.0000000000
102882  -33.699  -50.043  57.639 0.0000000000
101401  -34.043  -50.299  58.002 0.0000000000
102895  -33.978  -49.633  57.228 0.0000000000
268042  -35.732  -49.123  57.083 0.0000000000
302003  -35.366  -49.506  57.486 0.0000000000
104423  -35.981  -49.514  57.554 0.0000000000
104424  -36.592  -49.585  57.594 0.0000000000
108831  -19.941  -47.025  62.810 0.0000000000
108812  -19.890  -46.862  63.161 0.0000000000
108830  -19.549  -47.279  62.899 0.0000000000
105841  -18.899  -48.458  62.599 0.0000000000
124828  -37.816  -39.083  50.903 0.0000000000
286769  -38.992  -37.566  50.735 0.0000000000
298472  -39.659  -38.307  50.741 0.0000000000
131544  -38.524  -36.140  50.773 0.0000000000
279981  -38.931  -35.760  50.595 0.0000000000
139452  -38.934  -31.927  51.808 0.0000000000
139470  -39.991  -31.608  50.681 0.0000000000
138107  -39.697  -32.105  50.730 0.0000000000
138106  -39.851  -32.680  50.378 0.0000000000
142359  -41.116  -30.286  50.179 0.0000000000
140896  -41.360  -30.970  49.921 0.0000000000
288068  -41.754  -32.094  49.684 0.0000000000
287130  -41.296  -31.976  49.828 0.0000000000
138124  -41.344  -32.499  49.787 0.0000000000
136816  -41.510  -33.093  49.764 0.0000000000
300804  -41.721  -33.559  49.724 0.0000000000
136831  -42.043  -33.200  49.642 0.0000000000
136833  -43.254  -33.530  49.400 0.0000000000
142380  -44.716  -30.456  48.391 0.0000000000
148015  -46.098  -27.628  45.912 0.0000000000
149297  -47.064  -27.083  45.434 0.0000000000
272664  -47.950  -27.541  45.093 0.0000000000
149302  -48.163  -26.953  44.911 0.0000000000
153252  -47.397  -25.218  45.483 0.0000000000
308334  -47.808  -25.121  45.218 0.0000000000
297630  -47.631  -24.660  45.108 0.0000000000
153256  -47.900  -24.526  44.419 0.0000000000
85069  -5.569  -58.070  74.566 0.0000000000
88038  -4.671  -57.105  74.854 0.0000000000
86542  -4.871  -57.755  75.047 0.0000000000
85056  -4.726  -58.188  75.325 0.0000000000
83571  -5.156  -58.791  75.056 0.0000000000
83561  -7.430  -59.539  75.129 0.0000000000
83573  -6.854  -59.365  74.668 0.0000000000
82038  -6.925  -59.678  75.222 0.0000000000
82023  -6.519  -60.030  76.162 0.0000000000
82031  -6.145  -59.808  75.743 0.0000000000
82022  -5.892  -60.115  76.180 0.0000000000
82030  -5.524  -59.780  75.770 0.0000000000
82021  -5.192  -60.124  76.229 0.0000000000
307815  -5.171  -60.421  76.622 0.0000000000
80471  -5.673  -60.430  76.705 0.0000000000
78887  -5.674  -61.248  78.167 0.0000000000
107474  -37.683  -48.217  56.572 0.0000000000
107465  -38.377  -48.507  57.116 0.0000000000
107490  -37.865  -47.751  56.289 0.0000000000
110444  -37.896  -46.957  55.889 0.0000000000
108980  -37.992  -47.439  56.078 0.0000000000
108981  -38.482  -47.298  56.013 0.0000000000
108982  -39.165  -47.206  56.292 0.0000000000
110445  -38.477  -46.677  55.753 0.0000000000
114372  -34.917  -44.763  55.578 0.0000000000
113081  -35.872  -45.200  55.349 0.0000000000
114373  -35.480  -44.894  55.144 0.0000000000
114391  -36.599  -44.449  54.748 0.0000000000
113092  -37.607  -45.078  55.090 0.0000000000
113084  -38.282  -45.291  55.193 0.0000000000
268407  -38.613  -45.689  55.411 0.0000000000
113085  -38.998  -45.166  55.326 0.0000000000
113086  -39.563  -45.321  55.671 0.0000000000
299589  -38.645  -44.741  55.074 0.0000000000
117029  -37.448  -43.006  54.652 0.0000000000
117031  -38.604  -43.403  54.867 0.0000000000
118439  -37.787  -42.682  54.877 0.0000000000
118429  -37.715  -42.202  55.164 0.0000000000
275994  -30.896  -39.814  57.160 0.0000000000
123102  -31.002  -40.389  57.392 0.0000000000
269242  -31.148  -40.370  56.682 0.0000000000
119974  -31.854  -41.508  55.763 0.0000000000
285077  -31.550  -40.560  56.156 0.0000000000
128739  -31.303  -37.245  56.059 0.0000000000
127443  -31.339  -37.739  56.207 0.0000000000
293457  -31.158  -38.184  55.747 0.0000000000
266900  -32.389  -39.761  54.981 0.0000000000
124712  -31.826  -39.881  55.173 0.0000000000
123163  -32.275  -40.270  55.080 0.0000000000
121581  -32.234  -40.923  55.183 0.0000000000
277578  -32.643  -40.527  54.928 0.0000000000
121607  -33.865  -41.328  54.631 0.0000000000
121584  -33.837  -40.732  54.824 0.0000000000
123167  -34.960  -39.929  55.243 0.0000000000
121585  -35.005  -40.709  55.122 0.0000000000
121586  -35.611  -40.746  55.318 0.0000000000
119976  -36.975  -41.274  55.465 0.0000000000
121587  -36.142  -40.821  55.454 0.0000000000
126101  -35.180  -38.877  55.202 0.0000000000
128770  -33.336  -37.850  53.789 0.0000000000
128771  -33.709  -37.656  53.459 0.0000000000
127497  -34.576  -38.233  53.155 0.0000000000
127481  -34.500  -38.348  53.816 0.0000000000
127482  -34.947  -38.510  53.704 0.0000000000
126148  -35.700  -38.635  52.062 0.0000000000
126149  -35.938  -39.084  52.393 0.0000000000
126150  -36.490  -39.226  52.071 0.0000000000
124803  -36.997  -39.361  51.679 0.0000000000
126166  -37.205  -39.050  51.083 0.0000000000
127525  -36.383  -38.451  51.216 0.0000000000
302982  -36.071  -36.856  51.234 0.0000000000
130168  -36.352  -36.461  51.382 0.0000000000
315426  -36.842  -36.376  51.260 0.0000000000
275244  -34.898  -34.620  52.112 0.0000000000
132839  -34.965  -35.735  51.608 0.0000000000
134209  -36.195  -34.380  52.149 0.0000000000
132823  -35.913  -35.053  51.969 0.0000000000
132824  -36.521  -35.076  51.983 0.0000000000
132842  -36.861  -35.555  51.538 0.0000000000
135484  -37.056  -33.977  52.340 0.0000000000
102791  -20.588  -49.777  61.795 0.0000000000
295113  -20.784  -50.691  62.515 0.0000000000
101311  -21.647  -50.448  62.117 0.0000000000
101301  -23.334  -50.625  62.823 0.0000000000
101300  -22.705  -50.748  62.680 0.0000000000
101283  -23.587  -50.823  63.351 0.0000000000
99921  -23.505  -51.331  64.163 0.0000000000
101226  -23.995  -51.186  64.264 0.0000000000
105860  -25.991  -48.555  62.066 0.0000000000
104332  -24.961  -49.214  62.323 0.0000000000
104310  -25.576  -49.348  62.773 0.0000000000
99983  -29.305  -52.159  60.388 0.0000000000
89556  -6.669  -56.493  72.945 0.0000000000
89571  -7.027  -56.567  72.613 0.0000000000
94162  -8.672  -54.249  71.075 0.0000000000
94143  -8.261  -54.387  71.614 0.0000000000
92648  -8.213  -55.107  71.487 0.0000000000
88111  -8.429  -56.857  71.797 0.0000000000
281594  -8.250  -57.163  72.214 0.0000000000
86617  -7.803  -57.376  72.561 0.0000000000
86618  -8.475  -57.564  72.560 0.0000000000
86595  -8.776  -57.956  72.946 0.0000000000
95630  -11.877  -53.458  68.232 0.0000000000
267842  -11.316  -54.084  68.783 0.0000000000
94207  -11.888  -54.544  68.576 0.0000000000
91160  -12.310  -55.760  69.258 0.0000000000
91176  -11.976  -55.357  68.909 0.0000000000
89638  -12.096  -56.115  69.646 0.0000000000
91143  -11.471  -56.110  69.712 0.0000000000
89618  -11.876  -56.432  70.117 0.0000000000
158356  -48.965  -22.081  43.246 0.0000000000
77195  -0.948  -61.842  79.880 0.0000000000
78856  -1.129  -61.605  79.729 0.0000000000
80438  -1.069  -60.876  79.682 0.0000000000
80437  -0.588  -60.407  79.760 0.0000000000
99891  -18.991  -51.925  64.669 0.0000000000
98503  -20.146  -52.026  65.067 0.0000000000
99892  -19.692  -51.822  64.599 0.0000000000
99917  -20.543  -51.545  64.077 0.0000000000
99918  -21.142  -51.483  64.113 0.0000000000
102858  -36.721  -50.704  58.756 0.0000000000
105828  -18.105  -48.520  63.302 0.0000000000
105814  -17.374  -48.463  63.983 0.0000000000
104286  -17.839  -49.046  63.408 0.0000000000
104267  -17.634  -49.501  63.721 0.0000000000
101224  -17.225  -50.830  64.292 0.0000000000
101253  -17.798  -50.641  63.996 0.0000000000
99914  -18.782  -51.425  64.265 0.0000000000
110400  -33.139  -46.421  58.244 0.0000000000
135498  -38.167  -33.996  51.722 0.0000000000
136783  -38.474  -32.981  51.244 0.0000000000
314899  -41.934  -28.247  49.915 0.0000000000
146577  -42.239  -27.871  49.739 0.0000000000
146588  -42.800  -28.022  49.250 0.0000000000
146598  -43.215  -28.418  48.818 0.0000000000
307314  -43.507  -28.724  48.519 0.0000000000
147993  -43.865  -27.682  48.066 0.0000000000
148001  -44.442  -27.497  47.165 0.0000000000
148000  -43.986  -27.326  47.563 0.0000000000
149279  -44.026  -26.697  47.778 0.0000000000
115645  -33.024  -43.910  57.622 0.0000000000
304955  -32.674  -43.640  57.999 0.0000000000
116995  -32.236  -43.139  57.849 0.0000000000
118402  -31.827  -42.548  57.696 0.0000000000
134165  -32.030  -34.855  54.387 0.0000000000
132781  -32.236  -35.530  54.047 0.0000000000
134158  -32.106  -34.287  54.529 0.0000000000
134175  -32.770  -34.387  53.872 0.0000000000
134176  -33.118  -33.995  53.542 0.0000000000
135447  -33.361  -33.384  53.686 0.0000000000
107432  -26.504  -47.947  59.904 0.0000000000
266082  -26.572  -48.226  60.313 0.0000000000
104391  -26.886  -49.052  59.990 0.0000000000
102831  -27.290  -50.032  60.702 0.0000000000
101344  -28.079  -50.873  60.626 0.0000000000
95592  -10.267  -53.374  69.648 0.0000000000
94194  -10.491  -53.903  69.183 0.0000000000
151942  -48.566  -25.501  44.125 0.0000000000
151943  -49.219  -25.458  43.904 0.0000000000
78885  -4.537  -61.427  77.890 0.0000000000
78884  -3.882  -61.404  77.900 0.0000000000
78870  -3.691  -61.745  78.391 0.0000000000
77215  -3.519  -61.950  78.814 0.0000000000
77214  -3.061  -61.923  79.053 0.0000000000
111829  -42.147  -45.643  58.045 0.0000000000
113069  -41.178  -45.258  57.044 0.0000000000
100021  -31.582  -51.664  58.042 0.0000000000
99995  -31.557  -52.395  58.869 0.0000000000
99996  -32.249  -52.279  58.850 0.0000000000
98592  -32.563  -52.736  59.119 0.0000000000
288324  -33.580  -53.355  59.754 0.0000000000
105783  -15.392  -48.308  66.149 0.0000000000
105782  -14.926  -48.623  66.472 0.0000000000
105767  -14.699  -48.374  67.117 0.0000000000
105754  -14.304  -48.730  67.414 0.0000000000
102648  -13.784  -49.652  67.320 0.0000000000
102657  -13.615  -50.220  67.017 0.0000000000
99807  -13.284  -51.263  67.202 0.0000000000
98415  -13.234  -51.930  67.147 0.0000000000
99822  -13.625  -51.700  66.718 0.0000000000
98439  -14.041  -52.172  66.402 0.0000000000
97070  -14.491  -52.545  66.276 0.0000000000
303020  -17.624  -53.022  66.217 0.0000000000
97062  -16.833  -53.293  66.398 0.0000000000
304896  -17.416  -53.172  66.649 0.0000000000
95648  -17.953  -53.463  67.706 0.0000000000
105951  -35.473  -48.756  56.632 0.0000000000
105967  -36.012  -48.335  56.557 0.0000000000
105966  -35.485  -48.092  56.402 0.0000000000
108977  -35.137  -47.026  56.255 0.0000000000
108832  -20.270  -46.773  62.692 0.0000000000
108848  -20.413  -46.977  62.192 0.0000000000
110306  -20.912  -46.013  62.104 0.0000000000
111757  -21.197  -45.690  61.828 0.0000000000
112984  -22.115  -45.106  61.504 0.0000000000
115551  -24.327  -43.287  61.243 0.0000000000
115552  -25.022  -43.027  61.009 0.0000000000
115569  -25.352  -43.403  60.370 0.0000000000
114233  -25.033  -43.925  59.934 0.0000000000
113011  -25.120  -45.013  59.398 0.0000000000
309196  -25.819  -43.869  59.450 0.0000000000
113031  -26.368  -44.878  59.010 0.0000000000
113032  -27.022  -44.853  58.723 0.0000000000
111808  -29.944  -45.629  58.695 0.0000000000
290997  -29.331  -45.929  58.459 0.0000000000
111826  -29.033  -45.573  58.626 0.0000000000
307270  -28.806  -45.790  58.141 0.0000000000
111841  -28.863  -46.150  57.779 0.0000000000
108951  -28.530  -47.357  57.604 0.0000000000
105948  -29.004  -48.467  57.121 0.0000000000
104431  -29.201  -49.102  57.078 0.0000000000
105949  -29.604  -48.595  56.970 0.0000000000
294488  -30.064  -48.778  56.890 0.0000000000
104434  -30.936  -49.215  56.650 0.0000000000
287512  -32.805  -47.548  56.281 0.0000000000
107482  -32.603  -48.015  56.285 0.0000000000
288244  -33.000  -48.433  56.319 0.0000000000
105965  -33.849  -48.932  56.473 0.0000000000
104438  -34.349  -49.190  56.825 0.0000000000
104450  -34.862  -48.917  56.600 0.0000000000
300196  -37.724  -37.389  50.747 0.0000000000
127539  -38.570  -38.131  50.690 0.0000000000
308278  -38.222  -37.027  50.788 0.0000000000
278574  -38.742  -36.974  50.766 0.0000000000
310018  -39.060  -36.782  50.687 0.0000000000
134240  -39.324  -34.735  50.606 0.0000000000
132858  -39.418  -35.381  50.507 0.0000000000
132872  -39.825  -34.969  50.202 0.0000000000
140880  -39.259  -31.158  51.982 0.0000000000
140887  -39.385  -31.220  51.372 0.0000000000
140888  -39.656  -31.079  50.922 0.0000000000
140894  -40.152  -31.012  50.524 0.0000000000
140906  -41.986  -31.045  49.780 0.0000000000
139501  -42.207  -31.659  49.665 0.0000000000
283203  -42.252  -32.219  49.547 0.0000000000
138142  -42.424  -32.752  49.550 0.0000000000
273500  -42.788  -32.223  49.487 0.0000000000
138143  -43.352  -32.350  49.458 0.0000000000
149295  -46.258  -27.063  45.875 0.0000000000
273397  -46.034  -26.345  46.003 0.0000000000
150611  -46.584  -26.136  45.515 0.0000000000
150612  -47.083  -26.528  45.299 0.0000000000
150618  -47.740  -26.340  45.009 0.0000000000
151923  -47.080  -25.863  45.279 0.0000000000
88066  -5.749  -57.137  74.001 0.0000000000
86558  -5.641  -57.643  74.312 0.0000000000
85070  -5.976  -58.168  74.285 0.0000000000
314842  -6.183  -60.473  77.061 0.0000000000
108978  -37.037  -47.085  56.083 0.0000000000
108979  -37.607  -47.317  56.066 0.0000000000
110443  -36.956  -46.672  55.950 0.0000000000
110451  -36.953  -46.274  55.684 0.0000000000
111865  -37.288  -45.998  55.466 0.0000000000
115709  -34.413  -44.083  54.924 0.0000000000
114389  -34.987  -44.450  54.896 0.0000000000
304020  -34.861  -43.992  54.528 0.0000000000
115711  -36.224  -43.982  54.394 0.0000000000
115712  -36.921  -43.850  54.563 0.0000000000
115714  -38.063  -43.852  54.848 0.0000000000
115728  -36.575  -43.428  54.304 0.0000000000
117043  -36.275  -42.884  54.338 0.0000000000
118445  -36.020  -42.284  54.423 0.0000000000
124690  -30.866  -39.059  56.920 0.0000000000
128747  -31.227  -37.296  55.434 0.0000000000
127458  -31.248  -37.917  55.344 0.0000000000
127459  -31.624  -38.222  54.922 0.0000000000
124725  -32.248  -39.283  54.945 0.0000000000
124726  -32.991  -39.384  54.966 0.0000000000
304638  -33.323  -39.746  54.933 0.0000000000
124727  -33.645  -39.310  55.049 0.0000000000
302564  -34.482  -39.661  55.088 0.0000000000
279101  -35.254  -39.410  55.503 0.0000000000
126100  -34.666  -38.936  55.060 0.0000000000
130123  -33.545  -37.109  53.188 0.0000000000
128785  -33.975  -37.468  52.890 0.0000000000
128786  -34.326  -37.828  52.666 0.0000000000
126133  -35.473  -38.833  52.714 0.0000000000
127523  -35.433  -38.204  51.767 0.0000000000
127524  -35.907  -38.324  51.508 0.0000000000
283414  -35.701  -37.781  51.377 0.0000000000
291611  -35.560  -37.159  51.388 0.0000000000
131527  -35.418  -36.158  51.528 0.0000000000
135466  -35.289  -33.487  52.812 0.0000000000
134193  -35.513  -33.772  52.469 0.0000000000
135482  -35.964  -33.806  52.390 0.0000000000
135483  -36.485  -33.852  52.364 0.0000000000
104350  -21.808  -49.255  60.983 0.0000000000
102793  -21.944  -50.159  61.605 0.0000000000
102809  -22.682  -49.562  61.339 0.0000000000
102795  -23.368  -49.920  62.009 0.0000000000
102796  -23.951  -49.797  62.197 0.0000000000
89601  -9.146  -56.069  70.854 0.0000000000
89587  -8.723  -56.155  71.207 0.0000000000
89588  -9.097  -56.585  71.161 0.0000000000
88112  -8.999  -56.990  71.620 0.0000000000
88094  -9.560  -57.399  72.054 0.0000000000
296086  -9.590  -57.754  72.592 0.0000000000
86620  -10.070  -57.688  72.495 0.0000000000
92714  -12.806  -54.702  68.193 0.0000000000
92700  -12.300  -54.947  68.570 0.0000000000
92701  -12.962  -55.121  68.687 0.0000000000
91178  -13.238  -55.398  69.288 0.0000000000
91144  -13.251  -55.856  69.645 0.0000000000
108929  -41.327  -47.699  58.694 0.0000000000
108958  -40.754  -47.252  57.785 0.0000000000
98417  -19.273  -52.835  67.613 0.0000000000
98401  -20.118  -52.602  67.847 0.0000000000
98419  -20.704  -52.755  67.567 0.0000000000
297979  -21.565  -52.804  67.451 0.0000000000
98482  -20.573  -52.148  65.514 0.0000000000
98462  -21.625  -52.358  66.362 0.0000000000
100014  -34.238  -51.666  58.288 0.0000000000
107310  -16.333  -47.686  65.575 0.0000000000
105805  -16.938  -48.388  64.324 0.0000000000
105804  -16.530  -48.308  64.764 0.0000000000
105795  -16.175  -48.205  65.250 0.0000000000
263700  -15.736  -48.746  65.512 0.0000000000
102684  -15.325  -49.830  65.400 0.0000000000
101202  -15.200  -50.461  65.435 0.0000000000
99862  -15.203  -51.105  65.540 0.0000000000
275879  -15.600  -50.895  65.239 0.0000000000
99864  -16.387  -51.599  65.009 0.0000000000
98478  -16.853  -52.169  65.213 0.0000000000
99889  -17.284  -51.472  64.619 0.0000000000
98499  -17.434  -52.151  64.947 0.0000000000
288923  -17.426  -52.747  65.512 0.0000000000
98459  -17.961  -52.814  65.958 0.0000000000
98440  -18.939  -52.883  67.192 0.0000000000
108975  -33.895  -47.202  56.369 0.0000000000
110397  -30.422  -46.347  58.486 0.0000000000
108954  -30.438  -46.677  57.323 0.0000000000
108963  -30.259  -46.848  56.839 0.0000000000
108964  -30.970  -47.169  57.031 0.0000000000
108965  -31.475  -47.026  57.247 0.0000000000
108973  -31.698  -47.279  56.764 0.0000000000
110425  -31.974  -46.840  57.083 0.0000000000
110437  -32.209  -46.978  56.650 0.0000000000
108966  -32.824  -47.121  56.580 0.0000000000
277112  -33.316  -47.414  56.336 0.0000000000
132843  -37.469  -35.545  51.336 0.0000000000
131531  -37.977  -35.878  50.938 0.0000000000
134226  -38.492  -34.294  51.274 0.0000000000
134239  -38.838  -34.522  50.904 0.0000000000
135527  -40.137  -33.764  50.167 0.0000000000
145193  -41.027  -29.229  50.666 0.0000000000
143779  -41.230  -29.564  50.253 0.0000000000
314871  -41.607  -29.910  50.044 0.0000000000
145195  -41.821  -28.765  49.852 0.0000000000
287395  -42.638  -30.163  49.492 0.0000000000
142370  -43.321  -30.660  49.271 0.0000000000
140909  -43.619  -30.988  49.145 0.0000000000
142371  -43.657  -30.483  48.987 0.0000000000
143793  -43.813  -29.865  48.708 0.0000000000
143794  -44.410  -29.941  48.380 0.0000000000
145210  -44.202  -29.378  48.372 0.0000000000
143800  -44.632  -29.544  48.040 0.0000000000
148009  -45.522  -27.797  46.284 0.0000000000
266564  -45.259  -27.118  46.505 0.0000000000
310568  -45.590  -26.610  46.442 0.0000000000
308049  -7.502  -58.183  73.374 0.0000000000
85091  -7.518  -58.519  73.695 0.0000000000
85073  -7.873  -58.945  74.125 0.0000000000
83582  -8.251  -59.144  74.660 0.0000000000
113074  -35.187  -45.156  56.077 0.0000000000
114356  -34.734  -44.767  56.037 0.0000000000
114371  -34.340  -44.547  55.871 0.0000000000
115692  -34.017  -44.177  55.543 0.0000000000
115661  -33.400  -44.040  56.606 0.0000000000
115676  -33.440  -43.870  56.073 0.0000000000
115691  -33.696  -44.087  55.897 0.0000000000
115690  -33.490  -43.592  55.577 0.0000000000
117027  -33.288  -43.003  55.284 0.0000000000
118428  -32.850  -42.711  55.528 0.0000000000
131448  -31.171  -36.255  56.779 0.0000000000
131456  -31.082  -36.211  56.161 0.0000000000
134136  -31.273  -35.114  56.083 0.0000000000
132764  -31.128  -35.664  55.772 0.0000000000
130087  -31.165  -36.757  55.806 0.0000000000
292430  -31.462  -37.147  54.886 0.0000000000
128756  -31.905  -37.349  54.458 0.0000000000
128757  -32.382  -37.886  54.322 0.0000000000
130107  -32.485  -37.281  54.108 0.0000000000
130108  -32.966  -37.231  53.821 0.0000000000
130122  -33.165  -36.711  53.454 0.0000000000
131484  -32.519  -35.974  53.804 0.0000000000
131485  -32.904  -36.053  53.529 0.0000000000
131512  -33.700  -36.189  52.445 0.0000000000
292200  -33.874  -35.609  52.139 0.0000000000
131513  -34.331  -36.084  51.887 0.0000000000
132822  -33.874  -35.158  52.263 0.0000000000
134207  -34.287  -34.621  52.391 0.0000000000
269980  -34.361  -34.089  52.719 0.0000000000
135448  -33.733  -33.622  53.326 0.0000000000
135464  -34.062  -33.833  52.999 0.0000000000
135465  -34.681  -33.592  52.859 0.0000000000
135450  -35.023  -33.214  53.118 0.0000000000
136729  -35.284  -33.050  53.464 0.0000000000
108881  -24.354  -47.151  60.412 0.0000000000
107391  -24.298  -48.001  61.053 0.0000000000
107411  -24.756  -47.713  61.015 0.0000000000
107393  -25.784  -47.957  61.417 0.0000000000
105861  -26.416  -48.441  61.923 0.0000000000
284290  -26.827  -48.723  61.133 0.0000000000
311498  -26.801  -48.637  61.577 0.0000000000
92662  -8.967  -54.678  70.585 0.0000000000
95573  -9.340  -53.752  70.338 0.0000000000
94178  -9.277  -54.445  70.199 0.0000000000
91132  -9.165  -55.419  70.615 0.0000000000
91140  -9.667  -55.502  70.221 0.0000000000
89615  -10.017  -56.088  70.357 0.0000000000
92688  -15.663  -55.137  69.644 0.0000000000
83548  -3.815  -59.359  76.619 0.0000000000
291560  -3.471  -58.865  76.871 0.0000000000
83541  -3.445  -59.334  77.089 0.0000000000
83540  -2.944  -59.225  77.596 0.0000000000
80453  -3.466  -60.969  77.540 0.0000000000
82001  -2.952  -59.944  77.752 0.0000000000
313808  -2.650  -59.455  78.071 0.0000000000
83533  -2.299  -59.395  78.606 0.0000000000
83525  -1.761  -59.376  79.211 0.0000000000
139453  -39.172  -31.562  52.304 0.0000000000
142340  -39.419  -30.779  52.352 0.0000000000
142347  -39.700  -30.312  51.887 0.0000000000
117004  -40.513  -43.017  56.769 0.0000000000
101378  -28.405  -50.956  58.421 0.0000000000
101364  -28.222  -51.044  59.170 0.0000000000
100007  -29.118  -51.974  59.175 0.0000000000
99992  -29.502  -52.289  59.623 0.0000000000
98594  -34.519  -52.637  58.891 0.0000000000
102607  -13.031  -50.059  69.547 0.0000000000
101138  -12.296  -50.715  69.467 0.0000000000
98388  -11.690  -51.696  68.892 0.0000000000
96994  -11.200  -52.632  68.921 0.0000000000
98397  -11.545  -52.311  68.628 0.0000000000
97016  -11.851  -52.712  68.126 0.0000000000
97017  -12.288  -53.109  67.837 0.0000000000
98414  -12.784  -52.270  67.446 0.0000000000
95641  -12.808  -53.488  67.550 0.0000000000
94218  -12.781  -54.151  67.815 0.0000000000
94219  -13.390  -54.544  67.838 0.0000000000
94220  -14.189  -54.575  67.869 0.0000000000
92717  -14.657  -54.962  68.316 0.0000000000
98456  -15.138  -52.007  65.902 0.0000000000
97071  -15.082  -52.545  66.107 0.0000000000
97059  -14.747  -53.049  66.380 0.0000000000
97061  -16.148  -53.233  66.290 0.0000000000
95658  -15.850  -53.603  66.661 0.0000000000
95657  -15.134  -53.531  66.712 0.0000000000
94234  -15.195  -54.252  67.636 0.0000000000
94221  -15.285  -54.598  68.172 0.0000000000
94208  -15.212  -54.948  68.608 0.0000000000
157165  -48.333  -22.710  43.694 0.0000000000
104413  -37.997  -49.660  58.453 0.0000000000
105932  -38.412  -49.236  58.121 0.0000000000
104442  -37.472  -49.179  57.392 0.0000000000
105954  -37.404  -48.746  56.994 0.0000000000
105969  -37.027  -48.318  56.574 0.0000000000
107487  -36.000  -47.853  56.310 0.0000000000
107488  -36.528  -48.006  56.416 0.0000000000
276617  -36.010  -46.287  56.172 0.0000000000
110440  -34.744  -46.565  56.414 0.0000000000
110429  -35.011  -46.184  56.656 0.0000000000
113073  -34.737  -44.926  56.498 0.0000000000
303199  -34.538  -43.995  57.713 0.0000000000
102769  -18.909  -49.567  62.748 0.0000000000
102770  -19.822  -50.212  62.556 0.0000000000
102790  -19.933  -49.705  62.102 0.0000000000
104326  -20.125  -49.080  61.841 0.0000000000
104327  -20.650  -49.119  61.480 0.0000000000
107388  -20.545  -47.772  61.498 0.0000000000
107389  -21.226  -47.988  61.060 0.0000000000
105876  -21.491  -48.669  60.930 0.0000000000
282151  -21.861  -48.183  60.671 0.0000000000
312606  -22.612  -47.372  60.255 0.0000000000
310179  -23.425  -47.501  60.388 0.0000000000
112958  -22.223  -44.444  62.489 0.0000000000
112971  -22.361  -44.562  61.809 0.0000000000
112985  -22.556  -44.869  61.093 0.0000000000
114220  -23.953  -43.686  61.062 0.0000000000
114219  -23.120  -44.136  60.921 0.0000000000
292775  -22.903  -45.240  60.509 0.0000000000
111772  -23.172  -45.979  60.206 0.0000000000
110334  -23.464  -46.638  60.182 0.0000000000
110335  -24.088  -46.705  60.169 0.0000000000
110336  -24.756  -46.824  60.242 0.0000000000
110337  -25.353  -46.809  60.232 0.0000000000
110338  -25.840  -47.012  60.082 0.0000000000
111786  -25.567  -45.636  59.535 0.0000000000
312506  -25.951  -46.606  59.706 0.0000000000
108900  -26.267  -47.018  59.691 0.0000000000
107446  -26.709  -48.105  59.337 0.0000000000
105923  -26.849  -48.660  58.901 0.0000000000
104408  -26.999  -49.179  58.653 0.0000000000
115595  -27.913  -43.626  59.927 0.0000000000
114253  -27.490  -43.814  59.285 0.0000000000
113046  -27.131  -45.329  58.423 0.0000000000
111825  -28.231  -45.696  58.074 0.0000000000
111839  -27.829  -46.279  57.965 0.0000000000
110394  -27.041  -46.547  58.098 0.0000000000
107461  -27.243  -47.946  58.033 0.0000000000
104409  -27.364  -49.408  58.308 0.0000000000
102866  -28.124  -50.332  58.182 0.0000000000
102867  -28.699  -50.650  57.822 0.0000000000
101381  -30.481  -51.405  57.855 0.0000000000
102878  -29.704  -50.305  57.330 0.0000000000
101395  -30.052  -50.987  57.428 0.0000000000
101382  -31.160  -51.349  57.840 0.0000000000
101383  -31.795  -51.175  57.928 0.0000000000
101384  -32.427  -51.020  57.929 0.0000000000
105960  -30.674  -47.975  56.590 0.0000000000
297135  -30.957  -48.555  56.472 0.0000000000
104435  -31.587  -49.441  56.533 0.0000000000
104448  -32.026  -49.039  56.378 0.0000000000
104436  -32.114  -49.564  56.562 0.0000000000
102892  -31.862  -49.936  56.837 0.0000000000
101407  -32.197  -50.298  57.192 0.0000000000
266532  -33.024  -50.789  57.939 0.0000000000
101385  -33.422  -50.996  58.164 0.0000000000
101386  -33.933  -50.814  58.180 0.0000000000
101387  -34.488  -50.670  58.152 0.0000000000
102868  -35.070  -50.562  58.042 0.0000000000
102896  -34.661  -49.627  57.432 0.0000000000
102884  -35.169  -50.011  57.771 0.0000000000
102869  -36.174  -50.560  58.377 0.0000000000
102870  -36.769  -50.285  58.364 0.0000000000
104412  -37.351  -49.876  58.286 0.0000000000
108797  -18.455  -47.180  64.103 0.0000000000
108811  -19.378  -47.112  63.324 0.0000000000
107345  -18.471  -47.927  63.290 0.0000000000
105829  -18.492  -48.503  62.924 0.0000000000
104305  -18.663  -49.025  62.757 0.0000000000
126181  -39.350  -38.771  50.792 0.0000000000
130188  -39.528  -36.757  50.631 0.0000000000
278258  -39.456  -35.920  50.510 0.0000000000
138095  -38.778  -32.474  51.409 0.0000000000
138105  -38.891  -32.715  50.914 0.0000000000
136813  -39.786  -33.236  50.274 0.0000000000
136814  -40.286  -33.133  50.147 0.0000000000
142358  -40.414  -30.408  50.468 0.0000000000
139484  -40.507  -31.588  50.287 0.0000000000
139485  -41.035  -31.538  49.948 0.0000000000
291947  -40.666  -33.520  50.034 0.0000000000
291172  -41.701  -34.070  49.700 0.0000000000
136832  -42.595  -33.357  49.510 0.0000000000
150624  -48.945  -26.390  44.419 0.0000000000
150623  -48.117  -25.981  44.712 0.0000000000
151928  -48.229  -25.532  44.540 0.0000000000
151941  -48.203  -25.053  44.188 0.0000000000
313381  -47.968  -24.182  44.039 0.0000000000
155919  -47.723  -23.303  44.363 0.0000000000
157160  -47.480  -23.156  44.872 0.0000000000
86526  -3.977  -57.120  75.689 0.0000000000
86527  -4.099  -57.770  75.594 0.0000000000
85040  -4.106  -58.735  75.859 0.0000000000
85071  -6.444  -58.722  74.293 0.0000000000
82032  -6.723  -59.831  75.678 0.0000000000
82037  -6.332  -59.533  75.208 0.0000000000
83572  -5.730  -59.158  75.064 0.0000000000
83559  -5.258  -59.317  75.403 0.0000000000
82029  -4.863  -59.634  75.778 0.0000000000
83549  -4.267  -59.347  76.085 0.0000000000
82019  -4.220  -59.887  76.498 0.0000000000
80470  -4.698  -60.330  76.595 0.0000000000
78897  -4.839  -61.161  77.441 0.0000000000
80464  -5.840  -60.731  77.280 0.0000000000
80454  -5.478  -61.125  77.576 0.0000000000
78886  -5.132  -61.400  77.971 0.0000000000
105940  -38.334  -48.893  57.518 0.0000000000
108967  -38.287  -47.809  56.341 0.0000000000
108970  -40.005  -47.280  56.992 0.0000000000
110431  -40.254  -46.695  56.808 0.0000000000
111863  -35.902  -45.519  55.748 0.0000000000
113090  -36.178  -44.938  55.016 0.0000000000
113082  -37.111  -45.512  55.268 0.0000000000
111867  -38.566  -46.128  55.577 0.0000000000
110448  -39.960  -46.362  56.388 0.0000000000
111848  -40.473  -46.091  56.716 0.0000000000
111860  -40.223  -45.780  56.310 0.0000000000
298807  -40.726  -45.460  56.540 0.0000000000
113076  -40.486  -44.898  56.227 0.0000000000
114393  -38.635  -44.108  54.962 0.0000000000
115694  -39.555  -43.984  55.420 0.0000000000
115679  -40.386  -44.249  55.899 0.0000000000
115678  -40.080  -43.646  55.760 0.0000000000
117013  -39.775  -42.909  56.109 0.0000000000
119918  -31.371  -41.335  57.494 0.0000000000
312638  -31.165  -40.362  57.957 0.0000000000
121504  -31.189  -40.811  57.735 0.0000000000
118410  -31.651  -41.920  56.654 0.0000000000
118417  -31.741  -41.824  56.200 0.0000000000
119975  -32.137  -41.818  55.474 0.0000000000
118433  -32.633  -42.116  55.269 0.0000000000
126080  -31.095  -38.421  56.354 0.0000000000
124701  -30.979  -39.164  56.133 0.0000000000
296184  -31.160  -39.226  55.478 0.0000000000
123146  -31.671  -40.153  55.735 0.0000000000
121560  -31.926  -41.097  55.592 0.0000000000
119989  -32.427  -41.493  55.161 0.0000000000
120001  -33.555  -41.847  54.529 0.0000000000
120002  -34.062  -41.794  54.484 0.0000000000
120003  -34.642  -41.782  54.510 0.0000000000
120005  -35.763  -41.729  54.626 0.0000000000
119992  -35.421  -41.271  54.947 0.0000000000
118437  -36.793  -42.007  54.833 0.0000000000
119994  -37.162  -41.824  55.096 0.0000000000
119978  -38.156  -41.907  55.599 0.0000000000
117012  -39.394  -42.263  56.219 0.0000000000
123148  -35.731  -39.395  55.801 0.0000000000
127469  -34.524  -38.638  54.356 0.0000000000
126179  -37.557  -38.598  50.819 0.0000000000
127535  -36.165  -37.916  51.096 0.0000000000
128822  -36.493  -37.507  50.917 0.0000000000
128823  -37.029  -37.449  50.822 0.0000000000
275260  -37.294  -36.990  50.825 0.0000000000
130169  -37.267  -36.519  50.995 0.0000000000
131530  -37.207  -36.034  51.213 0.0000000000
132840  -35.624  -35.608  51.617 0.0000000000
134224  -37.606  -34.933  51.754 0.0000000000
134212  -37.621  -34.226  52.007 0.0000000000
101297  -20.280  -50.817  62.757 0.0000000000
101279  -20.945  -51.079  62.991 0.0000000000
99934  -21.406  -51.300  63.601 0.0000000000
101299  -22.016  -50.763  62.618 0.0000000000
101281  -22.361  -51.019  63.146 0.0000000000
302064  -22.423  -51.492  64.005 0.0000000000
99895  -23.202  -51.596  64.540 0.0000000000
104354  -24.421  -48.493  61.419 0.0000000000
104308  -24.549  -49.618  62.330 0.0000000000
102777  -24.651  -49.968  62.811 0.0000000000
304138  -25.942  -49.683  63.319 0.0000000000
102750  -24.983  -50.084  63.257 0.0000000000
102726  -24.651  -50.588  63.589 0.0000000000
101227  -24.510  -51.022  64.398 0.0000000000
101356  -28.150  -50.957  59.945 0.0000000000
101345  -28.503  -51.353  60.330 0.0000000000
89543  -6.326  -56.510  73.454 0.0000000000
273707  -6.594  -56.975  73.184 0.0000000000
86592  -6.886  -57.494  73.217 0.0000000000
91113  -7.673  -55.440  72.129 0.0000000000
89586  -8.271  -56.255  71.633 0.0000000000
89573  -7.805  -56.046  72.015 0.0000000000
89572  -7.411  -56.356  72.343 0.0000000000
88092  -7.384  -56.914  72.553 0.0000000000
86616  -7.303  -57.323  72.874 0.0000000000
86593  -7.516  -57.804  73.102 0.0000000000
85106  -7.885  -58.258  73.321 0.0000000000
85093  -8.825  -58.654  73.708 0.0000000000
86596  -9.351  -57.977  72.968 0.0000000000
96993  -10.915  -53.021  69.209 0.0000000000
95614  -10.927  -53.714  69.009 0.0000000000
92685  -10.785  -54.942  69.228 0.0000000000
278379  -11.797  -54.900  68.767 0.0000000000
92699  -11.377  -55.043  69.019 0.0000000000
91158  -10.722  -55.412  69.540 0.0000000000
91142  -10.903  -55.952  69.821 0.0000000000
89617  -11.237  -56.440  70.132 0.0000000000
89604  -11.004  -56.721  70.634 0.0000000000
91163  -14.114  -55.715  69.768 0.0000000000
91145  -13.751  -56.041  70.059 0.0000000000
89606  -12.300  -56.733  70.548 0.0000000000
88136  -12.073  -57.017  71.124 0.0000000000
88115  -11.145  -57.215  71.686 0.0000000000
155922  -49.227  -23.510  43.438 0.0000000000
77198  -3.037  -62.135  79.568 0.0000000000
78868  -2.429  -61.590  78.903 0.0000000000
77196  -1.500  -62.008  79.927 0.0000000000
78857  -1.921  -61.879  79.475 0.0000000000
80445  -1.668  -60.557  79.183 0.0000000000
311405  -1.489  -59.850  79.414 0.0000000000
80436  -0.466  -60.829  79.601 0.0000000000
267601  -0.392  -60.079  79.494 0.0000000000
81984  -0.515  -59.686  79.704 0.0000000000
77213  -2.578  -61.953  79.338 0.0000000000
78869  -3.117  -61.625  78.577 0.0000000000
80460  -3.270  -60.426  77.479 0.0000000000
85047  -4.270  -58.371  75.616 0.0000000000
85057  -5.219  -58.208  74.874 0.0000000000
85107  -8.481  -58.320  73.289 0.0000000000
86541  -4.373  -57.492  75.268 0.0000000000
86557  -5.182  -57.665  74.646 0.0000000000
86619  -9.088  -57.685  72.526 0.0000000000
88135  -11.398  -56.989  71.176 0.0000000000
89639  -12.729  -56.033  69.642 0.0000000000
91111  -6.951  -55.960  72.612 0.0000000000
91124  -8.437  -55.651  71.333 0.0000000000
91131  -8.819  -55.671  71.005 0.0000000000
91146  -14.314  -55.809  70.342 0.0000000000
91159  -11.620  -55.690  69.279 0.0000000000
91161  -12.856  -55.697  69.360 0.0000000000
92671  -9.373  -54.996  70.288 0.0000000000
92686  -14.479  -55.495  69.360 0.0000000000
92698  -10.973  -54.394  69.014 0.0000000000
92705  -15.449  -55.062  69.082 0.0000000000
92716  -13.904  -54.922  68.339 0.0000000000
94217  -11.673  -54.061  68.532 0.0000000000
94222  -15.883  -54.353  68.237 0.0000000000
94223  -16.538  -54.256  68.036 0.0000000000
94235  -15.918  -54.214  67.646 0.0000000000
95615  -11.323  -53.419  68.710 0.0000000000
95631  -12.398  -53.694  67.925 0.0000000000
95642  -13.434  -53.592  67.080 0.0000000000
95644  -14.837  -53.873  67.156 0.0000000000
95647  -17.419  -53.617  67.454 0.0000000000
95659  -16.579  -53.638  66.664 0.0000000000
97038  -12.620  -52.847  67.557 0.0000000000
97039  -13.050  -52.918  67.279 0.0000000000
97040  -17.697  -53.209  67.168 0.0000000000
97064  -18.486  -52.907  67.133 0.0000000000
97072  -15.764  -52.696  65.980 0.0000000000
97074  -17.045  -53.094  66.123 0.0000000000
97075  -18.167  -52.858  66.535 0.0000000000
98387  -11.340  -52.028  69.238 0.0000000000
98399  -12.451  -51.819  67.950 0.0000000000
98400  -19.614  -52.698  68.027 0.0000000000
98418  -19.715  -52.691  67.569 0.0000000000
98420  -21.291  -52.773  67.313 0.0000000000
98438  -13.578  -52.342  66.780 0.0000000000
98442  -21.498  -52.584  66.868 0.0000000000
98476  -15.699  -52.096  65.719 0.0000000000
98477  -16.278  -52.090  65.434 0.0000000000
98480  -19.266  -52.489  65.841 0.0000000000
98481  -19.959  -52.300  65.652 0.0000000000
98483  -21.761  -52.170  65.807 0.0000000000
98484  -22.306  -52.090  65.615 0.0000000000
98485  -22.769  -52.009  65.418 0.0000000000
98502  -19.496  -52.127  65.165 0.0000000000
98579  -32.982  -53.127  59.345 0.0000000000
98593  -33.213  -52.584  58.820 0.0000000000
99784  -11.954  -51.158  69.201 0.0000000000
99863  -15.771  -51.495  65.335 0.0000000000
99867  -22.968  -51.859  64.977 0.0000000000
99890  -18.295  -51.734  64.536 0.0000000000
99893  -20.345  -51.728  64.577 0.0000000000
99894  -20.932  -51.679  64.564 0.0000000000
99896  -23.675  -51.412  64.541 0.0000000000
99898  -24.755  -51.178  64.783 0.0000000000
99916  -19.957  -51.540  64.112 0.0000000000
99919  -21.839  -51.534  64.179 0.0000000000
99932  -20.191  -51.441  63.562 0.0000000000
99933  -20.752  -51.365  63.568 0.0000000000
99935  -22.082  -51.343  63.589 0.0000000000
99936  -22.708  -51.320  63.603 0.0000000000
99982  -28.877  -51.699  60.718 0.0000000000
99994  -30.844  -52.497  58.951 0.0000000000
99998  -33.899  -52.231  58.549 0.0000000000
100010  -31.244  -52.086  58.455 0.0000000000
100011  -31.952  -51.982  58.392 0.0000000000
100012  -32.683  -51.851  58.311 0.0000000000
100013  -33.297  -51.450  58.187 0.0000000000
101139  -12.794  -50.318  69.150 0.0000000000
101165  -13.291  -50.550  67.356 0.0000000000
101225  -17.778  -51.272  64.345 0.0000000000
101255  -23.301  -51.222  63.684 0.0000000000
101256  -23.826  -51.072  63.789 0.0000000000
101257  -24.314  -50.885  63.938 0.0000000000
101258  -24.814  -50.710  64.102 0.0000000000
101276  -18.931  -50.483  63.367 0.0000000000
101277  -19.382  -50.805  63.304 0.0000000000
101278  -19.937  -51.118  63.186 0.0000000000
101280  -21.677  -50.997  63.110 0.0000000000
101282  -23.009  -50.965  63.221 0.0000000000
101284  -24.103  -50.698  63.469 0.0000000000
101324  -27.679  -50.472  60.918 0.0000000000
101357  -28.580  -51.492  59.561 0.0000000000
101365  -28.686  -51.582  58.739 0.0000000000
101369  -33.802  -51.251  58.193 0.0000000000
101379  -29.026  -51.276  58.080 0.0000000000
101380  -29.777  -51.392  57.922 0.0000000000
101388  -35.591  -50.877  58.377 0.0000000000
101399  -32.592  -50.593  57.544 0.0000000000
101408  -32.663  -50.188  57.233 0.0000000000
102636  -13.202  -50.025  68.728 0.0000000000
102647  -13.488  -49.948  67.649 0.0000000000
102700  -16.277  -50.009  64.704 0.0000000000
102727  -25.139  -50.350  63.834 0.0000000000
102746  -18.679  -49.958  63.157 0.0000000000
102749  -24.422  -50.353  63.117 0.0000000000
102751  -25.556  -49.995  63.547 0.0000000000
102772  -20.986  -50.356  62.135 0.0000000000
102773  -22.394  -50.534  62.091 0.0000000000
102774  -23.089  -50.511  62.193 0.0000000000
102775  -23.651  -50.238  62.482 0.0000000000
102776  -24.194  -50.076  62.661 0.0000000000
102792  -21.252  -50.052  61.659 0.0000000000
102808  -22.173  -49.717  61.230 0.0000000000
102830  -26.994  -49.648  60.331 0.0000000000
102845  -27.314  -50.101  59.981 0.0000000000
102855  -27.020  -49.720  58.752 0.0000000000
102856  -27.287  -50.101  59.177 0.0000000000
102865  -27.506  -50.022  58.511 0.0000000000
102877  -29.077  -50.180  57.456 0.0000000000
102881  -33.122  -50.248  57.541 0.0000000000
102889  -30.029  -49.785  57.135 0.0000000000
102894  -33.395  -49.787  57.156 0.0000000000
104200  -13.967  -49.135  67.662 0.0000000000
104212  -14.481  -48.941  66.777 0.0000000000
104221  -14.322  -49.574  66.407 0.0000000000
104235  -15.042  -49.443  65.688 0.0000000000
104236  -15.452  -49.313  65.511 0.0000000000
104288  -25.510  -49.679  63.108 0.0000000000
104307  -19.563  -49.042  62.124 0.0000000000
104328  -21.013  -49.601  61.411 0.0000000000
104329  -23.125  -49.544  61.627 0.0000000000
104330  -23.671  -49.481  61.786 0.0000000000
104331  -24.638  -49.007  61.882 0.0000000000
104349  -21.212  -49.174  61.181 0.0000000000
104351  -22.432  -49.242  61.030 0.0000000000
104352  -22.997  -49.247  61.197 0.0000000000
104355  -27.159  -49.568  61.270 0.0000000000
104399  -26.917  -49.254  59.204 0.0000000000
104400  -38.134  -49.991  58.981 0.0000000000
104411  -36.836  -49.907  57.966 0.0000000000
104419  -27.654  -49.063  57.789 0.0000000000
104422  -29.444  -49.679  57.250 0.0000000000
104425  -37.824  -49.334  57.820 0.0000000000
104433  -30.326  -49.243  56.923 0.0000000000
104441  -36.939  -49.141  57.314 0.0000000000
105768  -15.121  -48.059  66.803 0.0000000000
105815  -17.769  -48.502  63.694 0.0000000000
105844  -25.367  -49.162  62.497 0.0000000000
105845  -25.960  -48.946  62.544 0.0000000000
105859  -25.346  -48.768  62.124 0.0000000000
105862  -26.721  -48.590  61.965 0.0000000000
105875  -20.887  -48.536  61.279 0.0000000000
105877  -22.135  -48.758  60.781 0.0000000000
105878  -22.802  -48.843  60.819 0.0000000000
105881  -26.543  -48.293  61.523 0.0000000000
105896  -26.771  -48.627  60.502 0.0000000000
105911  -26.716  -48.435  59.925 0.0000000000
105924  -39.044  -49.333  58.777 0.0000000000
105931  -27.136  -48.688  58.231 0.0000000000
105938  -27.947  -48.754  57.471 0.0000000000
105941  -38.740  -48.925  57.883 0.0000000000
105947  -28.391  -48.661  57.277 0.0000000000
105955  -38.011  -48.594  57.016 0.0000000000
107311  -16.708  -47.404  65.271 0.0000000000
107331  -17.228  -47.950  64.266 0.0000000000
107332  -17.668  -47.890  64.012 0.0000000000
107344  -18.042  -48.081  63.643 0.0000000000
107360  -18.799  -48.036  62.865 0.0000000000
107361  -19.220  -47.846  62.664 0.0000000000
107362  -19.681  -47.619  62.390 0.0000000000
107373  -25.577  -48.263  61.732 0.0000000000
107374  -26.010  -48.129  61.652 0.0000000000
107392  -25.275  -47.931  61.307 0.0000000000
107408  -22.266  -47.749  60.354 0.0000000000
107409  -22.999  -47.789  60.324 0.0000000000
107410  -24.292  -47.565  60.673 0.0000000000
107412  -26.316  -47.851  60.418 0.0000000000
107413  -26.484  -48.199  60.861 0.0000000000
107435  -42.474  -48.110  59.695 0.0000000000
107449  -41.617  -47.981  59.107 0.0000000000
107457  -40.829  -47.970  58.505 0.0000000000
107462  -27.731  -47.792  57.696 0.0000000000
107464  -28.613  -47.979  57.365 0.0000000000
107472  -29.537  -47.829  57.000 0.0000000000
107475  -38.145  -48.208  56.654 0.0000000000
108785  -18.138  -46.987  64.681 0.0000000000
108810  -18.726  -47.331  63.517 0.0000000000
108849  -20.741  -46.680  61.799 0.0000000000
108862  -20.547  -47.205  61.743 0.0000000000
108864  -21.553  -46.807  60.941 0.0000000000
108865  -25.250  -47.489  60.854 0.0000000000
108879  -23.117  -47.153  60.261 0.0000000000
108880  -23.785  -47.217  60.428 0.0000000000
108882  -24.773  -47.327  60.613 0.0000000000
108884  -25.988  -47.464  60.529 0.0000000000
108922  -26.434  -47.148  59.086 0.0000000000
108923  -26.488  -47.553  59.508 0.0000000000
108931  -42.200  -47.020  58.829 0.0000000000
108938  -27.011  -47.520  58.381 0.0000000000
108944  -41.031  -47.475  58.252 0.0000000000
108952  -29.104  -47.381  57.301 0.0000000000
108953  -29.340  -46.839  57.424 0.0000000000
110305  -20.609  -46.465  62.484 0.0000000000
110349  -23.804  -46.135  59.957 0.0000000000
110396  -29.820  -46.170  58.298 0.0000000000
110402  -41.139  -46.977  58.056 0.0000000000
110403  -41.551  -46.473  58.026 0.0000000000
110409  -27.075  -47.078  58.032 0.0000000000
110410  -27.565  -46.828  57.899 0.0000000000
110419  -40.526  -47.003  57.273 0.0000000000
110430  -39.725  -46.970  56.514 0.0000000000
110432  -40.742  -46.423  57.137 0.0000000000
110446  -38.915  -46.832  55.985 0.0000000000
110452  -37.480  -46.495  55.718 0.0000000000
111746  -21.663  -45.204  62.150 0.0000000000
111758  -21.672  -45.591  61.412 0.0000000000
111770  -21.967  -45.837  60.838 0.0000000000
111783  -24.172  -45.670  59.892 0.0000000000
111784  -24.698  -45.808  59.830 0.0000000000
111806  -25.991  -45.517  59.173 0.0000000000
111807  -26.461  -45.433  58.683 0.0000000000
111824  -27.458  -45.824  58.127 0.0000000000
111840  -28.460  -46.198  57.818 0.0000000000
111843  -41.641  -45.861  57.731 0.0000000000
111849  -40.954  -45.842  57.028 0.0000000000
111858  -39.006  -46.350  55.814 0.0000000000
111868  -39.061  -45.790  55.617 0.0000000000
112986  -22.916  -44.656  60.787 0.0000000000
112998  -23.968  -45.016  60.026 0.0000000000
113000  -29.825  -44.555  59.946 0.0000000000
113048  -28.554  -45.300  58.530 0.0000000000
113050  -42.285  -44.897  58.071 0.0000000000
113075  -40.066  -45.373  56.022 0.0000000000
113083  -37.733  -45.651  55.304 0.0000000000
113087  -40.022  -44.809  55.796 0.0000000000
113091  -36.901  -44.970  55.033 0.0000000000
114195  -22.475  -44.071  62.122 0.0000000000
114207  -22.673  -44.381  61.365 0.0000000000
114251  -25.409  -44.270  59.413 0.0000000000
114252  -26.183  -44.209  59.215 0.0000000000
114255  -28.712  -44.154  59.562 0.0000000000
114256  -29.329  -44.281  59.709 0.0000000000
114339  -41.438  -44.631  57.188 0.0000000000
114357  -40.725  -44.212  56.412 0.0000000000
114374  -39.122  -44.426  55.136 0.0000000000
114376  -39.921  -44.268  55.664 0.0000000000
114392  -37.401  -44.345  54.872 0.0000000000
115568  -24.716  -43.599  60.524 0.0000000000
115570  -26.098  -43.221  60.249 0.0000000000
115596  -28.428  -43.818  59.984 0.0000000000
115659  -32.090  -43.441  57.052 0.0000000000
115693  -39.086  -43.706  55.129 0.0000000000
115710  -35.470  -44.039  54.403 0.0000000000
115726  -35.174  -43.537  54.291 0.0000000000
115729  -37.094  -43.356  54.494 0.0000000000
117010  -31.817  -43.044  56.803 0.0000000000
117014  -40.332  -43.282  56.260 0.0000000000
117018  -33.112  -43.350  55.723 0.0000000000
117019  -38.436  -42.671  55.123 0.0000000000
117021  -39.447  -43.238  55.488 0.0000000000
117028  -33.653  -43.270  55.080 0.0000000000
117030  -38.008  -43.169  54.812 0.0000000000
117040  -34.327  -43.235  54.427 0.0000000000
117044  -36.896  -42.913  54.462 0.0000000000
118403  -32.359  -42.578  58.232 0.0000000000
118418  -31.780  -42.386  56.446 0.0000000000
118426  -31.924  -42.102  55.892 0.0000000000
118434  -33.141  -42.329  55.025 0.0000000000
118436  -36.329  -41.826  54.689 0.0000000000
118442  -33.884  -42.251  54.482 0.0000000000
118446  -36.611  -42.380  54.535 0.0000000000
119919  -31.741  -41.742  57.921 0.0000000000
119941  -31.574  -41.920  57.266 0.0000000000
119959  -31.649  -41.375  56.311 0.0000000000
119977  -37.552  -41.557  55.479 0.0000000000
119990  -33.004  -41.642  54.899 0.0000000000
119991  -34.964  -41.336  54.826 0.0000000000
119993  -36.615  -41.531  55.102 0.0000000000
120004  -35.205  -41.769  54.546 0.0000000000
121522  -31.201  -40.902  57.048 0.0000000000
121538  -31.408  -40.934  56.474 0.0000000000
121559  -31.763  -41.037  56.012 0.0000000000
121582  -32.810  -41.020  54.885 0.0000000000
121588  -36.442  -40.997  55.437 0.0000000000
123129  -31.428  -40.094  56.218 0.0000000000
123165  -33.255  -40.411  54.832 0.0000000000
123166  -33.886  -39.885  54.906 0.0000000000
124728  -34.251  -39.216  55.139 0.0000000000
126095  -31.262  -38.650  55.254 0.0000000000
126096  -31.804  -38.788  54.904 0.0000000000
126112  -34.361  -38.835  54.780 0.0000000000
126122  -35.364  -38.771  53.460 0.0000000000
126165  -36.681  -38.913  51.431 0.0000000000
127536  -36.684  -37.997  50.918 0.0000000000
127537  -37.314  -38.007  50.803 0.0000000000
127540  -39.162  -38.205  50.734 0.0000000000
128748  -31.495  -37.639  54.895 0.0000000000
128799  -35.030  -38.074  52.004 0.0000000000
130080  -31.229  -36.740  56.415 0.0000000000
130096  -31.281  -36.756  55.155 0.0000000000
130139  -33.459  -36.581  52.940 0.0000000000
130167  -35.785  -36.566  51.434 0.0000000000
131466  -31.157  -36.226  55.444 0.0000000000
132771  -31.290  -35.686  54.992 0.0000000000
134166  -32.456  -34.391  54.218 0.0000000000
134167  -32.771  -33.814  54.027 0.0000000000
135436  -32.418  -33.999  54.461 0.0000000000
135449  -34.381  -33.319  53.154 0.0000000000
145217  -44.823  -29.116  47.728 0.0000000000
148007  -44.761  -27.043  46.878 0.0000000000
149268  -43.504  -26.801  48.385 0.0000000000
151929  -48.494  -25.955  44.415 0.0000000000
153266  -48.201  -24.566  43.919 0.0000000000
154634  -47.756  -23.935  44.383 0.0000000000
155921  -48.606  -23.216  43.479 0.0000000000
157159  -47.463  -22.788  45.200 0.0000000000
157164  -47.942  -22.731  44.137 0.0000000000
157169  -49.308  -22.564  43.104 0.0000000000
158347  -48.545  -22.185  43.609 0.0000000000
262014  -18.631  -52.802  66.681 0.0000000000
263156  -24.716  -48.071  61.352 0.0000000000
264220  -4.327  -61.682  78.375 0.0000000000
264256  -23.514  -43.764  61.326 0.0000000000
265073  -37.214  -50.647  59.046 0.0000000000
265486  -21.132  -52.541  66.571 0.0000000000
266025  -20.266  -52.650  67.301 0.0000000000
266190  -16.344  -49.428  64.704 0.0000000000
266569  -35.654  -50.370  57.997 0.0000000000
266811  -22.511  -51.609  64.564 0.0000000000
267787  -10.457  -54.466  69.170 0.0000000000
268917  -11.098  -55.391  69.265 0.0000000000
268935  -21.075  -52.258  65.969 0.0000000000
269106  -19.380  -49.645  62.417 0.0000000000
269620  -35.836  -51.206  58.726 0.0000000000
270652  -33.367  -44.068  57.146 0.0000000000
270938  -16.922  -53.909  67.148 0.0000000000
273362  -31.095  -39.908  57.835 0.0000000000
273598  -33.755  -43.763  55.436 0.0000000000
276251  -26.851  -43.828  59.326 0.0000000000
276513  -35.499  -42.184  54.389 0.0000000000
279692  -34.184  -49.962  57.645 0.0000000000
280056  -27.052  -49.124  61.662 0.0000000000
282132  -48.310  -23.600  43.740 0.0000000000
283104  -34.957  -50.940  58.315 0.0000000000
283781  -34.449  -42.784  54.285 0.0000000000
286237  -31.339  -39.684  55.932 0.0000000000
289204  -28.052  -46.686  57.840 0.0000000000
290930  -31.547  -37.271  56.510 0.0000000000
291312  -14.774  -54.519  67.906 0.0000000000
292098  -9.514  -55.938  70.500 0.0000000000
292192  -35.252  -38.777  54.955 0.0000000000
292860  -23.462  -49.270  61.400 0.0000000000
294237  -27.573  -44.839  58.574 0.0000000000
294811  -34.868  -51.537  58.484 0.0000000000
296100  -7.592  -59.247  74.610 0.0000000000
296815  -20.900  -52.718  67.042 0.0000000000
297229  -40.121  -42.820  56.552 0.0000000000
297820  -30.635  -47.417  56.755 0.0000000000
298202  -40.516  -43.772  56.108 0.0000000000
300184  -47.974  -23.721  43.989 0.0000000000
300483  -31.868  -40.697  55.807 0.0000000000
300585  -13.862  -50.439  66.522 0.0000000000
300706  -39.302  -42.668  55.817 0.0000000000
301123  -18.799  -52.663  66.210 0.0000000000
301512  -41.865  -46.045  58.012 0.0000000000
301635  -7.449  -55.837  72.314 0.0000000000
302752  -17.556  -48.949  63.770 0.0000000000
302829  -22.572  -46.932  60.337 0.0000000000
303303  -37.775  -46.057  55.499 0.0000000000
304800  -20.395  -52.345  66.023 0.0000000000
307431  -16.497  -47.788  65.061 0.0000000000
308050  -21.320  -45.911  61.443 0.0000000000
308324  -42.502  -31.935  49.543 0.0000000000
308794  -24.172  -49.399  61.914 0.0000000000
309821  -21.430  -51.656  64.540 0.0000000000
310079  -27.019  -49.636  60.785 0.0000000000
310140  -31.423  -39.647  55.360 0.0000000000
310756  -21.054  -52.044  65.385 0.0000000000
310963  -34.294  -44.248  57.114 0.0000000000
311470  -29.367  -45.549  58.824 0.0000000000
311627  -22.004  -45.447  61.118 0.0000000000
311784  -17.224  -52.978  65.842 0.0000000000
312831  -23.847  -44.521  60.187 0.0000000000
313484  -20.261  -47.400  61.894 0.0000000000
313886  -32.023  -35.866  54.218 0.0000000000
314228  -40.382  -45.380  56.279 0.0000000000
314854  -35.660  -49.812  57.809 0.0000000000
