#!ascii label  , from subject sub-v2s5x29554_ses-1 vox2ras=TkReg
1980
176858  18.043  -6.088  -6.808 0.2500000000
175513  19.153  -6.334  -7.375 0.2500000000
175541  19.537  -6.976  -8.034 0.7500000000
290260  18.034  -2.678  -7.600 0.2500000000
307653  18.359  -3.783  -7.851 0.1250000000
182207  18.815  -3.075  -8.398 0.3750000000
180889  18.592  -4.162  -7.711 0.2500000000
176872  17.733  -5.563  -7.120 0.2500000000
176881  20.146  -5.950  -8.128 0.7500000000
176870  19.165  -5.674  -7.490 0.3750000000
175540  20.321  -6.874  -8.267 0.8750000000
300211  20.064  -6.511  -8.057 0.8750000000
281819  21.078  -7.389  -8.322 0.8750000000
180904  18.997  -3.767  -8.692 0.3750000000
179544  19.660  -4.656  -8.464 0.3750000000
309911  20.081  -4.947  -9.157 0.8750000000
335534  19.717  -5.072  -8.120 0.7500000000
176924  22.558  -5.972  -9.854 1.0000000000
176926  21.493  -6.083  -9.931 1.0000000000
178211  20.420  -5.492  -9.234 0.8750000000
175537  21.811  -6.942  -9.052 1.0000000000
176902  20.891  -6.431  -9.069 0.8750000000
175557  23.006  -7.077  -8.832 1.0000000000
337120  18.834  -2.535  -8.453 0.2500000000
182221  19.839  -3.444  -9.197 0.7500000000
180918  20.672  -4.248  -9.708 0.8750000000
320912  20.539  -4.874  -10.009 0.8750000000
179559  19.734  -4.399  -9.099 0.7500000000
178237  23.195  -5.754  -10.221 1.0000000000
178239  21.516  -5.588  -10.201 1.0000000000
179579  21.518  -5.082  -10.495 1.0000000000
176896  24.801  -6.627  -9.695 1.0000000000
298123  23.110  -6.247  -9.685 1.0000000000
176898  23.361  -6.616  -9.215 1.0000000000
176899  22.722  -6.494  -9.359 1.0000000000
183533  17.611  -2.205  -7.546 0.1250000000
183546  19.262  -2.657  -8.672 0.6250000000
180938  20.835  -3.792  -10.352 1.0000000000
301030  20.143  -2.919  -9.398 0.8750000000
179600  21.557  -4.548  -10.682 1.0000000000
178234  25.305  -5.872  -10.089 1.0000000000
178264  23.656  -5.224  -10.733 1.0000000000
178265  22.923  -5.245  -10.870 1.0000000000
179598  22.704  -4.780  -11.175 1.0000000000
176920  25.401  -6.735  -10.005 1.0000000000
178236  24.014  -5.695  -10.185 1.0000000000
176892  27.361  -6.304  -9.281 1.0000000000
176895  25.209  -7.164  -9.930 1.0000000000
194223  15.334  3.019  -7.292 0.2500000000
184844  17.763  -1.846  -8.573 0.2500000000
186125  17.757  -1.210  -8.915 0.3750000000
184842  18.972  -2.092  -8.806 0.5000000000
184859  19.764  -1.957  -9.575 1.0000000000
184861  18.819  -1.557  -9.300 0.6250000000
183560  20.468  -2.884  -9.892 1.0000000000
300435  22.948  -3.839  -11.233 1.0000000000
182250  21.878  -3.393  -10.664 1.0000000000
178260  26.351  -5.437  -10.415 1.0000000000
178262  25.008  -5.131  -10.495 1.0000000000
300683  24.183  -3.701  -11.307 1.0000000000
179592  26.538  -4.723  -10.589 1.0000000000
176917  27.627  -5.964  -9.870 1.0000000000
178257  28.526  -5.241  -10.391 1.0000000000
178229  28.637  -5.766  -10.171 1.0000000000
310937  16.248  2.810  -8.440 0.5000000000
322945  16.089  2.142  -8.149 0.3750000000
301028  17.039  0.753  -8.783 0.3750000000
188608  17.234  0.302  -9.026 0.5000000000
188620  17.497  0.368  -9.505 0.5000000000
186162  19.163  -0.814  -10.056 0.8750000000
186139  19.818  -1.536  -10.040 1.0000000000
187373  19.630  -0.455  -10.299 1.0000000000
297177  23.218  -3.136  -10.550 1.0000000000
303295  21.950  -2.108  -10.376 1.0000000000
315109  25.832  -3.689  -11.322 1.0000000000
300684  24.792  -3.723  -11.381 1.0000000000
180926  28.808  -4.127  -10.351 1.0000000000
179591  27.818  -4.641  -10.473 1.0000000000
176943  29.789  -5.988  -10.240 0.8750000000
195611  15.580  3.625  -7.924 0.5000000000
191423  16.976  1.777  -8.813 0.5000000000
192835  17.125  2.187  -9.049 0.6250000000
190001  17.928  1.331  -10.110 0.6250000000
188639  19.225  0.255  -10.386 1.0000000000
188619  18.078  0.319  -9.713 0.7500000000
186174  21.129  -0.826  -10.797 1.0000000000
183571  26.990  -2.237  -11.518 1.0000000000
296528  25.010  -2.131  -10.989 1.0000000000
183574  24.775  -2.649  -11.083 1.0000000000
316065  22.868  -1.973  -10.461 1.0000000000
182245  27.024  -2.746  -11.405 1.0000000000
292461  26.485  -3.357  -11.421 1.0000000000
182248  25.048  -3.122  -11.427 1.0000000000
182235  28.624  -3.180  -10.175 0.8750000000
309171  27.980  -3.372  -10.424 1.0000000000
330555  29.880  -4.739  -10.270 0.8750000000
325424  16.340  3.127  -8.878 0.5000000000
191437  17.470  2.063  -9.647 0.8750000000
291412  21.178  0.499  -10.620 1.0000000000
308990  20.645  0.367  -10.870 1.0000000000
184873  26.503  -1.568  -11.109 1.0000000000
187387  23.615  -0.529  -10.475 1.0000000000
186158  22.297  -1.424  -10.427 1.0000000000
300442  25.851  -0.473  -10.392 1.0000000000
182234  29.164  -3.314  -9.796 1.0000000000
183558  28.311  -2.549  -10.340 1.0000000000
184858  26.916  -1.434  -10.689 1.0000000000
331467  28.207  -2.113  -10.235 1.0000000000
194263  15.830  3.736  -8.580 0.5000000000
194271  16.708  3.277  -9.293 0.8750000000
192861  17.812  2.361  -10.232 1.0000000000
191479  20.952  1.811  -11.780 1.0000000000
190014  20.818  0.832  -11.295 1.0000000000
191470  18.610  1.807  -10.839 1.0000000000
189998  25.576  1.343  -10.592 1.0000000000
188654  24.378  0.653  -10.541 1.0000000000
188618  26.890  0.281  -9.423 1.0000000000
188635  25.725  0.616  -10.346 1.0000000000
188636  25.292  0.300  -10.593 1.0000000000
186135  28.836  -1.246  -9.406 1.0000000000
319165  26.209  -0.396  -10.062 1.0000000000
184855  29.380  -2.153  -9.440 0.8750000000
199760  19.549  6.177  -11.308 1.0000000000
201057  17.548  7.236  -10.167 0.3750000000
315233  18.413  5.850  -10.885 0.8750000000
194310  19.603  3.255  -11.586 1.0000000000
191451  25.513  1.767  -10.757 1.0000000000
191464  23.142  2.006  -10.592 1.0000000000
201082  20.916  6.630  -11.361 0.8750000000
199773  20.744  6.005  -11.567 1.0000000000
198429  19.803  5.612  -11.695 1.0000000000
308166  19.925  4.982  -11.820 1.0000000000
197074  20.927  4.769  -11.580 1.0000000000
194308  20.567  3.335  -11.686 1.0000000000
307196  23.851  2.166  -10.711 1.0000000000
192872  23.964  2.777  -10.575 1.0000000000
287797  26.054  2.222  -11.219 1.0000000000
201069  20.947  7.362  -10.770 0.7500000000
198441  21.134  5.412  -11.497 1.0000000000
197073  21.558  4.824  -11.482 1.0000000000
195666  24.979  3.839  -10.791 1.0000000000
305649  23.169  3.848  -10.801 1.0000000000
194292  23.471  3.349  -10.504 1.0000000000
199771  22.100  6.085  -11.635 1.0000000000
197062  22.208  4.864  -11.382 1.0000000000
305510  23.044  4.258  -11.366 1.0000000000
280308  18.017  10.230  -7.807 0.1250000000
209099  18.531  11.590  -6.489 0.1250000000
280038  19.095  10.781  -9.067 0.2500000000
318145  17.806  10.630  -8.238 0.1250000000
328701  19.822  10.956  -9.617 0.3750000000
317707  17.942  11.747  -8.624 0.2500000000
210436  21.213  11.805  -9.785 0.5000000000
280455  20.337  11.783  -9.543 0.2500000000
317850  20.939  12.472  -10.531 0.3750000000
279780  18.137  12.214  -7.652 0.2500000000
279785  19.915  12.612  -9.403 0.2500000000
318139  19.170  13.131  -8.768 0.2500000000
279997  19.695  14.352  -9.428 0.2500000000
317969  20.486  12.984  -10.048 0.2500000000
337963  21.012  13.198  -10.576 0.2500000000
318066  21.546  13.353  -11.114 0.3750000000
318020  19.836  13.674  -9.503 0.2500000000
214402  22.131  13.531  -12.154 0.3750000000
214403  21.722  14.070  -11.703 0.2500000000
176859  17.381  -5.909  -6.634 0.1250000000
178204  19.131  -5.008  -7.897 0.2500000000
180875  18.100  -3.947  -7.327 0.1250000000
293773  25.745  -7.386  -9.617 1.0000000000
190000  18.470  1.297  -10.521 0.8750000000
188655  23.709  0.208  -10.406 1.0000000000
175459  17.288  -6.713  -5.746 0.1250000000
174147  19.749  -7.592  -7.848 0.6250000000
172748  20.476  -8.294  -7.723 0.7500000000
182194  17.866  -3.252  -7.330 0.1250000000
172747  21.025  -8.572  -7.882 1.0000000000
332668  17.353  -5.158  -6.774 0.1250000000
174169  22.832  -7.714  -8.626 1.0000000000
175533  25.002  -7.194  -8.698 1.0000000000
175553  26.672  -7.247  -9.144 1.0000000000
186111  17.112  -0.802  -8.088 0.3750000000
307854  16.402  1.546  -7.852 0.2500000000
188590  16.996  0.334  -8.432 0.2500000000
176914  29.701  -6.108  -10.035 0.8750000000
179576  30.594  -4.534  -10.016 0.8750000000
178255  30.036  -5.460  -10.177 0.8750000000
182232  30.339  -3.335  -9.459 0.8750000000
202426  17.679  7.117  -9.643 0.1250000000
202427  16.843  6.766  -9.350 0.1250000000
198371  15.932  4.864  -8.012 0.3750000000
197040  16.579  4.300  -9.845 0.6250000000
187356  27.658  -0.685  -9.459 1.0000000000
183555  30.170  -2.782  -9.281 0.8750000000
201073  18.593  7.364  -10.923 0.5000000000
201083  20.381  6.380  -11.227 0.8750000000
334334  17.233  6.141  -9.920 0.3750000000
198416  17.623  5.190  -10.248 0.8750000000
191449  26.167  1.579  -10.845 1.0000000000
191448  26.739  1.552  -10.514 1.0000000000
192856  26.829  2.318  -10.689 1.0000000000
199772  21.381  6.086  -11.556 1.0000000000
194290  25.311  3.132  -10.605 1.0000000000
201068  22.191  7.098  -11.199 0.8750000000
201066  23.407  6.919  -11.955 1.0000000000
305717  23.621  5.632  -11.589 1.0000000000
197058  24.736  4.445  -11.109 1.0000000000
207839  19.337  9.869  -8.124 0.1250000000
209109  21.639  10.117  -9.561 0.6250000000
322814  20.890  10.907  -9.897 0.6250000000
210434  22.448  11.531  -10.802 0.5000000000
280126  17.499  10.763  -7.776 0.2500000000
279783  22.576  12.331  -10.977 0.5000000000
211775  19.394  13.130  -7.364 0.2500000000
285250  18.551  13.848  -8.362 0.2500000000
289505  22.243  12.955  -11.201 0.5000000000
213131  22.397  13.034  -11.870 0.5000000000
280161  19.495  14.522  -8.556 0.1250000000
334776  20.980  13.591  -10.339 0.2500000000
215668  22.035  14.212  -12.181 0.2500000000
214419  22.494  13.751  -12.648 0.3750000000
215685  22.479  14.567  -12.660 0.2500000000
279786  20.292  13.919  -9.503 0.1250000000
175497  17.520  -6.481  -6.419 0.1250000000
175496  18.284  -6.518  -6.632 0.3750000000
174122  18.368  -7.392  -6.406 0.5000000000
290423  17.995  -5.097  -7.262 0.1250000000
172770  20.146  -7.844  -8.353 0.7500000000
175558  21.285  -6.817  -8.981 0.8750000000
174171  21.469  -7.728  -8.368 1.0000000000
174170  21.931  -7.471  -8.545 1.0000000000
179580  20.976  -5.269  -10.099 1.0000000000
176901  21.386  -6.535  -9.504 1.0000000000
175556  23.825  -7.098  -8.713 1.0000000000
175554  24.882  -6.759  -9.091 1.0000000000
183562  19.535  -2.311  -9.023 0.8750000000
180936  22.015  -4.194  -10.726 1.0000000000
178232  26.775  -6.054  -10.359 1.0000000000
179597  23.350  -4.713  -11.175 1.0000000000
180934  23.086  -4.268  -11.542 1.0000000000
176919  26.476  -6.732  -9.994 1.0000000000
176893  26.845  -6.954  -9.593 1.0000000000
187344  17.248  -0.284  -8.641 0.3750000000
186142  17.863  -0.680  -9.272 0.5000000000
301404  18.789  -1.021  -9.661 0.8750000000
183579  20.594  -2.347  -10.176 1.0000000000
302359  22.230  -2.635  -10.620 1.0000000000
178231  27.358  -5.884  -10.504 1.0000000000
179593  25.880  -4.764  -10.821 1.0000000000
180932  24.457  -4.203  -11.428 1.0000000000
301088  25.002  -4.214  -11.408 1.0000000000
180930  26.160  -4.107  -11.050 1.0000000000
179589  28.963  -4.741  -10.411 1.0000000000
187358  18.010  -0.209  -9.518 0.6250000000
293533  17.555  0.857  -9.872 0.6250000000
186160  20.558  -1.173  -10.750 1.0000000000
188638  19.814  0.111  -10.502 1.0000000000
183576  23.630  -2.657  -10.528 1.0000000000
298163  22.746  -2.530  -10.535 1.0000000000
184877  22.140  -1.687  -10.470 1.0000000000
180928  27.462  -3.809  -10.526 1.0000000000
180915  28.976  -3.779  -10.127 0.8750000000
176942  30.685  -6.387  -10.748 0.8750000000
188660  19.557  0.697  -10.742 1.0000000000
186173  21.879  -0.863  -10.665 1.0000000000
184871  27.312  -1.949  -11.112 1.0000000000
182246  26.473  -2.556  -11.617 1.0000000000
184885  23.613  -1.487  -10.945 1.0000000000
307911  24.687  -1.655  -10.542 1.0000000000
336031  29.945  -3.831  -9.709 0.8750000000
190013  22.201  0.894  -10.673 1.0000000000
188659  20.199  0.509  -10.967 1.0000000000
334841  23.369  -0.066  -10.441 1.0000000000
301669  22.226  -0.243  -10.614 1.0000000000
186154  25.067  -1.079  -10.488 1.0000000000
186156  23.419  -1.270  -10.833 1.0000000000
187370  24.258  -0.512  -10.388 1.0000000000
186138  27.243  -1.131  -9.907 1.0000000000
184856  28.120  -1.732  -10.143 1.0000000000
195642  16.473  3.887  -9.388 0.6250000000
194282  17.728  3.107  -10.140 0.7500000000
320846  18.714  2.259  -11.028 1.0000000000
191469  19.619  1.694  -11.239 1.0000000000
192877  19.077  2.469  -11.307 1.0000000000
190024  21.243  1.378  -11.601 1.0000000000
192888  20.530  2.359  -11.701 1.0000000000
191467  21.434  2.097  -11.186 1.0000000000
191466  21.797  1.711  -10.923 1.0000000000
188633  26.444  0.714  -9.687 1.0000000000
190010  24.280  1.190  -10.657 1.0000000000
190012  22.855  0.881  -10.863 1.0000000000
199762  18.129  6.554  -10.748 0.7500000000
198432  18.110  5.203  -10.762 1.0000000000
311514  17.854  5.825  -10.460 0.7500000000
194297  18.731  3.384  -11.184 1.0000000000
192875  21.588  2.715  -11.027 1.0000000000
195671  18.677  3.997  -11.121 1.0000000000
195686  19.684  3.821  -11.734 1.0000000000
333044  22.646  2.400  -10.959 1.0000000000
199758  21.710  6.611  -11.108 0.8750000000
197076  19.801  4.415  -11.899 1.0000000000
197075  20.329  4.591  -11.860 1.0000000000
194294  22.476  3.244  -11.422 1.0000000000
333344  22.644  2.891  -11.131 1.0000000000
302713  20.928  3.782  -11.403 1.0000000000
192859  25.699  2.582  -11.022 1.0000000000
198427  23.122  5.712  -11.846 1.0000000000
307697  22.233  3.708  -11.521 1.0000000000
198426  23.453  5.091  -11.648 1.0000000000
199756  23.032  6.483  -11.992 1.0000000000
199757  22.457  6.594  -11.709 1.0000000000
209105  18.943  10.696  -6.527 0.1250000000
207834  19.342  9.959  -7.492 0.1250000000
210393  18.866  12.048  -7.197 0.2500000000
280386  18.808  11.939  -9.420 0.2500000000
280458  19.084  10.095  -8.769 0.3750000000
317568  20.148  10.056  -9.960 0.5000000000
280611  21.805  12.034  -10.513 0.5000000000
210435  21.874  11.378  -10.031 0.7500000000
214391  21.544  13.930  -11.181 0.2500000000
174123  17.763  -6.986  -6.097 0.2500000000
174070  17.717  -7.402  -4.913 0.1250000000
172698  17.828  -7.659  -5.353 0.1250000000
172696  18.666  -7.976  -6.315 0.6250000000
172749  19.937  -8.108  -7.575 0.7500000000
172767  22.021  -8.090  -8.481 1.0000000000
320084  16.177  6.749  -8.880 0.5000000000
297586  16.127  4.982  -9.186 0.6250000000
326356  17.979  3.256  -10.456 0.8750000000
197051  16.417  4.855  -9.713 0.7500000000
308823  17.627  4.152  -10.273 0.8750000000
326448  16.536  5.950  -9.718 0.7500000000
198418  16.612  5.299  -9.964 0.8750000000
321470  17.340  4.665  -10.191 1.0000000000
197064  18.363  4.617  -10.958 1.0000000000
331477  23.007  7.215  -11.844 1.0000000000
201051  24.265  7.024  -11.035 1.0000000000
199753  24.642  5.486  -11.086 1.0000000000
206470  20.433  9.830  -8.644 0.3750000000
317340  22.410  10.390  -9.671 0.7500000000
210414  21.818  10.785  -9.736 0.7500000000
209122  20.900  9.868  -10.287 0.5000000000
210413  22.464  11.100  -10.435 0.7500000000
215684  23.002  14.231  -12.996 0.2500000000
214418  23.312  13.549  -12.575 0.3750000000
164224  19.860  -12.790  -5.010 0.7500000000
164239  21.703  -12.287  -5.270 0.7500000000
304442  19.754  -12.337  -5.027 0.7500000000
165686  19.422  -11.663  -4.573 0.7500000000
165720  21.973  -11.380  -5.902 0.7500000000
165702  20.683  -12.060  -5.628 0.7500000000
167158  20.575  -11.545  -5.852 0.7500000000
167159  20.046  -11.226  -5.428 0.7500000000
167177  22.750  -10.950  -6.259 0.7500000000
167178  22.132  -10.994  -6.251 0.7500000000
167180  20.848  -11.194  -6.284 0.7500000000
169867  19.950  -9.337  -6.591 0.7500000000
171325  19.637  -8.963  -7.033 0.6250000000
168541  21.370  -10.100  -6.927 0.7500000000
169881  21.140  -9.634  -7.246 0.8750000000
169866  20.533  -9.535  -6.888 0.8750000000
168514  23.624  -10.435  -6.383 0.7500000000
168539  22.880  -10.406  -7.007 0.7500000000
169864  22.883  -10.064  -7.455 0.7500000000
171340  22.258  -9.204  -8.269 0.8750000000
171353  22.143  -8.679  -8.488 0.8750000000
169861  24.705  -9.490  -7.132 0.7500000000
169877  23.727  -9.652  -7.785 0.7500000000
171337  23.957  -9.373  -8.416 0.8750000000
284321  23.121  -8.297  -8.912 0.8750000000
311034  25.737  -8.197  -7.205 0.7500000000
174146  24.631  -8.449  -8.431 0.8750000000
174168  24.679  -7.813  -8.582 0.8750000000
174141  27.786  -7.362  -7.762 0.8750000000
174142  26.824  -7.327  -7.899 0.8750000000
292136  28.132  -7.080  -8.080 0.8750000000
175528  27.929  -6.717  -8.718 0.8750000000
174135  32.320  -7.210  -7.558 0.3750000000
175524  31.070  -6.581  -8.067 0.6250000000
287181  30.044  -6.383  -8.370 0.7500000000
175552  28.576  -6.473  -8.946 0.7500000000
174163  33.194  -7.532  -8.571 0.5000000000
174164  32.217  -7.018  -8.403 0.5000000000
301447  31.577  -6.635  -9.755 0.7500000000
175568  31.145  -6.568  -10.052 0.7500000000
172803  34.018  -8.110  -10.438 0.1250000000
174196  33.708  -7.628  -10.215 0.3750000000
175582  32.869  -7.107  -10.970 0.6250000000
302402  31.528  -6.768  -10.489 0.6250000000
176941  31.091  -6.449  -11.192 0.6250000000
172818  35.867  -8.473  -10.849 0.1250000000
287923  35.252  -8.214  -11.001 0.1250000000
175580  33.825  -6.793  -11.212 0.1250000000
176935  35.146  -6.198  -11.063 0.1250000000
178226  32.744  -5.468  -10.371 0.6250000000
179573  32.496  -4.965  -9.724 0.6250000000
180912  30.974  -4.094  -9.589 0.7500000000
176911  35.771  -6.452  -10.935 0.1250000000
178221  36.064  -5.431  -9.770 0.1250000000
179570  34.327  -4.797  -9.448 0.1250000000
329364  32.864  -4.577  -9.253 0.5000000000
180902  31.524  -3.668  -9.233 0.6250000000
182219  31.287  -3.042  -8.925 0.7500000000
175577  36.304  -7.061  -11.005 0.1250000000
180899  33.492  -4.238  -8.440 0.5000000000
182205  32.727  -3.046  -8.124 0.5000000000
183542  31.629  -2.679  -8.518 0.6250000000
183544  30.509  -2.297  -8.774 0.7500000000
202454  21.936  7.657  -10.482 0.6250000000
203844  22.014  8.570  -10.277 0.5000000000
202442  22.219  8.193  -10.711 0.7500000000
310446  31.239  -1.662  -8.252 0.6250000000
187321  29.172  -0.293  -8.738 0.6250000000
187342  28.064  -0.391  -8.955 0.8750000000
186076  31.416  -0.891  -7.437 0.5000000000
186103  30.103  -0.811  -8.206 0.6250000000
312814  29.507  0.054  -8.324 0.6250000000
188602  28.878  0.218  -8.634 0.7500000000
203843  22.494  8.589  -10.766 0.7500000000
188617  27.179  0.549  -9.120 0.8750000000
194280  26.264  2.862  -11.152 0.8750000000
195653  25.977  3.562  -10.883 0.8750000000
189958  27.982  0.766  -8.529 0.7500000000
192844  27.673  2.409  -9.604 0.8750000000
194278  27.084  2.986  -10.283 0.8750000000
195651  26.729  3.500  -10.453 0.8750000000
195637  26.897  4.055  -10.141 0.8750000000
187299  32.342  -0.518  -7.355 0.3750000000
187301  31.028  -0.483  -7.476 0.5000000000
188576  30.332  0.733  -7.713 0.5000000000
189936  28.508  1.217  -8.464 0.6250000000
187318  32.655  -0.066  -7.544 0.2500000000
188557  31.262  0.121  -7.438 0.3750000000
286128  29.382  1.344  -7.965 0.5000000000
205157  22.510  8.994  -10.443 0.6250000000
205170  22.963  8.921  -11.014 0.7500000000
203842  22.911  8.009  -11.062 0.8750000000
301809  23.330  8.330  -10.965 0.7500000000
202441  23.329  7.425  -11.295 0.8750000000
198424  24.536  4.945  -11.303 0.8750000000
198414  25.819  5.661  -10.491 0.7500000000
197035  26.504  4.512  -10.102 0.8750000000
332297  28.227  1.962  -8.966 0.6250000000
312905  27.996  2.614  -9.362 0.7500000000
189918  30.866  1.116  -7.465 0.3750000000
289574  29.989  2.124  -7.572 0.5000000000
195605  28.018  4.034  -8.676 0.7500000000
189916  32.037  0.900  -7.656 0.2500000000
206487  22.452  9.674  -9.900 0.6250000000
307576  23.840  8.420  -10.615 0.8750000000
202439  24.471  7.614  -10.936 0.8750000000
199743  24.652  6.570  -11.007 0.8750000000
203823  24.730  8.223  -10.257 0.7500000000
199741  25.369  6.157  -10.214 0.8750000000
198381  27.045  5.273  -9.152 0.7500000000
195618  28.316  3.545  -8.724 0.5000000000
194214  31.168  3.486  -7.439 0.2500000000
194216  30.035  3.358  -7.602 0.5000000000
192804  29.463  2.558  -7.845 0.5000000000
308255  32.153  1.477  -7.800 0.2500000000
207844  22.105  9.879  -9.694 0.5000000000
207859  22.770  10.126  -10.004 0.5000000000
209120  23.038  10.495  -10.023 0.6250000000
207867  23.610  9.689  -10.929 0.7500000000
206485  24.711  9.108  -10.021 0.7500000000
298503  24.090  9.691  -10.820 0.7500000000
303961  25.313  9.006  -9.502 0.7500000000
205154  26.177  8.425  -9.449 0.7500000000
203822  25.161  8.107  -9.940 0.7500000000
207865  25.146  10.121  -10.262 0.7500000000
202421  25.912  7.511  -9.417 0.7500000000
202403  26.877  7.103  -8.664 0.7500000000
315399  26.738  7.625  -8.812 0.7500000000
199690  28.632  5.750  -7.638 0.5000000000
332892  28.624  6.240  -7.625 0.3750000000
201000  27.766  6.407  -8.176 0.6250000000
195581  30.981  4.110  -7.443 0.2500000000
198346  29.673  5.064  -7.505 0.3750000000
199675  29.547  5.669  -7.502 0.3750000000
210412  23.206  10.873  -10.314 0.6250000000
209119  23.751  10.565  -10.361 0.7500000000
209134  24.459  10.615  -10.929 0.7500000000
207856  25.706  10.074  -9.761 0.7500000000
307369  26.705  9.576  -9.403 0.7500000000
317242  27.615  8.612  -8.804 0.6250000000
202386  29.543  7.500  -8.149 0.3750000000
325343  28.787  8.137  -8.355 0.3750000000
196999  31.646  4.532  -7.725 0.1250000000
199705  31.193  6.079  -8.745 0.1250000000
199688  30.500  6.119  -7.895 0.2500000000
210411  23.776  10.937  -10.910 0.6250000000
209145  24.217  10.826  -11.365 0.7500000000
209133  25.077  10.628  -10.741 0.6250000000
207855  26.352  10.037  -9.574 0.7500000000
205136  28.635  8.574  -8.632 0.3750000000
206482  27.743  9.426  -9.222 0.3750000000
205139  26.619  8.420  -9.114 0.7500000000
203799  30.194  7.852  -8.987 0.2500000000
203786  29.121  7.848  -8.210 0.3750000000
286324  27.640  8.140  -8.633 0.6250000000
199739  31.608  5.761  -10.315 0.1250000000
201031  31.187  6.706  -9.551 0.1250000000
198378  31.625  5.093  -8.790 0.1250000000
210433  23.237  11.325  -10.935 0.6250000000
210457  23.843  11.172  -11.684 0.6250000000
210455  25.436  11.392  -11.241 0.3750000000
209144  24.774  10.806  -11.401 0.3750000000
209131  27.007  10.951  -9.949 0.3750000000
207864  29.602  9.937  -10.244 0.2500000000
206481  28.365  9.501  -9.226 0.3750000000
209116  27.385  10.490  -9.526 0.3750000000
203838  30.962  7.855  -10.305 0.1250000000
203820  30.048  8.383  -9.215 0.3750000000
205135  29.132  8.765  -8.810 0.3750000000
198423  31.703  5.215  -10.744 0.1250000000
202420  30.593  7.438  -9.277 0.1250000000
213145  23.719  12.584  -11.729 0.3750000000
210459  22.811  11.720  -11.088 0.3750000000
210478  23.954  11.407  -11.984 0.3750000000
211820  25.646  11.805  -11.468 0.3750000000
210477  24.694  11.343  -11.942 0.3750000000
328540  28.044  11.936  -10.714 0.3750000000
210453  26.929  11.768  -10.683 0.3750000000
210454  26.118  11.712  -10.909 0.3750000000
209142  29.207  11.020  -10.694 0.3750000000
209114  28.686  10.501  -9.972 0.3750000000
209130  27.735  10.954  -10.025 0.3750000000
203879  30.720  8.207  -12.637 0.1250000000
205166  30.172  9.032  -9.902 0.1250000000
206520  29.956  9.589  -10.488 0.2500000000
201081  30.993  6.811  -11.767 0.1250000000
214400  25.103  13.078  -12.304 0.2500000000
213141  26.854  12.799  -11.837 0.2500000000
213143  25.514  12.557  -12.084 0.3750000000
213144  24.813  12.431  -12.148 0.3750000000
292606  28.879  12.062  -11.800 0.1250000000
213129  27.214  12.406  -11.374 0.3750000000
213130  26.502  12.453  -11.500 0.3750000000
209154  29.256  11.104  -11.314 0.1250000000
210450  28.919  11.456  -11.007 0.2500000000
321575  29.995  9.532  -13.193 0.1250000000
209141  29.545  10.630  -11.027 0.1250000000
214417  24.098  13.560  -12.603 0.3750000000
213160  24.475  12.952  -12.430 0.3750000000
214399  25.808  13.151  -12.259 0.2500000000
211847  28.669  12.479  -12.088 0.1250000000
213158  27.863  13.127  -12.332 0.1250000000
210507  29.137  11.985  -12.816 0.1250000000
213170  28.556  13.107  -13.097 0.1250000000
320669  29.949  9.238  -13.914 0.1250000000
209216  29.509  11.218  -14.139 0.1250000000
214428  27.103  14.240  -13.324 0.1250000000
211865  29.319  12.066  -14.232 0.1250000000
213177  28.739  13.227  -13.767 0.1250000000
207936  29.494  9.781  -15.201 0.1250000000
206619  29.742  9.078  -14.925 0.1250000000
322757  24.200  -8.302  -8.663 0.8750000000
174139  28.909  -7.284  -7.491 0.6250000000
183530  31.982  -2.339  -8.143 0.6250000000
191415  27.496  1.430  -9.342 0.8750000000
192806  28.711  2.578  -8.431 0.5000000000
331462  31.341  1.885  -7.460 0.3750000000
206486  23.024  9.748  -10.645 0.6250000000
205169  23.524  8.854  -10.967 0.8750000000
203840  24.371  8.082  -10.567 0.8750000000
205168  23.886  8.877  -10.721 0.7500000000
202423  24.930  7.715  -10.457 0.8750000000
202422  25.352  7.601  -9.820 0.7500000000
315786  26.073  7.022  -9.383 0.7500000000
199728  26.294  6.101  -9.471 0.7500000000
312072  28.977  4.202  -7.898 0.5000000000
197001  28.668  4.679  -7.926 0.5000000000
198364  27.755  4.983  -8.503 0.7500000000
195583  29.985  3.879  -7.588 0.5000000000
206556  30.225  9.351  -12.375 0.1250000000
213140  27.546  12.786  -11.844 0.2500000000
211856  28.925  12.559  -13.268 0.1250000000
293196  29.651  10.705  -14.184 0.1250000000
176937  33.278  -6.480  -11.244 0.5000000000
178252  32.363  -6.142  -11.035 0.6250000000
178253  31.321  -5.767  -10.865 0.7500000000
327470  33.043  -2.689  -7.975 0.3750000000
184823  32.395  -1.988  -7.846 0.3750000000
187298  33.166  -0.804  -7.766 0.2500000000
322360  27.331  4.130  -9.845 0.7500000000
209153  29.563  10.702  -11.793 0.1250000000
188573  33.602  -0.079  -8.361 0.1250000000
162721  20.256  -13.379  -4.284 0.7500000000
162722  19.890  -13.145  -4.073 0.7500000000
164225  19.553  -12.308  -4.471 0.7500000000
165675  19.059  -11.872  -4.210 0.7500000000
162735  21.305  -13.119  -4.524 0.7500000000
164241  20.442  -12.310  -5.200 0.7500000000
164237  23.056  -12.148  -5.296 0.7500000000
168519  19.170  -9.863  -5.607 0.6250000000
295146  20.097  -10.368  -5.944 0.7500000000
167157  23.624  -11.239  -5.813 0.6250000000
169839  24.569  -9.909  -6.680 0.7500000000
169838  25.192  -9.609  -6.472 0.6250000000
172720  26.861  -7.915  -6.844 0.6250000000
174117  28.622  -7.792  -7.138 0.5000000000
172742  30.552  -7.676  -7.074 0.3750000000
175511  29.545  -7.147  -7.430 0.5000000000
172738  32.991  -7.652  -7.727 0.1250000000
171363  34.278  -8.384  -9.112 0.1250000000
172802  34.627  -8.639  -10.733 0.1250000000
171386  36.237  -9.244  -11.107 0.1250000000
174194  37.447  -7.612  -10.775 0.1250000000
175563  37.268  -7.086  -10.266 0.1250000000
300430  37.059  -6.096  -9.955 0.1250000000
294518  36.483  -5.013  -9.277 0.1250000000
326877  35.568  -4.599  -9.189 0.1250000000
182203  34.221  -2.796  -7.917 0.1250000000
296860  33.520  -2.112  -7.974 0.2500000000
186073  33.067  -1.301  -7.710 0.2500000000
205140  21.967  9.304  -9.116 0.5000000000
189934  33.116  1.416  -8.348 0.1250000000
288961  33.177  0.851  -8.338 0.2500000000
192825  32.723  2.599  -8.660 0.1250000000
195617  32.065  4.058  -8.844 0.1250000000
197047  31.909  4.653  -9.823 0.1250000000
207845  21.349  9.571  -9.255 0.3750000000
306907  31.781  4.615  -10.484 0.1250000000
198450  31.325  5.540  -12.008 0.1250000000
197072  31.782  4.543  -11.916 0.1250000000
313696  30.761  7.863  -13.206 0.1250000000
202491  30.204  7.341  -14.326 0.1250000000
210382  19.660  12.315  -6.463 0.1250000000
294656  24.350  14.020  -13.049 0.2500000000
215681  25.426  14.296  -13.233 0.1250000000
215696  25.416  14.991  -13.901 0.1250000000
211866  29.224  12.735  -13.948 0.1250000000
214426  28.151  13.898  -13.924 0.1250000000
210551  29.410  11.552  -14.698 0.1250000000
205231  29.730  8.556  -15.427 0.1250000000
209237  29.312  11.114  -15.517 0.1250000000
176890  28.751  -6.193  -9.641 0.7500000000
186123  28.829  -0.665  -9.082 0.7500000000
310447  29.720  -1.484  -8.795 0.7500000000
201070  20.409  7.154  -10.759 0.3750000000
313014  25.746  4.094  -10.918 0.8750000000
174167  25.844  -7.435  -8.316 0.8750000000
171342  20.489  -8.979  -7.707 0.7500000000
169882  21.029  -9.241  -7.821 0.8750000000
175535  24.007  -7.889  -8.681 0.8750000000
315774  30.151  -6.360  -9.181 0.7500000000
178228  31.418  -5.044  -10.262 0.6250000000
189978  27.096  1.050  -9.393 0.8750000000
199755  23.644  6.233  -12.005 0.8750000000
329132  24.555  6.103  -11.268 0.8750000000
197049  25.480  4.618  -10.770 0.8750000000
213146  23.108  12.688  -11.813 0.3750000000
213162  23.343  13.003  -12.158 0.3750000000
216852  23.380  14.823  -13.498 0.1250000000
215683  23.694  14.131  -12.992 0.2500000000
165703  20.349  -11.905  -5.518 0.7500000000
164206  19.675  -12.788  -4.368 0.7500000000
162737  20.045  -13.114  -4.791 0.7500000000
165701  21.238  -11.992  -5.679 0.7500000000
164222  21.603  -12.662  -4.854 0.7500000000
164221  22.129  -12.685  -4.975 0.7500000000
165699  22.603  -11.645  -5.605 0.7500000000
165687  19.063  -11.098  -4.610 0.7500000000
334571  19.600  -10.876  -5.221 0.7500000000
165722  21.011  -11.677  -6.024 0.7500000000
167181  20.334  -10.893  -5.860 0.7500000000
168540  21.859  -10.291  -6.915 0.7500000000
290825  19.718  -10.033  -5.867 0.7500000000
171301  19.378  -9.011  -6.250 0.6250000000
168542  20.882  -10.053  -6.711 0.7500000000
169865  22.215  -9.857  -7.314 0.8750000000
286713  23.679  -9.904  -7.284 0.7500000000
169878  23.194  -9.805  -8.098 0.8750000000
171352  22.673  -9.026  -8.779 0.8750000000
171322  24.801  -8.981  -7.488 0.7500000000
172722  25.319  -8.596  -7.163 0.7500000000
174120  26.568  -7.602  -7.398 0.7500000000
174144  25.533  -7.828  -8.058 0.8750000000
330763  27.720  -7.717  -6.959 0.6250000000
175527  28.556  -6.676  -8.243 0.7500000000
172740  31.821  -7.746  -7.127 0.2500000000
174136  31.506  -7.142  -7.392 0.5000000000
175526  29.829  -6.594  -7.725 0.6250000000
175549  31.204  -6.665  -9.035 0.7500000000
174186  33.105  -7.315  -9.325 0.5000000000
174185  33.537  -7.562  -9.360 0.2500000000
306202  33.742  -8.029  -8.708 0.1250000000
174212  34.024  -8.209  -11.456 0.2500000000
175581  33.184  -6.986  -11.337 0.3750000000
176939  32.141  -6.578  -11.109 0.6250000000
174204  35.915  -7.570  -10.972 0.1250000000
172817  36.470  -7.898  -10.903 0.1250000000
319349  34.739  -7.559  -11.613 0.1250000000
178250  33.666  -5.874  -10.557 0.5000000000
178224  34.029  -5.279  -9.979 0.1250000000
176912  35.604  -5.842  -10.341 0.1250000000
179572  33.116  -4.939  -9.653 0.5000000000
299495  36.291  -6.167  -10.196 0.1250000000
178222  35.365  -5.204  -9.737 0.1250000000
179554  34.586  -4.380  -8.890 0.1250000000
180900  32.531  -3.912  -8.641 0.6250000000
180885  33.709  -3.647  -8.094 0.1250000000
337652  31.007  -2.044  -8.534 0.6250000000
186120  30.337  -1.197  -8.637 0.6250000000
188578  29.140  0.564  -8.255 0.6250000000
195619  27.900  3.601  -9.130 0.7500000000
322251  27.089  4.801  -9.374 0.7500000000
192805  28.991  2.211  -8.147 0.5000000000
307920  26.241  5.585  -9.828 0.7500000000
192784  30.474  2.535  -7.401 0.3750000000
201034  25.472  6.562  -9.964 0.7500000000
328926  27.827  5.514  -8.237 0.6250000000
201015  26.961  6.465  -8.784 0.7500000000
195602  29.618  3.526  -7.862 0.5000000000
195601  31.903  3.945  -8.064 0.1250000000
194232  32.468  3.005  -8.309 0.1250000000
192782  31.667  2.296  -7.626 0.2500000000
192802  32.884  2.089  -8.528 0.1250000000
207857  23.997  10.161  -10.730 0.7500000000
206483  25.950  9.412  -9.536 0.7500000000
202389  27.850  6.960  -8.112 0.6250000000
303511  29.148  6.124  -7.537 0.3750000000
202388  28.455  7.200  -7.987 0.3750000000
196984  30.714  4.634  -7.551 0.1250000000
198362  30.683  5.548  -7.734 0.3750000000
209132  26.243  10.901  -9.963 0.3750000000
326624  30.055  7.229  -8.212 0.3750000000
198361  31.149  5.371  -7.986 0.1250000000
201013  30.680  6.980  -8.871 0.1250000000
198400  31.441  5.614  -9.090 0.1250000000
206480  28.972  9.523  -9.339 0.3750000000
209115  28.126  10.493  -9.766 0.3750000000
203819  30.445  8.048  -9.483 0.2500000000
201064  31.211  6.799  -10.857 0.1250000000
199752  31.360  6.289  -11.166 0.1250000000
198412  31.784  5.204  -10.075 0.1250000000
202419  31.002  7.219  -9.670 0.1250000000
210479  23.431  11.896  -11.919 0.3750000000
206501  29.847  9.456  -9.940 0.2500000000
202452  31.098  7.367  -10.596 0.1250000000
307659  31.003  8.006  -11.569 0.1250000000
205180  30.665  8.807  -10.937 0.1250000000
211835  24.426  11.919  -11.920 0.3750000000
211831  28.476  12.329  -11.565 0.3750000000
209129  28.424  10.939  -10.144 0.3750000000
202472  30.919  7.301  -12.031 0.1250000000
205190  30.588  9.045  -11.823 0.1250000000
206572  30.194  9.171  -12.937 0.1250000000
203887  30.517  8.610  -13.296 0.1250000000
206539  30.414  9.213  -11.263 0.1250000000
207878  29.911  10.207  -11.988 0.1250000000
201089  31.027  6.600  -12.338 0.1250000000
202477  30.964  7.087  -12.598 0.1250000000
214415  25.415  13.651  -12.685 0.2500000000
214416  24.690  13.533  -12.646 0.2500000000
213159  27.174  13.149  -12.281 0.2500000000
210492  29.226  11.397  -12.711 0.1250000000
207910  29.737  10.358  -13.658 0.1250000000
206557  29.973  9.886  -12.423 0.1250000000
207921  29.698  10.090  -14.307 0.1250000000
215680  25.940  14.021  -13.035 0.1250000000
214413  26.847  13.640  -12.662 0.1250000000
214412  28.098  13.476  -12.968 0.1250000000
210506  29.341  11.477  -13.202 0.1250000000
205217  30.117  8.468  -14.141 0.1250000000
209179  29.403  10.977  -12.934 0.1250000000
215694  26.734  14.823  -14.032 0.1250000000
215695  26.077  14.687  -13.709 0.1250000000
161291  20.062  -13.625  -3.868 0.7500000000
162736  20.581  -13.212  -4.468 0.7500000000
161304  21.013  -13.781  -4.446 0.7500000000
300346  19.483  -12.976  -3.800 0.7500000000
162723  19.481  -13.444  -3.573 0.7500000000
168481  18.913  -10.191  -4.756 0.5000000000
168494  19.189  -10.223  -5.207 0.6250000000
171300  26.212  -8.937  -6.292 0.6250000000
172717  28.684  -8.277  -6.577 0.5000000000
179552  35.832  -4.088  -8.850 0.1250000000
179568  36.821  -4.348  -9.289 0.1250000000
180897  34.786  -3.821  -8.559 0.1250000000
195616  32.288  3.534  -8.543 0.1250000000
202485  30.557  7.315  -13.660 0.1250000000
203893  30.439  8.035  -13.847 0.1250000000
162706  19.335  -13.168  -3.386 0.7500000000
165663  18.630  -11.512  -3.648 0.5000000000
337888  20.451  -14.603  -3.686 0.6250000000
159895  20.789  -14.318  -4.117 0.6250000000
288542  22.923  -13.605  -4.497 0.3750000000
161302  22.273  -13.667  -4.540 0.6250000000
164218  24.347  -12.466  -4.810 0.2500000000
336947  23.341  -12.479  -4.894 0.3750000000
321354  29.591  -8.098  -6.813 0.3750000000
299029  22.147  9.179  -9.699 0.3750000000
207860  20.249  9.862  -9.946 0.2500000000
161290  20.509  -13.746  -4.151 0.6250000000
167156  24.287  -11.271  -5.690 0.5000000000
168512  24.886  -10.136  -6.073 0.5000000000
169837  25.871  -9.450  -6.056 0.3750000000
159892  23.284  -14.171  -4.397 0.5000000000
159893  21.973  -14.174  -4.325 0.6250000000
171320  27.127  -8.381  -6.411 0.5000000000
158487  20.126  -15.506  -3.483 0.6250000000
165662  18.898  -12.045  -3.458 0.3750000000
162692  19.776  -12.865  -2.958 0.3750000000
159873  19.980  -14.629  -3.405 0.6250000000
159882  20.252  -14.158  -3.730 0.6250000000
161280  19.215  -13.718  -3.135 0.6250000000
158495  22.366  -15.545  -4.254 0.3750000000
158496  21.857  -15.363  -4.187 0.5000000000
159872  20.266  -15.090  -3.633 0.6250000000
165651  18.663  -11.530  -3.242 0.2500000000
284952  23.680  -14.813  -4.553 0.3750000000
164217  24.971  -12.360  -4.845 0.2500000000
161300  24.114  -13.524  -4.608 0.2500000000
171302  19.022  -8.463  -6.166 0.3750000000
165696  24.713  -11.598  -5.319 0.2500000000
168510  26.199  -9.927  -5.682 0.3750000000
281280  27.191  -9.828  -5.727 0.2500000000
171318  28.247  -8.627  -6.273 0.2500000000
288173  29.230  -8.475  -6.507 0.2500000000
189946  16.399  0.912  -7.612 0.1250000000
197010  15.761  4.326  -7.575 0.2500000000
172713  31.451  -8.174  -6.760 0.2500000000
199718  16.264  6.267  -9.046 0.3750000000
331891  15.862  5.469  -7.778 0.2500000000
201071  19.952  6.962  -10.927 0.2500000000
192790  15.349  2.376  -7.072 0.1250000000
187331  16.507  -0.217  -7.745 0.2500000000
172697  18.554  -8.202  -5.574 0.2500000000
198390  16.194  5.663  -9.202 0.3750000000
167174  24.603  -10.691  -5.883 0.5000000000
164207  19.218  -12.516  -3.694 0.5000000000
161303  21.660  -13.685  -4.456 0.6250000000
162733  22.528  -13.153  -4.786 0.5000000000
165698  23.349  -11.720  -5.608 0.5000000000
172715  30.201  -8.134  -6.744 0.2500000000
167135  18.667  -11.164  -4.069 0.3750000000
167145  19.196  -10.684  -4.969 0.3750000000
171303  18.741  -8.892  -5.701 0.2500000000
161279  19.647  -14.047  -3.305 0.6250000000
168472  18.470  -10.388  -3.930 0.3750000000
171299  26.855  -8.874  -6.149 0.2500000000
159880  21.200  -14.652  -4.091 0.6250000000
159879  21.645  -14.729  -4.304 0.5000000000
326989  23.791  -13.141  -4.676 0.2500000000
282442  23.924  -14.098  -4.518 0.2500000000
162730  24.709  -12.839  -4.705 0.2500000000
296912  24.254  -11.733  -5.382 0.3750000000
168492  25.254  -10.557  -5.667 0.3750000000
158511  22.208  -14.801  -4.410 0.5000000000
158509  23.465  -15.612  -4.592 0.3750000000
164194  19.164  -12.629  -3.401 0.3750000000
155619  21.908  -16.281  -4.337 0.3750000000
157061  21.271  -15.653  -3.825 0.5000000000
167154  25.587  -10.956  -5.248 0.2500000000
169834  27.835  -9.728  -5.926 0.2500000000
188564  16.375  0.240  -7.498 0.1250000000
157039  18.519  -15.636  -2.332 0.5000000000
155620  21.506  -16.023  -3.945 0.2500000000
155603  20.654  -16.487  -3.247 0.3750000000
157051  20.330  -15.905  -3.376 0.5000000000
158475  19.039  -15.218  -2.606 0.5000000000
158476  18.579  -14.765  -1.909 0.5000000000
159874  19.330  -14.760  -3.079 0.5000000000
327738  18.687  -15.130  -2.224 0.5000000000
161265  18.791  -13.840  -2.761 0.3750000000
303302  19.053  -14.165  -2.993 0.5000000000
155552  17.524  -16.301  -0.856 0.1250000000
157026  18.088  -16.048  -1.834 0.3750000000
161266  18.989  -13.394  -2.358 0.2500000000
286094  17.682  -17.367  -0.628 0.1250000000
289019  17.674  -16.446  -1.473 0.2500000000
155571  18.176  -16.562  -1.952 0.3750000000
154182  21.266  -16.861  -3.144 0.2500000000
310384  19.146  -16.951  -2.469 0.3750000000
155586  19.039  -16.440  -2.628 0.5000000000
154107  17.687  -16.902  -0.494 0.1250000000
154167  18.610  -16.752  -2.374 0.3750000000
158449  18.104  -15.486  -1.009 0.1250000000
159847  18.534  -14.422  -1.498 0.1250000000
184821  33.854  -1.714  -8.069 0.1250000000
294807  19.348  -13.440  -2.969 0.3750000000
158498  20.663  -15.466  -3.739 0.3750000000
158488  19.799  -15.191  -3.272 0.5000000000
157052  19.742  -15.765  -3.095 0.5000000000
155601  21.835  -16.302  -3.503 0.2500000000
155587  18.517  -16.207  -2.380 0.5000000000
157038  19.119  -15.827  -2.664 0.5000000000
155602  21.282  -16.303  -3.385 0.3750000000
157037  19.477  -16.196  -2.850 0.3750000000
155585  19.624  -16.629  -2.669 0.3750000000
296715  18.314  -15.412  -1.882 0.2500000000
159861  18.654  -14.049  -2.157 0.1250000000
159860  18.907  -14.580  -2.480 0.5000000000
155529  17.735  -16.503  -0.248 0.1250000000
155572  17.649  -16.016  -1.272 0.2500000000
157012  17.588  -15.769  -0.900 0.1250000000
156990  17.643  -15.967  -0.406 0.1250000000
157027  18.016  -15.691  -1.367 0.1250000000
161251  18.773  -13.710  -1.827 0.1250000000
154086  17.390  -17.358  -0.147 0.1250000000
154148  17.925  -17.035  -1.618 0.3750000000
154165  20.382  -17.380  -2.668 0.2500000000
158463  18.330  -15.151  -1.440 0.1250000000
336592  18.103  -17.449  -1.539 0.2500000000
154146  18.896  -17.737  -1.927 0.2500000000
168482  18.481  -10.062  -4.325 0.2500000000
154183  20.711  -17.058  -3.019 0.2500000000
152709  17.890  -17.437  -1.248 0.1250000000
154128  17.652  -16.900  -1.085 0.1250000000
325510  18.808  -17.205  -2.120 0.2500000000
154147  18.446  -17.376  -1.751 0.2500000000
152708  18.364  -17.930  -1.535 0.1250000000
281421  18.281  -9.874  -4.002 0.1250000000
202455  21.281  8.054  -10.178 0.1250000000
202443  21.550  8.395  -10.096 0.1250000000
203825  21.796  8.746  -9.556 0.1250000000
203806  22.007  8.881  -9.040 0.1250000000
203824  22.109  8.868  -10.009 0.1250000000
324441  21.820  8.618  -8.579 0.1250000000
292534  21.961  9.051  -8.734 0.1250000000
206469  21.379  9.256  -8.483 0.1250000000
201053  20.742  8.041  -10.197 0.1250000000
205127  21.849  9.133  -8.374 0.1250000000
205114  20.918  8.799  -6.961 0.1250000000
202445  19.294  9.145  -10.425 0.1250000000
201055  20.016  8.074  -10.268 0.1250000000
308555  15.624  5.058  -7.427 0.1250000000
164182  19.727  -12.244  -2.995 0.1250000000
168444  18.473  -10.301  -2.982 0.1250000000
322318  15.872  6.647  -8.388 0.1250000000
202425  19.259  9.386  -9.895 0.1250000000
201037  20.186  8.080  -9.895 0.1250000000
202444  21.190  8.285  -10.021 0.1250000000
205113  21.809  8.668  -6.974 0.1250000000
206451  20.674  8.995  -6.587 0.1250000000
206455  20.029  9.517  -7.445 0.1250000000
202457  18.003  8.077  -10.648 0.1250000000
174102  18.190  -7.696  -6.054 0.1250000000
172688  18.021  -8.186  -5.137 0.1250000000
169826  18.733  -9.345  -5.231 0.1250000000
167121  18.474  -11.079  -3.335 0.1250000000
167112  18.481  -11.094  -3.045 0.1250000000
199698  15.829  6.181  -7.867 0.1250000000
171289  18.217  -8.737  -5.170 0.1250000000
169803  18.438  -9.601  -4.392 0.1250000000
168455  18.415  -10.189  -3.494 0.1250000000
169786  18.323  -9.714  -3.829 0.1250000000
169768  18.460  -9.790  -3.296 0.1250000000
202424  21.432  8.507  -9.395 0.1250000000
205126  21.732  8.323  -7.783 0.1250000000
205120  20.760  8.932  -8.067 0.1250000000
205119  21.614  8.531  -7.542 0.1250000000
203789  22.029  7.806  -7.886 0.1250000000
206446  20.259  9.543  -5.638 0.1250000000
157073  23.390  -16.170  -4.570 0.1250000000
158507  24.705  -15.652  -4.923 0.1250000000
284980  24.402  -14.708  -4.638 0.1250000000
159891  24.878  -14.201  -4.661 0.1250000000
335580  25.518  -12.432  -4.872 0.1250000000
165695  25.834  -11.446  -5.039 0.1250000000
165694  26.450  -11.547  -5.193 0.1250000000
168490  26.511  -10.322  -5.378 0.1250000000
288143  28.744  -11.445  -5.434 0.1250000000
167172  27.853  -10.706  -5.406 0.1250000000
168508  27.575  -10.233  -5.544 0.1250000000
168506  29.995  -10.340  -5.935 0.1250000000
171316  29.395  -9.123  -6.291 0.1250000000
168504  30.977  -10.376  -6.363 0.1250000000
169856  30.552  -9.330  -6.134 0.1250000000
171314  31.140  -8.614  -6.356 0.1250000000
152726  21.051  -18.153  -2.643 0.1250000000
152729  19.364  -17.456  -2.188 0.1250000000
154163  21.747  -17.345  -2.935 0.1250000000
318754  22.421  -16.869  -2.586 0.1250000000
155600  22.966  -16.589  -3.705 0.1250000000
155633  24.597  -17.260  -5.288 0.1250000000
293819  24.142  -17.387  -5.069 0.1250000000
286249  25.068  -14.991  -4.817 0.1250000000
288036  26.371  -14.152  -4.902 0.1250000000
164232  26.995  -12.457  -5.313 0.1250000000
165693  27.083  -11.770  -5.286 0.1250000000
165715  28.339  -11.930  -5.473 0.1250000000
167168  30.355  -10.876  -6.146 0.1250000000
325451  32.235  -8.669  -6.529 0.1250000000
284660  32.765  -9.650  -6.487 0.1250000000
168533  31.967  -10.189  -6.379 0.1250000000
171335  33.029  -8.074  -7.255 0.1250000000
155618  22.417  -16.504  -4.252 0.1250000000
157072  23.927  -16.310  -4.774 0.1250000000
169857  30.036  -9.221  -6.098 0.1250000000
161297  25.858  -13.580  -4.834 0.1250000000
168536  28.503  -9.889  -5.950 0.1250000000
319756  21.586  -16.515  -3.266 0.1250000000
154180  22.832  -16.824  -2.671 0.1250000000
152727  20.555  -17.942  -2.504 0.1250000000
155599  23.902  -16.542  -4.068 0.1250000000
294552  25.664  -15.097  -4.898 0.1250000000
164233  26.019  -12.112  -5.004 0.1250000000
162745  26.456  -13.384  -4.904 0.1250000000
167173  27.290  -10.661  -5.317 0.1250000000
167198  29.366  -10.385  -5.822 0.1250000000
284121  28.085  -11.297  -5.405 0.1250000000
167169  29.703  -11.003  -6.035 0.1250000000
328884  29.608  -9.771  -5.881 0.1250000000
169854  31.662  -9.699  -6.317 0.1250000000
167166  31.690  -10.674  -6.392 0.1250000000
151337  21.337  -18.585  -2.520 0.1250000000
152724  22.760  -18.246  -2.928 0.1250000000
158506  25.367  -15.838  -5.081 0.1250000000
168531  33.226  -10.033  -6.599 0.1250000000
152728  19.944  -17.721  -2.344 0.1250000000
154164  21.041  -17.609  -2.956 0.1250000000
154166  19.798  -17.141  -2.470 0.2500000000
154179  23.522  -16.863  -3.137 0.1250000000
154181  21.930  -16.680  -3.012 0.1250000000
154184  20.199  -16.834  -2.834 0.3750000000
155604  20.000  -16.303  -3.021 0.3750000000
155617  23.860  -16.441  -4.573 0.1250000000
155634  24.241  -17.182  -5.181 0.1250000000
157050  21.005  -15.893  -3.461 0.2500000000
157058  22.991  -16.303  -4.387 0.1250000000
157059  22.329  -16.236  -4.444 0.3750000000
157060  21.647  -15.868  -4.300 0.3750000000
157071  24.364  -16.468  -5.067 0.1250000000
157074  22.894  -15.845  -4.464 0.3750000000
158489  19.381  -15.362  -2.973 0.5000000000
158497  21.317  -15.216  -3.995 0.5000000000
158508  24.090  -15.555  -4.728 0.1250000000
158510  22.922  -14.967  -4.466 0.3750000000
159881  20.792  -14.889  -3.846 0.6250000000
159890  25.802  -14.328  -4.829 0.1250000000
159894  21.368  -14.229  -4.322 0.6250000000
161298  25.325  -13.826  -4.708 0.1250000000
161299  24.716  -13.460  -4.617 0.2500000000
161301  23.557  -13.569  -4.565 0.2500000000
162729  25.290  -13.022  -4.734 0.2500000000
162731  24.244  -12.992  -4.664 0.2500000000
162732  23.242  -13.002  -4.685 0.2500000000
162734  21.929  -13.199  -4.751 0.6250000000
162744  26.977  -13.137  -5.204 0.1250000000
164219  23.793  -12.638  -4.705 0.2500000000
164220  22.764  -12.587  -4.935 0.5000000000
164223  20.894  -12.393  -4.594 0.7500000000
164234  25.430  -11.915  -4.906 0.1250000000
164235  24.524  -12.050  -5.135 0.3750000000
164236  23.814  -12.075  -5.079 0.3750000000
164238  22.345  -12.151  -5.221 0.7500000000
164240  21.074  -12.139  -4.885 0.7500000000
164242  20.171  -12.326  -5.221 0.7500000000
165676  18.733  -11.382  -4.278 0.7500000000
165685  19.931  -11.776  -5.127 0.7500000000
165697  23.869  -11.604  -5.512 0.5000000000
165700  21.875  -11.789  -5.525 0.7500000000
165716  27.720  -11.828  -5.385 0.1250000000
165717  27.484  -11.202  -5.322 0.1250000000
165718  23.037  -11.298  -5.925 0.6250000000
165719  22.502  -11.220  -5.961 0.7500000000
165721  21.460  -11.642  -5.932 0.7500000000
167144  19.665  -11.145  -4.837 0.7500000000
167146  18.701  -10.696  -4.427 0.3750000000
167152  26.910  -11.094  -5.233 0.1250000000
167153  26.291  -10.881  -5.209 0.1250000000
167155  24.956  -11.110  -5.506 0.2500000000
167167  31.373  -11.154  -6.501 0.1250000000
167170  29.031  -10.922  -5.807 0.1250000000
167171  28.469  -10.795  -5.486 0.1250000000
167175  23.902  -10.707  -5.922 0.5000000000
167176  23.333  -10.876  -6.137 0.6250000000
167179  21.418  -11.221  -6.302 0.7500000000
167197  31.943  -11.104  -6.411 0.1250000000
167199  22.416  -10.620  -6.683 0.7500000000
168489  26.821  -10.627  -5.298 0.1250000000
168491  25.894  -10.400  -5.410 0.3750000000
168493  19.524  -10.574  -5.619 0.7500000000
168503  31.411  -10.232  -6.342 0.1250000000
168505  30.562  -10.322  -6.275 0.1250000000
168507  28.760  -10.367  -5.749 0.1250000000
168509  27.038  -10.261  -5.428 0.1250000000
168511  25.538  -9.985  -5.840 0.5000000000
168513  24.235  -10.284  -6.233 0.5000000000
168515  23.072  -10.686  -6.672 0.7500000000
168516  21.772  -10.730  -6.545 0.7500000000
168517  21.238  -10.642  -6.623 0.7500000000
168518  20.625  -10.515  -6.287 0.7500000000
168532  32.565  -10.159  -6.429 0.1250000000
168534  30.297  -9.790  -5.989 0.1250000000
168535  29.041  -9.997  -5.881 0.1250000000
168537  23.925  -10.052  -6.775 0.7500000000
168538  23.340  -10.284  -7.081 0.7500000000
168553  21.654  -9.909  -7.257 0.8750000000
169816  18.880  -9.763  -4.744 0.1250000000
169825  19.076  -9.791  -5.013 0.1250000000
169833  30.972  -9.770  -6.171 0.1250000000
169835  27.276  -9.286  -5.947 0.2500000000
169836  26.620  -9.458  -5.886 0.3750000000
169840  20.239  -9.871  -6.286 0.7500000000
169841  19.639  -9.532  -6.017 0.6250000000
169842  19.018  -9.356  -5.788 0.6250000000
169852  33.136  -9.370  -6.776 0.1250000000
169853  32.260  -9.657  -6.391 0.1250000000
169855  31.402  -9.165  -6.256 0.1250000000
169858  28.947  -9.520  -6.074 0.1250000000
169859  28.357  -9.299  -6.106 0.2500000000
169860  27.795  -9.016  -6.064 0.2500000000
169862  24.170  -9.718  -7.250 0.7500000000
169863  23.339  -9.942  -7.560 0.7500000000
169879  22.540  -9.633  -7.871 0.8750000000
169880  21.764  -9.506  -7.732 0.8750000000
169928  36.406  -9.384  -11.109 0.1250000000
169929  36.101  -9.311  -10.886 0.1250000000
171280  18.200  -9.184  -4.847 0.1250000000
171298  27.350  -8.790  -6.125 0.2500000000
171312  32.755  -8.390  -6.773 0.1250000000
171313  31.990  -9.144  -6.324 0.1250000000
171315  30.501  -8.697  -6.303 0.1250000000
171317  28.816  -8.915  -6.331 0.1250000000
171319  27.681  -8.402  -6.295 0.5000000000
171321  26.539  -8.465  -6.619 0.6250000000
171323  24.307  -9.346  -7.727 0.7500000000
171324  20.183  -9.139  -7.245 0.7500000000
171326  19.329  -8.674  -6.756 0.3750000000
171336  24.534  -9.010  -8.233 0.8750000000
171338  23.306  -9.369  -8.627 0.8750000000
171339  22.813  -9.401  -8.342 0.8750000000
171341  21.597  -8.968  -8.148 0.8750000000
171343  20.045  -8.693  -7.397 0.6250000000
171370  35.234  -8.752  -10.180 0.1250000000
171388  35.134  -8.744  -10.767 0.1250000000
172680  17.948  -8.512  -4.964 0.1250000000
172689  17.816  -7.852  -5.085 0.1250000000
172712  32.069  -8.222  -6.787 0.2500000000
172714  30.833  -8.142  -6.694 0.2500000000
172716  29.086  -8.064  -6.847 0.5000000000
172718  28.070  -8.017  -6.720 0.5000000000
172719  27.456  -7.902  -6.655 0.6250000000
172721  26.235  -8.042  -7.039 0.6250000000
172723  19.553  -8.504  -7.189 0.7500000000
172724  19.184  -8.228  -6.778 0.6250000000
172739  32.522  -7.855  -7.190 0.1250000000
172741  31.165  -7.717  -7.076 0.3750000000
172743  25.437  -8.212  -7.707 0.7500000000
172744  24.960  -8.528  -7.862 0.8750000000
172745  24.146  -8.789  -8.647 0.8750000000
172746  23.662  -8.973  -8.792 0.8750000000
172750  19.473  -7.902  -7.270 0.7500000000
172763  33.384  -7.950  -8.140 0.1250000000
172764  23.661  -8.444  -8.902 0.8750000000
172765  23.144  -8.799  -8.996 0.8750000000
172766  22.573  -8.412  -8.864 0.8750000000
172768  21.518  -8.328  -8.238 1.0000000000
172769  20.815  -7.949  -8.209 1.0000000000
172786  34.330  -8.365  -10.120 0.1250000000
172787  33.981  -7.972  -9.602 0.2500000000
172819  34.163  -8.548  -11.094 0.1250000000
172820  33.848  -8.010  -11.105 0.2500000000
172831  34.431  -8.277  -11.448 0.1250000000
174090  17.643  -7.217  -5.303 0.1250000000
174103  17.575  -7.087  -5.689 0.1250000000
174118  27.985  -7.598  -7.243 0.6250000000
174119  27.322  -7.529  -7.315 0.7500000000
174121  19.027  -7.621  -6.806 0.6250000000
174137  30.320  -7.032  -7.364 0.5000000000
174138  29.279  -7.711  -7.202 0.5000000000
174140  28.334  -7.356  -7.583 0.8750000000
174143  25.987  -7.864  -7.699 0.8750000000
174145  25.077  -8.020  -8.166 0.8750000000
174148  19.269  -7.324  -7.425 0.6250000000
174149  18.684  -7.031  -6.923 0.5000000000
174165  31.874  -6.845  -7.754 0.3750000000
174166  26.446  -7.288  -8.467 0.8750000000
174172  20.374  -7.535  -8.491 0.8750000000
174173  19.967  -7.447  -8.364 0.8750000000
174187  32.712  -7.224  -8.908 0.5000000000
174188  23.425  -7.736  -8.691 1.0000000000
174195  36.820  -7.438  -10.716 0.1250000000
174197  33.261  -7.299  -10.101 0.3750000000
174203  37.151  -8.025  -10.943 0.1250000000
174205  35.229  -7.569  -11.426 0.1250000000
174206  33.459  -7.337  -10.958 0.3750000000
174211  34.312  -7.808  -11.629 0.2500000000
174213  33.983  -7.489  -11.471 0.2500000000
175479  17.210  -6.587  -6.053 0.1250000000
175498  16.922  -6.176  -6.268 0.1250000000
175509  31.424  -6.739  -7.721 0.6250000000
175510  30.959  -6.765  -7.504 0.5000000000
175512  29.121  -6.689  -7.814 0.7500000000
175514  18.642  -6.429  -7.055 0.3750000000
175523  31.621  -6.729  -8.258 0.6250000000
175525  30.490  -6.540  -7.852 0.6250000000
175529  27.574  -7.114  -8.315 0.8750000000
175530  27.008  -7.178  -8.443 1.0000000000
175531  26.124  -7.499  -9.166 1.0000000000
175532  25.581  -7.512  -8.983 0.8750000000
175534  24.456  -7.237  -8.498 1.0000000000
175536  22.394  -7.247  -8.661 1.0000000000
175538  21.461  -7.177  -8.486 0.8750000000
175539  20.965  -6.881  -8.356 0.8750000000
175547  32.309  -7.034  -9.285 0.5000000000
175548  31.841  -6.850  -9.125 0.7500000000
175550  30.611  -6.463  -8.629 0.7500000000
175551  29.583  -6.268  -8.915 0.7500000000
175555  24.515  -6.759  -8.776 1.0000000000
175564  36.587  -6.996  -10.607 0.1250000000
175565  36.184  -6.702  -10.855 0.1250000000
175566  32.692  -7.088  -9.940 0.5000000000
175567  32.161  -6.969  -9.888 0.7500000000
175569  30.640  -6.512  -9.550 0.7500000000
175570  29.805  -6.344  -9.752 0.8750000000
175578  35.868  -6.918  -11.260 0.1250000000
175579  34.575  -6.960  -11.456 0.1250000000
175583  32.319  -6.914  -10.865 0.6250000000
175584  31.656  -6.725  -11.061 0.6250000000
175585  31.245  -6.613  -10.911 0.6250000000
175586  30.628  -6.470  -10.385 0.7500000000
176843  16.885  -6.053  -6.232 0.1250000000
176860  17.072  -5.570  -6.363 0.1250000000
176871  18.472  -5.854  -7.242 0.2500000000
176880  20.566  -6.387  -8.301 0.8750000000
176882  19.773  -6.126  -7.628 0.2500000000
176889  29.352  -6.131  -9.587 0.7500000000
176891  28.070  -6.230  -9.355 1.0000000000
176894  26.298  -7.257  -9.674 1.0000000000
176897  24.386  -6.574  -9.298 1.0000000000
176900  21.990  -6.437  -9.648 1.0000000000
176903  20.496  -5.940  -8.648 0.8750000000
176909  37.359  -6.496  -10.033 0.1250000000
176910  36.739  -6.651  -10.264 0.1250000000
176913  30.081  -6.365  -10.451 0.8750000000
176915  29.232  -5.903  -10.089 0.8750000000
176916  28.224  -5.967  -9.928 1.0000000000
176918  27.006  -6.228  -9.950 1.0000000000
176921  25.154  -6.403  -9.994 1.0000000000
176922  24.408  -6.300  -9.945 1.0000000000
176923  23.767  -6.187  -9.614 1.0000000000
176925  21.979  -5.845  -10.135 1.0000000000
176927  21.045  -6.091  -9.692 1.0000000000
176936  34.455  -6.161  -10.964 0.1250000000
176938  32.685  -6.688  -11.178 0.6250000000
176940  31.685  -6.491  -11.180 0.6250000000
178188  16.682  -4.841  -6.406 0.1250000000
178195  18.416  -5.295  -7.424 0.2500000000
178203  20.076  -5.331  -8.487 0.7500000000
178210  20.695  -5.956  -9.350 0.8750000000
178220  36.732  -5.541  -9.688 0.1250000000
178223  34.642  -5.239  -9.865 0.1250000000
178225  33.393  -5.401  -10.135 0.5000000000
178227  32.000  -5.484  -10.714 0.6250000000
178230  28.036  -5.744  -10.517 1.0000000000
178233  26.004  -6.126  -10.056 1.0000000000
178235  24.647  -5.771  -10.172 1.0000000000
178238  21.979  -5.440  -10.622 1.0000000000
178240  20.745  -5.653  -9.775 0.8750000000
178241  20.397  -5.198  -9.761 0.8750000000
178248  34.929  -5.558  -10.536 0.1250000000
178249  34.292  -5.697  -10.443 0.1250000000
178251  33.044  -6.040  -10.915 0.5000000000
178254  30.709  -5.885  -10.612 0.8750000000
178256  29.048  -5.355  -10.353 0.8750000000
178258  27.621  -5.436  -10.654 1.0000000000
178259  27.026  -5.496  -10.542 1.0000000000
178261  25.683  -5.270  -10.480 1.0000000000
178263  24.362  -5.170  -10.644 1.0000000000
179535  18.299  -4.528  -7.346 0.1250000000
179545  18.570  -4.799  -7.651 0.2500000000
179551  36.325  -4.004  -9.036 0.1250000000
179553  35.212  -4.226  -8.845 0.1250000000
179555  33.952  -4.498  -8.931 0.1250000000
179556  33.350  -4.553  -9.071 0.5000000000
179557  32.356  -4.403  -9.068 0.5000000000
179558  31.838  -4.239  -9.204 0.6250000000
179560  19.323  -4.147  -8.752 0.3750000000
179567  37.587  -4.582  -9.732 0.1250000000
179569  34.948  -4.712  -9.352 0.1250000000
179571  33.716  -4.881  -9.530 0.1250000000
179574  31.434  -4.425  -9.595 0.7500000000
179575  31.042  -4.641  -9.972 0.8750000000
179577  29.990  -4.356  -10.035 0.8750000000
179578  29.388  -4.370  -10.165 0.8750000000
179581  20.225  -4.683  -9.522 0.7500000000
179586  30.906  -5.122  -10.431 0.7500000000
179587  30.395  -4.969  -10.326 0.8750000000
179588  29.488  -4.983  -10.428 1.0000000000
179590  28.397  -4.645  -10.416 1.0000000000
179594  25.294  -4.652  -10.928 1.0000000000
179595  24.720  -4.626  -11.084 1.0000000000
179596  24.069  -4.681  -11.077 1.0000000000
179599  22.085  -4.883  -10.967 1.0000000000
180876  17.716  -3.597  -7.002 0.1250000000
180886  32.981  -3.718  -8.244 0.5000000000
180887  32.379  -3.394  -8.476 0.6250000000
180888  18.590  -3.754  -8.199 0.1250000000
180898  34.168  -4.044  -8.426 0.1250000000
180901  32.067  -3.783  -8.862 0.6250000000
180903  19.453  -3.889  -9.018 0.3750000000
180913  30.437  -3.947  -9.642 0.8750000000
180914  29.481  -3.933  -9.821 0.8750000000
180916  28.496  -3.543  -10.308 1.0000000000
180917  20.981  -4.546  -10.385 1.0000000000
180919  20.039  -4.077  -9.303 0.7500000000
180927  28.182  -3.989  -10.360 1.0000000000
180929  26.817  -4.021  -10.995 1.0000000000
180931  25.301  -3.667  -11.331 1.0000000000
180933  23.774  -4.196  -11.383 1.0000000000
180935  22.568  -4.338  -11.133 1.0000000000
180937  21.258  -3.942  -10.681 1.0000000000
182202  34.790  -2.886  -8.184 0.1250000000
182204  33.312  -3.140  -7.986 0.3750000000
182206  32.162  -2.861  -8.289 0.5000000000
182208  18.216  -3.347  -7.906 0.1250000000
182218  31.841  -3.207  -8.721 0.6250000000
182220  30.757  -2.851  -9.130 0.7500000000
182222  19.272  -3.339  -8.894 0.7500000000
182231  30.889  -3.456  -9.314 0.8750000000
182233  29.776  -3.314  -9.626 1.0000000000
182236  20.816  -3.229  -10.013 1.0000000000
182237  20.543  -3.549  -9.572 0.8750000000
182243  28.174  -2.999  -10.561 0.8750000000
182244  27.594  -2.934  -10.908 1.0000000000
182247  25.764  -3.020  -11.484 1.0000000000
182249  22.617  -3.263  -10.604 1.0000000000
182251  21.238  -3.231  -10.322 1.0000000000
183527  34.027  -2.243  -8.036 0.2500000000
183528  33.566  -2.632  -7.893 0.3750000000
183529  32.548  -2.515  -8.012 0.6250000000
183531  18.560  -2.606  -7.948 0.2500000000
183532  17.962  -2.238  -8.050 0.1250000000
183543  31.108  -2.503  -8.702 0.6250000000
183545  19.814  -2.806  -8.863 0.6250000000
183547  18.339  -2.247  -8.545 0.2500000000
183556  29.579  -2.740  -9.521 0.8750000000
183557  28.922  -2.662  -9.825 1.0000000000
183559  27.844  -2.183  -10.675 1.0000000000
183561  20.112  -2.433  -9.824 1.0000000000
183569  27.877  -2.621  -10.846 1.0000000000
183570  27.434  -2.443  -11.172 1.0000000000
183572  25.962  -2.339  -11.662 1.0000000000
183573  25.341  -2.506  -11.470 1.0000000000
183575  24.158  -2.649  -10.747 1.0000000000
183577  21.630  -2.665  -10.357 1.0000000000
183578  21.075  -2.730  -10.047 1.0000000000
183583  26.460  -2.011  -11.591 1.0000000000
184800  32.756  -1.630  -7.663 0.2500000000
184801  32.210  -1.466  -7.624 0.3750000000
184820  34.463  -1.815  -8.135 0.1250000000
184822  33.282  -1.711  -7.888 0.2500000000
184824  31.806  -1.814  -8.014 0.6250000000
184825  31.449  -2.171  -8.350 0.6250000000
184826  30.694  -1.694  -8.493 0.6250000000
184827  17.433  -1.857  -8.082 0.2500000000
184839  30.140  -1.833  -8.735 0.7500000000
184840  29.910  -2.287  -9.061 0.7500000000
184841  29.263  -1.637  -9.186 0.8750000000
184843  18.309  -1.702  -8.915 0.5000000000
184857  27.560  -1.657  -10.390 1.0000000000
184860  19.288  -1.873  -9.278 0.6250000000
184872  26.853  -1.831  -11.330 1.0000000000
184874  23.717  -2.030  -10.622 1.0000000000
184875  23.177  -1.703  -10.713 1.0000000000
184876  22.707  -1.721  -10.448 1.0000000000
184878  21.476  -1.730  -10.687 1.0000000000
184879  20.711  -1.760  -10.598 1.0000000000
184880  20.158  -1.905  -10.159 1.0000000000
184886  21.084  -1.389  -10.853 1.0000000000
186074  32.603  -1.037  -7.552 0.2500000000
186075  31.995  -0.947  -7.400 0.5000000000
186098  34.292  -1.226  -8.182 0.1250000000
186099  33.728  -0.564  -8.113 0.2500000000
186100  33.603  -1.181  -8.040 0.1250000000
186101  31.627  -1.253  -7.948 0.5000000000
186102  30.839  -1.088  -7.983 0.6250000000
186110  17.337  -1.427  -8.470 0.2500000000
186121  29.799  -0.963  -8.694 0.6250000000
186122  29.306  -1.125  -8.976 0.7500000000
186124  18.321  -1.130  -9.275 0.5000000000
186126  17.363  -0.897  -8.652 0.3750000000
186136  28.324  -0.909  -9.494 1.0000000000
186137  27.962  -1.204  -9.940 1.0000000000
186140  19.341  -1.400  -9.724 0.8750000000
186141  18.376  -0.629  -9.577 0.6250000000
186153  26.341  -0.972  -10.568 1.0000000000
186155  24.409  -1.098  -10.426 1.0000000000
186157  22.911  -1.442  -10.598 1.0000000000
186159  21.668  -1.359  -10.842 1.0000000000
186161  20.110  -1.430  -10.514 1.0000000000
186163  18.732  -0.610  -9.954 0.6250000000
186172  23.863  -1.087  -10.857 1.0000000000
187300  31.731  -0.389  -7.377 0.3750000000
187309  16.509  -0.292  -7.371 0.1250000000
187319  30.385  -0.449  -7.796 0.6250000000
187320  29.672  -0.508  -8.522 0.6250000000
187330  16.866  -0.176  -8.119 0.2500000000
187341  29.385  -0.692  -8.834 0.7500000000
187343  17.448  -0.690  -9.037 0.5000000000
187357  26.385  0.049  -9.708 1.0000000000
187359  17.506  -0.189  -9.264 0.5000000000
187367  25.889  -0.090  -9.998 1.0000000000
187368  25.422  -0.410  -10.610 1.0000000000
187369  24.913  -0.428  -10.499 1.0000000000
187371  23.099  -0.941  -10.487 1.0000000000
187372  22.560  -0.921  -10.341 1.0000000000
187374  18.991  -0.271  -10.209 0.7500000000
187375  18.473  -0.200  -9.881 0.7500000000
187388  22.968  -0.327  -10.490 1.0000000000
187389  20.484  -0.585  -10.741 1.0000000000
187390  20.076  -0.373  -10.598 1.0000000000
188548  16.340  0.178  -7.275 0.1250000000
188555  32.408  0.438  -7.619 0.2500000000
188556  31.857  0.302  -7.456 0.3750000000
188558  30.632  0.082  -7.555 0.5000000000
188574  33.364  0.331  -8.340 0.1250000000
188575  32.919  0.417  -7.940 0.2500000000
188577  29.661  0.566  -7.966 0.5000000000
188591  16.570  0.321  -7.945 0.2500000000
188603  28.054  0.130  -8.509 0.7500000000
188604  27.583  0.439  -8.763 0.8750000000
188634  26.088  0.633  -10.011 1.0000000000
188637  24.682  0.143  -10.338 1.0000000000
188640  18.288  0.828  -10.086 1.0000000000
188653  25.065  0.861  -10.552 1.0000000000
188656  23.183  0.363  -10.807 1.0000000000
188657  22.608  0.362  -10.744 1.0000000000
188658  21.827  0.511  -10.458 1.0000000000
189917  31.422  0.802  -7.460 0.2500000000
189919  29.821  1.112  -7.874 0.5000000000
189935  32.636  1.048  -8.000 0.2500000000
189945  16.798  0.983  -8.212 0.2500000000
189957  33.377  1.121  -8.760 0.1250000000
189959  27.525  0.928  -8.966 0.7500000000
189964  17.030  1.281  -8.796 0.3750000000
189979  17.350  1.345  -9.901 0.6250000000
189980  17.248  0.905  -9.384 0.5000000000
189995  26.366  1.121  -10.305 1.0000000000
189996  26.030  1.093  -10.480 1.0000000000
189997  25.864  1.253  -10.686 1.0000000000
189999  18.856  0.757  -10.534 1.0000000000
190009  24.949  1.262  -10.551 1.0000000000
190011  23.608  0.852  -10.769 1.0000000000
190015  20.026  1.151  -11.279 1.0000000000
190016  19.164  1.329  -10.921 1.0000000000
191366  31.327  1.411  -7.511 0.3750000000
191367  30.896  1.703  -7.356 0.3750000000
191368  30.335  1.483  -7.634 0.3750000000
191369  29.804  1.588  -7.814 0.5000000000
191389  32.691  1.793  -8.150 0.2500000000
191390  32.220  2.129  -7.846 0.2500000000
191391  31.750  1.745  -7.646 0.3750000000
191392  28.958  1.599  -8.195 0.6250000000
191393  28.530  1.906  -8.549 0.6250000000
191404  15.867  1.977  -7.546 0.1250000000
191414  28.068  1.406  -8.902 0.8750000000
191424  16.734  1.676  -8.361 0.3750000000
191436  27.430  1.888  -9.706 0.8750000000
191438  17.204  1.572  -9.305 0.5000000000
191450  25.941  1.766  -11.001 1.0000000000
191452  18.103  1.802  -10.450 0.8750000000
191453  17.717  1.771  -10.071 0.8750000000
191462  24.606  1.769  -10.707 1.0000000000
191463  23.739  1.548  -10.599 1.0000000000
191465  22.515  1.777  -10.833 1.0000000000
191468  20.722  1.383  -11.655 1.0000000000
191480  20.187  1.843  -11.575 1.0000000000
192783  31.026  2.296  -7.345 0.3750000000
192785  29.994  2.799  -7.552 0.5000000000
192803  32.582  2.441  -8.173 0.1250000000
192815  15.735  2.578  -7.651 0.2500000000
192824  32.963  2.174  -9.079 0.1250000000
192826  28.326  2.461  -8.925 0.6250000000
192827  27.964  2.001  -9.336 0.6250000000
192836  16.592  2.190  -8.663 0.5000000000
192843  32.776  2.686  -9.263 0.1250000000
192845  27.355  2.410  -10.051 0.8750000000
192846  17.552  2.710  -9.746 1.0000000000
192847  16.613  2.679  -9.016 0.5000000000
192857  26.168  2.527  -11.336 1.0000000000
192858  26.182  2.575  -11.279 1.0000000000
192860  18.261  2.303  -10.747 1.0000000000
192871  24.852  2.687  -10.693 1.0000000000
192873  23.211  2.698  -10.740 1.0000000000
192874  22.298  2.797  -11.212 1.0000000000
192876  19.543  2.146  -11.489 1.0000000000
192878  18.615  2.825  -10.972 1.0000000000
192879  18.083  2.868  -10.573 1.0000000000
192887  21.042  2.433  -11.625 1.0000000000
192889  19.994  2.384  -11.581 1.0000000000
192890  19.566  2.696  -11.507 1.0000000000
194213  31.476  2.877  -7.547 0.2500000000
194215  30.504  3.130  -7.471 0.5000000000
194233  32.106  2.821  -7.864 0.1250000000
194234  29.669  3.080  -7.786 0.5000000000
194235  29.264  3.106  -7.985 0.5000000000
194236  28.839  3.095  -8.223 0.5000000000
194243  15.712  3.179  -8.103 0.5000000000
194251  32.546  3.104  -8.894 0.1250000000
194252  28.505  3.044  -8.626 0.5000000000
194253  28.137  3.053  -9.163 0.7500000000
194262  15.978  3.298  -8.621 0.5000000000
194270  17.310  3.231  -9.647 0.7500000000
194279  26.556  2.961  -10.907 0.8750000000
194281  26.227  2.967  -11.013 1.0000000000
194291  24.349  3.387  -10.683 1.0000000000
194293  22.905  3.290  -10.968 1.0000000000
194295  21.838  3.239  -11.157 1.0000000000
194296  19.094  3.040  -11.369 1.0000000000
194298  18.303  3.438  -10.739 1.0000000000
194307  21.188  3.167  -11.380 1.0000000000
194309  20.165  2.899  -11.651 1.0000000000
195580  31.591  4.075  -7.435 0.1250000000
195582  30.506  3.693  -7.483 0.5000000000
195584  29.473  4.046  -7.759 0.5000000000
195600  32.113  3.355  -8.081 0.1250000000
195603  29.082  3.659  -8.003 0.5000000000
195604  28.494  4.008  -8.212 0.5000000000
195628  16.155  3.994  -9.026 0.6250000000
195634  32.021  4.098  -9.575 0.1250000000
195635  27.548  3.820  -9.511 0.7500000000
195636  27.216  3.606  -9.964 0.8750000000
195641  16.874  3.772  -9.778 0.7500000000
195650  31.932  4.133  -10.226 0.1250000000
195652  26.260  3.940  -10.577 0.8750000000
195654  25.625  3.549  -10.759 0.8750000000
195655  17.869  3.626  -10.360 0.8750000000
195656  17.435  3.695  -10.008 0.8750000000
195665  25.429  4.152  -10.969 0.8750000000
195667  23.592  4.309  -11.032 1.0000000000
195668  22.532  4.262  -11.352 1.0000000000
195669  21.640  3.756  -11.504 1.0000000000
195670  19.129  3.620  -11.479 1.0000000000
195672  18.092  4.087  -10.704 1.0000000000
195682  21.941  4.201  -11.646 1.0000000000
195683  21.344  4.221  -11.632 1.0000000000
195684  20.757  4.245  -11.622 1.0000000000
195685  20.311  3.932  -12.006 1.0000000000
196983  31.319  4.461  -7.527 0.1250000000
196985  30.374  4.229  -7.474 0.5000000000
196986  29.819  4.424  -7.554 0.5000000000
196987  29.254  4.637  -7.673 0.3750000000
197000  31.198  4.886  -7.744 0.1250000000
197002  28.098  4.544  -8.280 0.7500000000
197003  27.713  4.471  -8.803 0.7500000000
197017  31.788  4.563  -8.416 0.1250000000
197025  16.027  4.351  -8.859 0.6250000000
197026  15.873  4.251  -8.289 0.5000000000
197032  31.862  4.596  -9.159 0.1250000000
197033  27.439  4.397  -9.381 0.7500000000
197034  27.059  4.502  -9.804 0.7500000000
197041  16.280  4.398  -9.352 0.6250000000
197048  25.941  4.524  -10.445 0.8750000000
197050  16.752  4.731  -10.056 0.7500000000
197057  31.874  4.103  -10.854 0.1250000000
197059  24.160  4.638  -11.299 0.8750000000
197060  23.349  4.619  -11.533 1.0000000000
197061  22.912  4.871  -11.618 1.0000000000
197063  18.909  4.596  -11.218 1.0000000000
197065  17.842  4.646  -10.558 1.0000000000
197077  19.242  4.235  -11.547 1.0000000000
198344  30.804  5.104  -7.690 0.1250000000
198345  30.322  5.085  -7.568 0.1250000000
198347  28.972  5.340  -7.620 0.3750000000
198360  31.502  5.027  -8.164 0.1250000000
198363  28.285  5.259  -7.948 0.5000000000
198370  16.147  5.401  -8.440 0.2500000000
198379  31.376  5.550  -8.472 0.1250000000
198380  27.449  5.410  -8.704 0.6250000000
198391  15.968  4.753  -8.635 0.3750000000
198399  31.763  5.163  -9.436 0.1250000000
198401  26.694  5.055  -9.683 0.8750000000
198405  16.353  5.361  -9.599 0.8750000000
198413  26.151  5.043  -10.141 0.7500000000
198415  25.239  5.228  -10.784 0.7500000000
198417  17.022  5.115  -10.117 1.0000000000
198425  23.994  5.157  -11.473 1.0000000000
198428  22.471  5.532  -11.709 1.0000000000
198430  19.260  5.566  -11.397 0.8750000000
198431  18.774  5.227  -11.119 1.0000000000
198439  31.648  5.240  -11.487 0.1250000000
198440  21.803  5.513  -11.539 1.0000000000
198442  20.445  5.339  -11.683 1.0000000000
198443  19.357  4.949  -11.631 1.0000000000
199674  30.102  5.621  -7.542 0.3750000000
199687  31.013  5.901  -8.190 0.1250000000
199689  29.896  6.224  -7.637 0.2500000000
199691  28.220  5.951  -7.957 0.6250000000
199697  16.218  5.759  -8.460 0.3750000000
199706  30.794  6.518  -8.431 0.1250000000
199707  27.603  5.909  -8.386 0.6250000000
199708  27.102  5.875  -8.871 0.7500000000
199709  26.692  6.141  -9.119 0.7500000000
199725  31.620  5.720  -9.684 0.1250000000
199726  31.339  6.174  -9.330 0.1250000000
199727  26.671  5.662  -9.346 0.7500000000
199729  25.825  6.086  -9.891 0.8750000000
199733  16.977  6.445  -9.827 0.3750000000
199740  31.470  6.327  -10.553 0.1250000000
199742  25.011  5.951  -10.702 0.8750000000
199744  17.618  6.536  -10.278 0.7500000000
199745  17.204  5.731  -10.045 0.8750000000
199751  31.520  5.777  -10.943 0.1250000000
199754  24.123  5.809  -11.467 1.0000000000
199759  20.001  6.183  -11.390 1.0000000000
199761  18.974  5.993  -11.191 1.0000000000
199769  31.395  5.819  -11.464 0.1250000000
199770  31.232  6.251  -11.800 0.1250000000
199774  20.279  5.918  -11.610 1.0000000000
199781  31.165  5.864  -12.492 0.1250000000
200996  30.251  6.694  -8.032 0.2500000000
200997  29.573  6.886  -7.805 0.3750000000
200998  28.863  6.761  -7.731 0.3750000000
200999  28.305  6.602  -7.903 0.3750000000
201012  31.019  6.576  -9.040 0.1250000000
201014  27.369  6.282  -8.566 0.7500000000
201016  26.424  6.656  -9.103 0.7500000000
201032  30.916  6.994  -9.277 0.1250000000
201033  25.930  6.565  -9.562 0.7500000000
201035  25.341  7.146  -10.337 0.8750000000
201040  17.570  6.902  -9.960 0.3750000000
201041  16.527  6.561  -9.316 0.5000000000
201049  25.103  6.582  -10.478 0.8750000000
201050  24.848  7.145  -10.775 0.8750000000
201052  23.744  6.996  -11.276 1.0000000000
201054  20.392  7.999  -10.414 0.1250000000
201056  19.723  9.130  -10.250 0.1250000000
201065  24.077  6.541  -11.581 1.0000000000
201067  22.805  7.072  -11.902 1.0000000000
201072  19.502  8.235  -10.644 0.1250000000
201074  17.759  7.411  -10.679 0.3750000000
201098  30.638  6.690  -13.466 0.1250000000
202387  29.033  7.349  -7.961 0.3750000000
202400  30.334  7.376  -8.704 0.3750000000
202401  29.921  7.688  -8.510 0.2500000000
202402  27.332  6.743  -8.382 0.6250000000
202404  26.355  7.318  -9.011 0.7500000000
202428  16.404  7.149  -9.068 0.1250000000
202437  31.025  7.419  -10.097 0.1250000000
202438  30.774  7.707  -9.803 0.1250000000
202440  23.894  7.433  -10.970 0.8750000000
202446  17.553  8.170  -9.958 0.1250000000
202453  22.636  7.545  -11.227 0.8750000000
202456  18.804  8.152  -10.634 0.1250000000
202458  17.637  8.253  -10.214 0.1250000000
202466  31.079  7.275  -11.304 0.1250000000
202478  30.759  7.205  -13.049 0.1250000000
203785  29.514  7.906  -8.421 0.3750000000
203787  28.606  7.763  -8.073 0.3750000000
203800  29.756  8.132  -8.774 0.2500000000
203801  29.230  8.296  -8.574 0.3750000000
203802  28.290  8.137  -8.414 0.3750000000
203803  27.928  7.594  -8.272 0.6250000000
203804  26.981  8.121  -8.838 0.7500000000
203805  26.342  7.930  -9.132 0.7500000000
203821  25.747  8.009  -9.569 0.7500000000
203826  18.219  9.396  -9.625 0.1250000000
203828  16.411  7.281  -8.969 0.1250000000
203829  15.999  7.280  -8.688 0.1250000000
203839  30.662  8.241  -10.005 0.2500000000
203841  23.932  7.917  -10.802 0.8750000000
203845  18.507  8.940  -10.204 0.1250000000
203854  31.025  7.892  -10.887 0.1250000000
203855  30.954  8.406  -10.534 0.1250000000
203856  18.321  8.645  -10.345 0.1250000000
203857  17.763  8.785  -10.155 0.1250000000
203863  30.828  8.627  -11.461 0.1250000000
203870  30.934  7.931  -12.183 0.1250000000
203871  30.835  8.472  -12.031 0.1250000000
203878  30.934  7.614  -12.635 0.1250000000
205134  29.585  8.627  -8.968 0.3750000000
205137  28.062  8.513  -8.624 0.3750000000
205138  27.096  8.661  -9.014 0.7500000000
205150  30.326  8.608  -9.688 0.2500000000
205151  29.855  8.980  -9.455 0.2500000000
205152  29.362  9.161  -9.056 0.3750000000
205153  26.522  8.923  -9.303 0.7500000000
205155  25.554  8.470  -9.654 0.7500000000
205156  25.009  8.618  -9.915 0.7500000000
205165  30.501  8.813  -10.266 0.1250000000
205167  24.312  8.624  -10.314 0.7500000000
205179  30.959  8.380  -11.060 0.1250000000
205195  30.492  8.812  -12.513 0.1250000000
205207  30.165  8.837  -13.810 0.1250000000
205208  29.935  8.946  -14.294 0.1250000000
205218  29.909  8.485  -14.757 0.1250000000
206466  28.786  9.121  -8.926 0.3750000000
206467  28.111  8.983  -8.873 0.3750000000
206468  27.528  8.980  -9.018 0.6250000000
206479  29.480  9.491  -9.527 0.2500000000
206484  25.210  9.555  -9.859 0.7500000000
206500  30.206  9.250  -10.236 0.1250000000
206502  24.695  9.627  -10.460 0.7500000000
206503  24.181  9.195  -10.563 0.7500000000
206504  23.740  9.289  -10.954 0.7500000000
206505  23.291  9.307  -11.015 0.6250000000
206506  22.738  9.337  -10.522 0.6250000000
206519  30.339  9.240  -10.690 0.1250000000
206540  30.090  9.649  -11.058 0.2500000000
206573  30.021  9.581  -12.801 0.1250000000
206588  30.082  9.174  -13.469 0.1250000000
206602  29.764  9.476  -14.356 0.1250000000
207850  29.488  9.796  -9.877 0.2500000000
207851  29.175  10.217  -10.001 0.2500000000
207852  28.618  9.978  -9.674 0.3750000000
207853  27.931  9.952  -9.488 0.3750000000
207854  27.326  9.818  -9.372 0.3750000000
207858  23.399  10.168  -10.502 0.7500000000
207866  24.572  10.160  -10.610 0.7500000000
207871  29.729  10.063  -10.771 0.2500000000
207900  29.854  10.024  -13.072 0.1250000000
209103  18.782  11.549  -6.672 0.1250000000
209104  18.422  10.638  -6.950 0.1250000000
209117  26.660  10.549  -9.610 0.7500000000
209118  25.649  10.621  -10.063 0.3750000000
209121  21.949  10.467  -9.649 0.7500000000
209127  29.441  10.513  -10.440 0.3750000000
209128  29.026  10.816  -10.253 0.3750000000
209135  24.115  10.671  -10.841 0.7500000000
209143  25.198  10.967  -11.223 0.3750000000
209164  29.303  11.036  -12.364 0.1250000000
209165  29.213  11.169  -11.877 0.1250000000
209198  29.518  10.975  -13.567 0.1250000000
209236  29.514  10.509  -14.916 0.1250000000
210383  19.773  12.469  -6.277 0.1250000000
210387  19.340  12.214  -7.037 0.1250000000
210388  18.189  11.057  -7.149 0.1250000000
210428  28.742  11.294  -10.502 0.3750000000
210429  28.088  11.510  -10.379 0.3750000000
210430  27.342  11.419  -10.303 0.3750000000
210431  26.561  11.337  -10.368 0.3750000000
210432  25.699  11.136  -10.565 0.3750000000
210451  28.463  11.723  -10.806 0.2500000000
210452  27.584  11.827  -10.650 0.3750000000
210456  24.979  11.110  -11.760 0.3750000000
210458  23.461  11.594  -11.692 0.3750000000
210475  29.026  11.578  -11.563 0.1250000000
210476  25.150  11.436  -11.770 0.3750000000
210493  29.111  11.634  -12.203 0.1250000000
210519  29.418  11.541  -13.779 0.1250000000
210520  29.267  12.056  -13.512 0.1250000000
210534  29.440  11.572  -14.168 0.1250000000
211816  28.241  12.144  -11.080 0.3750000000
211817  27.726  12.163  -11.007 0.3750000000
211818  26.671  12.170  -11.033 0.3750000000
211819  26.187  12.074  -11.342 0.3750000000
211821  23.068  12.030  -11.708 0.3750000000
211830  28.736  11.949  -11.257 0.2500000000
211832  27.924  12.470  -11.423 0.3750000000
211833  25.866  12.264  -11.702 0.3750000000
211834  25.148  11.951  -11.807 0.3750000000
211836  24.103  12.041  -11.905 0.3750000000
211846  28.941  12.149  -12.298 0.1250000000
213098  18.266  13.672  -8.400 0.2500000000
213139  28.173  12.689  -11.937 0.1250000000
213142  26.189  12.743  -11.935 0.3750000000
213147  21.850  13.420  -11.654 0.2500000000
213156  28.824  12.548  -12.636 0.1250000000
213157  28.421  12.927  -12.463 0.1250000000
213161  23.926  13.046  -12.234 0.3750000000
214356  18.657  13.938  -8.496 0.2500000000
214398  26.508  13.161  -12.253 0.2500000000
214401  22.730  13.218  -12.265 0.3750000000
214414  26.183  13.594  -12.642 0.1250000000
214427  27.607  14.140  -13.678 0.1250000000
215669  21.644  14.635  -11.571 0.2500000000
215679  26.559  14.191  -13.115 0.1250000000
279779  19.762  10.226  -9.501 0.5000000000
279781  18.985  14.192  -8.239 0.2500000000
279784  20.978  14.193  -9.922 0.1250000000
280000  17.721  11.534  -8.158 0.2500000000
280097  19.407  14.498  -9.178 0.1250000000
280149  21.785  12.776  -10.776 0.5000000000
280190  18.569  13.755  -8.278 0.2500000000
280254  19.168  14.195  -8.993 0.2500000000
280389  18.012  13.372  -8.419 0.2500000000
280520  21.016  13.984  -10.172 0.2500000000
280692  21.367  14.302  -10.321 0.1250000000
281570  18.163  -6.856  -6.407 0.2500000000
282037  21.281  -2.234  -10.337 1.0000000000
282233  22.606  -14.194  -4.367 0.6250000000
282497  24.419  -13.972  -4.554 0.1250000000
282660  26.591  -12.101  -5.221 0.1250000000
283297  25.881  -8.471  -6.738 0.7500000000
284445  19.759  -5.500  -7.842 0.3750000000
285364  25.817  -1.875  -11.035 1.0000000000
285383  31.781  3.455  -7.660 0.2500000000
285892  22.376  -6.798  -9.046 1.0000000000
286707  30.910  -9.118  -6.223 0.1250000000
287507  25.260  -11.462  -5.079 0.2500000000
287791  27.233  12.061  -10.950 0.3750000000
288043  28.176  -10.263  -5.650 0.1250000000
288337  31.452  6.284  -9.919 0.1250000000
289066  23.144  -16.326  -4.318 0.1250000000
290632  22.218  -17.678  -2.655 0.1250000000
290758  20.750  2.818  -11.695 1.0000000000
291251  23.177  -2.288  -10.442 1.0000000000
291454  19.087  -6.855  -7.380 0.7500000000
291631  22.472  -10.164  -7.000 0.7500000000
292060  31.815  4.650  -11.174 0.1250000000
292527  28.671  -1.923  -9.800 0.8750000000
292658  26.478  -12.654  -5.116 0.1250000000
293153  30.867  6.655  -12.920 0.1250000000
293308  27.206  -6.887  -8.893 0.8750000000
293325  29.067  -6.414  -8.488 0.7500000000
293772  25.268  -7.577  -8.419 0.8750000000
294039  33.006  -2.190  -7.862 0.2500000000
294154  32.909  -4.299  -8.688 0.5000000000
294677  27.234  7.644  -8.558 0.6250000000
295001  24.219  12.454  -12.065 0.3750000000
295078  18.482  -10.630  -3.517 0.1250000000
295136  22.391  -16.487  -2.897 0.1250000000
295172  27.487  13.623  -12.787 0.1250000000
295314  33.170  -0.178  -7.938 0.1250000000
295583  20.027  -12.863  -5.005 0.7500000000
295997  18.438  -10.666  -3.187 0.1250000000
296036  23.889  -6.677  -8.958 1.0000000000
296273  19.087  1.932  -11.206 1.0000000000
296877  21.527  7.423  -10.545 0.6250000000
296956  24.388  -2.117  -10.794 1.0000000000
297697  36.169  -4.487  -9.113 0.1250000000
297736  23.892  -3.182  -10.835 1.0000000000
297928  25.515  0.920  -10.506 1.0000000000
298527  22.519  -2.037  -10.413 1.0000000000
298845  24.525  -3.189  -11.084 1.0000000000
299326  22.644  6.102  -11.843 1.0000000000
299443  29.852  9.700  -13.697 0.1250000000
299544  22.445  -5.659  -10.583 1.0000000000
299573  24.395  11.061  -11.850 0.3750000000
299648  26.369  1.990  -10.992 1.0000000000
299976  35.278  -6.885  -11.438 0.1250000000
300221  27.023  -0.365  -9.553 1.0000000000
300222  29.006  1.011  -8.197 0.6250000000
300682  23.461  -3.792  -11.291 1.0000000000
300721  19.691  -1.073  -10.199 0.8750000000
301331  25.554  -4.203  -11.184 1.0000000000
302206  20.077  -0.869  -10.550 1.0000000000
302378  36.768  -8.610  -11.041 0.1250000000
302700  15.717  7.106  -7.498 0.1250000000
302939  21.505  -0.178  -10.675 1.0000000000
303228  21.590  1.082  -10.743 1.0000000000
303343  16.246  3.561  -8.960 0.5000000000
303356  30.861  -10.790  -6.413 0.1250000000
303438  24.259  4.140  -10.882 1.0000000000
303465  30.172  -6.246  -10.618 0.8750000000
303906  19.051  -4.298  -8.143 0.2500000000
304085  29.911  -7.679  -7.165 0.5000000000
304709  30.904  -7.230  -7.270 0.5000000000
304746  25.708  4.991  -10.480 0.8750000000
304955  29.406  1.902  -7.883 0.5000000000
304967  27.215  -4.716  -10.628 1.0000000000
305505  22.256  1.318  -10.811 1.0000000000
305593  23.063  1.392  -10.600 1.0000000000
306034  29.510  -5.542  -10.333 0.8750000000
306277  17.173  2.694  -9.362 0.8750000000
306561  27.695  4.055  -9.070 0.7500000000
306576  24.072  -1.550  -10.824 1.0000000000
306885  30.540  2.027  -7.309 0.5000000000
306921  31.204  6.880  -10.166 0.1250000000
306972  15.071  5.341  -6.961 0.1250000000
307211  22.715  3.733  -11.333 1.0000000000
307362  30.913  0.562  -7.453 0.3750000000
307965  32.618  -9.095  -6.540 0.1250000000
308056  27.142  9.222  -9.220 0.3750000000
308552  18.644  0.262  -10.166 1.0000000000
309151  25.753  -1.099  -10.649 1.0000000000
309216  29.151  9.797  -9.706 0.3750000000
309466  26.272  3.371  -10.865 0.8750000000
309521  21.148  -5.748  -9.986 1.0000000000
309582  19.265  6.950  -11.189 0.8750000000
309608  37.034  -5.005  -9.429 0.1250000000
309617  22.034  2.252  -11.006 1.0000000000
309621  27.011  1.472  -9.757 1.0000000000
310137  30.924  2.868  -7.460 0.3750000000
310485  25.972  2.210  -11.135 1.0000000000
310527  24.117  -0.004  -10.240 1.0000000000
311019  17.000  4.197  -10.127 0.6250000000
311111  30.046  0.102  -7.888 0.6250000000
311136  26.335  -7.440  -7.941 0.8750000000
311145  25.656  7.071  -9.727 0.7500000000
311296  25.572  0.036  -10.293 1.0000000000
311420  32.218  -0.055  -7.385 0.2500000000
311542  20.341  -0.019  -10.769 1.0000000000
311654  25.939  8.830  -9.497 0.7500000000
311754  28.608  3.463  -8.306 0.5000000000
312106  24.502  2.290  -10.804 1.0000000000
312345  27.361  4.859  -8.955 0.7500000000
312354  22.464  -3.841  -10.728 1.0000000000
313380  20.856  -0.117  -10.729 1.0000000000
313403  26.700  -0.695  -10.098 1.0000000000
313703  28.083  -5.260  -10.580 1.0000000000
313821  25.259  -1.628  -10.583 1.0000000000
313972  25.285  2.217  -10.659 1.0000000000
314113  31.714  -8.640  -6.443 0.1250000000
314437  26.648  1.150  -9.766 0.8750000000
315439  29.825  -8.604  -6.431 0.2500000000
315589  30.155  4.673  -7.506 0.1250000000
316228  18.658  6.501  -11.073 1.0000000000
316249  29.636  10.575  -13.160 0.1250000000
316339  31.200  6.697  -11.390 0.1250000000
316392  22.564  10.711  -9.824 0.7500000000
316700  30.184  9.656  -11.757 0.1250000000
316963  26.905  10.117  -9.470 0.3750000000
317162  29.844  10.148  -11.400 0.1250000000
317285  33.850  -3.128  -7.912 0.1250000000
317350  29.654  10.491  -12.546 0.1250000000
317573  34.378  -3.406  -8.088 0.1250000000
317851  17.938  12.753  -8.598 0.2500000000
317960  18.975  14.216  -8.517 0.2500000000
317971  20.081  14.327  -9.035 0.1250000000
318112  21.303  13.724  -10.719 0.2500000000
318213  20.450  13.663  -9.911 0.2500000000
318255  17.553  12.629  -8.475 0.2500000000
318740  27.318  -7.335  -7.967 0.8750000000
318974  25.582  -9.014  -6.583 0.6250000000
319095  24.996  4.706  -10.978 0.8750000000
319880  24.880  13.994  -12.992 0.2500000000
319942  31.912  -4.777  -9.696 0.6250000000
320327  28.608  -7.028  -7.833 0.6250000000
320539  18.529  13.424  -7.970 0.2500000000
320751  18.315  -9.498  -4.189 0.1250000000
320785  22.839  12.697  -11.356 0.5000000000
321095  27.607  3.070  -9.605 0.8750000000
321224  23.512  7.802  -10.936 0.8750000000
321299  29.533  -6.423  -8.204 0.7500000000
321725  33.896  -6.167  -10.953 0.5000000000
322028  28.608  0.653  -8.444 0.6250000000
323114  29.073  -6.283  -9.104 0.7500000000
323242  30.608  8.917  -11.359 0.1250000000
323398  27.120  1.875  -10.205 1.0000000000
323735  27.403  -0.071  -8.944 0.8750000000
323873  25.074  -9.095  -6.919 0.7500000000
324095  27.047  -3.329  -11.017 1.0000000000
324454  22.380  -5.278  -10.995 1.0000000000
324492  25.351  -14.467  -4.765 0.1250000000
325084  17.765  0.076  -9.484 0.6250000000
325142  28.650  -0.162  -8.884 0.8750000000
325633  25.927  -12.846  -4.910 0.1250000000
326030  29.927  -0.346  -8.131 0.6250000000
326246  25.808  -7.023  -9.916 1.0000000000
326665  21.882  -16.052  -4.430 0.3750000000
326779  31.222  -10.645  -6.385 0.1250000000
326906  37.947  -7.764  -10.820 0.1250000000
327322  25.275  -7.294  -9.303 1.0000000000
327702  30.193  -6.481  -9.966 0.7500000000
327762  34.558  -8.653  -11.077 0.1250000000
327798  20.073  3.455  -11.736 1.0000000000
328121  26.090  10.522  -9.647 0.7500000000
328339  35.923  -4.928  -9.396 0.1250000000
328503  27.399  7.205  -8.333 0.6250000000
329018  22.341  -7.768  -8.595 1.0000000000
329137  23.715  4.738  -11.488 1.0000000000
329498  29.029  2.708  -8.119 0.5000000000
330789  29.361  0.898  -7.977 0.6250000000
331023  31.410  -6.714  -11.133 0.6250000000
331224  15.994  2.733  -8.048 0.5000000000
331365  27.323  8.379  -8.815 0.6250000000
331886  24.322  5.336  -11.347 1.0000000000
331947  30.452  6.981  -8.436 0.3750000000
332017  33.652  -7.297  -11.180 0.3750000000
332467  36.336  -8.588  -11.062 0.1250000000
332634  31.742  1.270  -7.590 0.2500000000
332667  32.723  -7.286  -8.172 0.5000000000
332779  26.148  -1.412  -10.759 1.0000000000
332914  24.835  5.076  -11.014 0.8750000000
332936  32.780  -0.525  -7.589 0.2500000000
333337  29.681  -1.871  -8.972 0.8750000000
333896  29.529  11.011  -14.647 0.1250000000
333905  28.428  -1.347  -9.836 1.0000000000
334542  20.646  -9.309  -7.445 0.8750000000
334567  23.549  -9.637  -8.314 0.8750000000
334999  22.668  1.318  -10.765 1.0000000000
336114  18.344  -8.038  -5.480 0.1250000000
336121  26.936  0.848  -9.427 1.0000000000
336585  20.678  9.030  -6.164 0.1250000000
336839  19.451  -0.065  -10.292 1.0000000000
337097  18.393  -16.993  -1.959 0.2500000000
337252  23.697  3.860  -10.593 1.0000000000
337284  24.993  -11.867  -5.010 0.2500000000
338071  19.905  -2.488  -9.245 0.8750000000
338173  16.804  -0.474  -7.855 0.3750000000
338524  20.612  12.209  -9.730 0.2500000000
338757  17.358  -5.571  -6.812 0.1250000000
338779  26.730  -9.960  -5.604 0.2500000000
338875  33.007  1.775  -8.450 0.1250000000
338915  30.338  8.503  -13.769 0.1250000000
