#!ascii label  , from subject sub-v2s5x29554_ses-1 vox2ras=TkReg
1381
165687  19.063  -11.098  -4.610 0.0000000000
176939  32.141  -6.578  -11.109 0.0000000000
197058  24.736  4.445  -11.109 0.0000000000
194271  16.708  3.277  -9.293 0.0000000000
157052  19.742  -15.765  -3.095 0.0000000000
164218  24.347  -12.466  -4.810 0.0000000000
174168  24.679  -7.813  -8.582 0.0000000000
300435  22.948  -3.839  -11.233 0.0000000000
187356  27.658  -0.685  -9.459 0.0000000000
195601  31.903  3.945  -8.064 0.0000000000
298503  24.090  9.691  -10.820 0.0000000000
162723  19.481  -13.444  -3.573 0.0000000000
159879  21.645  -14.729  -4.304 0.0000000000
165701  21.238  -11.992  -5.679 0.0000000000
309911  20.081  -4.947  -9.157 0.0000000000
184842  18.972  -2.092  -8.806 0.0000000000
194310  19.603  3.255  -11.586 0.0000000000
190013  22.201  0.894  -10.673 0.0000000000
287797  26.054  2.222  -11.219 0.0000000000
286128  29.382  1.344  -7.965 0.0000000000
195605  28.018  4.034  -8.676 0.0000000000
280458  19.084  10.095  -8.769 0.0000000000
206487  22.452  9.674  -9.900 0.0000000000
210434  22.448  11.531  -10.802 0.0000000000
175552  28.576  -6.473  -8.946 0.0000000000
172717  28.684  -8.277  -6.577 0.0000000000
172738  32.991  -7.652  -7.727 0.0000000000
198429  19.803  5.612  -11.695 0.0000000000
178222  35.365  -5.204  -9.737 0.0000000000
171303  18.741  -8.892  -5.701 0.0000000000
169881  21.140  -9.634  -7.246 0.0000000000
281819  21.078  -7.389  -8.322 0.0000000000
178236  24.014  -5.695  -10.185 0.0000000000
179591  27.818  -4.641  -10.473 0.0000000000
187373  19.630  -0.455  -10.299 0.0000000000
296528  25.010  -2.131  -10.989 0.0000000000
182232  30.339  -3.335  -9.459 0.0000000000
184823  32.395  -1.988  -7.846 0.0000000000
201068  22.191  7.098  -11.199 0.0000000000
199743  24.652  6.570  -11.007 0.0000000000
213144  24.813  12.431  -12.148 0.0000000000
209116  27.385  10.490  -9.526 0.0000000000
202389  27.850  6.960  -8.112 0.0000000000
201013  30.680  6.980  -8.871 0.0000000000
169839  24.569  -9.909  -6.680 0.0000000000
167121  18.474  -11.079  -3.335 0.0000000000
165662  18.898  -12.045  -3.458 0.0000000000
164225  19.553  -12.308  -4.471 0.0000000000
162737  20.045  -13.114  -4.791 0.0000000000
165703  20.349  -11.905  -5.518 0.0000000000
194294  22.476  3.244  -11.422 0.0000000000
333044  22.646  2.400  -10.959 0.0000000000
194290  25.311  3.132  -10.605 0.0000000000
194278  27.084  2.986  -10.283 0.0000000000
195637  26.897  4.055  -10.141 0.0000000000
280386  18.808  11.939  -9.420 0.0000000000
322814  20.890  10.907  -9.897 0.0000000000
317850  20.939  12.472  -10.531 0.0000000000
175568  31.145  -6.568  -10.052 0.0000000000
175524  31.070  -6.581  -8.067 0.0000000000
174186  33.105  -7.315  -9.325 0.0000000000
311514  17.854  5.825  -10.460 0.0000000000
201073  18.593  7.364  -10.923 0.0000000000
327738  18.687  -15.130  -2.224 0.0000000000
155587  18.517  -16.207  -2.380 0.0000000000
155585  19.624  -16.629  -2.669 0.0000000000
155602  21.282  -16.303  -3.385 0.0000000000
288542  22.923  -13.605  -4.497 0.0000000000
158509  23.465  -15.612  -4.592 0.0000000000
172749  19.937  -8.108  -7.575 0.0000000000
175541  19.537  -6.976  -8.034 0.0000000000
179600  21.557  -4.548  -10.682 0.0000000000
178239  21.516  -5.588  -10.201 0.0000000000
179597  23.350  -4.713  -11.175 0.0000000000
178260  26.351  -5.437  -10.415 0.0000000000
301088  25.002  -4.214  -11.408 0.0000000000
188620  17.497  0.368  -9.505 0.0000000000
190001  17.928  1.331  -10.110 0.0000000000
188636  25.292  0.300  -10.593 0.0000000000
187387  23.615  -0.529  -10.475 0.0000000000
184858  26.916  -1.434  -10.689 0.0000000000
183558  28.311  -2.549  -10.340 0.0000000000
184855  29.380  -2.153  -9.440 0.0000000000
183542  31.629  -2.679  -8.518 0.0000000000
186120  30.337  -1.197  -8.637 0.0000000000
192784  30.474  2.535  -7.401 0.0000000000
189916  32.037  0.900  -7.656 0.0000000000
206486  23.024  9.748  -10.645 0.0000000000
203843  22.494  8.589  -10.766 0.0000000000
307576  23.840  8.420  -10.615 0.0000000000
201066  23.407  6.919  -11.955 0.0000000000
203823  24.730  8.223  -10.257 0.0000000000
317242  27.615  8.612  -8.804 0.0000000000
205135  29.132  8.765  -8.810 0.0000000000
202386  29.543  7.500  -8.149 0.0000000000
171352  22.673  -9.026  -8.779 0.0000000000
169864  22.883  -10.064  -7.455 0.0000000000
171322  24.801  -8.981  -7.488 0.0000000000
169857  30.036  -9.221  -6.098 0.0000000000
169834  27.835  -9.728  -5.926 0.0000000000
161265  18.791  -13.840  -2.761 0.0000000000
159873  19.980  -14.629  -3.405 0.0000000000
159872  20.266  -15.090  -3.633 0.0000000000
161290  20.509  -13.746  -4.151 0.0000000000
162735  21.305  -13.119  -4.524 0.0000000000
164237  23.056  -12.148  -5.296 0.0000000000
180889  18.592  -4.162  -7.711 0.0000000000
182221  19.839  -3.444  -9.197 0.0000000000
183560  20.468  -2.884  -9.892 0.0000000000
326356  17.979  3.256  -10.456 0.0000000000
191470  18.610  1.807  -10.839 0.0000000000
191479  20.952  1.811  -11.780 0.0000000000
190010  24.280  1.190  -10.657 0.0000000000
188633  26.444  0.714  -9.687 0.0000000000
188602  28.878  0.218  -8.634 0.0000000000
191415  27.496  1.430  -9.342 0.0000000000
192806  28.711  2.578  -8.431 0.0000000000
195583  29.985  3.879  -7.588 0.0000000000
206469  21.379  9.256  -8.483 0.0000000000
207845  21.349  9.571  -9.255 0.0000000000
317340  22.410  10.390  -9.671 0.0000000000
210411  23.776  10.937  -10.910 0.0000000000
175553  26.672  -7.247  -9.144 0.0000000000
174120  26.568  -7.602  -7.398 0.0000000000
174139  28.909  -7.284  -7.491 0.0000000000
172742  30.552  -7.676  -7.074 0.0000000000
297586  16.127  4.982  -9.186 0.0000000000
321470  17.340  4.665  -10.191 0.0000000000
197076  19.801  4.415  -11.899 0.0000000000
197073  21.558  4.824  -11.482 0.0000000000
155619  21.908  -16.281  -4.337 0.0000000000
178250  33.666  -5.874  -10.557 0.0000000000
174212  34.024  -8.209  -11.456 0.0000000000
168481  18.913  -10.191  -4.756 0.0000000000
295146  20.097  -10.368  -5.944 0.0000000000
169867  19.950  -9.337  -6.591 0.0000000000
172747  21.025  -8.572  -7.882 0.0000000000
174169  22.832  -7.714  -8.626 0.0000000000
176902  20.891  -6.431  -9.069 0.0000000000
176899  22.722  -6.494  -9.359 0.0000000000
175554  24.882  -6.759  -9.091 0.0000000000
176919  26.476  -6.732  -9.994 0.0000000000
178229  28.637  -5.766  -10.171 0.0000000000
178255  30.036  -5.460  -10.177 0.0000000000
301404  18.789  -1.021  -9.661 0.0000000000
303295  21.950  -2.108  -10.376 0.0000000000
308990  20.645  0.367  -10.870 0.0000000000
186158  22.297  -1.424  -10.427 0.0000000000
183576  23.630  -2.657  -10.528 0.0000000000
292461  26.485  -3.357  -11.421 0.0000000000
180915  28.976  -3.779  -10.127 0.0000000000
178228  31.418  -5.044  -10.262 0.0000000000
329364  32.864  -4.577  -9.253 0.0000000000
180885  33.709  -3.647  -8.094 0.0000000000
187301  31.028  -0.483  -7.476 0.0000000000
199772  21.381  6.086  -11.556 0.0000000000
198427  23.122  5.712  -11.846 0.0000000000
199753  24.642  5.486  -11.086 0.0000000000
210479  23.431  11.896  -11.919 0.0000000000
209144  24.774  10.806  -11.401 0.0000000000
210454  26.118  11.712  -10.909 0.0000000000
207856  25.706  10.074  -9.761 0.0000000000
205154  26.177  8.425  -9.449 0.0000000000
315786  26.073  7.022  -9.383 0.0000000000
307920  26.241  5.585  -9.828 0.0000000000
328926  27.827  5.514  -8.237 0.0000000000
199675  29.547  5.669  -7.502 0.0000000000
198361  31.149  5.371  -7.986 0.0000000000
167180  20.848  -11.194  -6.284 0.0000000000
167177  22.750  -10.950  -6.259 0.0000000000
167156  24.287  -11.271  -5.690 0.0000000000
171300  26.212  -8.937  -6.292 0.0000000000
168510  26.199  -9.927  -5.682 0.0000000000
167135  18.667  -11.164  -4.069 0.0000000000
165651  18.663  -11.530  -3.242 0.0000000000
165663  18.630  -11.512  -3.648 0.0000000000
164207  19.218  -12.516  -3.694 0.0000000000
165675  19.059  -11.872  -4.210 0.0000000000
304442  19.754  -12.337  -5.027 0.0000000000
165686  19.422  -11.663  -4.573 0.0000000000
305649  23.169  3.848  -10.801 0.0000000000
194292  23.471  3.349  -10.504 0.0000000000
195666  24.979  3.839  -10.791 0.0000000000
195653  25.977  3.562  -10.883 0.0000000000
313014  25.746  4.094  -10.918 0.0000000000
280455  20.337  11.783  -9.543 0.0000000000
302402  31.528  -6.768  -10.489 0.0000000000
301447  31.577  -6.635  -9.755 0.0000000000
175582  32.869  -7.107  -10.970 0.0000000000
158475  19.039  -15.218  -2.606 0.0000000000
157039  18.519  -15.636  -2.332 0.0000000000
157038  19.119  -15.827  -2.664 0.0000000000
155586  19.039  -16.440  -2.628 0.0000000000
157037  19.477  -16.196  -2.850 0.0000000000
155603  20.654  -16.487  -3.247 0.0000000000
157051  20.330  -15.905  -3.376 0.0000000000
326989  23.791  -13.141  -4.676 0.0000000000
282442  23.924  -14.098  -4.518 0.0000000000
161300  24.114  -13.524  -4.608 0.0000000000
162730  24.709  -12.839  -4.705 0.0000000000
174122  18.368  -7.392  -6.406 0.0000000000
175496  18.284  -6.518  -6.632 0.0000000000
180936  22.015  -4.194  -10.726 0.0000000000
179598  22.704  -4.780  -11.175 0.0000000000
180934  23.086  -4.268  -11.542 0.0000000000
180932  24.457  -4.203  -11.428 0.0000000000
300683  24.183  -3.701  -11.307 0.0000000000
192835  17.125  2.187  -9.049 0.0000000000
191437  17.470  2.063  -9.647 0.0000000000
319165  26.209  -0.396  -10.062 0.0000000000
300442  25.851  -0.473  -10.392 0.0000000000
186138  27.243  -1.131  -9.907 0.0000000000
184856  28.120  -1.732  -10.143 0.0000000000
186135  28.836  -1.246  -9.406 0.0000000000
310447  29.720  -1.484  -8.795 0.0000000000
186123  28.829  -0.665  -9.082 0.0000000000
194214  31.168  3.486  -7.439 0.0000000000
192782  31.667  2.296  -7.626 0.0000000000
207867  23.610  9.689  -10.929 0.0000000000
205169  23.524  8.854  -10.967 0.0000000000
205168  23.886  8.877  -10.721 0.0000000000
203840  24.371  8.082  -10.567 0.0000000000
206485  24.711  9.108  -10.021 0.0000000000
206480  28.972  9.523  -9.339 0.0000000000
206501  29.847  9.456  -9.940 0.0000000000
203820  30.048  8.383  -9.215 0.0000000000
322757  24.200  -8.302  -8.663 0.0000000000
171337  23.957  -9.373  -8.416 0.0000000000
174146  24.631  -8.449  -8.431 0.0000000000
169856  30.552  -9.330  -6.134 0.0000000000
328884  29.608  -9.771  -5.881 0.0000000000
162706  19.335  -13.168  -3.386 0.0000000000
294807  19.348  -13.440  -2.969 0.0000000000
161280  19.215  -13.718  -3.135 0.0000000000
303302  19.053  -14.165  -2.993 0.0000000000
161279  19.647  -14.047  -3.305 0.0000000000
159882  20.252  -14.158  -3.730 0.0000000000
161291  20.062  -13.625  -3.868 0.0000000000
164241  20.442  -12.310  -5.200 0.0000000000
162736  20.581  -13.212  -4.468 0.0000000000
164222  21.603  -12.662  -4.854 0.0000000000
164221  22.129  -12.685  -4.975 0.0000000000
164239  21.703  -12.287  -5.270 0.0000000000
337120  18.834  -2.535  -8.453 0.0000000000
182207  18.815  -3.075  -8.398 0.0000000000
183546  19.262  -2.657  -8.672 0.0000000000
301030  20.143  -2.919  -9.398 0.0000000000
183562  19.535  -2.311  -9.023 0.0000000000
194297  18.731  3.384  -11.184 0.0000000000
192877  19.077  2.469  -11.307 0.0000000000
192888  20.530  2.359  -11.701 0.0000000000
307196  23.851  2.166  -10.711 0.0000000000
191464  23.142  2.006  -10.592 0.0000000000
191451  25.513  1.767  -10.757 0.0000000000
189998  25.576  1.343  -10.592 0.0000000000
191449  26.167  1.579  -10.845 0.0000000000
189978  27.096  1.050  -9.393 0.0000000000
191448  26.739  1.552  -10.514 0.0000000000
195619  27.900  3.601  -9.130 0.0000000000
312905  27.996  2.614  -9.362 0.0000000000
195618  28.316  3.545  -8.724 0.0000000000
195602  29.618  3.526  -7.862 0.0000000000
312072  28.977  4.202  -7.898 0.0000000000
280308  18.017  10.230  -7.807 0.0000000000
207839  19.337  9.869  -8.124 0.0000000000
206470  20.433  9.830  -8.644 0.0000000000
207860  20.249  9.862  -9.946 0.0000000000
210435  21.874  11.378  -10.031 0.0000000000
210414  21.818  10.785  -9.736 0.0000000000
210413  22.464  11.100  -10.435 0.0000000000
210412  23.206  10.873  -10.314 0.0000000000
210433  23.237  11.325  -10.935 0.0000000000
175528  27.929  -6.717  -8.718 0.0000000000
292136  28.132  -7.080  -8.080 0.0000000000
175527  28.556  -6.676  -8.243 0.0000000000
174135  32.320  -7.210  -7.558 0.0000000000
174136  31.506  -7.142  -7.392 0.0000000000
172740  31.821  -7.746  -7.127 0.0000000000
172713  31.451  -8.174  -6.760 0.0000000000
331891  15.862  5.469  -7.778 0.0000000000
198390  16.194  5.663  -9.202 0.0000000000
197051  16.417  4.855  -9.713 0.0000000000
198418  16.612  5.299  -9.964 0.0000000000
315233  18.413  5.850  -10.885 0.0000000000
198432  18.110  5.203  -10.762 0.0000000000
308166  19.925  4.982  -11.820 0.0000000000
197075  20.329  4.591  -11.860 0.0000000000
197074  20.927  4.769  -11.580 0.0000000000
159880  21.200  -14.652  -4.091 0.0000000000
157061  21.271  -15.653  -3.825 0.0000000000
158496  21.857  -15.363  -4.187 0.0000000000
157073  23.390  -16.170  -4.570 0.0000000000
178224  34.029  -5.279  -9.979 0.0000000000
169803  18.438  -9.601  -4.392 0.0000000000
169826  18.733  -9.345  -5.231 0.0000000000
168519  19.170  -9.863  -5.607 0.0000000000
171301  19.378  -9.011  -6.250 0.0000000000
172770  20.146  -7.844  -8.353 0.0000000000
172748  20.476  -8.294  -7.723 0.0000000000
174171  21.469  -7.728  -8.368 0.0000000000
172767  22.021  -8.090  -8.481 0.0000000000
174170  21.931  -7.471  -8.545 0.0000000000
335534  19.717  -5.072  -8.120 0.0000000000
176881  20.146  -5.950  -8.128 0.0000000000
178211  20.420  -5.492  -9.234 0.0000000000
178237  23.195  -5.754  -10.221 0.0000000000
176924  22.558  -5.972  -9.854 0.0000000000
298123  23.110  -6.247  -9.685 0.0000000000
176898  23.361  -6.616  -9.215 0.0000000000
176896  24.801  -6.627  -9.695 0.0000000000
176895  25.209  -7.164  -9.930 0.0000000000
176920  25.401  -6.735  -10.005 0.0000000000
179592  26.538  -4.723  -10.589 0.0000000000
178231  27.358  -5.884  -10.504 0.0000000000
178257  28.526  -5.241  -10.391 0.0000000000
176943  29.789  -5.988  -10.240 0.0000000000
179589  28.963  -4.741  -10.411 0.0000000000
188619  18.078  0.319  -9.713 0.0000000000
187358  18.010  -0.209  -9.518 0.0000000000
186162  19.163  -0.814  -10.056 0.0000000000
186139  19.818  -1.536  -10.040 0.0000000000
186160  20.558  -1.173  -10.750 0.0000000000
190014  20.818  0.832  -11.295 0.0000000000
188659  20.199  0.509  -10.967 0.0000000000
291412  21.178  0.499  -10.620 0.0000000000
307911  24.687  -1.655  -10.542 0.0000000000
186156  23.419  -1.270  -10.833 0.0000000000
184885  23.613  -1.487  -10.945 0.0000000000
316065  22.868  -1.973  -10.461 0.0000000000
183574  24.775  -2.649  -11.083 0.0000000000
182248  25.048  -3.122  -11.427 0.0000000000
182246  26.473  -2.556  -11.617 0.0000000000
182234  29.164  -3.314  -9.796 0.0000000000
182235  28.624  -3.180  -10.175 0.0000000000
336031  29.945  -3.831  -9.709 0.0000000000
179576  30.594  -4.534  -10.016 0.0000000000
180912  30.974  -4.094  -9.589 0.0000000000
179573  32.496  -4.965  -9.724 0.0000000000
180902  31.524  -3.668  -9.233 0.0000000000
183530  31.982  -2.339  -8.143 0.0000000000
182205  32.727  -3.046  -8.124 0.0000000000
327470  33.043  -2.689  -7.975 0.0000000000
182203  34.221  -2.796  -7.917 0.0000000000
296860  33.520  -2.112  -7.974 0.0000000000
188578  29.140  0.564  -8.255 0.0000000000
312814  29.507  0.054  -8.324 0.0000000000
188576  30.332  0.733  -7.713 0.0000000000
205140  21.967  9.304  -9.116 0.0000000000
299029  22.147  9.179  -9.699 0.0000000000
202442  22.219  8.193  -10.711 0.0000000000
202454  21.936  7.657  -10.482 0.0000000000
201069  20.947  7.362  -10.770 0.0000000000
201082  20.916  6.630  -11.361 0.0000000000
199758  21.710  6.611  -11.108 0.0000000000
201051  24.265  7.024  -11.035 0.0000000000
199756  23.032  6.483  -11.992 0.0000000000
199755  23.644  6.233  -12.005 0.0000000000
305717  23.621  5.632  -11.589 0.0000000000
329132  24.555  6.103  -11.268 0.0000000000
213145  23.719  12.584  -11.729 0.0000000000
211835  24.426  11.919  -11.920 0.0000000000
210478  23.954  11.407  -11.984 0.0000000000
210477  24.694  11.343  -11.942 0.0000000000
209130  27.735  10.954  -10.025 0.0000000000
210453  26.929  11.768  -10.683 0.0000000000
209131  27.007  10.951  -9.949 0.0000000000
209132  26.243  10.901  -9.963 0.0000000000
207855  26.352  10.037  -9.574 0.0000000000
206483  25.950  9.412  -9.536 0.0000000000
307369  26.705  9.576  -9.403 0.0000000000
286324  27.640  8.140  -8.633 0.0000000000
315399  26.738  7.625  -8.812 0.0000000000
202403  26.877  7.103  -8.664 0.0000000000
199728  26.294  6.101  -9.471 0.0000000000
201015  26.961  6.465  -8.784 0.0000000000
198381  27.045  5.273  -9.152 0.0000000000
201000  27.766  6.407  -8.176 0.0000000000
326624  30.055  7.229  -8.212 0.0000000000
303511  29.148  6.124  -7.537 0.0000000000
199688  30.500  6.119  -7.895 0.0000000000
198362  30.683  5.548  -7.734 0.0000000000
199705  31.193  6.079  -8.745 0.0000000000
168542  20.882  -10.053  -6.711 0.0000000000
167181  20.334  -10.893  -5.860 0.0000000000
168541  21.370  -10.100  -6.927 0.0000000000
286713  23.679  -9.904  -7.284 0.0000000000
168539  22.880  -10.406  -7.007 0.0000000000
168514  23.624  -10.435  -6.383 0.0000000000
167157  23.624  -11.239  -5.813 0.0000000000
167174  24.603  -10.691  -5.883 0.0000000000
330763  27.720  -7.717  -6.959 0.0000000000
172720  26.861  -7.915  -6.844 0.0000000000
171320  27.127  -8.381  -6.411 0.0000000000
168508  27.575  -10.233  -5.544 0.0000000000
281280  27.191  -9.828  -5.727 0.0000000000
168490  26.511  -10.322  -5.378 0.0000000000
167154  25.587  -10.956  -5.248 0.0000000000
300346  19.483  -12.976  -3.800 0.0000000000
162722  19.890  -13.145  -4.073 0.0000000000
164206  19.675  -12.788  -4.368 0.0000000000
164224  19.860  -12.790  -5.010 0.0000000000
165702  20.683  -12.060  -5.628 0.0000000000
194308  20.567  3.335  -11.686 0.0000000000
192875  21.588  2.715  -11.027 0.0000000000
333344  22.644  2.891  -11.131 0.0000000000
192872  23.964  2.777  -10.575 0.0000000000
192859  25.699  2.582  -11.022 0.0000000000
192856  26.829  2.318  -10.689 0.0000000000
194280  26.264  2.862  -11.152 0.0000000000
195651  26.729  3.500  -10.453 0.0000000000
322360  27.331  4.130  -9.845 0.0000000000
318145  17.806  10.630  -8.238 0.0000000000
280038  19.095  10.781  -9.067 0.0000000000
317568  20.148  10.056  -9.960 0.0000000000
328701  19.822  10.956  -9.617 0.0000000000
210436  21.213  11.805  -9.785 0.0000000000
280611  21.805  12.034  -10.513 0.0000000000
315774  30.151  -6.360  -9.181 0.0000000000
287181  30.044  -6.383  -8.370 0.0000000000
175549  31.204  -6.665  -9.035 0.0000000000
174164  32.217  -7.018  -8.403 0.0000000000
174163  33.194  -7.532  -8.571 0.0000000000
199762  18.129  6.554  -10.748 0.0000000000
199760  19.549  6.177  -11.308 0.0000000000
158476  18.579  -14.765  -1.909 0.0000000000
154165  20.382  -17.380  -2.668 0.0000000000
154183  20.711  -17.058  -3.019 0.0000000000
154182  21.266  -16.861  -3.144 0.0000000000
159893  21.973  -14.174  -4.325 0.0000000000
158511  22.208  -14.801  -4.410 0.0000000000
159892  23.284  -14.171  -4.397 0.0000000000
172697  18.554  -8.202  -5.574 0.0000000000
171302  19.022  -8.463  -6.166 0.0000000000
172696  18.666  -7.976  -6.315 0.0000000000
174147  19.749  -7.592  -7.848 0.0000000000
175540  20.321  -6.874  -8.267 0.0000000000
320912  20.539  -4.874  -10.009 0.0000000000
179580  20.976  -5.269  -10.099 0.0000000000
179579  21.518  -5.082  -10.495 0.0000000000
178265  22.923  -5.245  -10.870 0.0000000000
178264  23.656  -5.224  -10.733 0.0000000000
178234  25.305  -5.872  -10.089 0.0000000000
178262  25.008  -5.131  -10.495 0.0000000000
179593  25.880  -4.764  -10.821 0.0000000000
180930  26.160  -4.107  -11.050 0.0000000000
293533  17.555  0.857  -9.872 0.0000000000
188639  19.225  0.255  -10.386 0.0000000000
188655  23.709  0.208  -10.406 0.0000000000
334841  23.369  -0.066  -10.441 0.0000000000
187370  24.258  -0.512  -10.388 0.0000000000
186154  25.067  -1.079  -10.488 0.0000000000
184873  26.503  -1.568  -11.109 0.0000000000
183571  26.990  -2.237  -11.518 0.0000000000
184871  27.312  -1.949  -11.112 0.0000000000
331467  28.207  -2.113  -10.235 0.0000000000
183555  30.170  -2.782  -9.281 0.0000000000
182219  31.287  -3.042  -8.925 0.0000000000
183544  30.509  -2.297  -8.774 0.0000000000
337652  31.007  -2.044  -8.534 0.0000000000
310446  31.239  -1.662  -8.252 0.0000000000
289574  29.989  2.124  -7.572 0.0000000000
189918  30.866  1.116  -7.465 0.0000000000
331462  31.341  1.885  -7.460 0.0000000000
308255  32.153  1.477  -7.800 0.0000000000
205157  22.510  8.994  -10.443 0.0000000000
205170  22.963  8.921  -11.014 0.0000000000
301809  23.330  8.330  -10.965 0.0000000000
203842  22.911  8.009  -11.062 0.0000000000
331477  23.007  7.215  -11.844 0.0000000000
202441  23.329  7.425  -11.295 0.0000000000
202439  24.471  7.614  -10.936 0.0000000000
202423  24.930  7.715  -10.457 0.0000000000
209115  28.126  10.493  -9.766 0.0000000000
206482  27.743  9.426  -9.222 0.0000000000
206481  28.365  9.501  -9.226 0.0000000000
205136  28.635  8.574  -8.632 0.0000000000
325343  28.787  8.137  -8.355 0.0000000000
202388  28.455  7.200  -7.987 0.0000000000
203786  29.121  7.848  -8.210 0.0000000000
203799  30.194  7.852  -8.987 0.0000000000
171340  22.258  -9.204  -8.269 0.0000000000
169865  22.215  -9.857  -7.314 0.0000000000
169878  23.194  -9.805  -8.098 0.0000000000
169877  23.727  -9.652  -7.785 0.0000000000
169861  24.705  -9.490  -7.132 0.0000000000
288173  29.230  -8.475  -6.507 0.0000000000
171318  28.247  -8.627  -6.273 0.0000000000
171316  29.395  -9.123  -6.291 0.0000000000
168536  28.503  -9.889  -5.950 0.0000000000
159861  18.654  -14.049  -2.157 0.0000000000
159860  18.907  -14.580  -2.480 0.0000000000
159874  19.330  -14.760  -3.079 0.0000000000
158488  19.799  -15.191  -3.272 0.0000000000
158487  20.126  -15.506  -3.483 0.0000000000
337888  20.451  -14.603  -3.686 0.0000000000
159895  20.789  -14.318  -4.117 0.0000000000
162721  20.256  -13.379  -4.284 0.0000000000
161304  21.013  -13.781  -4.446 0.0000000000
161303  21.660  -13.685  -4.456 0.0000000000
161302  22.273  -13.667  -4.540 0.0000000000
162733  22.528  -13.153  -4.786 0.0000000000
336947  23.341  -12.479  -4.894 0.0000000000
179544  19.660  -4.656  -8.464 0.0000000000
180904  18.997  -3.767  -8.692 0.0000000000
179559  19.734  -4.399  -9.099 0.0000000000
180918  20.672  -4.248  -9.708 0.0000000000
180938  20.835  -3.792  -10.352 0.0000000000
182250  21.878  -3.393  -10.664 0.0000000000
194282  17.728  3.107  -10.140 0.0000000000
192861  17.812  2.361  -10.232 0.0000000000
320846  18.714  2.259  -11.028 0.0000000000
191469  19.619  1.694  -11.239 0.0000000000
190024  21.243  1.378  -11.601 0.0000000000
191467  21.434  2.097  -11.186 0.0000000000
191466  21.797  1.711  -10.923 0.0000000000
190012  22.855  0.881  -10.863 0.0000000000
188654  24.378  0.653  -10.541 0.0000000000
188635  25.725  0.616  -10.346 0.0000000000
188618  26.890  0.281  -9.423 0.0000000000
187342  28.064  -0.391  -8.955 0.0000000000
188617  27.179  0.549  -9.120 0.0000000000
189958  27.982  0.766  -8.529 0.0000000000
189936  28.508  1.217  -8.464 0.0000000000
192844  27.673  2.409  -9.604 0.0000000000
332297  28.227  1.962  -8.966 0.0000000000
192805  28.991  2.211  -8.147 0.0000000000
192804  29.463  2.558  -7.845 0.0000000000
194216  30.035  3.358  -7.602 0.0000000000
195581  30.981  4.110  -7.443 0.0000000000
207844  22.105  9.879  -9.694 0.0000000000
209122  20.900  9.868  -10.287 0.0000000000
209109  21.639  10.117  -9.561 0.0000000000
207859  22.770  10.126  -10.004 0.0000000000
209120  23.038  10.495  -10.023 0.0000000000
209119  23.751  10.565  -10.361 0.0000000000
207857  23.997  10.161  -10.730 0.0000000000
174167  25.844  -7.435  -8.316 0.0000000000
174144  25.533  -7.828  -8.058 0.0000000000
174142  26.824  -7.327  -7.899 0.0000000000
174141  27.786  -7.362  -7.762 0.0000000000
174117  28.622  -7.792  -7.138 0.0000000000
175526  29.829  -6.594  -7.725 0.0000000000
175511  29.545  -7.147  -7.430 0.0000000000
321354  29.591  -8.098  -6.813 0.0000000000
172715  30.201  -8.134  -6.744 0.0000000000
195642  16.473  3.887  -9.388 0.0000000000
197040  16.579  4.300  -9.845 0.0000000000
308823  17.627  4.152  -10.273 0.0000000000
195671  18.677  3.997  -11.121 0.0000000000
198416  17.623  5.190  -10.248 0.0000000000
197064  18.363  4.617  -10.958 0.0000000000
195686  19.684  3.821  -11.734 0.0000000000
302713  20.928  3.782  -11.403 0.0000000000
307697  22.233  3.708  -11.521 0.0000000000
305510  23.044  4.258  -11.366 0.0000000000
158498  20.663  -15.466  -3.739 0.0000000000
155620  21.506  -16.023  -3.945 0.0000000000
158495  22.366  -15.545  -4.254 0.0000000000
176937  33.278  -6.480  -11.244 0.0000000000
175581  33.184  -6.986  -11.337 0.0000000000
175580  33.825  -6.793  -11.212 0.0000000000
168472  18.470  -10.388  -3.930 0.0000000000
167145  19.196  -10.684  -4.969 0.0000000000
334571  19.600  -10.876  -5.221 0.0000000000
168494  19.189  -10.223  -5.207 0.0000000000
290825  19.718  -10.033  -5.867 0.0000000000
169866  20.533  -9.535  -6.888 0.0000000000
171325  19.637  -8.963  -7.033 0.0000000000
171342  20.489  -8.979  -7.707 0.0000000000
169882  21.029  -9.241  -7.821 0.0000000000
171353  22.143  -8.679  -8.488 0.0000000000
284321  23.121  -8.297  -8.912 0.0000000000
175535  24.007  -7.889  -8.681 0.0000000000
175513  19.153  -6.334  -7.375 0.0000000000
300211  20.064  -6.511  -8.057 0.0000000000
175558  21.285  -6.817  -8.981 0.0000000000
176926  21.493  -6.083  -9.931 0.0000000000
176901  21.386  -6.535  -9.504 0.0000000000
175537  21.811  -6.942  -9.052 0.0000000000
175557  23.006  -7.077  -8.832 0.0000000000
175556  23.825  -7.098  -8.713 0.0000000000
175533  25.002  -7.194  -8.698 0.0000000000
293773  25.745  -7.386  -9.617 0.0000000000
176893  26.845  -6.954  -9.593 0.0000000000
176892  27.361  -6.304  -9.281 0.0000000000
178232  26.775  -6.054  -10.359 0.0000000000
176917  27.627  -5.964  -9.870 0.0000000000
176890  28.751  -6.193  -9.641 0.0000000000
176914  29.701  -6.108  -10.035 0.0000000000
176942  30.685  -6.387  -10.748 0.0000000000
176941  31.091  -6.449  -11.192 0.0000000000
186125  17.757  -1.210  -8.915 0.0000000000
184861  18.819  -1.557  -9.300 0.0000000000
184859  19.764  -1.957  -9.575 0.0000000000
183579  20.594  -2.347  -10.176 0.0000000000
302359  22.230  -2.635  -10.620 0.0000000000
190000  18.470  1.297  -10.521 0.0000000000
188660  19.557  0.697  -10.742 0.0000000000
188638  19.814  0.111  -10.502 0.0000000000
301669  22.226  -0.243  -10.614 0.0000000000
186173  21.879  -0.863  -10.665 0.0000000000
186174  21.129  -0.826  -10.797 0.0000000000
184877  22.140  -1.687  -10.470 0.0000000000
298163  22.746  -2.530  -10.535 0.0000000000
297177  23.218  -3.136  -10.550 0.0000000000
300684  24.792  -3.723  -11.381 0.0000000000
315109  25.832  -3.689  -11.322 0.0000000000
180928  27.462  -3.809  -10.526 0.0000000000
182245  27.024  -2.746  -11.405 0.0000000000
309171  27.980  -3.372  -10.424 0.0000000000
180926  28.808  -4.127  -10.351 0.0000000000
330555  29.880  -4.739  -10.270 0.0000000000
178253  31.321  -5.767  -10.865 0.0000000000
178252  32.363  -6.142  -11.035 0.0000000000
178226  32.744  -5.468  -10.371 0.0000000000
179572  33.116  -4.939  -9.653 0.0000000000
179570  34.327  -4.797  -9.448 0.0000000000
180900  32.531  -3.912  -8.641 0.0000000000
180899  33.492  -4.238  -8.440 0.0000000000
179554  34.586  -4.380  -8.890 0.0000000000
187321  29.172  -0.293  -8.738 0.0000000000
186103  30.103  -0.811  -8.206 0.0000000000
188557  31.262  0.121  -7.438 0.0000000000
186073  33.067  -1.301  -7.710 0.0000000000
203844  22.014  8.570  -10.277 0.0000000000
201083  20.381  6.380  -11.227 0.0000000000
199773  20.744  6.005  -11.567 0.0000000000
199757  22.457  6.594  -11.709 0.0000000000
199771  22.100  6.085  -11.635 0.0000000000
198441  21.134  5.412  -11.497 0.0000000000
197062  22.208  4.864  -11.382 0.0000000000
198426  23.453  5.091  -11.648 0.0000000000
198424  24.536  4.945  -11.303 0.0000000000
289505  22.243  12.955  -11.201 0.0000000000
279783  22.576  12.331  -10.977 0.0000000000
213146  23.108  12.688  -11.813 0.0000000000
210459  22.811  11.720  -11.088 0.0000000000
210457  23.843  11.172  -11.684 0.0000000000
209145  24.217  10.826  -11.365 0.0000000000
209134  24.459  10.615  -10.929 0.0000000000
211820  25.646  11.805  -11.468 0.0000000000
210455  25.436  11.392  -11.241 0.0000000000
209133  25.077  10.628  -10.741 0.0000000000
207865  25.146  10.121  -10.262 0.0000000000
303961  25.313  9.006  -9.502 0.0000000000
203822  25.161  8.107  -9.940 0.0000000000
202422  25.352  7.601  -9.820 0.0000000000
205139  26.619  8.420  -9.114 0.0000000000
202421  25.912  7.511  -9.417 0.0000000000
201034  25.472  6.562  -9.964 0.0000000000
199741  25.369  6.157  -10.214 0.0000000000
198414  25.819  5.661  -10.491 0.0000000000
197049  25.480  4.618  -10.770 0.0000000000
197035  26.504  4.512  -10.102 0.0000000000
322251  27.089  4.801  -9.374 0.0000000000
198364  27.755  4.983  -8.503 0.0000000000
332892  28.624  6.240  -7.625 0.0000000000
199690  28.632  5.750  -7.638 0.0000000000
197001  28.668  4.679  -7.926 0.0000000000
198346  29.673  5.064  -7.505 0.0000000000
196984  30.714  4.634  -7.551 0.0000000000
196999  31.646  4.532  -7.725 0.0000000000
201031  31.187  6.706  -9.551 0.0000000000
198400  31.441  5.614  -9.090 0.0000000000
198378  31.625  5.093  -8.790 0.0000000000
195617  32.065  4.058  -8.844 0.0000000000
167159  20.046  -11.226  -5.428 0.0000000000
167158  20.575  -11.545  -5.852 0.0000000000
165722  21.011  -11.677  -6.024 0.0000000000
168540  21.859  -10.291  -6.915 0.0000000000
167178  22.132  -10.994  -6.251 0.0000000000
165720  21.973  -11.380  -5.902 0.0000000000
165699  22.603  -11.645  -5.605 0.0000000000
165698  23.349  -11.720  -5.608 0.0000000000
296912  24.254  -11.733  -5.382 0.0000000000
311034  25.737  -8.197  -7.205 0.0000000000
172722  25.319  -8.596  -7.163 0.0000000000
169838  25.192  -9.609  -6.472 0.0000000000
171299  26.855  -8.874  -6.149 0.0000000000
169837  25.871  -9.450  -6.056 0.0000000000
168512  24.886  -10.136  -6.073 0.0000000000
168492  25.254  -10.557  -5.667 0.0000000000
165696  24.713  -11.598  -5.319 0.0000000000
164217  24.971  -12.360  -4.845 0.0000000000
174196  33.708  -7.628  -10.215 0.0000000000
174185  33.537  -7.562  -9.360 0.0000000000
154166  19.798  -17.141  -2.470 0.0000000000
154184  20.199  -16.834  -2.834 0.0000000000
155604  20.000  -16.303  -3.021 0.0000000000
155617  23.860  -16.441  -4.573 0.0000000000
157050  21.005  -15.893  -3.461 0.0000000000
157058  22.991  -16.303  -4.387 0.0000000000
157059  22.329  -16.236  -4.444 0.0000000000
157060  21.647  -15.868  -4.300 0.0000000000
157074  22.894  -15.845  -4.464 0.0000000000
158489  19.381  -15.362  -2.973 0.0000000000
158497  21.317  -15.216  -3.995 0.0000000000
158510  22.922  -14.967  -4.466 0.0000000000
159881  20.792  -14.889  -3.846 0.0000000000
159894  21.368  -14.229  -4.322 0.0000000000
161299  24.716  -13.460  -4.617 0.0000000000
161301  23.557  -13.569  -4.565 0.0000000000
162729  25.290  -13.022  -4.734 0.0000000000
162731  24.244  -12.992  -4.664 0.0000000000
162732  23.242  -13.002  -4.685 0.0000000000
162734  21.929  -13.199  -4.751 0.0000000000
164219  23.793  -12.638  -4.705 0.0000000000
164220  22.764  -12.587  -4.935 0.0000000000
164223  20.894  -12.393  -4.594 0.0000000000
164235  24.524  -12.050  -5.135 0.0000000000
164236  23.814  -12.075  -5.079 0.0000000000
164238  22.345  -12.151  -5.221 0.0000000000
164240  21.074  -12.139  -4.885 0.0000000000
164242  20.171  -12.326  -5.221 0.0000000000
165676  18.733  -11.382  -4.278 0.0000000000
165685  19.931  -11.776  -5.127 0.0000000000
165697  23.869  -11.604  -5.512 0.0000000000
165700  21.875  -11.789  -5.525 0.0000000000
165718  23.037  -11.298  -5.925 0.0000000000
165719  22.502  -11.220  -5.961 0.0000000000
165721  21.460  -11.642  -5.932 0.0000000000
167144  19.665  -11.145  -4.837 0.0000000000
167146  18.701  -10.696  -4.427 0.0000000000
167155  24.956  -11.110  -5.506 0.0000000000
167175  23.902  -10.707  -5.922 0.0000000000
167176  23.333  -10.876  -6.137 0.0000000000
167179  21.418  -11.221  -6.302 0.0000000000
167199  22.416  -10.620  -6.683 0.0000000000
168489  26.821  -10.627  -5.298 0.0000000000
168491  25.894  -10.400  -5.410 0.0000000000
168493  19.524  -10.574  -5.619 0.0000000000
168509  27.038  -10.261  -5.428 0.0000000000
168511  25.538  -9.985  -5.840 0.0000000000
168513  24.235  -10.284  -6.233 0.0000000000
168515  23.072  -10.686  -6.672 0.0000000000
168516  21.772  -10.730  -6.545 0.0000000000
168517  21.238  -10.642  -6.623 0.0000000000
168518  20.625  -10.515  -6.287 0.0000000000
168534  30.297  -9.790  -5.989 0.0000000000
168535  29.041  -9.997  -5.881 0.0000000000
168537  23.925  -10.052  -6.775 0.0000000000
168538  23.340  -10.284  -7.081 0.0000000000
168553  21.654  -9.909  -7.257 0.0000000000
169816  18.880  -9.763  -4.744 0.0000000000
169825  19.076  -9.791  -5.013 0.0000000000
169833  30.972  -9.770  -6.171 0.0000000000
169835  27.276  -9.286  -5.947 0.0000000000
169836  26.620  -9.458  -5.886 0.0000000000
169840  20.239  -9.871  -6.286 0.0000000000
169841  19.639  -9.532  -6.017 0.0000000000
169842  19.018  -9.356  -5.788 0.0000000000
169858  28.947  -9.520  -6.074 0.0000000000
169859  28.357  -9.299  -6.106 0.0000000000
169860  27.795  -9.016  -6.064 0.0000000000
169862  24.170  -9.718  -7.250 0.0000000000
169863  23.339  -9.942  -7.560 0.0000000000
169879  22.540  -9.633  -7.871 0.0000000000
169880  21.764  -9.506  -7.732 0.0000000000
171280  18.200  -9.184  -4.847 0.0000000000
171298  27.350  -8.790  -6.125 0.0000000000
171317  28.816  -8.915  -6.331 0.0000000000
171319  27.681  -8.402  -6.295 0.0000000000
171321  26.539  -8.465  -6.619 0.0000000000
171323  24.307  -9.346  -7.727 0.0000000000
171324  20.183  -9.139  -7.245 0.0000000000
171326  19.329  -8.674  -6.756 0.0000000000
171336  24.534  -9.010  -8.233 0.0000000000
171338  23.306  -9.369  -8.627 0.0000000000
171339  22.813  -9.401  -8.342 0.0000000000
171341  21.597  -8.968  -8.148 0.0000000000
171343  20.045  -8.693  -7.397 0.0000000000
172712  32.069  -8.222  -6.787 0.0000000000
172714  30.833  -8.142  -6.694 0.0000000000
172716  29.086  -8.064  -6.847 0.0000000000
172718  28.070  -8.017  -6.720 0.0000000000
172719  27.456  -7.902  -6.655 0.0000000000
172721  26.235  -8.042  -7.039 0.0000000000
172723  19.553  -8.504  -7.189 0.0000000000
172724  19.184  -8.228  -6.778 0.0000000000
172741  31.165  -7.717  -7.076 0.0000000000
172743  25.437  -8.212  -7.707 0.0000000000
172744  24.960  -8.528  -7.862 0.0000000000
172745  24.146  -8.789  -8.647 0.0000000000
172746  23.662  -8.973  -8.792 0.0000000000
172750  19.473  -7.902  -7.270 0.0000000000
172764  23.661  -8.444  -8.902 0.0000000000
172765  23.144  -8.799  -8.996 0.0000000000
172766  22.573  -8.412  -8.864 0.0000000000
172768  21.518  -8.328  -8.238 0.0000000000
172769  20.815  -7.949  -8.209 0.0000000000
172787  33.981  -7.972  -9.602 0.0000000000
172820  33.848  -8.010  -11.105 0.0000000000
174118  27.985  -7.598  -7.243 0.0000000000
174119  27.322  -7.529  -7.315 0.0000000000
174121  19.027  -7.621  -6.806 0.0000000000
174137  30.320  -7.032  -7.364 0.0000000000
174138  29.279  -7.711  -7.202 0.0000000000
174140  28.334  -7.356  -7.583 0.0000000000
174143  25.987  -7.864  -7.699 0.0000000000
174145  25.077  -8.020  -8.166 0.0000000000
174148  19.269  -7.324  -7.425 0.0000000000
174149  18.684  -7.031  -6.923 0.0000000000
174165  31.874  -6.845  -7.754 0.0000000000
174166  26.446  -7.288  -8.467 0.0000000000
174172  20.374  -7.535  -8.491 0.0000000000
174173  19.967  -7.447  -8.364 0.0000000000
174187  32.712  -7.224  -8.908 0.0000000000
174188  23.425  -7.736  -8.691 0.0000000000
174197  33.261  -7.299  -10.101 0.0000000000
174206  33.459  -7.337  -10.958 0.0000000000
174211  34.312  -7.808  -11.629 0.0000000000
174213  33.983  -7.489  -11.471 0.0000000000
175509  31.424  -6.739  -7.721 0.0000000000
175510  30.959  -6.765  -7.504 0.0000000000
175512  29.121  -6.689  -7.814 0.0000000000
175514  18.642  -6.429  -7.055 0.0000000000
175523  31.621  -6.729  -8.258 0.0000000000
175525  30.490  -6.540  -7.852 0.0000000000
175529  27.574  -7.114  -8.315 0.0000000000
175530  27.008  -7.178  -8.443 0.0000000000
175531  26.124  -7.499  -9.166 0.0000000000
175532  25.581  -7.512  -8.983 0.0000000000
175534  24.456  -7.237  -8.498 0.0000000000
175536  22.394  -7.247  -8.661 0.0000000000
175538  21.461  -7.177  -8.486 0.0000000000
175539  20.965  -6.881  -8.356 0.0000000000
175547  32.309  -7.034  -9.285 0.0000000000
175548  31.841  -6.850  -9.125 0.0000000000
175550  30.611  -6.463  -8.629 0.0000000000
175551  29.583  -6.268  -8.915 0.0000000000
175555  24.515  -6.759  -8.776 0.0000000000
175566  32.692  -7.088  -9.940 0.0000000000
175567  32.161  -6.969  -9.888 0.0000000000
175569  30.640  -6.512  -9.550 0.0000000000
175570  29.805  -6.344  -9.752 0.0000000000
175583  32.319  -6.914  -10.865 0.0000000000
175584  31.656  -6.725  -11.061 0.0000000000
175585  31.245  -6.613  -10.911 0.0000000000
175586  30.628  -6.470  -10.385 0.0000000000
176880  20.566  -6.387  -8.301 0.0000000000
176882  19.773  -6.126  -7.628 0.0000000000
176889  29.352  -6.131  -9.587 0.0000000000
176891  28.070  -6.230  -9.355 0.0000000000
176894  26.298  -7.257  -9.674 0.0000000000
176897  24.386  -6.574  -9.298 0.0000000000
176900  21.990  -6.437  -9.648 0.0000000000
176903  20.496  -5.940  -8.648 0.0000000000
176913  30.081  -6.365  -10.451 0.0000000000
176915  29.232  -5.903  -10.089 0.0000000000
176916  28.224  -5.967  -9.928 0.0000000000
176918  27.006  -6.228  -9.950 0.0000000000
176921  25.154  -6.403  -9.994 0.0000000000
176922  24.408  -6.300  -9.945 0.0000000000
176923  23.767  -6.187  -9.614 0.0000000000
176925  21.979  -5.845  -10.135 0.0000000000
176927  21.045  -6.091  -9.692 0.0000000000
176938  32.685  -6.688  -11.178 0.0000000000
176940  31.685  -6.491  -11.180 0.0000000000
178203  20.076  -5.331  -8.487 0.0000000000
178210  20.695  -5.956  -9.350 0.0000000000
178223  34.642  -5.239  -9.865 0.0000000000
178225  33.393  -5.401  -10.135 0.0000000000
178227  32.000  -5.484  -10.714 0.0000000000
178230  28.036  -5.744  -10.517 0.0000000000
178233  26.004  -6.126  -10.056 0.0000000000
178235  24.647  -5.771  -10.172 0.0000000000
178238  21.979  -5.440  -10.622 0.0000000000
178240  20.745  -5.653  -9.775 0.0000000000
178241  20.397  -5.198  -9.761 0.0000000000
178248  34.929  -5.558  -10.536 0.0000000000
178249  34.292  -5.697  -10.443 0.0000000000
178251  33.044  -6.040  -10.915 0.0000000000
178254  30.709  -5.885  -10.612 0.0000000000
178256  29.048  -5.355  -10.353 0.0000000000
178258  27.621  -5.436  -10.654 0.0000000000
178259  27.026  -5.496  -10.542 0.0000000000
178261  25.683  -5.270  -10.480 0.0000000000
178263  24.362  -5.170  -10.644 0.0000000000
179555  33.952  -4.498  -8.931 0.0000000000
179556  33.350  -4.553  -9.071 0.0000000000
179557  32.356  -4.403  -9.068 0.0000000000
179558  31.838  -4.239  -9.204 0.0000000000
179560  19.323  -4.147  -8.752 0.0000000000
179569  34.948  -4.712  -9.352 0.0000000000
179571  33.716  -4.881  -9.530 0.0000000000
179574  31.434  -4.425  -9.595 0.0000000000
179575  31.042  -4.641  -9.972 0.0000000000
179577  29.990  -4.356  -10.035 0.0000000000
179578  29.388  -4.370  -10.165 0.0000000000
179581  20.225  -4.683  -9.522 0.0000000000
179586  30.906  -5.122  -10.431 0.0000000000
179587  30.395  -4.969  -10.326 0.0000000000
179588  29.488  -4.983  -10.428 0.0000000000
179590  28.397  -4.645  -10.416 0.0000000000
179594  25.294  -4.652  -10.928 0.0000000000
179595  24.720  -4.626  -11.084 0.0000000000
179596  24.069  -4.681  -11.077 0.0000000000
179599  22.085  -4.883  -10.967 0.0000000000
180886  32.981  -3.718  -8.244 0.0000000000
180887  32.379  -3.394  -8.476 0.0000000000
180898  34.168  -4.044  -8.426 0.0000000000
180901  32.067  -3.783  -8.862 0.0000000000
180903  19.453  -3.889  -9.018 0.0000000000
180913  30.437  -3.947  -9.642 0.0000000000
180914  29.481  -3.933  -9.821 0.0000000000
180916  28.496  -3.543  -10.308 0.0000000000
180917  20.981  -4.546  -10.385 0.0000000000
180919  20.039  -4.077  -9.303 0.0000000000
180927  28.182  -3.989  -10.360 0.0000000000
180929  26.817  -4.021  -10.995 0.0000000000
180931  25.301  -3.667  -11.331 0.0000000000
180933  23.774  -4.196  -11.383 0.0000000000
180935  22.568  -4.338  -11.133 0.0000000000
180937  21.258  -3.942  -10.681 0.0000000000
182202  34.790  -2.886  -8.184 0.0000000000
182204  33.312  -3.140  -7.986 0.0000000000
182206  32.162  -2.861  -8.289 0.0000000000
182218  31.841  -3.207  -8.721 0.0000000000
182220  30.757  -2.851  -9.130 0.0000000000
182222  19.272  -3.339  -8.894 0.0000000000
182231  30.889  -3.456  -9.314 0.0000000000
182233  29.776  -3.314  -9.626 0.0000000000
182236  20.816  -3.229  -10.013 0.0000000000
182237  20.543  -3.549  -9.572 0.0000000000
182243  28.174  -2.999  -10.561 0.0000000000
182244  27.594  -2.934  -10.908 0.0000000000
182247  25.764  -3.020  -11.484 0.0000000000
182249  22.617  -3.263  -10.604 0.0000000000
182251  21.238  -3.231  -10.322 0.0000000000
183527  34.027  -2.243  -8.036 0.0000000000
183528  33.566  -2.632  -7.893 0.0000000000
183529  32.548  -2.515  -8.012 0.0000000000
183531  18.560  -2.606  -7.948 0.0000000000
183543  31.108  -2.503  -8.702 0.0000000000
183545  19.814  -2.806  -8.863 0.0000000000
183547  18.339  -2.247  -8.545 0.0000000000
183556  29.579  -2.740  -9.521 0.0000000000
183557  28.922  -2.662  -9.825 0.0000000000
183559  27.844  -2.183  -10.675 0.0000000000
183561  20.112  -2.433  -9.824 0.0000000000
183569  27.877  -2.621  -10.846 0.0000000000
183570  27.434  -2.443  -11.172 0.0000000000
183572  25.962  -2.339  -11.662 0.0000000000
183573  25.341  -2.506  -11.470 0.0000000000
183575  24.158  -2.649  -10.747 0.0000000000
183577  21.630  -2.665  -10.357 0.0000000000
183578  21.075  -2.730  -10.047 0.0000000000
183583  26.460  -2.011  -11.591 0.0000000000
184800  32.756  -1.630  -7.663 0.0000000000
184801  32.210  -1.466  -7.624 0.0000000000
184822  33.282  -1.711  -7.888 0.0000000000
184824  31.806  -1.814  -8.014 0.0000000000
184825  31.449  -2.171  -8.350 0.0000000000
184826  30.694  -1.694  -8.493 0.0000000000
184839  30.140  -1.833  -8.735 0.0000000000
184840  29.910  -2.287  -9.061 0.0000000000
184841  29.263  -1.637  -9.186 0.0000000000
184843  18.309  -1.702  -8.915 0.0000000000
184857  27.560  -1.657  -10.390 0.0000000000
184860  19.288  -1.873  -9.278 0.0000000000
184872  26.853  -1.831  -11.330 0.0000000000
184874  23.717  -2.030  -10.622 0.0000000000
184875  23.177  -1.703  -10.713 0.0000000000
184876  22.707  -1.721  -10.448 0.0000000000
184878  21.476  -1.730  -10.687 0.0000000000
184879  20.711  -1.760  -10.598 0.0000000000
184880  20.158  -1.905  -10.159 0.0000000000
184886  21.084  -1.389  -10.853 0.0000000000
186074  32.603  -1.037  -7.552 0.0000000000
186102  30.839  -1.088  -7.983 0.0000000000
186121  29.799  -0.963  -8.694 0.0000000000
186122  29.306  -1.125  -8.976 0.0000000000
186126  17.363  -0.897  -8.652 0.0000000000
186136  28.324  -0.909  -9.494 0.0000000000
186137  27.962  -1.204  -9.940 0.0000000000
186140  19.341  -1.400  -9.724 0.0000000000
186141  18.376  -0.629  -9.577 0.0000000000
186153  26.341  -0.972  -10.568 0.0000000000
186155  24.409  -1.098  -10.426 0.0000000000
186157  22.911  -1.442  -10.598 0.0000000000
186159  21.668  -1.359  -10.842 0.0000000000
186161  20.110  -1.430  -10.514 0.0000000000
186163  18.732  -0.610  -9.954 0.0000000000
186172  23.863  -1.087  -10.857 0.0000000000
187319  30.385  -0.449  -7.796 0.0000000000
187320  29.672  -0.508  -8.522 0.0000000000
187341  29.385  -0.692  -8.834 0.0000000000
187357  26.385  0.049  -9.708 0.0000000000
187367  25.889  -0.090  -9.998 0.0000000000
187368  25.422  -0.410  -10.610 0.0000000000
187369  24.913  -0.428  -10.499 0.0000000000
187371  23.099  -0.941  -10.487 0.0000000000
187372  22.560  -0.921  -10.341 0.0000000000
187374  18.991  -0.271  -10.209 0.0000000000
187375  18.473  -0.200  -9.881 0.0000000000
187388  22.968  -0.327  -10.490 0.0000000000
187389  20.484  -0.585  -10.741 0.0000000000
187390  20.076  -0.373  -10.598 0.0000000000
188556  31.857  0.302  -7.456 0.0000000000
188558  30.632  0.082  -7.555 0.0000000000
188577  29.661  0.566  -7.966 0.0000000000
188603  28.054  0.130  -8.509 0.0000000000
188604  27.583  0.439  -8.763 0.0000000000
188634  26.088  0.633  -10.011 0.0000000000
188637  24.682  0.143  -10.338 0.0000000000
188640  18.288  0.828  -10.086 0.0000000000
188653  25.065  0.861  -10.552 0.0000000000
188656  23.183  0.363  -10.807 0.0000000000
188657  22.608  0.362  -10.744 0.0000000000
188658  21.827  0.511  -10.458 0.0000000000
189917  31.422  0.802  -7.460 0.0000000000
189919  29.821  1.112  -7.874 0.0000000000
189959  27.525  0.928  -8.966 0.0000000000
189979  17.350  1.345  -9.901 0.0000000000
189980  17.248  0.905  -9.384 0.0000000000
189995  26.366  1.121  -10.305 0.0000000000
189996  26.030  1.093  -10.480 0.0000000000
189997  25.864  1.253  -10.686 0.0000000000
189999  18.856  0.757  -10.534 0.0000000000
190009  24.949  1.262  -10.551 0.0000000000
190011  23.608  0.852  -10.769 0.0000000000
190015  20.026  1.151  -11.279 0.0000000000
190016  19.164  1.329  -10.921 0.0000000000
191366  31.327  1.411  -7.511 0.0000000000
191367  30.896  1.703  -7.356 0.0000000000
191368  30.335  1.483  -7.634 0.0000000000
191369  29.804  1.588  -7.814 0.0000000000
191389  32.691  1.793  -8.150 0.0000000000
191390  32.220  2.129  -7.846 0.0000000000
191391  31.750  1.745  -7.646 0.0000000000
191392  28.958  1.599  -8.195 0.0000000000
191393  28.530  1.906  -8.549 0.0000000000
191414  28.068  1.406  -8.902 0.0000000000
191436  27.430  1.888  -9.706 0.0000000000
191450  25.941  1.766  -11.001 0.0000000000
191452  18.103  1.802  -10.450 0.0000000000
191453  17.717  1.771  -10.071 0.0000000000
191462  24.606  1.769  -10.707 0.0000000000
191463  23.739  1.548  -10.599 0.0000000000
191465  22.515  1.777  -10.833 0.0000000000
191468  20.722  1.383  -11.655 0.0000000000
191480  20.187  1.843  -11.575 0.0000000000
192783  31.026  2.296  -7.345 0.0000000000
192785  29.994  2.799  -7.552 0.0000000000
192826  28.326  2.461  -8.925 0.0000000000
192827  27.964  2.001  -9.336 0.0000000000
192845  27.355  2.410  -10.051 0.0000000000
192846  17.552  2.710  -9.746 0.0000000000
192857  26.168  2.527  -11.336 0.0000000000
192858  26.182  2.575  -11.279 0.0000000000
192860  18.261  2.303  -10.747 0.0000000000
192871  24.852  2.687  -10.693 0.0000000000
192873  23.211  2.698  -10.740 0.0000000000
192874  22.298  2.797  -11.212 0.0000000000
192876  19.543  2.146  -11.489 0.0000000000
192878  18.615  2.825  -10.972 0.0000000000
192879  18.083  2.868  -10.573 0.0000000000
192887  21.042  2.433  -11.625 0.0000000000
192889  19.994  2.384  -11.581 0.0000000000
192890  19.566  2.696  -11.507 0.0000000000
194213  31.476  2.877  -7.547 0.0000000000
194215  30.504  3.130  -7.471 0.0000000000
194234  29.669  3.080  -7.786 0.0000000000
194235  29.264  3.106  -7.985 0.0000000000
194236  28.839  3.095  -8.223 0.0000000000
194252  28.505  3.044  -8.626 0.0000000000
194253  28.137  3.053  -9.163 0.0000000000
194270  17.310  3.231  -9.647 0.0000000000
194279  26.556  2.961  -10.907 0.0000000000
194281  26.227  2.967  -11.013 0.0000000000
194291  24.349  3.387  -10.683 0.0000000000
194293  22.905  3.290  -10.968 0.0000000000
194295  21.838  3.239  -11.157 0.0000000000
194296  19.094  3.040  -11.369 0.0000000000
194298  18.303  3.438  -10.739 0.0000000000
194307  21.188  3.167  -11.380 0.0000000000
194309  20.165  2.899  -11.651 0.0000000000
195580  31.591  4.075  -7.435 0.0000000000
195582  30.506  3.693  -7.483 0.0000000000
195584  29.473  4.046  -7.759 0.0000000000
195603  29.082  3.659  -8.003 0.0000000000
195604  28.494  4.008  -8.212 0.0000000000
195628  16.155  3.994  -9.026 0.0000000000
195635  27.548  3.820  -9.511 0.0000000000
195636  27.216  3.606  -9.964 0.0000000000
195641  16.874  3.772  -9.778 0.0000000000
195652  26.260  3.940  -10.577 0.0000000000
195654  25.625  3.549  -10.759 0.0000000000
195655  17.869  3.626  -10.360 0.0000000000
195656  17.435  3.695  -10.008 0.0000000000
195665  25.429  4.152  -10.969 0.0000000000
195667  23.592  4.309  -11.032 0.0000000000
195668  22.532  4.262  -11.352 0.0000000000
195669  21.640  3.756  -11.504 0.0000000000
195670  19.129  3.620  -11.479 0.0000000000
195672  18.092  4.087  -10.704 0.0000000000
195682  21.941  4.201  -11.646 0.0000000000
195683  21.344  4.221  -11.632 0.0000000000
195684  20.757  4.245  -11.622 0.0000000000
195685  20.311  3.932  -12.006 0.0000000000
196983  31.319  4.461  -7.527 0.0000000000
196985  30.374  4.229  -7.474 0.0000000000
196986  29.819  4.424  -7.554 0.0000000000
196987  29.254  4.637  -7.673 0.0000000000
197000  31.198  4.886  -7.744 0.0000000000
197002  28.098  4.544  -8.280 0.0000000000
197003  27.713  4.471  -8.803 0.0000000000
197017  31.788  4.563  -8.416 0.0000000000
197025  16.027  4.351  -8.859 0.0000000000
197032  31.862  4.596  -9.159 0.0000000000
197033  27.439  4.397  -9.381 0.0000000000
197034  27.059  4.502  -9.804 0.0000000000
197041  16.280  4.398  -9.352 0.0000000000
197048  25.941  4.524  -10.445 0.0000000000
197050  16.752  4.731  -10.056 0.0000000000
197059  24.160  4.638  -11.299 0.0000000000
197060  23.349  4.619  -11.533 0.0000000000
197061  22.912  4.871  -11.618 0.0000000000
197063  18.909  4.596  -11.218 0.0000000000
197065  17.842  4.646  -10.558 0.0000000000
197077  19.242  4.235  -11.547 0.0000000000
198344  30.804  5.104  -7.690 0.0000000000
198345  30.322  5.085  -7.568 0.0000000000
198347  28.972  5.340  -7.620 0.0000000000
198360  31.502  5.027  -8.164 0.0000000000
198363  28.285  5.259  -7.948 0.0000000000
198370  16.147  5.401  -8.440 0.0000000000
198379  31.376  5.550  -8.472 0.0000000000
198380  27.449  5.410  -8.704 0.0000000000
198399  31.763  5.163  -9.436 0.0000000000
198401  26.694  5.055  -9.683 0.0000000000
198405  16.353  5.361  -9.599 0.0000000000
198413  26.151  5.043  -10.141 0.0000000000
198415  25.239  5.228  -10.784 0.0000000000
198417  17.022  5.115  -10.117 0.0000000000
198425  23.994  5.157  -11.473 0.0000000000
198428  22.471  5.532  -11.709 0.0000000000
198430  19.260  5.566  -11.397 0.0000000000
198431  18.774  5.227  -11.119 0.0000000000
198440  21.803  5.513  -11.539 0.0000000000
198442  20.445  5.339  -11.683 0.0000000000
198443  19.357  4.949  -11.631 0.0000000000
199674  30.102  5.621  -7.542 0.0000000000
199687  31.013  5.901  -8.190 0.0000000000
199689  29.896  6.224  -7.637 0.0000000000
199691  28.220  5.951  -7.957 0.0000000000
199706  30.794  6.518  -8.431 0.0000000000
199707  27.603  5.909  -8.386 0.0000000000
199708  27.102  5.875  -8.871 0.0000000000
199709  26.692  6.141  -9.119 0.0000000000
199725  31.620  5.720  -9.684 0.0000000000
199726  31.339  6.174  -9.330 0.0000000000
199727  26.671  5.662  -9.346 0.0000000000
199729  25.825  6.086  -9.891 0.0000000000
199742  25.011  5.951  -10.702 0.0000000000
199744  17.618  6.536  -10.278 0.0000000000
199745  17.204  5.731  -10.045 0.0000000000
199754  24.123  5.809  -11.467 0.0000000000
199759  20.001  6.183  -11.390 0.0000000000
199761  18.974  5.993  -11.191 0.0000000000
199774  20.279  5.918  -11.610 0.0000000000
200996  30.251  6.694  -8.032 0.0000000000
200997  29.573  6.886  -7.805 0.0000000000
200998  28.863  6.761  -7.731 0.0000000000
200999  28.305  6.602  -7.903 0.0000000000
201012  31.019  6.576  -9.040 0.0000000000
201014  27.369  6.282  -8.566 0.0000000000
201016  26.424  6.656  -9.103 0.0000000000
201032  30.916  6.994  -9.277 0.0000000000
201033  25.930  6.565  -9.562 0.0000000000
201035  25.341  7.146  -10.337 0.0000000000
201049  25.103  6.582  -10.478 0.0000000000
201050  24.848  7.145  -10.775 0.0000000000
201052  23.744  6.996  -11.276 0.0000000000
201065  24.077  6.541  -11.581 0.0000000000
201067  22.805  7.072  -11.902 0.0000000000
202387  29.033  7.349  -7.961 0.0000000000
202400  30.334  7.376  -8.704 0.0000000000
202401  29.921  7.688  -8.510 0.0000000000
202402  27.332  6.743  -8.382 0.0000000000
202404  26.355  7.318  -9.011 0.0000000000
202440  23.894  7.433  -10.970 0.0000000000
202453  22.636  7.545  -11.227 0.0000000000
203785  29.514  7.906  -8.421 0.0000000000
203787  28.606  7.763  -8.073 0.0000000000
203800  29.756  8.132  -8.774 0.0000000000
203801  29.230  8.296  -8.574 0.0000000000
203802  28.290  8.137  -8.414 0.0000000000
203803  27.928  7.594  -8.272 0.0000000000
203804  26.981  8.121  -8.838 0.0000000000
203805  26.342  7.930  -9.132 0.0000000000
203821  25.747  8.009  -9.569 0.0000000000
203841  23.932  7.917  -10.802 0.0000000000
205134  29.585  8.627  -8.968 0.0000000000
205137  28.062  8.513  -8.624 0.0000000000
205138  27.096  8.661  -9.014 0.0000000000
205151  29.855  8.980  -9.455 0.0000000000
205152  29.362  9.161  -9.056 0.0000000000
205153  26.522  8.923  -9.303 0.0000000000
205155  25.554  8.470  -9.654 0.0000000000
205156  25.009  8.618  -9.915 0.0000000000
205167  24.312  8.624  -10.314 0.0000000000
206466  28.786  9.121  -8.926 0.0000000000
206467  28.111  8.983  -8.873 0.0000000000
206468  27.528  8.980  -9.018 0.0000000000
206479  29.480  9.491  -9.527 0.0000000000
206484  25.210  9.555  -9.859 0.0000000000
206502  24.695  9.627  -10.460 0.0000000000
206503  24.181  9.195  -10.563 0.0000000000
206504  23.740  9.289  -10.954 0.0000000000
206505  23.291  9.307  -11.015 0.0000000000
206506  22.738  9.337  -10.522 0.0000000000
207853  27.931  9.952  -9.488 0.0000000000
207854  27.326  9.818  -9.372 0.0000000000
207858  23.399  10.168  -10.502 0.0000000000
207866  24.572  10.160  -10.610 0.0000000000
209117  26.660  10.549  -9.610 0.0000000000
209118  25.649  10.621  -10.063 0.0000000000
209121  21.949  10.467  -9.649 0.0000000000
209135  24.115  10.671  -10.841 0.0000000000
209143  25.198  10.967  -11.223 0.0000000000
210430  27.342  11.419  -10.303 0.0000000000
210431  26.561  11.337  -10.368 0.0000000000
210432  25.699  11.136  -10.565 0.0000000000
210456  24.979  11.110  -11.760 0.0000000000
210458  23.461  11.594  -11.692 0.0000000000
210476  25.150  11.436  -11.770 0.0000000000
211821  23.068  12.030  -11.708 0.0000000000
211833  25.866  12.264  -11.702 0.0000000000
211834  25.148  11.951  -11.807 0.0000000000
211836  24.103  12.041  -11.905 0.0000000000
213161  23.926  13.046  -12.234 0.0000000000
279779  19.762  10.226  -9.501 0.0000000000
280149  21.785  12.776  -10.776 0.0000000000
282037  21.281  -2.234  -10.337 0.0000000000
282233  22.606  -14.194  -4.367 0.0000000000
283297  25.881  -8.471  -6.738 0.0000000000
285364  25.817  -1.875  -11.035 0.0000000000
285383  31.781  3.455  -7.660 0.0000000000
285892  22.376  -6.798  -9.046 0.0000000000
287507  25.260  -11.462  -5.079 0.0000000000
287791  27.233  12.061  -10.950 0.0000000000
288337  31.452  6.284  -9.919 0.0000000000
290758  20.750  2.818  -11.695 0.0000000000
291251  23.177  -2.288  -10.442 0.0000000000
291454  19.087  -6.855  -7.380 0.0000000000
291631  22.472  -10.164  -7.000 0.0000000000
292527  28.671  -1.923  -9.800 0.0000000000
293308  27.206  -6.887  -8.893 0.0000000000
293325  29.067  -6.414  -8.488 0.0000000000
293772  25.268  -7.577  -8.419 0.0000000000
294039  33.006  -2.190  -7.862 0.0000000000
294154  32.909  -4.299  -8.688 0.0000000000
294677  27.234  7.644  -8.558 0.0000000000
295001  24.219  12.454  -12.065 0.0000000000
295078  18.482  -10.630  -3.517 0.0000000000
295583  20.027  -12.863  -5.005 0.0000000000
296036  23.889  -6.677  -8.958 0.0000000000
296273  19.087  1.932  -11.206 0.0000000000
296877  21.527  7.423  -10.545 0.0000000000
296956  24.388  -2.117  -10.794 0.0000000000
297736  23.892  -3.182  -10.835 0.0000000000
297928  25.515  0.920  -10.506 0.0000000000
298527  22.519  -2.037  -10.413 0.0000000000
298845  24.525  -3.189  -11.084 0.0000000000
299326  22.644  6.102  -11.843 0.0000000000
299544  22.445  -5.659  -10.583 0.0000000000
299573  24.395  11.061  -11.850 0.0000000000
299648  26.369  1.990  -10.992 0.0000000000
300221  27.023  -0.365  -9.553 0.0000000000
300222  29.006  1.011  -8.197 0.0000000000
300682  23.461  -3.792  -11.291 0.0000000000
300721  19.691  -1.073  -10.199 0.0000000000
301331  25.554  -4.203  -11.184 0.0000000000
302206  20.077  -0.869  -10.550 0.0000000000
302939  21.505  -0.178  -10.675 0.0000000000
303228  21.590  1.082  -10.743 0.0000000000
303438  24.259  4.140  -10.882 0.0000000000
303465  30.172  -6.246  -10.618 0.0000000000
303906  19.051  -4.298  -8.143 0.0000000000
304085  29.911  -7.679  -7.165 0.0000000000
304709  30.904  -7.230  -7.270 0.0000000000
304746  25.708  4.991  -10.480 0.0000000000
304955  29.406  1.902  -7.883 0.0000000000
304967  27.215  -4.716  -10.628 0.0000000000
305505  22.256  1.318  -10.811 0.0000000000
305593  23.063  1.392  -10.600 0.0000000000
306034  29.510  -5.542  -10.333 0.0000000000
306277  17.173  2.694  -9.362 0.0000000000
306561  27.695  4.055  -9.070 0.0000000000
306576  24.072  -1.550  -10.824 0.0000000000
306885  30.540  2.027  -7.309 0.0000000000
307211  22.715  3.733  -11.333 0.0000000000
307362  30.913  0.562  -7.453 0.0000000000
308056  27.142  9.222  -9.220 0.0000000000
308552  18.644  0.262  -10.166 0.0000000000
309151  25.753  -1.099  -10.649 0.0000000000
309216  29.151  9.797  -9.706 0.0000000000
309466  26.272  3.371  -10.865 0.0000000000
309521  21.148  -5.748  -9.986 0.0000000000
309582  19.265  6.950  -11.189 0.0000000000
309617  22.034  2.252  -11.006 0.0000000000
309621  27.011  1.472  -9.757 0.0000000000
310137  30.924  2.868  -7.460 0.0000000000
310485  25.972  2.210  -11.135 0.0000000000
310527  24.117  -0.004  -10.240 0.0000000000
311019  17.000  4.197  -10.127 0.0000000000
311111  30.046  0.102  -7.888 0.0000000000
311136  26.335  -7.440  -7.941 0.0000000000
311145  25.656  7.071  -9.727 0.0000000000
311296  25.572  0.036  -10.293 0.0000000000
311542  20.341  -0.019  -10.769 0.0000000000
311654  25.939  8.830  -9.497 0.0000000000
311754  28.608  3.463  -8.306 0.0000000000
312106  24.502  2.290  -10.804 0.0000000000
312345  27.361  4.859  -8.955 0.0000000000
312354  22.464  -3.841  -10.728 0.0000000000
313380  20.856  -0.117  -10.729 0.0000000000
313403  26.700  -0.695  -10.098 0.0000000000
313703  28.083  -5.260  -10.580 0.0000000000
313821  25.259  -1.628  -10.583 0.0000000000
313972  25.285  2.217  -10.659 0.0000000000
314437  26.648  1.150  -9.766 0.0000000000
315439  29.825  -8.604  -6.431 0.0000000000
315589  30.155  4.673  -7.506 0.0000000000
316228  18.658  6.501  -11.073 0.0000000000
316392  22.564  10.711  -9.824 0.0000000000
316963  26.905  10.117  -9.470 0.0000000000
317285  33.850  -3.128  -7.912 0.0000000000
317573  34.378  -3.406  -8.088 0.0000000000
318740  27.318  -7.335  -7.967 0.0000000000
318974  25.582  -9.014  -6.583 0.0000000000
319095  24.996  4.706  -10.978 0.0000000000
319942  31.912  -4.777  -9.696 0.0000000000
320327  28.608  -7.028  -7.833 0.0000000000
321095  27.607  3.070  -9.605 0.0000000000
321224  23.512  7.802  -10.936 0.0000000000
321299  29.533  -6.423  -8.204 0.0000000000
321725  33.896  -6.167  -10.953 0.0000000000
322028  28.608  0.653  -8.444 0.0000000000
323114  29.073  -6.283  -9.104 0.0000000000
323398  27.120  1.875  -10.205 0.0000000000
323735  27.403  -0.071  -8.944 0.0000000000
323873  25.074  -9.095  -6.919 0.0000000000
324095  27.047  -3.329  -11.017 0.0000000000
324454  22.380  -5.278  -10.995 0.0000000000
325084  17.765  0.076  -9.484 0.0000000000
325142  28.650  -0.162  -8.884 0.0000000000
326030  29.927  -0.346  -8.131 0.0000000000
326246  25.808  -7.023  -9.916 0.0000000000
326665  21.882  -16.052  -4.430 0.0000000000
327322  25.275  -7.294  -9.303 0.0000000000
327702  30.193  -6.481  -9.966 0.0000000000
327798  20.073  3.455  -11.736 0.0000000000
328121  26.090  10.522  -9.647 0.0000000000
328503  27.399  7.205  -8.333 0.0000000000
329018  22.341  -7.768  -8.595 0.0000000000
329137  23.715  4.738  -11.488 0.0000000000
329498  29.029  2.708  -8.119 0.0000000000
330789  29.361  0.898  -7.977 0.0000000000
331023  31.410  -6.714  -11.133 0.0000000000
331365  27.323  8.379  -8.815 0.0000000000
331886  24.322  5.336  -11.347 0.0000000000
331947  30.452  6.981  -8.436 0.0000000000
332017  33.652  -7.297  -11.180 0.0000000000
332634  31.742  1.270  -7.590 0.0000000000
332667  32.723  -7.286  -8.172 0.0000000000
332779  26.148  -1.412  -10.759 0.0000000000
332914  24.835  5.076  -11.014 0.0000000000
333337  29.681  -1.871  -8.972 0.0000000000
333905  28.428  -1.347  -9.836 0.0000000000
334542  20.646  -9.309  -7.445 0.0000000000
334567  23.549  -9.637  -8.314 0.0000000000
334999  22.668  1.318  -10.765 0.0000000000
336121  26.936  0.848  -9.427 0.0000000000
336839  19.451  -0.065  -10.292 0.0000000000
337252  23.697  3.860  -10.593 0.0000000000
337284  24.993  -11.867  -5.010 0.0000000000
338071  19.905  -2.488  -9.245 0.0000000000
338524  20.612  12.209  -9.730 0.0000000000
338779  26.730  -9.960  -5.604 0.0000000000
