#!ascii label  , from subject sub-v2s5x29577_ses-1 vox2ras=TkReg
1705
266127  30.645  -42.564  80.798 0.0000000000
120240  46.426  -26.303  66.579 0.0000000000
123304  52.705  -24.905  64.480 0.0000000000
109787  45.669  -31.236  75.654 0.0000000000
85639  37.452  -43.800  74.321 0.0000000000
80834  34.989  -45.122  77.501 0.0000000000
288286  50.585  -23.299  65.941 0.0000000000
124639  50.313  -24.706  71.129 0.0000000000
101151  44.348  -35.613  74.684 0.0000000000
82514  42.035  -44.368  75.011 0.0000000000
134651  59.550  -18.718  53.644 0.0000000000
127806  55.357  -23.311  59.526 0.0000000000
112869  42.598  -29.493  70.300 0.0000000000
123122  44.268  -25.972  72.211 0.0000000000
88526  33.487  -42.887  76.983 0.0000000000
85573  32.746  -43.029  79.809 0.0000000000
124770  48.571  -24.544  66.135 0.0000000000
127648  50.856  -23.231  69.326 0.0000000000
298323  48.386  -24.257  69.369 0.0000000000
92488  46.175  -39.174  71.120 0.0000000000
80871  39.635  -45.487  76.064 0.0000000000
84114  39.966  -44.948  74.222 0.0000000000
77700  41.660  -46.385  74.758 0.0000000000
135870  58.403  -18.251  55.522 0.0000000000
130840  56.826  -21.070  54.527 0.0000000000
132088  58.217  -20.457  57.010 0.0000000000
126256  52.959  -23.657  62.619 0.0000000000
127810  52.704  -23.515  59.387 0.0000000000
123323  55.128  -24.635  62.312 0.0000000000
121873  53.637  -25.399  60.011 0.0000000000
120305  50.762  -25.967  62.715 0.0000000000
271992  45.132  -34.024  75.824 0.0000000000
107080  43.676  -32.579  73.466 0.0000000000
284160  43.681  -30.029  74.238 0.0000000000
260224  41.892  -27.087  71.471 0.0000000000
117130  43.755  -27.472  75.163 0.0000000000
121557  46.432  -25.888  74.664 0.0000000000
114267  45.698  -29.008  74.286 0.0000000000
84057  36.733  -44.365  76.336 0.0000000000
126260  50.070  -23.995  62.728 0.0000000000
127712  53.447  -23.241  65.707 0.0000000000
124736  53.084  -24.618  67.931 0.0000000000
118681  52.190  -26.939  69.019 0.0000000000
91278  44.061  -40.080  74.208 0.0000000000
93863  44.919  -38.574  73.883 0.0000000000
98327  46.237  -36.149  73.841 0.0000000000
102678  47.092  -34.645  73.315 0.0000000000
108471  46.526  -32.282  72.306 0.0000000000
88639  42.784  -41.547  73.679 0.0000000000
85647  44.084  -43.121  73.748 0.0000000000
254097  57.656  -19.287  51.162 0.0000000000
132074  55.838  -20.908  57.156 0.0000000000
126335  56.352  -23.616  58.221 0.0000000000
265146  51.961  -24.820  58.082 0.0000000000
262813  45.630  -25.852  69.578 0.0000000000
124642  47.184  -24.608  72.250 0.0000000000
120130  48.776  -26.216  72.191 0.0000000000
84027  31.089  -43.684  79.908 0.0000000000
85543  31.841  -42.670  80.968 0.0000000000
84026  31.908  -43.341  79.654 0.0000000000
121732  47.403  -25.483  66.116 0.0000000000
124738  48.341  -24.775  67.688 0.0000000000
123241  47.500  -25.270  67.677 0.0000000000
77646  40.771  -45.970  75.679 0.0000000000
135862  57.385  -18.125  56.125 0.0000000000
134611  58.028  -19.569  56.564 0.0000000000
133374  57.319  -19.446  56.989 0.0000000000
253069  54.297  -23.753  63.698 0.0000000000
126254  54.640  -23.803  62.648 0.0000000000
123315  54.153  -24.841  63.450 0.0000000000
121800  53.129  -25.417  62.554 0.0000000000
107028  45.661  -32.682  75.833 0.0000000000
108418  44.226  -31.890  75.053 0.0000000000
263808  44.960  -30.864  76.038 0.0000000000
115675  43.659  -28.463  75.025 0.0000000000
114213  45.188  -29.233  76.094 0.0000000000
264944  45.108  -28.033  75.440 0.0000000000
112806  45.906  -30.104  74.855 0.0000000000
88505  35.397  -43.277  76.791 0.0000000000
82458  36.130  -44.918  77.150 0.0000000000
79175  37.449  -46.024  76.753 0.0000000000
281148  49.298  -23.891  64.419 0.0000000000
124810  48.926  -24.316  62.920 0.0000000000
127769  50.361  -23.486  64.292 0.0000000000
250194  51.544  -23.444  64.093 0.0000000000
251405  51.422  -23.166  65.578 0.0000000000
126171  53.399  -23.832  66.904 0.0000000000
285338  52.543  -22.852  67.643 0.0000000000
127624  50.595  -23.854  70.697 0.0000000000
124690  51.815  -25.123  69.710 0.0000000000
280935  51.387  -25.762  70.066 0.0000000000
117254  51.370  -27.601  70.179 0.0000000000
292284  50.699  -26.292  70.671 0.0000000000
90020  44.985  -40.657  73.435 0.0000000000
92466  44.480  -39.141  74.079 0.0000000000
91304  45.126  -40.390  73.271 0.0000000000
95333  46.266  -37.913  72.663 0.0000000000
101169  46.704  -35.245  73.716 0.0000000000
84089  41.361  -44.434  74.948 0.0000000000
84112  41.596  -43.868  73.886 0.0000000000
85636  42.384  -42.661  74.710 0.0000000000
87134  43.256  -42.155  74.719 0.0000000000
84097  43.077  -43.795  74.445 0.0000000000
138399  59.513  -17.478  54.110 0.0000000000
258851  58.618  -19.130  52.289 0.0000000000
291376  55.755  -22.050  55.497 0.0000000000
127808  53.990  -23.358  59.319 0.0000000000
129302  53.199  -22.885  58.431 0.0000000000
129318  54.389  -22.374  58.080 0.0000000000
130760  54.910  -21.703  57.460 0.0000000000
129317  55.435  -22.256  58.371 0.0000000000
129314  57.144  -22.321  58.170 0.0000000000
126323  56.471  -23.562  59.056 0.0000000000
121860  51.479  -25.579  60.581 0.0000000000
268529  53.026  -25.135  59.135 0.0000000000
98330  43.845  -36.695  73.663 0.0000000000
101170  43.792  -35.142  73.136 0.0000000000
299864  43.064  -30.847  72.073 0.0000000000
256617  43.314  -32.020  71.410 0.0000000000
120132  43.084  -26.583  72.018 0.0000000000
266781  42.019  -26.315  70.292 0.0000000000
301038  43.361  -26.241  70.547 0.0000000000
123201  44.126  -26.184  69.397 0.0000000000
124662  45.032  -25.670  71.078 0.0000000000
124660  46.783  -24.876  71.346 0.0000000000
124629  45.838  -25.235  72.536 0.0000000000
118613  46.850  -26.759  73.464 0.0000000000
120094  47.904  -25.815  73.327 0.0000000000
118626  48.433  -26.469  72.112 0.0000000000
117221  49.404  -27.537  70.919 0.0000000000
88487  33.771  -42.621  79.456 0.0000000000
84038  33.610  -44.094  78.387 0.0000000000
259277  33.961  -44.886  77.348 0.0000000000
82444  32.784  -43.875  78.577 0.0000000000
127718  49.334  -23.812  66.204 0.0000000000
259622  51.008  -23.011  67.965 0.0000000000
127675  49.313  -24.073  67.886 0.0000000000
126141  49.340  -23.794  69.248 0.0000000000
126119  49.519  -23.769  70.386 0.0000000000
277000  38.577  -44.657  74.940 0.0000000000
84116  38.737  -44.601  73.837 0.0000000000
82507  40.198  -44.971  75.657 0.0000000000
80896  41.211  -45.447  75.592 0.0000000000
80905  42.060  -45.326  74.859 0.0000000000
80914  43.115  -45.322  73.853 0.0000000000
249921  42.250  -46.621  73.707 0.0000000000
272855  59.128  -18.752  55.105 0.0000000000
261793  58.192  -20.074  54.293 0.0000000000
132128  58.746  -20.123  55.758 0.0000000000
130816  57.281  -21.351  55.693 0.0000000000
270457  56.546  -22.150  56.349 0.0000000000
126286  51.178  -24.038  61.090 0.0000000000
126285  52.719  -24.036  60.946 0.0000000000
126283  54.355  -24.030  61.011 0.0000000000
126293  55.380  -23.966  60.730 0.0000000000
123357  55.674  -24.653  59.945 0.0000000000
121840  54.746  -25.471  61.477 0.0000000000
251258  52.276  -25.559  61.503 0.0000000000
102654  44.524  -35.115  75.632 0.0000000000
275784  43.953  -33.804  74.256 0.0000000000
107050  44.129  -32.743  74.753 0.0000000000
109818  43.453  -31.107  73.773 0.0000000000
112830  43.058  -29.906  72.625 0.0000000000
115746  42.255  -28.425  71.045 0.0000000000
291727  42.607  -28.492  72.772 0.0000000000
287056  43.164  -27.434  73.901 0.0000000000
121561  43.969  -26.434  74.149 0.0000000000
123098  45.407  -25.625  73.973 0.0000000000
120065  45.025  -26.688  75.213 0.0000000000
117155  45.907  -27.493  74.704 0.0000000000
117186  45.929  -27.718  73.564 0.0000000000
88594  33.772  -43.118  75.225 0.0000000000
88566  35.656  -43.070  75.719 0.0000000000
87119  37.053  -43.871  74.851 0.0000000000
82489  38.263  -44.877  76.088 0.0000000000
77628  38.580  -46.239  76.224 0.0000000000
276897  51.150  -23.984  62.952 0.0000000000
127765  52.804  -23.424  64.153 0.0000000000
123282  53.515  -24.321  65.026 0.0000000000
123270  52.409  -24.942  66.436 0.0000000000
120223  52.319  -26.165  67.362 0.0000000000
118703  52.551  -27.101  67.510 0.0000000000
129167  52.447  -23.846  68.742 0.0000000000
121666  52.636  -25.726  68.829 0.0000000000
93851  42.997  -39.382  73.345 0.0000000000
93849  43.547  -38.874  74.051 0.0000000000
263995  44.107  -37.946  74.102 0.0000000000
98313  44.647  -36.832  74.309 0.0000000000
93884  45.733  -39.021  72.830 0.0000000000
96881  45.702  -37.281  73.589 0.0000000000
99727  45.221  -36.163  75.104 0.0000000000
101150  46.180  -35.463  74.984 0.0000000000
104151  46.464  -34.161  75.175 0.0000000000
288591  46.694  -33.120  74.525 0.0000000000
109817  46.550  -31.792  74.020 0.0000000000
107087  47.116  -33.260  72.864 0.0000000000
88613  43.204  -41.308  73.760 0.0000000000
87144  44.440  -41.793  73.645 0.0000000000
85660  44.906  -42.939  72.864 0.0000000000
80924  44.213  -44.743  72.995 0.0000000000
82544  45.124  -44.085  72.351 0.0000000000
135943  59.125  -18.157  50.607 0.0000000000
132107  55.969  -19.928  56.849 0.0000000000
132072  56.896  -20.896  57.515 0.0000000000
129359  57.231  -22.185  57.443 0.0000000000
126355  54.795  -23.528  56.967 0.0000000000
123376  54.664  -24.660  58.791 0.0000000000
124875  54.026  -24.315  57.752 0.0000000000
287430  53.204  -24.013  56.841 0.0000000000
105739  43.761  -33.377  72.676 0.0000000000
121695  44.781  -26.448  68.084 0.0000000000
121693  46.001  -26.153  67.889 0.0000000000
123176  46.951  -25.063  69.533 0.0000000000
124674  48.064  -24.200  71.014 0.0000000000
126086  49.163  -24.289  72.039 0.0000000000
124601  46.959  -25.083  73.377 0.0000000000
121568  48.496  -25.042  73.050 0.0000000000
121595  49.725  -25.364  71.830 0.0000000000
118638  50.123  -27.110  71.336 0.0000000000
295397  46.017  -30.606  73.826 0.0000000000
252817  45.784  -29.805  73.105 0.0000000000
279671  30.809  -42.527  80.638 0.0000000000
84019  30.675  -43.459  80.059 0.0000000000
85545  30.245  -43.270  80.202 0.0000000000
87012  31.132  -42.655  81.130 0.0000000000
85544  31.272  -42.951  80.908 0.0000000000
121733  46.902  -25.849  66.329 0.0000000000
274472  47.717  -25.363  67.038 0.0000000000
121715  46.775  -25.909  66.982 0.0000000000
134613  57.360  -18.871  56.844 0.0000000000
134614  56.356  -18.903  56.724 0.0000000000
124799  54.135  -24.348  64.178 0.0000000000
123301  54.402  -24.469  63.690 0.0000000000
121781  53.458  -24.972  63.629 0.0000000000
290689  52.813  -25.288  63.182 0.0000000000
289255  52.289  -25.128  64.143 0.0000000000
108409  45.758  -31.836  75.606 0.0000000000
279959  45.134  -31.538  76.098 0.0000000000
109775  45.133  -31.082  76.054 0.0000000000
112770  44.861  -29.786  75.965 0.0000000000
112767  45.226  -30.167  76.068 0.0000000000
112786  45.533  -29.961  75.711 0.0000000000
109798  45.812  -31.032  75.269 0.0000000000
82441  34.914  -44.484  77.797 0.0000000000
288819  35.960  -44.160  77.175 0.0000000000
82459  35.805  -44.718  77.573 0.0000000000
79179  35.421  -45.936  77.170 0.0000000000
127739  49.775  -23.519  65.495 0.0000000000
256486  49.637  -23.651  64.621 0.0000000000
127737  50.427  -23.342  65.152 0.0000000000
127736  51.185  -23.333  65.056 0.0000000000
127715  51.082  -23.089  66.115 0.0000000000
127714  52.514  -22.772  66.451 0.0000000000
252695  51.634  -22.859  66.756 0.0000000000
126104  50.253  -24.098  71.042 0.0000000000
284668  50.807  -24.798  70.535 0.0000000000
261954  50.778  -24.989  70.522 0.0000000000
120167  50.943  -26.084  70.412 0.0000000000
123145  50.445  -25.164  70.930 0.0000000000
90037  45.127  -41.148  73.174 0.0000000000
90019  45.012  -40.558  73.481 0.0000000000
90036  45.217  -40.880  72.945 0.0000000000
84088  41.855  -44.083  74.951 0.0000000000
84099  41.738  -43.947  74.579 0.0000000000
85637  41.982  -43.367  74.205 0.0000000000
84087  42.251  -43.677  74.888 0.0000000000
84086  42.724  -43.289  74.762 0.0000000000
84098  42.497  -44.051  74.893 0.0000000000
134637  59.604  -18.553  53.941 0.0000000000
137178  59.762  -17.624  53.640 0.0000000000
135895  59.723  -18.393  53.460 0.0000000000
135903  59.667  -18.517  53.005 0.0000000000
254847  59.126  -19.060  53.146 0.0000000000
127807  54.685  -23.245  59.291 0.0000000000
127823  54.284  -23.054  58.940 0.0000000000
129300  54.748  -22.825  58.808 0.0000000000
274060  54.850  -22.475  58.381 0.0000000000
129299  55.743  -22.658  58.748 0.0000000000
129298  56.427  -22.752  58.793 0.0000000000
126308  56.257  -23.605  59.382 0.0000000000
121862  50.422  -25.742  60.532 0.0000000000
121876  50.910  -25.561  60.084 0.0000000000
99751  44.054  -35.981  73.846 0.0000000000
269466  43.902  -35.557  73.590 0.0000000000
287649  44.104  -35.360  74.182 0.0000000000
112856  42.942  -29.914  71.415 0.0000000000
111337  42.887  -29.981  70.102 0.0000000000
123123  43.754  -26.276  72.118 0.0000000000
121613  43.262  -26.372  71.629 0.0000000000
123135  44.158  -26.084  71.596 0.0000000000
123160  43.828  -26.146  70.586 0.0000000000
123134  44.698  -25.606  71.994 0.0000000000
124644  45.690  -25.296  72.034 0.0000000000
124630  45.264  -25.415  72.400 0.0000000000
118628  47.019  -26.869  72.760 0.0000000000
118612  47.451  -26.366  72.989 0.0000000000
118642  47.212  -26.986  72.099 0.0000000000
266396  47.961  -26.813  71.857 0.0000000000
88489  32.962  -42.152  80.018 0.0000000000
88497  32.924  -42.282  79.180 0.0000000000
87042  33.872  -42.676  79.637 0.0000000000
85572  33.372  -43.172  79.088 0.0000000000
255478  33.093  -43.160  79.045 0.0000000000
84039  33.014  -44.074  78.375 0.0000000000
84040  32.738  -43.445  78.921 0.0000000000
123286  47.886  -25.077  65.530 0.0000000000
297176  47.772  -25.210  64.681 0.0000000000
123285  48.007  -24.986  65.472 0.0000000000
124783  48.836  -24.146  65.320 0.0000000000
256016  48.920  -24.146  66.147 0.0000000000
127689  49.564  -23.775  66.866 0.0000000000
126172  49.003  -24.193  66.947 0.0000000000
280070  48.556  -24.335  68.830 0.0000000000
124721  49.024  -24.083  68.646 0.0000000000
124708  48.821  -24.027  69.355 0.0000000000
126132  49.634  -23.632  69.794 0.0000000000
126133  48.885  -23.970  69.891 0.0000000000
82509  39.032  -45.068  75.805 0.0000000000
84078  39.117  -44.944  75.481 0.0000000000
80885  39.799  -45.204  75.861 0.0000000000
258813  41.190  -46.575  74.935 0.0000000000
79238  41.088  -45.855  75.547 0.0000000000
79237  41.541  -45.724  75.222 0.0000000000
80895  41.545  -45.191  75.269 0.0000000000
79255  41.942  -45.847  74.796 0.0000000000
275018  42.277  -45.776  74.538 0.0000000000
137159  57.933  -17.599  55.345 0.0000000000
137158  58.293  -17.755  55.236 0.0000000000
137169  58.617  -17.576  54.690 0.0000000000
135869  58.790  -18.687  55.657 0.0000000000
133391  59.080  -19.593  55.344 0.0000000000
134620  58.544  -19.252  56.132 0.0000000000
263050  58.130  -20.208  56.851 0.0000000000
132106  58.403  -20.291  56.514 0.0000000000
130797  57.865  -21.164  56.344 0.0000000000
129387  57.096  -21.697  56.146 0.0000000000
129386  57.699  -21.437  56.894 0.0000000000
285410  51.803  -24.024  61.922 0.0000000000
295191  52.196  -24.043  61.121 0.0000000000
252168  52.794  -23.866  62.091 0.0000000000
126268  54.849  -23.949  62.204 0.0000000000
251257  53.921  -23.957  61.628 0.0000000000
251000  54.951  -24.154  61.754 0.0000000000
126282  54.884  -24.014  60.869 0.0000000000
126281  55.269  -24.297  61.332 0.0000000000
123340  55.584  -24.688  60.980 0.0000000000
121839  55.237  -25.341  61.676 0.0000000000
121801  52.380  -25.452  62.521 0.0000000000
121821  52.654  -25.501  62.011 0.0000000000
276673  51.573  -25.600  61.996 0.0000000000
256305  51.214  -25.689  61.783 0.0000000000
120323  50.724  -25.918  62.124 0.0000000000
102653  45.065  -34.802  75.806 0.0000000000
104145  44.359  -34.051  74.948 0.0000000000
105694  44.527  -33.376  75.520 0.0000000000
109799  43.913  -31.258  74.859 0.0000000000
108429  43.794  -31.678  74.667 0.0000000000
111279  43.589  -30.565  74.050 0.0000000000
111290  43.351  -30.524  73.449 0.0000000000
112822  43.171  -29.915  73.221 0.0000000000
112823  42.976  -29.348  72.919 0.0000000000
112814  43.055  -29.295  73.638 0.0000000000
274022  43.840  -28.087  75.138 0.0000000000
115693  43.061  -28.261  74.359 0.0000000000
118583  43.466  -27.539  74.494 0.0000000000
255882  43.656  -26.738  73.894 0.0000000000
118572  44.090  -27.051  74.891 0.0000000000
121549  44.816  -26.207  74.780 0.0000000000
120066  44.715  -26.891  75.269 0.0000000000
268349  45.579  -28.790  74.886 0.0000000000
117141  45.722  -27.583  74.965 0.0000000000
115691  45.669  -28.302  74.662 0.0000000000
117172  45.931  -27.673  74.293 0.0000000000
115704  45.707  -28.266  73.970 0.0000000000
88548  33.337  -43.120  76.622 0.0000000000
282306  33.387  -43.270  75.654 0.0000000000
88547  33.763  -43.025  76.480 0.0000000000
85598  36.068  -43.180  76.031 0.0000000000
88544  35.534  -43.077  75.974 0.0000000000
87109  35.991  -43.176  75.855 0.0000000000
87121  36.048  -43.284  75.036 0.0000000000
85607  36.626  -43.843  75.727 0.0000000000
84072  37.785  -44.705  75.750 0.0000000000
276205  37.967  -44.890  76.193 0.0000000000
265453  49.806  -23.904  63.140 0.0000000000
126275  50.328  -24.031  62.221 0.0000000000
126259  50.549  -24.004  62.868 0.0000000000
289074  52.445  -23.058  65.066 0.0000000000
127766  52.177  -23.415  64.066 0.0000000000
127733  53.495  -23.351  65.070 0.0000000000
126217  53.810  -23.626  64.672 0.0000000000
126206  53.678  -23.592  65.127 0.0000000000
123268  53.273  -24.259  65.630 0.0000000000
124768  53.394  -24.050  65.926 0.0000000000
280398  53.181  -24.274  67.820 0.0000000000
123254  52.848  -24.892  67.280 0.0000000000
121690  52.664  -25.554  67.593 0.0000000000
118712  52.265  -26.822  67.231 0.0000000000
291881  52.868  -25.970  68.071 0.0000000000
127673  50.525  -23.182  68.107 0.0000000000
127660  51.365  -22.956  68.225 0.0000000000
130583  51.634  -23.313  68.932 0.0000000000
121655  51.941  -25.994  69.566 0.0000000000
123195  52.427  -25.633  68.979 0.0000000000
120186  52.376  -26.216  68.927 0.0000000000
117288  52.723  -27.800  68.044 0.0000000000
117271  52.556  -27.925  68.550 0.0000000000
92461  43.278  -39.952  73.925 0.0000000000
93850  43.206  -39.274  73.853 0.0000000000
92467  43.965  -39.428  74.274 0.0000000000
259585  44.897  -39.018  73.884 0.0000000000
93847  43.846  -38.869  74.267 0.0000000000
280219  44.694  -38.074  73.953 0.0000000000
96850  44.349  -37.363  74.042 0.0000000000
95300  45.185  -38.002  73.725 0.0000000000
92484  45.463  -39.698  72.700 0.0000000000
93891  45.925  -39.305  72.041 0.0000000000
96880  46.210  -37.268  73.071 0.0000000000
98328  45.801  -36.722  73.881 0.0000000000
98311  45.584  -36.501  74.445 0.0000000000
99750  46.146  -35.992  74.141 0.0000000000
99726  45.755  -35.791  75.208 0.0000000000
99738  46.286  -35.541  74.577 0.0000000000
101168  46.997  -35.051  73.228 0.0000000000
102673  46.669  -34.808  74.411 0.0000000000
102672  46.887  -34.633  73.784 0.0000000000
105718  46.654  -33.831  74.849 0.0000000000
105728  47.024  -33.741  73.860 0.0000000000
270698  47.131  -33.205  73.488 0.0000000000
105733  47.199  -33.726  73.230 0.0000000000
84101  39.202  -44.949  74.557 0.0000000000
84115  39.363  -44.986  73.785 0.0000000000
87172  42.483  -42.441  73.403 0.0000000000
270647  42.067  -41.192  72.775 0.0000000000
90021  42.458  -41.143  73.201 0.0000000000
90010  42.922  -40.099  73.659 0.0000000000
262337  43.076  -40.935  73.728 0.0000000000
85634  43.783  -42.681  74.377 0.0000000000
87145  43.967  -42.112  74.309 0.0000000000
85633  44.283  -42.341  73.922 0.0000000000
87158  44.718  -42.068  73.403 0.0000000000
85661  44.561  -42.780  73.286 0.0000000000
80913  43.646  -45.044  73.389 0.0000000000
84137  45.314  -43.633  72.103 0.0000000000
134674  59.039  -18.729  51.906 0.0000000000
134689  58.362  -18.917  51.275 0.0000000000
257651  57.357  -19.281  50.578 0.0000000000
132140  57.715  -20.426  54.391 0.0000000000
126324  52.026  -23.641  59.492 0.0000000000
127827  51.766  -23.418  58.828 0.0000000000
127826  52.391  -23.327  58.920 0.0000000000
130776  55.309  -21.279  57.210 0.0000000000
130777  54.721  -21.382  56.984 0.0000000000
132093  55.378  -20.845  56.904 0.0000000000
132108  55.481  -20.287  56.663 0.0000000000
257699  55.791  -20.413  56.911 0.0000000000
133360  56.495  -19.687  57.106 0.0000000000
269363  56.474  -20.784  57.315 0.0000000000
126342  57.172  -22.927  58.387 0.0000000000
129335  57.189  -22.232  57.949 0.0000000000
126353  56.472  -23.178  57.863 0.0000000000
127875  55.922  -23.028  57.074 0.0000000000
300549  55.885  -23.339  57.452 0.0000000000
123358  54.856  -25.011  59.947 0.0000000000
123365  55.034  -24.784  59.437 0.0000000000
123359  53.999  -25.191  59.684 0.0000000000
123379  52.475  -24.885  58.324 0.0000000000
123378  53.118  -24.920  58.595 0.0000000000
123391  52.868  -24.698  57.948 0.0000000000
124876  53.217  -24.335  57.458 0.0000000000
124877  52.477  -24.483  57.426 0.0000000000
105729  43.857  -33.173  73.883 0.0000000000
104160  43.788  -33.806  73.145 0.0000000000
107089  43.659  -32.755  72.820 0.0000000000
115732  42.151  -27.921  71.384 0.0000000000
123184  42.077  -26.272  69.771 0.0000000000
123200  44.829  -26.137  69.387 0.0000000000
123222  44.403  -26.285  69.016 0.0000000000
123221  45.034  -26.234  68.959 0.0000000000
121694  45.412  -26.363  68.044 0.0000000000
121668  46.068  -25.778  68.959 0.0000000000
123197  46.518  -25.432  69.232 0.0000000000
123177  46.410  -25.353  69.692 0.0000000000
257302  47.302  -24.556  71.728 0.0000000000
124659  47.416  -24.520  71.142 0.0000000000
124658  47.885  -24.238  71.552 0.0000000000
126107  48.411  -24.062  71.417 0.0000000000
126097  48.323  -24.224  71.908 0.0000000000
123077  45.915  -25.766  74.820 0.0000000000
258128  46.337  -25.361  73.770 0.0000000000
123084  46.625  -25.695  74.316 0.0000000000
120112  48.556  -25.867  72.795 0.0000000000
121569  48.160  -25.334  73.371 0.0000000000
121597  48.930  -25.758  72.421 0.0000000000
123120  49.449  -24.880  72.214 0.0000000000
121612  49.625  -25.855  71.620 0.0000000000
120148  49.863  -26.105  71.417 0.0000000000
120149  49.484  -26.507  71.642 0.0000000000
117238  49.911  -27.971  70.894 0.0000000000
108450  46.797  -32.182  73.458 0.0000000000
111288  46.204  -31.118  73.913 0.0000000000
109824  46.495  -31.556  73.349 0.0000000000
87044  31.936  -42.336  79.866 0.0000000000
85542  32.455  -42.671  80.715 0.0000000000
85560  32.313  -43.048  80.370 0.0000000000
85561  31.877  -42.946  80.699 0.0000000000
259816  31.411  -43.378  79.889 0.0000000000
121742  47.481  -25.394  65.590 0.0000000000
123255  48.177  -24.958  66.266 0.0000000000
124755  48.417  -24.849  67.021 0.0000000000
123240  48.012  -25.108  67.339 0.0000000000
123217  47.836  -24.944  68.011 0.0000000000
124723  47.641  -24.808  68.674 0.0000000000
79221  39.776  -46.190  75.926 0.0000000000
79220  40.386  -45.881  75.852 0.0000000000
77671  40.329  -46.613  75.317 0.0000000000
77701  40.656  -46.841  74.804 0.0000000000
294235  57.800  -18.065  55.947 0.0000000000
135851  57.896  -18.762  56.453 0.0000000000
135852  57.719  -18.832  56.578 0.0000000000
134612  57.760  -19.318  56.749 0.0000000000
133358  57.575  -20.147  57.102 0.0000000000
126240  53.291  -23.544  63.285 0.0000000000
126255  53.846  -23.634  62.707 0.0000000000
126238  54.629  -23.914  63.108 0.0000000000
124808  54.865  -24.200  62.913 0.0000000000
123324  54.721  -25.294  62.627 0.0000000000
121798  54.594  -25.300  62.386 0.0000000000
121780  53.678  -25.214  63.067 0.0000000000
105691  45.688  -33.214  75.837 0.0000000000
105682  44.815  -32.964  75.820 0.0000000000
107017  44.882  -32.350  75.994 0.0000000000
109788  44.434  -31.158  75.480 0.0000000000
111261  44.053  -30.177  75.079 0.0000000000
114260  43.337  -29.117  74.502 0.0000000000
112789  43.842  -29.435  74.898 0.0000000000
114231  44.031  -29.000  75.210 0.0000000000
115649  44.415  -28.701  75.650 0.0000000000
117129  44.620  -27.633  75.455 0.0000000000
114230  45.033  -28.933  75.746 0.0000000000
114229  45.552  -29.216  75.396 0.0000000000
293647  45.791  -29.540  74.750 0.0000000000
285729  34.009  -42.936  77.081 0.0000000000
87080  34.668  -43.144  77.489 0.0000000000
85588  36.111  -43.960  76.881 0.0000000000
84058  36.273  -44.312  76.785 0.0000000000
82475  37.730  -45.310  76.428 0.0000000000
80845  36.877  -45.988  76.886 0.0000000000
124800  48.876  -24.222  64.122 0.0000000000
291836  49.346  -23.944  63.855 0.0000000000
289122  49.699  -23.750  63.681 0.0000000000
126244  50.014  -23.751  63.606 0.0000000000
127781  50.891  -23.596  63.655 0.0000000000
127754  50.940  -23.445  64.307 0.0000000000
127735  51.771  -23.145  65.044 0.0000000000
127713  53.122  -22.915  66.140 0.0000000000
126189  53.471  -23.679  66.257 0.0000000000
127697  53.105  -22.904  66.905 0.0000000000
127683  53.376  -23.281  67.356 0.0000000000
262627  53.239  -23.409  67.771 0.0000000000
261670  50.835  -23.404  69.861 0.0000000000
127636  51.386  -24.080  69.891 0.0000000000
126118  51.164  -24.132  70.178 0.0000000000
283622  51.472  -25.144  69.979 0.0000000000
265484  51.888  -26.609  69.479 0.0000000000
118671  51.758  -27.270  69.543 0.0000000000
118672  51.382  -26.935  70.027 0.0000000000
118662  51.094  -27.223  70.540 0.0000000000
118650  50.937  -27.482  70.803 0.0000000000
90008  44.347  -40.911  73.834 0.0000000000
296101  43.978  -40.025  74.870 0.0000000000
91285  44.754  -40.148  73.896 0.0000000000
92475  45.016  -39.487  73.744 0.0000000000
92479  45.122  -38.770  73.706 0.0000000000
93890  46.406  -38.509  71.437 0.0000000000
98370  46.674  -36.636  72.710 0.0000000000
99761  46.604  -35.724  73.540 0.0000000000
98347  46.919  -36.021  72.861 0.0000000000
101179  47.193  -35.308  72.531 0.0000000000
82524  40.656  -44.594  74.798 0.0000000000
82532  40.576  -44.665  73.894 0.0000000000
84113  41.198  -44.346  74.300 0.0000000000
84125  41.560  -43.698  73.156 0.0000000000
85649  42.010  -43.298  73.517 0.0000000000
85648  42.423  -42.828  73.758 0.0000000000
87159  42.596  -42.166  73.791 0.0000000000
87135  42.786  -42.255  74.417 0.0000000000
85624  42.978  -42.671  74.700 0.0000000000
85635  43.176  -42.979  74.589 0.0000000000
84096  43.532  -43.454  74.113 0.0000000000
135902  59.898  -18.117  52.663 0.0000000000
135919  59.664  -18.423  52.360 0.0000000000
255913  58.404  -19.091  51.815 0.0000000000
130831  56.406  -21.389  54.877 0.0000000000
127809  53.349  -23.426  59.348 0.0000000000
127825  53.008  -23.264  58.882 0.0000000000
127824  53.717  -23.101  58.792 0.0000000000
129319  53.783  -22.643  58.288 0.0000000000
129337  53.834  -22.242  57.807 0.0000000000
129336  54.487  -22.025  57.728 0.0000000000
130748  55.036  -22.009  57.928 0.0000000000
130747  55.758  -21.829  57.939 0.0000000000
130746  56.467  -21.753  57.949 0.0000000000
129315  56.731  -22.293  58.405 0.0000000000
127819  56.906  -22.903  58.570 0.0000000000
124865  56.284  -24.029  58.947 0.0000000000
257730  52.439  -25.550  60.529 0.0000000000
121886  53.306  -25.285  59.577 0.0000000000
121874  52.300  -25.457  60.005 0.0000000000
123369  51.777  -25.115  58.922 0.0000000000
108464  43.125  -31.575  72.526 0.0000000000
107090  43.574  -32.300  72.358 0.0000000000
251933  43.094  -31.541  71.514 0.0000000000
109858  43.060  -31.089  70.439 0.0000000000
120134  42.391  -26.986  71.990 0.0000000000
120159  41.963  -26.577  71.084 0.0000000000
121629  42.485  -26.502  70.843 0.0000000000
123162  42.627  -26.492  70.466 0.0000000000
274780  42.658  -26.449  69.426 0.0000000000
123202  43.309  -26.493  69.329 0.0000000000
261174  43.553  -26.232  70.228 0.0000000000
124680  44.312  -26.110  70.191 0.0000000000
124695  45.457  -25.792  70.092 0.0000000000
124677  45.987  -25.432  70.399 0.0000000000
124661  45.626  -25.455  71.405 0.0000000000
292199  46.181  -25.107  71.691 0.0000000000
124627  46.680  -24.806  72.462 0.0000000000
120096  46.883  -26.365  74.305 0.0000000000
120086  46.934  -26.009  74.330 0.0000000000
118593  47.173  -26.298  73.690 0.0000000000
120113  47.946  -26.014  73.160 0.0000000000
296051  48.650  -26.365  72.108 0.0000000000
263424  49.408  -26.836  71.554 0.0000000000
118641  48.662  -26.798  71.704 0.0000000000
254609  32.986  -43.039  77.270 0.0000000000
88510  32.850  -42.875  77.943 0.0000000000
88508  33.602  -42.866  77.705 0.0000000000
87060  34.110  -43.168  78.661 0.0000000000
84037  34.363  -44.025  78.056 0.0000000000
82461  34.478  -44.685  77.664 0.0000000000
80835  34.058  -44.756  77.486 0.0000000000
286590  33.888  -44.474  77.808 0.0000000000
82462  33.443  -44.397  77.922 0.0000000000
84041  32.374  -43.416  79.224 0.0000000000
124801  48.570  -24.542  64.468 0.0000000000
126207  49.217  -23.829  65.440 0.0000000000
127717  49.723  -23.547  66.106 0.0000000000
294295  50.356  -23.294  66.488 0.0000000000
129201  50.184  -23.372  66.982 0.0000000000
129180  49.921  -23.538  67.416 0.0000000000
127663  49.940  -23.576  68.543 0.0000000000
126150  49.000  -24.248  67.808 0.0000000000
126149  49.476  -23.860  68.461 0.0000000000
127650  49.923  -23.550  68.996 0.0000000000
127639  50.126  -23.593  70.387 0.0000000000
127626  49.845  -23.828  70.734 0.0000000000
126105  50.118  -23.980  70.992 0.0000000000
90065  45.719  -41.193  72.202 0.0000000000
85638  37.854  -44.104  74.678 0.0000000000
85650  37.986  -44.091  74.162 0.0000000000
84091  38.850  -44.780  74.810 0.0000000000
84090  39.529  -44.882  75.224 0.0000000000
82517  40.294  -44.744  75.370 0.0000000000
80884  40.282  -45.397  75.870 0.0000000000
82506  40.826  -45.156  75.657 0.0000000000
82516  40.972  -44.757  75.382 0.0000000000
254983  41.223  -45.101  75.439 0.0000000000
82515  41.531  -44.737  75.127 0.0000000000
285645  41.864  -44.877  75.058 0.0000000000
82523  42.276  -44.709  74.848 0.0000000000
80915  42.660  -45.568  74.341 0.0000000000
79300  42.733  -46.366  73.310 0.0000000000
293519  59.258  -17.821  54.457 0.0000000000
275716  59.313  -19.036  54.292 0.0000000000
253026  58.721  -19.629  54.118 0.0000000000
133401  59.167  -19.366  54.612 0.0000000000
133402  58.818  -19.872  54.868 0.0000000000
297908  58.190  -20.617  55.426 0.0000000000
133381  58.714  -20.228  56.236 0.0000000000
132116  58.275  -20.659  56.093 0.0000000000
130830  57.068  -21.219  55.121 0.0000000000
130817  56.658  -21.559  55.442 0.0000000000
129407  56.300  -21.958  55.728 0.0000000000
127930  55.263  -22.571  55.969 0.0000000000
126299  51.598  -23.976  60.614 0.0000000000
255277  52.027  -23.877  60.154 0.0000000000
256481  52.578  -23.949  60.275 0.0000000000
126271  53.123  -24.005  61.590 0.0000000000
126284  53.564  -24.015  60.982 0.0000000000
126297  53.247  -23.986  60.323 0.0000000000
126312  54.323  -23.576  59.809 0.0000000000
126311  54.905  -23.481  59.808 0.0000000000
126310  55.382  -23.555  60.080 0.0000000000
126309  55.906  -23.973  60.016 0.0000000000
124842  55.682  -24.336  60.569 0.0000000000
123350  55.482  -25.026  60.855 0.0000000000
121857  54.509  -25.415  60.876 0.0000000000
121820  54.136  -25.473  61.883 0.0000000000
121841  53.222  -25.514  61.087 0.0000000000
121859  52.935  -25.528  60.650 0.0000000000
121843  51.953  -25.583  60.983 0.0000000000
121844  51.260  -25.649  61.193 0.0000000000
284255  44.395  -35.318  75.267 0.0000000000
102667  44.122  -34.974  74.794 0.0000000000
104152  44.280  -34.241  74.768 0.0000000000
105719  44.161  -33.538  74.849 0.0000000000
107066  43.819  -32.637  74.180 0.0000000000
107038  44.252  -32.489  75.054 0.0000000000
107051  43.762  -32.140  74.486 0.0000000000
107067  43.574  -32.098  73.859 0.0000000000
109826  43.214  -31.055  73.166 0.0000000000
111308  43.070  -30.438  72.344 0.0000000000
112841  42.792  -29.420  71.676 0.0000000000
114326  42.344  -28.825  70.589 0.0000000000
114297  42.586  -28.951  71.951 0.0000000000
269623  42.468  -28.479  72.258 0.0000000000
115723  42.517  -28.186  72.664 0.0000000000
114261  42.925  -28.585  74.209 0.0000000000
117173  42.782  -27.920  73.554 0.0000000000
251123  42.406  -27.437  72.538 0.0000000000
120115  42.963  -26.910  72.836 0.0000000000
121585  43.782  -26.272  73.023 0.0000000000
121584  44.214  -26.015  73.275 0.0000000000
123110  44.919  -25.536  73.098 0.0000000000
123088  44.888  -25.888  74.195 0.0000000000
121558  45.306  -25.838  74.850 0.0000000000
120076  45.671  -26.089  75.090 0.0000000000
117127  45.171  -27.431  75.390 0.0000000000
118571  45.736  -27.136  75.143 0.0000000000
118570  46.075  -26.546  74.964 0.0000000000
117154  46.264  -27.133  74.556 0.0000000000
117171  46.364  -27.228  73.920 0.0000000000
87148  36.638  -43.326  74.333 0.0000000000
88545  34.624  -43.060  76.094 0.0000000000
88590  35.742  -43.164  74.728 0.0000000000
87137  36.567  -43.513  74.787 0.0000000000
286275  37.286  -43.900  74.746 0.0000000000
84080  37.999  -44.454  75.127 0.0000000000
84071  38.339  -44.964  75.885 0.0000000000
80872  39.093  -45.607  76.197 0.0000000000
82490  37.998  -45.421  76.441 0.0000000000
301149  38.996  -46.104  76.747 0.0000000000
77627  39.113  -46.180  76.106 0.0000000000
251256  51.284  -24.047  61.776 0.0000000000
126257  52.200  -23.869  62.416 0.0000000000
126242  51.361  -23.650  63.400 0.0000000000
288285  51.921  -23.554  63.322 0.0000000000
126241  52.378  -23.599  63.044 0.0000000000
126225  53.946  -23.569  64.222 0.0000000000
124790  54.112  -24.064  64.302 0.0000000000
123292  53.196  -24.648  64.821 0.0000000000
123293  52.549  -24.843  65.121 0.0000000000
123283  53.002  -24.559  65.413 0.0000000000
121730  51.911  -25.322  66.134 0.0000000000
121713  52.095  -25.444  66.693 0.0000000000
275777  53.283  -24.147  66.653 0.0000000000
121712  52.429  -25.289  67.068 0.0000000000
127685  51.881  -22.778  67.475 0.0000000000
127670  52.901  -23.079  67.958 0.0000000000
124706  52.949  -24.334  68.438 0.0000000000
126130  52.567  -24.664  68.866 0.0000000000
124707  52.880  -25.227  68.431 0.0000000000
123216  52.852  -25.191  68.315 0.0000000000
275322  52.725  -26.526  68.093 0.0000000000
93875  43.062  -39.003  73.167 0.0000000000
95301  43.533  -38.206  73.569 0.0000000000
256562  44.083  -39.178  74.297 0.0000000000
95284  43.817  -38.461  74.050 0.0000000000
96852  43.792  -37.944  73.808 0.0000000000
96851  43.924  -37.244  73.956 0.0000000000
98314  44.267  -36.733  74.079 0.0000000000
99740  44.655  -36.411  74.647 0.0000000000
91311  45.279  -40.337  72.747 0.0000000000
92478  45.435  -39.092  73.142 0.0000000000
93862  45.334  -38.585  73.482 0.0000000000
93883  46.184  -38.524  72.322 0.0000000000
95316  45.783  -38.052  73.158 0.0000000000
95299  45.264  -37.945  73.642 0.0000000000
96866  45.042  -37.388  73.950 0.0000000000
98295  44.856  -36.203  75.002 0.0000000000
99728  44.775  -36.147  75.164 0.0000000000
253504  45.153  -35.939  75.423 0.0000000000
101143  45.593  -35.645  75.513 0.0000000000
102659  46.245  -34.861  75.552 0.0000000000
101159  46.581  -35.159  74.286 0.0000000000
102658  46.531  -34.675  75.225 0.0000000000
104144  46.224  -34.187  75.504 0.0000000000
105705  46.402  -33.582  75.194 0.0000000000
107037  46.331  -32.892  75.153 0.0000000000
108417  46.119  -32.218  74.980 0.0000000000
109808  46.096  -31.506  74.872 0.0000000000
107065  46.725  -32.668  74.316 0.0000000000
280031  46.932  -32.689  73.760 0.0000000000
107088  46.818  -32.859  72.462 0.0000000000
104170  47.065  -34.343  71.726 0.0000000000
105743  47.004  -33.813  72.066 0.0000000000
85664  38.134  -44.187  73.603 0.0000000000
84128  39.544  -44.886  73.123 0.0000000000
91297  42.413  -40.212  72.920 0.0000000000
91289  42.788  -40.004  73.617 0.0000000000
89999  43.756  -40.638  73.934 0.0000000000
88589  43.418  -41.756  74.416 0.0000000000
88588  43.706  -41.391  73.805 0.0000000000
88587  43.943  -41.000  73.894 0.0000000000
88612  44.912  -41.152  73.397 0.0000000000
87157  45.030  -42.011  73.172 0.0000000000
87169  45.497  -41.876  72.546 0.0000000000
82522  42.863  -44.436  74.530 0.0000000000
82530  43.770  -44.495  73.462 0.0000000000
84124  44.305  -44.202  73.057 0.0000000000
288451  44.689  -44.410  72.621 0.0000000000
84123  44.820  -43.926  72.762 0.0000000000
84122  45.079  -43.562  72.507 0.0000000000
87014  29.875  -42.702  80.654 0.0000000000
135957  58.665  -18.253  49.952 0.0000000000
133375  56.693  -19.271  57.093 0.0000000000
133359  57.129  -19.825  57.151 0.0000000000
132071  57.549  -20.841  57.305 0.0000000000
130756  57.078  -21.118  57.701 0.0000000000
295399  57.505  -21.141  57.906 0.0000000000
129358  57.476  -21.711  56.899 0.0000000000
129360  56.801  -22.319  56.932 0.0000000000
127901  55.553  -22.767  56.400 0.0000000000
126366  54.636  -23.258  56.465 0.0000000000
124849  56.215  -23.861  59.659 0.0000000000
263440  55.965  -24.097  59.065 0.0000000000
289927  55.230  -24.308  58.508 0.0000000000
123367  53.590  -25.041  59.145 0.0000000000
124867  54.109  -24.567  58.299 0.0000000000
124874  54.735  -24.160  57.858 0.0000000000
124884  54.413  -23.962  57.281 0.0000000000
126356  54.160  -23.625  56.715 0.0000000000
124900  52.722  -23.946  56.493 0.0000000000
120225  45.823  -26.709  66.745 0.0000000000
101160  43.860  -34.929  73.785 0.0000000000
280028  43.753  -34.288  73.055 0.0000000000
121683  43.485  -26.572  68.236 0.0000000000
259865  44.679  -26.733  67.310 0.0000000000
120209  45.629  -26.495  67.441 0.0000000000
120208  46.218  -26.272  67.229 0.0000000000
123242  46.940  -25.516  68.020 0.0000000000
123196  47.095  -25.112  68.977 0.0000000000
124710  47.552  -24.797  69.327 0.0000000000
124694  46.798  -25.017  70.091 0.0000000000
124693  47.476  -24.714  70.038 0.0000000000
250392  48.107  -24.305  70.374 0.0000000000
273023  48.553  -24.065  70.960 0.0000000000
126095  49.312  -24.068  71.451 0.0000000000
126094  49.854  -24.148  71.413 0.0000000000
124604  45.758  -25.329  73.303 0.0000000000
124613  46.586  -24.910  72.939 0.0000000000
297773  47.368  -24.657  72.810 0.0000000000
123095  47.253  -25.553  73.803 0.0000000000
256064  47.628  -24.961  73.285 0.0000000000
293223  48.228  -24.562  72.500 0.0000000000
124625  48.896  -24.480  72.408 0.0000000000
124623  49.684  -24.497  72.052 0.0000000000
123132  50.083  -25.155  71.421 0.0000000000
120147  50.077  -26.008  71.206 0.0000000000
118651  50.547  -26.948  71.082 0.0000000000
117218  50.576  -27.820  71.061 0.0000000000
117206  49.698  -27.333  71.296 0.0000000000
115743  50.190  -27.959  71.030 0.0000000000
111277  46.009  -31.056  74.606 0.0000000000
111289  45.961  -30.636  74.365 0.0000000000
112813  45.812  -29.645  74.280 0.0000000000
111307  46.159  -30.836  72.553 0.0000000000
111298  46.053  -30.548  73.298 0.0000000000
114278  45.714  -29.406  73.716 0.0000000000
287864  45.584  -28.796  73.640 0.0000000000
77647  40.373  -46.268  75.694 0.0000000000
77648  39.321  -46.539  75.831 0.0000000000
77649  38.345  -46.789  75.774 0.0000000000
77670  41.309  -46.176  75.253 0.0000000000
77672  39.744  -46.703  75.563 0.0000000000
79166  35.401  -45.602  77.331 0.0000000000
79178  35.937  -46.020  77.142 0.0000000000
79189  38.375  -46.108  76.721 0.0000000000
79191  37.341  -46.024  76.735 0.0000000000
79204  40.138  -45.751  75.935 0.0000000000
79205  39.367  -45.809  76.115 0.0000000000
79206  38.920  -46.258  76.277 0.0000000000
79278  42.511  -46.069  73.975 0.0000000000
80831  36.369  -45.205  77.067 0.0000000000
80833  35.478  -45.105  77.434 0.0000000000
80844  37.612  -45.786  76.669 0.0000000000
80847  34.734  -45.202  77.456 0.0000000000
80856  38.463  -45.670  76.408 0.0000000000
80857  38.046  -45.977  76.638 0.0000000000
80883  40.835  -45.629  75.746 0.0000000000
80904  42.690  -45.055  74.471 0.0000000000
80934  44.504  -44.945  72.418 0.0000000000
82440  35.241  -44.927  77.503 0.0000000000
82442  34.276  -44.170  78.023 0.0000000000
82443  33.757  -44.187  78.108 0.0000000000
82457  36.389  -44.805  76.947 0.0000000000
82460  34.938  -44.815  77.613 0.0000000000
82476  37.059  -45.287  76.774 0.0000000000
82500  39.281  -45.288  75.987 0.0000000000
82501  39.011  -45.146  75.921 0.0000000000
82508  39.536  -45.034  75.710 0.0000000000
82518  39.784  -44.884  75.536 0.0000000000
82531  43.226  -44.776  73.955 0.0000000000
82545  45.006  -44.591  72.146 0.0000000000
82553  45.276  -44.136  71.891 0.0000000000
84028  30.562  -44.155  80.315 0.0000000000
84036  35.062  -44.194  77.840 0.0000000000
84047  36.102  -44.483  77.064 0.0000000000
84048  35.576  -44.818  77.415 0.0000000000
84065  38.003  -44.891  75.916 0.0000000000
84066  37.529  -44.829  76.122 0.0000000000
84079  38.658  -44.893  75.590 0.0000000000
84100  39.979  -44.737  74.911 0.0000000000
84102  38.428  -44.517  74.583 0.0000000000
84109  44.404  -43.548  73.184 0.0000000000
84110  43.902  -43.888  73.559 0.0000000000
84111  43.376  -44.171  73.997 0.0000000000
85558  33.539  -42.828  80.031 0.0000000000
85559  33.151  -42.777  80.506 0.0000000000
85570  34.488  -43.866  78.041 0.0000000000
85571  33.878  -43.937  78.368 0.0000000000
85580  35.933  -43.996  77.172 0.0000000000
85581  35.335  -43.761  77.622 0.0000000000
85587  36.179  -43.700  76.498 0.0000000000
85589  35.551  -43.565  77.096 0.0000000000
85596  37.054  -44.559  76.071 0.0000000000
85597  36.627  -43.846  76.075 0.0000000000
85616  37.195  -44.032  75.010 0.0000000000
85623  43.471  -42.349  74.688 0.0000000000
85625  42.367  -42.811  74.252 0.0000000000
85626  42.082  -43.396  74.641 0.0000000000
85627  37.799  -44.215  75.016 0.0000000000
87013  30.243  -42.630  80.731 0.0000000000
87025  33.439  -42.805  80.195 0.0000000000
87026  31.812  -42.587  80.810 0.0000000000
87027  30.943  -42.450  80.561 0.0000000000
87041  33.925  -43.018  78.819 0.0000000000
87043  32.489  -42.499  80.486 0.0000000000
87059  34.923  -43.149  77.429 0.0000000000
87061  34.063  -42.947  79.157 0.0000000000
87078  35.798  -43.549  76.761 0.0000000000
87079  35.122  -43.136  76.960 0.0000000000
87095  36.108  -43.294  75.868 0.0000000000
87096  35.749  -43.181  76.363 0.0000000000
87120  36.755  -43.836  75.329 0.0000000000
87132  44.179  -41.878  74.018 0.0000000000
87133  43.674  -41.876  74.477 0.0000000000
87136  36.969  -43.803  74.843 0.0000000000
87138  36.194  -43.323  74.764 0.0000000000
87146  42.712  -42.255  74.325 0.0000000000
87147  37.089  -43.458  73.960 0.0000000000
87170  45.216  -42.253  72.754 0.0000000000
87171  44.902  -42.303  73.130 0.0000000000
87173  42.336  -42.438  72.972 0.0000000000
88488  33.560  -42.388  79.710 0.0000000000
88495  33.817  -42.712  78.575 0.0000000000
88496  32.953  -42.339  79.186 0.0000000000
88506  34.867  -43.032  76.981 0.0000000000
88509  33.310  -42.803  77.820 0.0000000000
88524  34.925  -43.003  76.588 0.0000000000
88525  34.548  -43.054  76.722 0.0000000000
88543  35.857  -43.149  75.885 0.0000000000
88546  34.189  -43.045  76.483 0.0000000000
88565  36.087  -43.266  75.147 0.0000000000
88567  34.934  -43.024  75.917 0.0000000000
88568  33.114  -43.506  76.027 0.0000000000
88591  35.297  -43.124  74.951 0.0000000000
88614  42.843  -41.861  73.936 0.0000000000
88637  45.098  -41.210  73.192 0.0000000000
88638  45.055  -41.632  73.203 0.0000000000
88665  45.389  -41.334  72.864 0.0000000000
88666  45.144  -41.360  73.180 0.0000000000
88667  42.453  -41.860  73.305 0.0000000000
88668  42.073  -41.924  72.825 0.0000000000
89996  44.351  -40.065  74.101 0.0000000000
89997  43.996  -40.595  74.092 0.0000000000
89998  43.793  -40.752  74.041 0.0000000000
90000  43.435  -40.175  73.970 0.0000000000
90007  45.023  -40.147  73.808 0.0000000000
90009  43.145  -40.242  73.827 0.0000000000
90022  42.543  -40.421  73.299 0.0000000000
90049  45.304  -40.812  72.747 0.0000000000
91279  43.807  -40.073  74.104 0.0000000000
91286  44.002  -39.722  74.285 0.0000000000
91287  43.545  -39.096  73.811 0.0000000000
91288  43.143  -40.031  73.818 0.0000000000
91295  45.174  -39.825  73.705 0.0000000000
91296  42.744  -40.120  73.315 0.0000000000
91305  45.096  -39.721  73.573 0.0000000000
92459  44.441  -39.690  74.104 0.0000000000
92460  44.090  -39.552  74.319 0.0000000000
92465  44.860  -39.498  73.878 0.0000000000
92468  43.301  -39.114  73.995 0.0000000000
92469  43.152  -39.816  73.822 0.0000000000
92470  43.036  -39.892  73.684 0.0000000000
92476  42.752  -39.938  73.124 0.0000000000
93846  44.498  -38.727  74.064 0.0000000000
93848  43.923  -38.952  74.222 0.0000000000
93864  43.143  -38.845  73.557 0.0000000000
95283  44.137  -38.292  74.169 0.0000000000
95285  43.531  -38.475  73.808 0.0000000000
95286  43.299  -38.802  73.792 0.0000000000
95318  43.033  -39.026  72.789 0.0000000000
96849  44.663  -37.406  74.056 0.0000000000
96865  45.299  -37.347  73.846 0.0000000000
96867  43.851  -37.298  73.738 0.0000000000
96868  43.657  -37.785  73.470 0.0000000000
98312  45.037  -36.799  74.353 0.0000000000
98329  45.250  -36.957  74.134 0.0000000000
98348  46.499  -36.210  73.343 0.0000000000
98349  46.156  -36.670  73.486 0.0000000000
99729  44.566  -35.803  75.151 0.0000000000
99739  45.818  -35.992  74.812 0.0000000000
99741  44.506  -36.125  74.660 0.0000000000
99749  46.415  -35.609  74.095 0.0000000000
99760  46.982  -35.465  73.063 0.0000000000
99770  47.153  -35.749  72.291 0.0000000000
101136  45.049  -35.475  75.703 0.0000000000
101142  46.493  -35.053  75.180 0.0000000000
101149  46.366  -35.205  74.893 0.0000000000
101158  46.778  -34.870  73.856 0.0000000000
102652  45.698  -34.496  75.786 0.0000000000
102655  44.681  -33.834  75.627 0.0000000000
102660  45.729  -34.950  75.743 0.0000000000
102661  44.419  -34.608  75.258 0.0000000000
102665  46.725  -34.545  74.409 0.0000000000
102666  46.656  -34.707  74.817 0.0000000000
102674  43.978  -34.536  74.297 0.0000000000
102679  43.784  -34.659  73.252 0.0000000000
104135  46.028  -33.575  75.547 0.0000000000
104136  45.687  -33.826  75.823 0.0000000000
104137  44.472  -33.953  75.329 0.0000000000
104150  46.740  -34.242  74.622 0.0000000000
104155  46.927  -34.037  74.017 0.0000000000
104156  43.828  -33.658  73.639 0.0000000000
104159  47.112  -34.218  73.615 0.0000000000
104164  47.261  -34.192  72.956 0.0000000000
104165  43.751  -34.006  72.610 0.0000000000
104169  47.216  -34.226  72.316 0.0000000000
105680  45.293  -32.970  76.058 0.0000000000
105681  44.935  -33.129  75.956 0.0000000000
105690  46.033  -33.066  75.514 0.0000000000
105692  45.342  -33.341  75.916 0.0000000000
105693  45.101  -33.235  75.856 0.0000000000
105706  44.321  -33.286  75.181 0.0000000000
105717  46.769  -33.687  74.433 0.0000000000
105734  43.772  -33.226  73.271 0.0000000000
105738  46.969  -33.365  72.383 0.0000000000
107015  45.256  -32.520  76.197 0.0000000000
107016  45.198  -32.380  76.005 0.0000000000
107018  44.573  -32.162  75.857 0.0000000000
107027  46.142  -32.282  75.329 0.0000000000
107029  44.346  -32.260  75.438 0.0000000000
107049  46.499  -32.717  74.754 0.0000000000
107064  46.867  -33.200  74.085 0.0000000000
107078  46.992  -32.760  73.141 0.0000000000
107079  46.744  -32.427  72.849 0.0000000000
107081  43.489  -32.039  73.312 0.0000000000
108399  45.788  -31.791  75.800 0.0000000000
108400  45.293  -31.967  76.021 0.0000000000
108401  45.045  -31.864  76.082 0.0000000000
108402  44.773  -31.798  76.051 0.0000000000
108410  44.455  -31.763  75.597 0.0000000000
108411  44.224  -31.473  75.092 0.0000000000
108427  46.469  -32.095  74.528 0.0000000000
108428  44.089  -32.094  74.847 0.0000000000
108438  46.745  -32.268  74.052 0.0000000000
108439  43.519  -31.647  74.146 0.0000000000
108451  43.376  -31.595  73.439 0.0000000000
108462  46.572  -31.944  72.828 0.0000000000
108473  43.298  -31.841  72.014 0.0000000000
109774  45.408  -31.520  75.954 0.0000000000
109776  44.971  -31.314  76.130 0.0000000000
109777  44.724  -31.315  75.988 0.0000000000
109789  44.052  -30.892  75.121 0.0000000000
109797  45.933  -31.640  75.260 0.0000000000
109809  43.629  -31.160  74.413 0.0000000000
109825  46.294  -31.086  73.143 0.0000000000
109838  43.066  -31.054  72.587 0.0000000000
111248  45.355  -30.849  75.925 0.0000000000
111249  45.156  -30.455  76.000 0.0000000000
111250  45.023  -30.383  76.015 0.0000000000
111251  44.760  -30.372  75.920 0.0000000000
111259  45.611  -30.600  75.659 0.0000000000
111260  44.395  -30.561  75.468 0.0000000000
111268  45.970  -31.099  74.877 0.0000000000
111269  45.789  -30.406  75.270 0.0000000000
111270  43.798  -30.546  74.664 0.0000000000
111278  45.896  -30.542  74.844 0.0000000000
111299  43.117  -30.504  72.908 0.0000000000
111319  43.050  -30.421  71.758 0.0000000000
112768  45.241  -29.879  75.921 0.0000000000
112769  45.070  -29.844  75.985 0.0000000000
112787  45.077  -29.418  75.906 0.0000000000
112788  44.231  -29.963  75.393 0.0000000000
112800  45.999  -30.001  74.961 0.0000000000
112801  43.750  -29.667  74.641 0.0000000000
112807  43.332  -29.465  74.173 0.0000000000
112831  42.918  -29.368  72.283 0.0000000000
112840  43.019  -29.892  72.014 0.0000000000
112857  42.710  -29.491  71.182 0.0000000000
112868  42.868  -29.852  70.765 0.0000000000
114214  45.163  -29.186  76.098 0.0000000000
114215  44.644  -29.141  75.728 0.0000000000
114232  43.817  -28.963  75.076 0.0000000000
114245  45.700  -29.367  74.963 0.0000000000
114246  43.616  -28.979  74.868 0.0000000000
114259  45.675  -28.991  74.836 0.0000000000
114268  43.021  -28.962  74.201 0.0000000000
114269  42.861  -28.696  73.765 0.0000000000
114279  42.803  -28.821  73.162 0.0000000000
114287  42.704  -28.891  72.563 0.0000000000
114307  42.473  -29.007  71.268 0.0000000000
115648  45.046  -28.909  75.852 0.0000000000
115657  45.234  -28.703  75.396 0.0000000000
115658  44.924  -27.943  75.797 0.0000000000
115659  43.901  -28.338  75.199 0.0000000000
115660  43.857  -28.373  75.136 0.0000000000
115674  45.571  -28.199  74.923 0.0000000000
115692  43.182  -28.661  74.606 0.0000000000
115705  42.859  -28.264  73.890 0.0000000000
115712  45.629  -28.264  73.233 0.0000000000
115731  42.358  -28.469  71.645 0.0000000000
115741  50.878  -27.952  70.902 0.0000000000
115742  50.339  -28.026  71.061 0.0000000000
115760  50.589  -28.548  70.780 0.0000000000
115761  50.314  -28.450  70.797 0.0000000000
115762  50.031  -28.374  70.657 0.0000000000
115783  51.809  -28.632  69.712 0.0000000000
117128  45.120  -27.373  76.028 0.0000000000
117131  43.846  -27.698  75.056 0.0000000000
117142  43.704  -27.837  74.899 0.0000000000
117156  43.263  -27.977  74.517 0.0000000000
117157  43.023  -27.843  74.049 0.0000000000
117187  42.640  -27.715  73.062 0.0000000000
117197  42.234  -27.581  72.171 0.0000000000
117205  49.841  -27.425  71.239 0.0000000000
117209  42.279  -27.971  71.971 0.0000000000
117210  42.022  -27.466  71.708 0.0000000000
117219  50.127  -27.701  71.132 0.0000000000
117220  49.779  -27.632  71.072 0.0000000000
117237  51.095  -27.839  70.725 0.0000000000
117253  51.782  -27.978  69.660 0.0000000000
117272  52.171  -27.609  69.056 0.0000000000
118561  45.120  -27.028  75.336 0.0000000000
118562  44.924  -27.024  75.673 0.0000000000
118563  44.142  -26.790  75.139 0.0000000000
118564  43.869  -27.242  74.968 0.0000000000
118573  43.942  -27.452  75.008 0.0000000000
118581  46.429  -26.679  74.655 0.0000000000
118582  45.987  -27.012  74.950 0.0000000000
118594  46.821  -26.828  74.075 0.0000000000
118595  43.471  -27.091  74.034 0.0000000000
118596  42.916  -27.542  73.456 0.0000000000
118614  42.708  -27.242  72.958 0.0000000000
118625  48.828  -26.606  71.816 0.0000000000
118627  47.660  -26.524  72.425 0.0000000000
118629  42.542  -27.048  72.413 0.0000000000
118630  42.168  -27.196  71.943 0.0000000000
118637  50.152  -26.700  71.330 0.0000000000
118639  49.721  -26.940  71.459 0.0000000000
118640  48.942  -27.027  71.333 0.0000000000
118643  42.003  -26.857  71.452 0.0000000000
118652  50.346  -27.341  71.269 0.0000000000
118654  48.105  -27.081  71.398 0.0000000000
118655  41.792  -26.764  71.019 0.0000000000
118680  52.494  -27.311  68.509 0.0000000000
118694  52.676  -27.190  68.008 0.0000000000
118714  44.647  -26.985  66.904 0.0000000000
118725  45.696  -26.916  66.029 0.0000000000
120064  45.443  -26.498  75.167 0.0000000000
120067  44.230  -26.883  75.027 0.0000000000
120075  45.950  -26.044  75.059 0.0000000000
120077  45.281  -26.186  75.095 0.0000000000
120078  44.946  -26.440  75.086 0.0000000000
120079  44.611  -26.726  75.127 0.0000000000
120087  46.463  -26.262  74.682 0.0000000000
120088  44.349  -26.574  74.766 0.0000000000
120089  43.879  -26.819  74.478 0.0000000000
120095  47.186  -26.117  73.852 0.0000000000
120097  43.342  -26.831  73.373 0.0000000000
120098  43.088  -27.159  73.400 0.0000000000
120114  43.303  -26.602  72.761 0.0000000000
120129  49.163  -25.853  72.132 0.0000000000
120131  48.475  -26.226  72.451 0.0000000000
120133  42.887  -26.746  72.211 0.0000000000
120150  49.131  -26.225  71.939 0.0000000000
120151  42.640  -26.673  71.612 0.0000000000
120157  50.824  -26.766  70.686 0.0000000000
120158  50.379  -26.219  71.001 0.0000000000
120160  41.811  -26.483  70.701 0.0000000000
120176  52.032  -26.038  69.429 0.0000000000
120177  51.420  -26.279  69.982 0.0000000000
120185  52.593  -26.580  68.569 0.0000000000
120196  52.741  -26.080  68.488 0.0000000000
120207  52.553  -26.382  67.582 0.0000000000
120210  45.003  -26.555  67.598 0.0000000000
120211  44.420  -26.629  67.643 0.0000000000
120226  45.175  -26.764  67.098 0.0000000000
120238  51.731  -25.944  66.647 0.0000000000
121546  46.172  -25.896  75.149 0.0000000000
121547  45.550  -25.860  75.058 0.0000000000
121548  44.962  -25.961  75.033 0.0000000000
121556  46.940  -25.779  74.238 0.0000000000
121559  45.000  -26.002  74.708 0.0000000000
121560  44.532  -26.156  74.369 0.0000000000
121570  47.319  -25.696  73.876 0.0000000000
121571  44.108  -26.180  73.682 0.0000000000
121572  43.671  -26.495  73.465 0.0000000000
121581  48.994  -25.175  72.643 0.0000000000
121582  48.561  -25.469  73.000 0.0000000000
121583  48.225  -25.652  73.228 0.0000000000
121596  49.352  -25.541  72.096 0.0000000000
121610  50.133  -25.473  71.227 0.0000000000
121611  49.809  -25.718  71.539 0.0000000000
121614  42.794  -26.523  71.306 0.0000000000
121615  42.329  -26.571  71.155 0.0000000000
121628  50.306  -25.752  70.955 0.0000000000
121630  42.068  -26.406  70.854 0.0000000000
121631  41.830  -26.340  70.348 0.0000000000
121641  50.860  -25.661  70.424 0.0000000000
121642  50.638  -25.954  70.616 0.0000000000
121643  41.880  -26.274  69.896 0.0000000000
121667  52.350  -26.143  69.084 0.0000000000
121678  52.821  -25.615  68.177 0.0000000000
121679  46.349  -25.810  68.343 0.0000000000
121680  45.772  -26.092  68.539 0.0000000000
121681  45.194  -26.284  68.594 0.0000000000
121682  44.606  -26.402  68.626 0.0000000000
121691  47.162  -25.578  67.347 0.0000000000
121692  46.580  -25.866  67.646 0.0000000000
121714  47.323  -25.565  66.707 0.0000000000
121753  47.592  -25.313  65.117 0.0000000000
121754  47.156  -25.699  65.146 0.0000000000
121764  52.815  -25.053  63.869 0.0000000000
121799  53.910  -25.405  62.497 0.0000000000
121802  51.745  -25.553  62.431 0.0000000000
121803  51.225  -25.683  62.300 0.0000000000
121819  55.044  -25.110  62.152 0.0000000000
121822  51.710  -25.593  61.567 0.0000000000
121842  52.586  -25.566  61.032 0.0000000000
121845  50.601  -25.829  61.063 0.0000000000
121856  55.203  -25.348  61.159 0.0000000000
121858  53.635  -25.477  60.582 0.0000000000
121861  50.974  -25.646  60.720 0.0000000000
121871  55.030  -25.222  60.594 0.0000000000
121872  54.297  -25.341  60.261 0.0000000000
121875  51.687  -25.472  60.001 0.0000000000
121887  52.678  -25.291  59.528 0.0000000000
121888  52.042  -25.278  59.471 0.0000000000
121889  51.291  -25.343  59.408 0.0000000000
123085  46.193  -25.594  74.338 0.0000000000
123086  45.636  -25.699  74.524 0.0000000000
123087  44.989  -25.749  74.159 0.0000000000
123094  48.070  -25.174  73.366 0.0000000000
123096  46.757  -25.462  73.862 0.0000000000
123097  45.820  -25.472  73.827 0.0000000000
123099  44.990  -25.657  73.721 0.0000000000
123100  44.563  -25.909  73.753 0.0000000000
123108  48.945  -24.729  72.542 0.0000000000
123109  48.110  -24.931  73.130 0.0000000000
123111  44.540  -25.751  73.220 0.0000000000
123112  44.057  -26.029  72.715 0.0000000000
123121  44.815  -25.515  72.565 0.0000000000
123133  49.840  -25.029  71.805 0.0000000000
123136  42.933  -26.398  70.875 0.0000000000
123146  43.986  -26.121  71.066 0.0000000000
123147  43.470  -26.240  71.201 0.0000000000
123148  42.331  -26.430  70.602 0.0000000000
123157  51.049  -25.156  70.258 0.0000000000
123158  50.676  -25.339  70.588 0.0000000000
123159  46.362  -25.250  70.166 0.0000000000
123161  43.189  -26.288  70.757 0.0000000000
123163  42.190  -26.376  70.185 0.0000000000
123173  52.786  -25.210  69.064 0.0000000000
123174  52.233  -25.075  69.269 0.0000000000
123175  51.988  -25.510  69.493 0.0000000000
123178  46.016  -25.492  69.950 0.0000000000
123179  45.175  -26.031  69.656 0.0000000000
123180  44.575  -26.119  69.725 0.0000000000
123181  43.836  -26.231  69.803 0.0000000000
123182  43.103  -26.383  69.873 0.0000000000
123183  42.491  -26.432  69.840 0.0000000000
123194  52.677  -25.111  68.810 0.0000000000
123198  45.686  -25.928  69.211 0.0000000000
123199  45.353  -26.056  69.316 0.0000000000
123204  42.171  -26.250  69.436 0.0000000000
123205  42.005  -26.159  69.199 0.0000000000
123218  47.260  -25.143  68.339 0.0000000000
123219  46.705  -25.476  68.688 0.0000000000
123220  45.490  -26.138  68.895 0.0000000000
123223  43.074  -26.514  68.634 0.0000000000
123238  53.048  -24.628  67.512 0.0000000000
123239  52.874  -25.160  67.807 0.0000000000
123253  53.147  -24.320  66.318 0.0000000000
123256  47.828  -25.319  66.461 0.0000000000
123269  52.893  -24.577  66.055 0.0000000000
123271  48.023  -25.033  65.934 0.0000000000
123272  47.854  -25.176  65.965 0.0000000000
123284  52.450  -24.851  65.778 0.0000000000
123291  53.792  -24.512  64.523 0.0000000000
123302  53.973  -24.684  63.995 0.0000000000
123303  53.366  -24.805  64.241 0.0000000000
123313  54.996  -24.503  62.727 0.0000000000
123314  54.732  -24.607  63.149 0.0000000000
123325  54.377  -25.073  62.905 0.0000000000
123331  55.454  -24.604  61.443 0.0000000000
123332  55.234  -24.999  61.904 0.0000000000
123341  55.464  -25.058  61.341 0.0000000000
123349  55.686  -24.642  60.491 0.0000000000
123366  54.323  -24.913  59.276 0.0000000000
123368  52.461  -25.093  58.925 0.0000000000
123377  53.875  -24.793  58.688 0.0000000000
123390  53.530  -24.625  58.108 0.0000000000
123392  52.327  -24.727  57.861 0.0000000000
124600  47.821  -25.085  73.389 0.0000000000
124602  46.709  -25.146  73.419 0.0000000000
124603  46.183  -25.194  73.358 0.0000000000
124605  45.361  -25.457  73.406 0.0000000000
124612  47.188  -24.852  73.107 0.0000000000
124614  46.023  -25.164  72.949 0.0000000000
124615  45.563  -25.370  72.920 0.0000000000
124616  45.192  -25.447  72.887 0.0000000000
124624  49.297  -24.444  72.216 0.0000000000
124626  47.553  -24.557  72.555 0.0000000000
124628  46.232  -25.035  72.243 0.0000000000
124640  49.954  -24.472  71.630 0.0000000000
124641  47.733  -24.370  72.099 0.0000000000
124643  46.731  -24.803  71.980 0.0000000000
124645  45.131  -25.509  71.745 0.0000000000
124646  44.569  -25.776  71.373 0.0000000000
124655  50.845  -24.297  70.525 0.0000000000
124656  50.628  -24.539  70.848 0.0000000000
124657  50.211  -24.232  71.174 0.0000000000
124663  44.453  -25.958  70.774 0.0000000000
124672  51.378  -24.642  70.077 0.0000000000
124673  51.113  -24.894  70.258 0.0000000000
124675  47.157  -24.766  70.591 0.0000000000
124676  46.584  -25.057  70.650 0.0000000000
124678  45.508  -25.579  70.720 0.0000000000
124679  44.957  -25.859  70.448 0.0000000000
124691  51.831  -25.052  69.616 0.0000000000
124692  48.514  -24.153  69.897 0.0000000000
124696  44.996  -25.987  70.013 0.0000000000
124709  48.062  -24.547  69.053 0.0000000000
124720  52.967  -24.872  68.148 0.0000000000
124722  48.226  -24.674  68.396 0.0000000000
124735  53.193  -24.081  67.929 0.0000000000
124737  48.682  -24.523  67.363 0.0000000000
124753  53.227  -24.215  67.367 0.0000000000
124754  48.670  -24.484  66.677 0.0000000000
124769  48.853  -24.154  65.811 0.0000000000
124781  53.942  -23.867  64.692 0.0000000000
124782  53.598  -24.099  65.100 0.0000000000
124784  48.540  -24.502  65.631 0.0000000000
124791  53.885  -24.193  64.626 0.0000000000
124792  48.875  -24.146  64.747 0.0000000000
124798  54.340  -24.094  63.834 0.0000000000
124809  54.603  -24.219  63.346 0.0000000000
124817  54.995  -24.224  62.460 0.0000000000
124826  55.175  -24.368  61.937 0.0000000000
124834  55.538  -24.385  61.037 0.0000000000
124850  55.896  -24.175  60.052 0.0000000000
124857  56.369  -23.823  59.331 0.0000000000
124858  56.054  -24.147  59.656 0.0000000000
124859  55.541  -24.512  59.265 0.0000000000
124866  55.865  -23.937  58.468 0.0000000000
124873  55.317  -24.021  57.995 0.0000000000
124886  52.690  -24.231  56.984 0.0000000000
124899  53.240  -23.694  56.355 0.0000000000
126085  49.568  -24.287  71.867 0.0000000000
126087  48.749  -24.320  72.158 0.0000000000
126096  48.838  -24.138  71.735 0.0000000000
126106  48.930  -24.018  71.220 0.0000000000
126116  51.946  -24.332  69.464 0.0000000000
126117  51.659  -24.482  69.775 0.0000000000
126120  48.779  -24.008  70.744 0.0000000000
126121  48.606  -24.061  70.488 0.0000000000
126129  52.766  -24.369  68.595 0.0000000000
126131  51.959  -24.785  69.568 0.0000000000
126139  52.670  -24.859  68.813 0.0000000000
126140  49.825  -23.598  69.030 0.0000000000
126148  53.131  -23.868  68.065 0.0000000000
126159  53.284  -23.881  67.712 0.0000000000
126190  49.408  -23.693  65.738 0.0000000000
126191  49.128  -23.932  65.913 0.0000000000
126218  49.499  -23.643  65.218 0.0000000000
126219  49.232  -23.871  64.988 0.0000000000
126224  54.158  -23.790  64.261 0.0000000000
126226  53.304  -23.483  63.935 0.0000000000
126227  52.440  -23.475  63.595 0.0000000000
126228  51.745  -23.470  63.661 0.0000000000
126229  49.952  -23.627  64.087 0.0000000000
126230  49.617  -23.734  64.131 0.0000000000
126239  54.246  -23.664  63.250 0.0000000000
126243  50.763  -23.811  63.362 0.0000000000
126245  49.396  -24.018  63.301 0.0000000000
126253  54.832  -23.706  62.651 0.0000000000
126258  51.771  -23.739  62.971 0.0000000000
126261  49.730  -24.012  62.577 0.0000000000
126262  49.419  -24.091  62.736 0.0000000000
126269  54.763  -23.949  62.169 0.0000000000
126270  54.270  -23.776  62.193 0.0000000000
126272  52.347  -24.024  61.645 0.0000000000
126273  51.516  -23.990  62.443 0.0000000000
126294  55.361  -23.838  60.537 0.0000000000
126295  54.777  -23.792  60.371 0.0000000000
126296  53.993  -23.898  60.355 0.0000000000
126298  52.113  -24.000  60.716 0.0000000000
126313  52.997  -23.724  59.816 0.0000000000
126333  56.951  -23.055  58.683 0.0000000000
126334  56.871  -23.225  58.849 0.0000000000
126343  55.767  -23.620  57.824 0.0000000000
126344  55.040  -23.789  57.508 0.0000000000
126354  55.416  -23.420  57.219 0.0000000000
127625  50.223  -23.775  70.785 0.0000000000
127635  52.030  -23.925  69.456 0.0000000000
127637  51.066  -23.660  70.080 0.0000000000
127638  50.587  -23.502  70.281 0.0000000000
127640  49.887  -23.592  70.213 0.0000000000
127646  52.566  -23.841  68.622 0.0000000000
127647  52.271  -24.209  69.045 0.0000000000
127649  50.417  -23.343  69.709 0.0000000000
127651  49.931  -23.515  69.726 0.0000000000
127659  53.035  -23.972  68.113 0.0000000000
127661  51.139  -23.029  68.852 0.0000000000
127662  50.433  -23.270  68.922 0.0000000000
127669  53.048  -23.675  68.095 0.0000000000
127671  52.052  -22.874  67.998 0.0000000000
127672  51.233  -22.955  67.991 0.0000000000
127674  49.865  -23.609  68.134 0.0000000000
127684  53.103  -22.987  67.567 0.0000000000
127686  51.119  -22.968  67.380 0.0000000000
127687  50.776  -23.032  67.568 0.0000000000
127688  50.251  -23.321  67.527 0.0000000000
127696  53.421  -23.179  66.582 0.0000000000
127698  52.566  -22.782  66.996 0.0000000000
127699  50.730  -23.110  66.732 0.0000000000
127700  50.240  -23.321  66.916 0.0000000000
127701  49.618  -23.667  66.588 0.0000000000
127702  49.295  -23.941  66.645 0.0000000000
127716  50.308  -23.381  65.653 0.0000000000
127734  52.974  -22.954  65.501 0.0000000000
127738  50.103  -23.431  65.289 0.0000000000
127751  53.457  -23.438  64.533 0.0000000000
127752  52.822  -23.259  64.701 0.0000000000
127753  51.998  -23.332  64.545 0.0000000000
127755  50.538  -23.412  64.701 0.0000000000
127756  50.196  -23.441  64.820 0.0000000000
127757  49.860  -23.513  64.984 0.0000000000
127767  51.190  -23.502  63.805 0.0000000000
127768  50.742  -23.528  63.943 0.0000000000
127770  49.830  -23.613  64.486 0.0000000000
127782  50.409  -23.641  63.754 0.0000000000
127805  55.840  -23.546  59.711 0.0000000000
127820  56.620  -23.048  59.204 0.0000000000
127821  55.872  -23.001  59.126 0.0000000000
127822  55.270  -22.913  59.062 0.0000000000
127838  56.902  -23.154  58.778 0.0000000000
127855  57.073  -22.682  58.338 0.0000000000
127856  57.083  -22.763  58.181 0.0000000000
127873  57.271  -22.438  58.018 0.0000000000
127874  56.802  -22.668  57.465 0.0000000000
127876  55.215  -23.176  56.677 0.0000000000
127900  56.231  -22.565  56.668 0.0000000000
127902  54.987  -22.899  56.205 0.0000000000
129144  51.590  -23.745  69.503 0.0000000000
129145  51.096  -23.497  69.885 0.0000000000
129155  52.320  -24.054  69.043 0.0000000000
129156  52.069  -23.933  69.117 0.0000000000
129157  51.813  -23.600  69.115 0.0000000000
129168  51.861  -22.947  68.313 0.0000000000
129169  51.379  -23.113  68.740 0.0000000000
129170  51.463  -23.115  68.754 0.0000000000
129191  50.028  -23.429  67.104 0.0000000000
129202  49.821  -23.545  66.829 0.0000000000
129213  50.108  -23.394  66.791 0.0000000000
129301  54.295  -22.739  58.551 0.0000000000
129313  57.038  -21.903  57.897 0.0000000000
129316  56.109  -22.225  58.428 0.0000000000
129320  52.702  -22.738  58.074 0.0000000000
129334  57.339  -21.750  57.682 0.0000000000
129388  55.808  -22.322  56.000 0.0000000000
129421  56.036  -21.733  55.224 0.0000000000
130573  51.329  -23.449  69.505 0.0000000000
130584  50.932  -22.928  68.940 0.0000000000
130593  51.652  -23.166  68.770 0.0000000000
130745  56.804  -21.735  57.935 0.0000000000
130757  56.883  -21.096  57.584 0.0000000000
130758  56.127  -21.287  57.556 0.0000000000
130759  55.476  -21.479  57.554 0.0000000000
130775  57.881  -20.985  57.113 0.0000000000
130796  58.137  -20.991  56.759 0.0000000000
130815  58.152  -20.651  56.849 0.0000000000
130829  57.735  -20.991  55.557 0.0000000000
132073  56.869  -20.494  57.245 0.0000000000
132089  57.649  -20.498  57.206 0.0000000000
132090  57.360  -20.250  57.197 0.0000000000
132091  56.969  -20.143  57.170 0.0000000000
132092  56.356  -20.311  57.065 0.0000000000
132129  58.249  -20.344  54.915 0.0000000000
132130  57.533  -20.754  54.846 0.0000000000
133357  58.062  -19.904  56.886 0.0000000000
133371  58.433  -19.716  56.366 0.0000000000
133372  58.115  -20.001  56.731 0.0000000000
133373  57.746  -19.864  56.926 0.0000000000
133376  56.128  -19.435  56.803 0.0000000000
133380  58.886  -19.691  55.963 0.0000000000
134621  56.783  -18.439  56.438 0.0000000000
134622  56.142  -18.711  56.189 0.0000000000
134628  59.002  -19.240  55.568 0.0000000000
134638  59.396  -18.739  54.508 0.0000000000
134652  59.195  -19.148  53.902 0.0000000000
134661  59.104  -18.941  52.648 0.0000000000
134662  58.772  -19.191  52.789 0.0000000000
134690  57.960  -19.256  51.607 0.0000000000
134706  57.896  -19.009  50.738 0.0000000000
135853  57.444  -18.459  56.530 0.0000000000
135860  58.249  -18.630  55.945 0.0000000000
135861  57.833  -18.422  56.199 0.0000000000
135871  56.799  -17.947  55.648 0.0000000000
135883  59.586  -18.284  54.214 0.0000000000
135884  59.309  -18.368  54.691 0.0000000000
135894  59.747  -18.079  53.733 0.0000000000
137145  58.019  -18.039  55.720 0.0000000000
137146  57.577  -17.851  55.710 0.0000000000
137157  58.888  -18.103  55.138 0.0000000000
137168  59.599  -17.833  54.092 0.0000000000
249466  52.071  -23.826  69.068 0.0000000000
249467  51.942  -23.151  68.574 0.0000000000
249756  52.711  -23.570  68.351 0.0000000000
249835  51.709  -23.070  68.638 0.0000000000
249928  36.230  -43.453  75.665 0.0000000000
250200  50.246  -23.880  63.283 0.0000000000
250531  43.076  -31.313  72.055 0.0000000000
250810  50.130  -23.405  66.243 0.0000000000
250889  54.530  -24.418  58.229 0.0000000000
250958  51.418  -23.388  64.554 0.0000000000
250991  45.936  -30.132  73.937 0.0000000000
251169  54.612  -23.967  61.676 0.0000000000
251259  52.897  -25.542  61.522 0.0000000000
251269  50.735  -23.304  65.577 0.0000000000
251590  53.485  -23.753  62.150 0.0000000000
251849  53.774  -24.046  57.094 0.0000000000
252130  33.205  -42.542  78.408 0.0000000000
252380  43.392  -29.941  73.771 0.0000000000
253375  51.757  -24.039  61.246 0.0000000000
253404  45.682  -39.989  72.124 0.0000000000
253489  53.358  -25.495  62.007 0.0000000000
253593  49.765  -23.628  68.071 0.0000000000
253687  51.978  -25.546  60.426 0.0000000000
253995  33.828  -43.094  75.806 0.0000000000
253996  34.341  -43.046  75.623 0.0000000000
254365  44.291  -27.800  75.414 0.0000000000
254525  33.712  -42.846  77.397 0.0000000000
255042  51.866  -23.264  68.786 0.0000000000
255253  55.728  -23.835  60.226 0.0000000000
255256  34.420  -42.904  76.966 0.0000000000
255343  48.022  -24.449  69.678 0.0000000000
255528  49.421  -23.947  70.928 0.0000000000
255641  43.743  -41.084  73.778 0.0000000000
255886  45.572  -28.993  72.964 0.0000000000
256557  32.920  -42.551  78.537 0.0000000000
256729  45.118  -39.856  73.712 0.0000000000
256899  46.106  -25.260  71.042 0.0000000000
256937  53.575  -23.676  65.635 0.0000000000
257143  55.601  -19.729  56.492 0.0000000000
257247  52.384  -22.887  65.682 0.0000000000
257563  32.952  -42.648  80.564 0.0000000000
258095  39.016  -45.382  76.113 0.0000000000
258267  47.700  -24.733  72.952 0.0000000000
258421  50.211  -23.409  65.778 0.0000000000
258655  43.947  -38.526  74.149 0.0000000000
258862  52.032  -25.538  61.990 0.0000000000
258958  43.452  -26.412  72.332 0.0000000000
259250  34.132  -44.611  77.802 0.0000000000
259370  36.981  -43.601  74.479 0.0000000000
259431  47.079  -24.686  72.692 0.0000000000
259697  49.839  -23.598  67.491 0.0000000000
260497  44.884  -39.787  73.857 0.0000000000
261039  36.559  -43.559  74.831 0.0000000000
261329  44.005  -33.167  74.426 0.0000000000
261470  48.579  -24.768  72.725 0.0000000000
261503  53.951  -25.486  61.237 0.0000000000
261752  52.050  -24.966  58.534 0.0000000000
261798  48.685  -24.448  68.123 0.0000000000
262102  33.378  -44.206  78.167 0.0000000000
262490  57.513  -21.194  57.472 0.0000000000
262822  42.566  -29.309  70.761 0.0000000000
263049  53.646  -23.668  59.812 0.0000000000
263342  42.889  -40.841  73.605 0.0000000000
263743  52.580  -26.029  68.810 0.0000000000
264135  43.280  -31.790  72.937 0.0000000000
265654  46.292  -31.527  74.441 0.0000000000
265753  46.018  -25.632  69.417 0.0000000000
266398  46.146  -26.600  66.172 0.0000000000
266462  33.522  -43.148  76.134 0.0000000000
266463  34.122  -43.068  76.093 0.0000000000
266682  33.931  -42.937  76.917 0.0000000000
267179  57.186  -21.938  56.824 0.0000000000
267492  43.999  -28.145  75.221 0.0000000000
267697  45.250  -41.635  73.024 0.0000000000
267880  43.133  -31.441  72.926 0.0000000000
268372  40.848  -46.314  75.382 0.0000000000
268488  36.964  -44.196  75.413 0.0000000000
268717  43.499  -32.200  72.906 0.0000000000
269651  46.587  -33.307  74.844 0.0000000000
269931  50.535  -23.155  68.213 0.0000000000
270733  57.220  -22.119  57.736 0.0000000000
271433  34.689  -45.162  77.433 0.0000000000
271652  47.726  -25.399  73.520 0.0000000000
271964  43.418  -28.200  74.766 0.0000000000
272288  55.174  -25.023  60.346 0.0000000000
272402  44.388  -37.835  74.032 0.0000000000
272583  45.047  -30.831  76.037 0.0000000000
272812  43.840  -34.249  73.631 0.0000000000
273128  44.816  -43.384  72.924 0.0000000000
273410  55.801  -23.941  60.213 0.0000000000
274163  42.704  -28.267  73.263 0.0000000000
274426  56.882  -18.902  56.974 0.0000000000
275081  44.631  -35.718  75.488 0.0000000000
275291  44.458  -32.820  75.454 0.0000000000
275368  47.150  -33.750  72.611 0.0000000000
276433  36.918  -44.905  76.580 0.0000000000
276732  46.011  -26.537  75.102 0.0000000000
277133  49.765  -24.003  71.107 0.0000000000
278182  52.837  -24.695  66.694 0.0000000000
278214  43.096  -26.343  70.317 0.0000000000
279330  42.832  -26.469  68.898 0.0000000000
279556  51.108  -26.643  70.370 0.0000000000
279774  49.925  -25.261  71.659 0.0000000000
280264  53.958  -23.512  63.748 0.0000000000
280609  49.963  -26.825  71.391 0.0000000000
280706  59.177  -19.127  54.913 0.0000000000
281036  55.483  -21.909  55.099 0.0000000000
281624  48.874  -24.299  63.499 0.0000000000
281837  43.741  -26.444  68.893 0.0000000000
282273  47.987  -24.964  65.104 0.0000000000
282300  53.073  -24.489  66.870 0.0000000000
282395  33.630  -43.158  75.369 0.0000000000
282791  51.976  -22.817  68.239 0.0000000000
282842  52.298  -23.539  68.644 0.0000000000
283386  44.506  -25.681  72.773 0.0000000000
283494  45.903  -38.440  72.900 0.0000000000
283584  42.158  -26.781  71.466 0.0000000000
284264  34.909  -43.072  76.198 0.0000000000
284360  46.085  -35.387  75.387 0.0000000000
284646  48.036  -25.208  66.784 0.0000000000
285104  52.976  -25.472  60.103 0.0000000000
285127  44.103  -29.059  75.190 0.0000000000
285306  45.310  -39.939  72.844 0.0000000000
285427  44.089  -31.689  74.891 0.0000000000
285833  49.190  -24.107  67.088 0.0000000000
287087  50.158  -23.399  68.233 0.0000000000
287386  48.049  -26.294  72.627 0.0000000000
287681  54.818  -25.390  61.940 0.0000000000
288277  52.175  -22.928  68.064 0.0000000000
288454  42.054  -26.227  68.953 0.0000000000
288492  35.842  -43.148  75.772 0.0000000000
289097  43.490  -26.205  70.821 0.0000000000
289246  55.192  -22.616  58.675 0.0000000000
289710  50.984  -23.372  69.738 0.0000000000
290040  35.292  -42.998  75.386 0.0000000000
290210  44.631  -34.419  75.582 0.0000000000
290211  45.448  -41.129  72.678 0.0000000000
290328  39.981  -45.028  73.581 0.0000000000
291026  47.635  -24.441  70.642 0.0000000000
291111  52.866  -23.849  68.344 0.0000000000
291147  52.460  -23.739  59.815 0.0000000000
291277  44.183  -40.866  73.698 0.0000000000
291314  45.084  -28.173  76.130 0.0000000000
291543  35.321  -43.123  74.712 0.0000000000
292101  54.482  -23.985  63.463 0.0000000000
292503  44.076  -26.499  68.620 0.0000000000
292674  43.763  -26.248  71.748 0.0000000000
292971  45.355  -36.382  74.759 0.0000000000
293156  44.576  -32.506  75.767 0.0000000000
293309  45.927  -30.121  74.606 0.0000000000
293310  38.237  -44.467  74.917 0.0000000000
293619  45.046  -38.711  73.798 0.0000000000
294119  46.193  -25.761  74.719 0.0000000000
294683  44.688  -30.864  75.810 0.0000000000
294873  46.105  -31.898  75.067 0.0000000000
294915  32.832  -44.163  78.323 0.0000000000
294919  42.614  -42.548  74.475 0.0000000000
295289  43.963  -34.953  74.321 0.0000000000
295333  45.761  -38.805  72.905 0.0000000000
295345  34.772  -45.691  77.239 0.0000000000
296289  43.170  -26.583  72.282 0.0000000000
296600  35.087  -43.967  77.956 0.0000000000
296740  43.362  -40.671  73.834 0.0000000000
297016  57.915  -20.912  57.294 0.0000000000
297271  46.997  -24.807  70.971 0.0000000000
297377  48.358  -24.138  70.762 0.0000000000
297428  48.412  -24.804  66.531 0.0000000000
297982  40.631  -44.840  75.590 0.0000000000
298105  51.768  -22.975  66.107 0.0000000000
298305  45.260  -28.312  75.630 0.0000000000
298784  45.132  -27.978  75.681 0.0000000000
299884  42.451  -29.169  70.413 0.0000000000
299983  43.337  -31.914  72.553 0.0000000000
300353  43.799  -27.182  74.658 0.0000000000
300583  46.279  -25.005  72.627 0.0000000000
300917  53.493  -25.521  61.546 0.0000000000
301054  50.580  -24.895  70.828 0.0000000000
