#!ascii label  , from subject sub-v2s5x29544_ses-1 vox2ras=TkReg
1666
147405  -18.912  -11.108  0.452 0.5555555820
148837  -20.097  -11.291  0.134 0.6666666865
150194  -20.629  -10.095  -0.796 0.7777777910
150208  -21.456  -10.439  -1.585 0.7777777910
152778  -21.205  -8.643  -1.716 0.8888888955
152781  -23.826  -9.062  -2.426 0.8888888955
147404  -18.566  -11.664  0.749 0.5555555820
148828  -18.904  -10.560  1.206 0.5555555820
151475  -19.798  -9.803  0.193 0.6666666865
151482  -20.056  -9.507  -0.326 0.8888888955
150219  -21.325  -9.903  -2.202 0.8888888955
287170  -21.948  -8.927  -2.112 0.8888888955
152790  -23.122  -8.287  -2.437 1.0000000000
152792  -24.375  -8.637  -2.636 0.8888888955
272592  -25.188  -7.659  -2.758 1.0000000000
151467  -19.087  -9.482  0.975 0.7777777910
154033  -19.881  -8.172  -0.590 1.0000000000
155281  -19.552  -7.044  -1.555 1.0000000000
154054  -20.354  -8.012  -2.472 1.0000000000
155306  -21.993  -7.029  -2.191 1.0000000000
155303  -19.979  -7.879  -2.553 1.0000000000
154068  -22.634  -7.145  -2.254 1.0000000000
156514  -21.629  -6.662  -2.307 1.0000000000
156515  -22.322  -6.571  -2.293 1.0000000000
156517  -23.697  -6.873  -2.800 1.0000000000
280366  -25.519  -6.854  -2.957 1.0000000000
265020  -23.386  -6.304  -2.716 1.0000000000
156518  -24.154  -6.358  -3.245 1.0000000000
288600  -25.517  -6.477  -2.911 1.0000000000
159051  -24.919  -5.135  -3.316 1.0000000000
250827  -25.704  -5.058  -2.956 0.7777777910
157708  -19.711  -6.323  -1.072 0.8888888955
282548  -20.163  -7.070  -2.734 1.0000000000
157733  -22.389  -5.983  -2.235 1.0000000000
157719  -20.493  -6.009  -1.941 1.0000000000
157721  -21.754  -5.733  -2.013 1.0000000000
159039  -23.659  -5.199  -3.133 1.0000000000
157736  -24.199  -5.681  -3.235 1.0000000000
291952  -24.626  -4.820  -3.303 1.0000000000
160356  -25.337  -4.859  -3.185 1.0000000000
160339  -26.114  -4.466  -2.543 0.8888888955
161732  -25.656  -4.118  -2.736 1.0000000000
161718  -26.486  -4.197  -2.216 0.7777777910
161719  -26.847  -3.911  -1.832 0.7777777910
159019  -20.243  -4.903  -1.427 0.5555555820
161717  -21.456  -3.956  -1.986 0.7777777910
160321  -20.951  -4.474  -1.836 0.8888888955
160335  -22.272  -4.714  -2.255 1.0000000000
159037  -22.513  -5.341  -2.235 1.0000000000
161729  -22.024  -4.152  -2.250 0.8888888955
161730  -22.697  -4.238  -2.563 1.0000000000
159049  -23.761  -4.638  -3.268 1.0000000000
161750  -24.961  -3.962  -3.334 1.0000000000
162998  -25.721  -3.511  -2.841 0.8888888955
163034  -25.587  -2.953  -3.446 1.0000000000
163019  -26.175  -2.868  -2.777 0.8888888955
165591  -27.306  -2.152  -2.270 0.7777777910
164274  -27.746  -2.442  -1.221 0.6666666865
253159  -27.783  -1.933  -1.593 0.6666666865
162975  -20.476  -3.227  -0.962 0.4444444478
161716  -20.845  -3.924  -1.674 0.7777777910
162982  -21.210  -2.784  -1.476 0.6666666865
162996  -22.500  -3.008  -2.643 0.7777777910
163015  -23.583  -3.410  -3.192 0.8888888955
161749  -24.526  -4.027  -3.472 1.0000000000
163016  -24.037  -2.925  -3.510 1.0000000000
163032  -24.624  -2.934  -3.762 1.0000000000
164323  -25.506  -2.440  -3.796 1.0000000000
164324  -25.869  -1.852  -3.716 0.8888888955
165616  -26.392  -1.826  -3.209 0.7777777910
165605  -27.399  -1.521  -2.327 0.7777777910
252069  -27.987  -1.986  -1.144 0.5555555820
166844  -27.608  -0.955  -2.211 0.7777777910
166831  -27.803  -0.888  -1.677 0.6666666865
165588  -21.130  -1.675  -1.730 0.6666666865
164281  -20.972  -2.282  -1.252 0.6666666865
165590  -22.110  -2.066  -2.131 0.7777777910
166830  -21.972  -1.488  -2.264 0.7777777910
164295  -22.701  -2.482  -2.776 0.8888888955
164306  -23.839  -2.300  -3.404 0.8888888955
165613  -23.337  -1.848  -3.224 1.0000000000
165615  -24.275  -1.892  -3.965 1.0000000000
165627  -24.862  -1.889  -4.072 1.0000000000
257103  -25.117  -2.394  -3.932 0.8888888955
166857  -26.534  -0.647  -3.386 0.8888888955
166842  -26.879  -0.535  -2.991 0.8888888955
166843  -27.199  -0.874  -2.612 0.7777777910
168146  -26.112  -0.429  -4.602 0.8888888955
168121  -27.039  -0.080  -3.425 0.7777777910
169341  -27.225  0.320  -2.790 0.7777777910
168108  -27.702  -0.424  -2.089 0.7777777910
168096  -27.804  -0.254  -1.463 0.6666666865
166828  -20.975  -1.138  -1.451 0.6666666865
165579  -20.770  -1.638  -1.160 0.5555555820
275714  -21.280  -1.330  -2.018 0.7777777910
271230  -22.547  -1.434  -2.594 0.8888888955
265814  -23.430  -1.343  -3.377 0.8888888955
166868  -23.945  -0.875  -3.998 1.0000000000
263524  -24.264  -1.337  -4.115 1.0000000000
168158  -25.935  -0.452  -5.057 1.0000000000
166871  -25.806  -1.248  -4.238 0.8888888955
275891  -27.164  0.484  -3.269 0.7777777910
171563  -27.383  1.382  -2.358 0.7777777910
170419  -27.961  0.945  -1.950 0.6666666865
170420  -28.195  1.060  -1.319 0.5555555820
169318  -28.569  0.399  -0.983 0.5555555820
166829  -21.310  -0.666  -1.622 0.7777777910
168106  -21.045  -0.018  -1.459 0.6666666865
166840  -22.193  -0.911  -2.461 0.8888888955
168144  -23.606  -0.402  -3.935 1.0000000000
168155  -24.352  -0.298  -4.374 1.0000000000
248075  -25.498  0.567  -4.981 0.8888888955
169378  -25.960  0.095  -4.859 0.8888888955
170467  -26.133  1.347  -3.910 0.8888888955
169352  -26.903  0.493  -3.544 0.8888888955
267989  -26.933  1.902  -2.497 0.7777777910
172685  -27.270  2.519  -2.143 0.7777777910
171554  -27.708  1.952  -2.211 0.7777777910
269618  -28.242  1.490  -1.826 0.5555555820
172684  -26.587  2.639  -2.483 0.7777777910
172665  -27.999  2.437  -2.079 0.5555555820
172667  -28.982  2.438  -1.552 0.5555555820
173873  -28.217  2.853  -1.970 0.6666666865
170401  -20.218  0.829  -0.141 0.4444444478
169316  -21.142  0.518  -1.594 0.5555555820
170450  -22.032  1.115  -2.889 0.7777777910
169364  -23.342  0.228  -3.890 1.0000000000
169350  -22.336  0.644  -3.189 0.8888888955
264646  -23.343  0.928  -3.996 1.0000000000
170479  -24.895  0.867  -5.051 0.8888888955
171594  -25.136  1.927  -4.775 0.8888888955
170466  -25.651  1.285  -4.433 0.8888888955
171584  -25.915  1.829  -3.998 0.8888888955
172694  -26.412  2.141  -2.992 0.8888888955
173883  -27.617  2.966  -1.964 0.6666666865
173874  -28.698  2.863  -1.692 0.5555555820
262606  -22.014  2.947  -2.489 0.6666666865
171553  -21.877  2.041  -2.160 0.6666666865
172699  -22.776  2.398  -3.632 0.7777777910
172709  -24.388  2.303  -4.698 0.8888888955
275846  -23.493  2.852  -4.316 0.7777777910
172710  -24.712  2.730  -4.733 0.7777777910
274242  -24.901  2.281  -4.788 0.8888888955
173909  -25.257  3.499  -4.225 0.7777777910
172701  -25.782  2.373  -4.128 0.8888888955
173910  -25.862  3.406  -3.824 0.7777777910
173899  -26.215  3.334  -3.317 0.7777777910
173889  -26.467  3.234  -2.691 0.6666666865
177780  -26.585  4.932  -3.134 0.6666666865
176486  -26.668  4.349  -2.758 0.6666666865
175185  -26.881  3.840  -2.418 0.6666666865
175178  -27.299  3.461  -2.085 0.5555555820
179005  -27.638  6.021  -2.767 0.6666666865
177774  -27.539  5.466  -2.454 0.5555555820
177764  -28.098  5.147  -1.543 0.5555555820
175170  -28.116  3.383  -1.658 0.4444444478
178987  -28.234  5.691  -1.615 0.5555555820
176478  -21.424  4.991  -1.895 0.3333333433
175183  -21.745  4.312  -2.238 0.3333333433
175190  -22.384  4.013  -3.478 0.5555555820
257011  -22.215  3.552  -3.219 0.6666666865
265957  -23.089  4.984  -4.227 0.5555555820
275634  -22.967  3.589  -4.019 0.7777777910
175214  -23.649  3.750  -4.406 0.7777777910
250924  -24.363  5.125  -4.416 0.6666666865
175203  -25.238  4.222  -4.195 0.6666666865
176503  -24.572  4.497  -4.309 0.6666666865
176505  -25.621  4.668  -4.023 0.6666666865
177787  -26.269  5.517  -3.436 0.6666666865
179004  -27.066  6.005  -3.036 0.6666666865
180175  -27.739  6.352  -2.601 0.6666666865
178998  -27.856  5.973  -2.095 0.5555555820
180158  -28.129  6.885  -1.427 0.5555555820
180168  -27.933  6.669  -1.887 0.6666666865
179009  -22.061  6.047  -2.665 0.4444444478
177771  -21.234  5.715  -1.539 0.4444444478
177784  -22.216  5.226  -3.008 0.4444444478
179010  -22.387  6.432  -3.123 0.5555555820
280800  -22.906  5.413  -3.800 0.5555555820
177795  -23.416  5.570  -4.024 0.6666666865
253506  -23.702  5.108  -4.387 0.6666666865
274967  -24.903  5.608  -4.365 0.6666666865
177798  -25.889  5.173  -3.883 0.6666666865
179013  -26.570  6.110  -3.239 0.6666666865
180184  -26.911  6.636  -3.110 0.6666666865
181325  -27.478  7.538  -1.674 0.6666666865
182450  -27.573  8.008  -1.216 0.5555555820
181327  -28.135  7.473  -1.094 0.6666666865
180172  -22.076  7.274  -2.749 0.4444444478
179018  -24.178  6.436  -4.310 0.6666666865
179019  -24.594  6.330  -4.594 0.6666666865
180188  -25.121  6.692  -4.116 0.6666666865
177797  -25.500  5.722  -4.104 0.6666666865
179020  -25.162  6.122  -4.326 0.6666666865
181345  -27.033  7.432  -2.783 0.6666666865
152763  -20.857  -8.890  -1.308 0.8888888955
152749  -19.977  -8.888  -0.404 1.0000000000
277563  -20.128  -8.029  -1.248 1.0000000000
283862  -21.671  -7.884  -1.930 1.0000000000
154070  -23.472  -7.918  -2.654 1.0000000000
164273  -20.342  -2.684  -1.022 0.5555555820
168105  -20.873  -0.521  -1.126 0.5555555820
171542  -20.862  1.541  -0.947 0.5555555820
267378  -22.058  0.027  -2.577 0.7777777910
170465  -23.935  0.608  -4.491 1.0000000000
171576  -26.615  1.457  -3.012 0.8888888955
171526  -19.844  1.357  0.228 0.2222222239
175179  -27.575  3.595  -1.978 0.6666666865
175216  -24.631  3.278  -4.624 0.7777777910
176480  -27.690  4.038  -1.527 0.4444444478
179017  -23.541  6.231  -3.929 0.6666666865
180179  -23.667  6.948  -3.634 0.6666666865
271856  -20.596  -2.106  -0.892 0.4444444478
166816  -20.571  -0.983  -0.833 0.4444444478
181317  -28.582  7.479  -0.701 0.5555555820
273729  -28.624  6.907  -0.983 0.5555555820
272271  -21.053  6.305  -1.291 0.2222222239
265753  -21.530  6.126  -1.925 0.3333333433
182439  -28.205  7.916  -0.948 0.5555555820
144758  -19.013  -13.035  0.507 0.5555555820
146075  -19.705  -12.411  0.134 0.5555555820
147415  -19.511  -11.340  0.365 0.6666666865
148849  -20.543  -11.170  -0.304 0.5555555820
147443  -21.322  -11.658  -1.005 0.5555555820
150222  -23.357  -10.122  -1.913 0.7777777910
151514  -23.898  -9.677  -2.204 0.8888888955
144756  -18.326  -12.637  1.244 0.5555555820
291600  -21.262  -10.736  -1.248 0.6666666865
150220  -21.931  -10.334  -1.734 0.6666666865
150221  -22.568  -10.241  -1.726 0.8888888955
152782  -24.516  -9.171  -2.249 0.7777777910
152783  -25.186  -8.980  -2.227 0.7777777910
154073  -25.544  -7.960  -2.690 0.8888888955
146051  -17.559  -12.221  1.692 0.4444444478
150175  -18.022  -9.748  0.881 0.5555555820
155310  -25.665  -7.418  -2.849 1.0000000000
246308  -18.214  -8.950  0.824 0.2222222239
154024  -19.071  -8.186  0.351 0.6666666865
157722  -25.799  -6.390  -2.152 0.8888888955
159030  -25.985  -5.381  -1.920 0.6666666865
160325  -26.565  -4.412  -1.611 0.7777777910
161706  -27.005  -4.177  -1.348 0.6666666865
155270  -18.858  -7.171  -0.347 0.5555555820
274328  -27.298  -3.650  -1.505 0.6666666865
159008  -19.177  -5.979  -0.248 0.4444444478
162965  -27.762  -2.931  -0.856 0.5555555820
165569  -28.234  -1.745  -0.803 0.5555555820
160282  -19.912  -4.162  -0.137 0.2222222239
280328  -28.291  -1.228  -0.882 0.5555555820
162974  -19.893  -2.821  -0.799 0.4444444478
166805  -19.873  -1.255  -0.232 0.3333333433
170407  -28.749  1.016  -0.915 0.5555555820
169305  -20.406  0.383  -0.586 0.4444444478
172656  -29.389  2.249  -0.601 0.4444444478
170400  -19.621  0.759  0.367 0.3333333433
173860  -29.236  3.128  -0.899 0.5555555820
175172  -28.613  3.965  -0.634 0.4444444478
175166  -21.078  4.480  -0.625 0.3333333433
173870  -21.577  3.762  -1.304 0.3333333433
173882  -21.890  3.308  -1.915 0.4444444478
177765  -28.466  5.331  -1.120 0.4444444478
272050  -28.737  6.456  -0.884 0.4444444478
180171  -21.549  7.327  -2.223 0.3333333433
180178  -22.845  6.725  -3.405 0.6666666865
180181  -25.359  7.388  -3.899 0.6666666865
180182  -25.797  6.775  -3.821 0.6666666865
182463  -26.876  7.879  -3.430 0.6666666865
244836  -26.616  8.521  -3.042 0.6666666865
183627  -27.013  8.441  -2.253 0.6666666865
182449  -27.111  8.090  -1.765 0.6666666865
183619  -27.727  8.395  -1.130 0.6666666865
182451  -28.382  8.343  -0.956 0.4444444478
182440  -28.727  8.005  -0.566 0.3333333433
180180  -24.181  7.399  -3.747 0.5555555820
267448  -18.498  -11.090  0.881 0.5555555820
148829  -19.365  -10.645  0.707 0.6666666865
147414  -19.064  -11.664  0.435 0.5555555820
146074  -19.378  -12.003  0.350 0.6666666865
147430  -20.363  -11.767  -0.211 0.6666666865
272504  -19.794  -10.378  0.245 0.6666666865
273025  -20.190  -10.737  -0.031 0.7777777910
273024  -20.589  -10.585  -0.575 0.7777777910
150193  -20.203  -10.117  -0.281 0.7777777910
151483  -20.467  -9.727  -0.676 0.8888888955
151497  -20.887  -9.687  -1.253 0.8888888955
152779  -21.828  -8.447  -2.079 1.0000000000
152777  -20.891  -8.210  -1.540 1.0000000000
151511  -21.226  -9.603  -2.170 0.8888888955
294621  -20.532  -8.303  -1.271 1.0000000000
152780  -23.159  -8.815  -2.393 1.0000000000
247822  -22.517  -9.092  -2.078 0.8888888955
252428  -23.264  -9.433  -2.274 0.8888888955
146064  -18.507  -12.231  0.885 0.5555555820
146063  -18.212  -12.063  1.123 0.4444444478
147395  -18.024  -11.845  1.188 0.4444444478
148826  -18.047  -10.969  1.131 0.5555555820
148827  -18.324  -10.800  1.049 0.5555555820
150176  -18.304  -10.118  0.931 0.6666666865
150177  -19.155  -10.105  1.060 0.6666666865
151474  -19.467  -9.592  0.686 0.8888888955
152750  -20.354  -9.261  -0.863 0.8888888955
151512  -21.586  -9.548  -2.255 0.8888888955
154057  -22.505  -8.443  -2.223 1.0000000000
154071  -24.176  -8.076  -2.833 1.0000000000
154056  -22.145  -7.902  -2.135 1.0000000000
154069  -22.772  -7.780  -2.357 1.0000000000
154072  -24.923  -8.207  -2.814 1.0000000000
155309  -24.638  -7.589  -2.837 1.0000000000
152731  -18.897  -8.872  0.918 0.6666666865
152739  -19.254  -8.923  0.616 0.8888888955
151466  -18.253  -9.424  0.705 0.6666666865
250829  -20.252  -8.637  -0.919 1.0000000000
154032  -19.244  -7.651  -0.290 0.8888888955
252097  -19.699  -7.479  -1.161 0.8888888955
152748  -19.544  -8.502  0.017 1.0000000000
154053  -19.988  -7.639  -2.206 1.0000000000
155280  -19.006  -7.038  -0.862 0.8888888955
156489  -19.694  -6.695  -1.828 1.0000000000
155294  -21.024  -7.561  -1.951 1.0000000000
156512  -20.377  -6.942  -2.688 1.0000000000
283619  -22.274  -7.457  -2.164 1.0000000000
155308  -23.914  -7.492  -2.867 1.0000000000
156501  -20.548  -6.545  -2.397 1.0000000000
157732  -21.675  -6.289  -2.270 1.0000000000
261184  -24.403  -7.038  -2.958 1.0000000000
156502  -25.853  -6.734  -2.773 0.8888888955
156519  -24.858  -6.641  -3.203 1.0000000000
157735  -23.577  -5.777  -2.928 1.0000000000
157734  -22.964  -5.825  -2.553 1.0000000000
156531  -24.664  -6.089  -3.450 1.0000000000
157748  -25.033  -5.743  -3.293 1.0000000000
270346  -25.690  -5.952  -2.253 0.8888888955
160323  -26.040  -4.968  -2.637 0.7777777910
157709  -20.009  -6.111  -1.801 1.0000000000
287525  -19.898  -5.734  -1.213 0.5555555820
156488  -19.140  -6.740  -1.014 0.6666666865
156500  -20.143  -6.686  -2.472 1.0000000000
157695  -18.863  -6.287  -0.677 0.5555555820
280775  -21.079  -5.629  -1.810 1.0000000000
159029  -21.965  -5.076  -1.982 1.0000000000
160337  -23.219  -4.730  -2.948 1.0000000000
159050  -24.317  -5.081  -3.279 1.0000000000
160354  -24.356  -4.535  -3.343 1.0000000000
259382  -25.276  -4.343  -3.065 1.0000000000
254383  -26.310  -3.412  -2.556 0.8888888955
162984  -27.058  -3.357  -1.959 0.7777777910
162976  -27.455  -2.995  -1.495 0.6666666865
160312  -19.952  -5.173  -0.947 0.5555555820
157696  -19.608  -5.812  -0.674 0.5555555820
160298  -20.174  -4.488  -1.014 0.6666666865
160320  -20.497  -4.448  -1.553 0.6666666865
159026  -20.223  -5.485  -1.509 0.7777777910
159027  -20.624  -5.106  -1.703 0.7777777910
264308  -21.223  -3.380  -1.716 0.6666666865
161728  -21.641  -3.441  -2.247 0.8888888955
289431  -21.815  -3.769  -2.258 0.8888888955
159028  -21.362  -5.086  -1.848 0.8888888955
160322  -21.713  -4.571  -1.912 1.0000000000
162997  -22.905  -3.544  -2.779 0.8888888955
161731  -23.347  -4.088  -3.011 1.0000000000
163017  -24.750  -3.486  -3.676 1.0000000000
164307  -25.959  -2.359  -3.252 0.8888888955
165603  -26.498  -2.308  -2.936 0.8888888955
162999  -26.744  -3.117  -2.398 0.7777777910
164284  -27.122  -2.734  -2.038 0.7777777910
262535  -27.697  -1.449  -1.869 0.6666666865
164264  -28.043  -2.376  -0.688 0.5555555820
165580  -27.968  -1.434  -1.304 0.6666666865
275384  -20.810  -3.480  -1.325 0.5555555820
161690  -20.094  -3.435  -0.496 0.3333333433
161689  -20.026  -4.029  -0.416 0.3333333433
161705  -20.443  -3.830  -1.050 0.4444444478
164282  -21.436  -2.329  -1.691 0.6666666865
162983  -21.562  -2.930  -1.980 0.7777777910
163014  -22.992  -2.941  -3.049 0.8888888955
249653  -24.276  -3.517  -3.627 1.0000000000
164322  -24.683  -2.388  -3.896 1.0000000000
166872  -26.261  -1.293  -3.619 0.7777777910
288153  -27.472  -0.497  -2.458 0.7777777910
166817  -28.113  -0.798  -1.182 0.5555555820
165602  -22.857  -1.935  -2.873 0.8888888955
251254  -24.666  -1.448  -4.306 1.0000000000
169342  -27.578  0.545  -2.352 0.7777777910
168123  -27.491  -0.010  -2.436 0.7777777910
169317  -27.964  0.396  -1.373 0.6666666865
165568  -20.377  -1.618  -0.618 0.4444444478
166855  -23.047  -0.877  -3.245 0.8888888955
166869  -24.489  -0.823  -4.287 1.0000000000
270232  -25.720  -0.059  -5.189 0.8888888955
170438  -26.953  0.855  -3.174 0.7777777910
171555  -28.101  1.525  -2.148 0.6666666865
171545  -28.590  1.630  -1.376 0.5555555820
254197  -28.930  1.528  -0.844 0.5555555820
168095  -20.555  0.013  -0.978 0.5555555820
169327  -21.712  0.215  -2.276 0.6666666865
168132  -22.717  -0.380  -3.080 0.8888888955
169377  -25.160  0.205  -5.168 1.0000000000
170452  -26.608  1.084  -3.583 0.8888888955
172666  -28.599  2.325  -1.967 0.6666666865
254324  -26.356  2.772  -3.192 0.8888888955
170418  -21.010  0.970  -1.266 0.5555555820
170427  -21.310  0.985  -1.799 0.5555555820
169363  -22.802  0.740  -3.623 1.0000000000
170451  -22.433  1.217  -3.340 0.7777777910
171562  -21.879  1.570  -2.526 0.7777777910
171593  -24.696  1.644  -4.924 0.8888888955
170464  -23.343  1.450  -3.977 0.7777777910
175171  -28.769  3.360  -1.155 0.5555555820
173881  -21.357  2.995  -1.538 0.5555555820
172678  -21.792  2.625  -2.032 0.5555555820
173888  -22.035  3.597  -2.499 0.4444444478
271122  -22.179  2.669  -2.918 0.6666666865
173898  -22.410  2.955  -3.412 0.6666666865
171574  -22.186  1.737  -3.019 0.7777777910
171561  -21.541  1.543  -2.009 0.7777777910
273489  -21.090  2.025  -1.115 0.6666666865
173908  -23.383  3.386  -4.268 0.7777777910
171582  -23.076  1.875  -3.818 0.7777777910
273631  -25.589  2.907  -4.200 0.7777777910
175204  -25.808  4.034  -4.031 0.6666666865
175184  -26.420  3.806  -2.900 0.6666666865
176494  -26.378  4.368  -3.386 0.6666666865
177788  -26.822  5.514  -3.046 0.6666666865
177781  -27.035  4.978  -2.638 0.6666666865
176479  -27.395  4.820  -2.150 0.5555555820
176488  -27.383  4.193  -1.973 0.5555555820
178988  -28.559  6.042  -1.252 0.4444444478
176462  -28.498  4.618  -0.809 0.4444444478
288876  -28.528  6.517  -1.258 0.5555555820
270162  -21.809  3.846  -1.834 0.4444444478
176492  -22.272  4.559  -3.256 0.5555555820
176501  -22.889  4.455  -4.187 0.6666666865
176502  -23.415  4.453  -4.389 0.7777777910
180167  -27.397  6.906  -2.400 0.6666666865
181337  -27.697  7.145  -1.838 0.6666666865
269661  -22.468  5.672  -3.402 0.5555555820
180183  -26.381  6.748  -3.456 0.6666666865
180173  -26.851  7.370  -3.463 0.6666666865
182457  -27.018  8.060  -2.514 0.6666666865
266741  -20.464  -0.369  -0.745 0.4444444478
171527  -20.372  1.511  -0.385 0.3333333433
164263  -20.168  -2.298  -0.673 0.4444444478
293238  -20.222  -1.108  -0.516 0.4444444478
180148  -28.962  6.950  -0.580 0.3333333433
183621  -28.827  8.634  -0.800 0.3333333433
144767  -19.187  -12.542  0.377 0.5555555820
150223  -23.945  -10.220  -1.822 0.6666666865
144749  -18.280  -13.249  1.438 0.5555555820
259618  -26.043  -7.154  -2.783 0.7777777910
144747  -17.450  -12.667  1.964 0.3333333433
150174  -18.099  -10.381  1.062 0.4444444478
160313  -26.385  -4.943  -1.439 0.6666666865
160297  -19.913  -4.648  -0.397 0.3333333433
158976  -19.768  -4.876  0.250 0.1111111119
289168  -19.781  -3.948  -0.086 0.1111111119
165567  -20.013  -1.912  -0.356 0.4444444478
166806  -20.047  -0.612  -0.399 0.3333333433
168085  -20.225  -0.060  -0.435 0.3333333433
172649  -20.795  2.989  -0.567 0.3333333433
183618  -27.103  8.480  -1.424 0.6666666865
183620  -28.287  8.876  -1.173 0.4444444478
144769  -23.469  -13.302  -0.061 0.4444444478
143474  -25.464  -13.515  1.605 0.2222222239
143499  -20.357  -13.774  0.035 0.4444444478
142332  -20.950  -13.920  -0.119 0.4444444478
144781  -20.594  -12.807  -0.330 0.4444444478
144782  -21.584  -13.256  -0.948 0.4444444478
143514  -23.104  -13.058  -0.751 0.4444444478
146089  -23.675  -12.062  -0.329 0.4444444478
147406  -25.090  -11.929  0.856 0.2222222239
249493  -22.142  -12.343  -1.525 0.4444444478
146099  -22.874  -12.603  -1.581 0.4444444478
275230  -23.336  -12.294  -1.428 0.4444444478
147407  -25.695  -11.679  0.942 0.1111111119
146068  -26.608  -11.942  1.412 0.1111111119
147447  -23.589  -11.705  -1.475 0.4444444478
147433  -24.483  -11.249  -0.129 0.3333333433
147445  -22.030  -11.599  -1.595 0.4444444478
147446  -23.157  -11.989  -1.564 0.4444444478
147432  -24.063  -11.569  -0.529 0.3333333433
148852  -24.623  -10.695  -0.261 0.3333333433
147420  -26.075  -11.241  0.677 0.2222222239
148865  -23.883  -11.177  -1.596 0.4444444478
148851  -24.238  -11.054  -0.784 0.3333333433
147458  -22.370  -11.358  -1.708 0.5555555820
147460  -23.511  -11.289  -1.623 0.4444444478
151476  -25.930  -9.706  0.071 0.2222222239
150186  -26.409  -10.090  0.367 0.1111111119
151468  -27.293  -9.446  0.720 0.1111111119
151484  -25.165  -9.668  -0.787 0.3333333433
151485  -25.716  -9.462  -0.492 0.3333333433
152764  -25.438  -9.186  -1.815 0.4444444478
152784  -25.764  -8.784  -2.181 0.5555555820
154043  -26.269  -8.505  -2.056 0.6666666865
154035  -26.979  -8.085  -0.559 0.4444444478
155282  -26.263  -7.996  -2.267 0.6666666865
156462  -28.033  -6.737  -0.234 0.3333333433
155283  -26.314  -7.323  -2.078 0.6666666865
280239  -27.036  -6.339  -1.212 0.5555555820
157723  -26.203  -6.585  -1.877 0.6666666865
157712  -27.066  -5.902  -1.168 0.5555555820
159010  -27.661  -5.690  -0.929 0.5555555820
157698  -27.948  -6.148  -0.537 0.4444444478
159011  -27.905  -5.015  -0.893 0.3333333433
157710  -25.962  -6.025  -1.748 0.5555555820
160299  -27.965  -4.311  -0.819 0.4444444478
161691  -28.079  -3.604  -0.791 0.5555555820
160315  -27.432  -4.549  -1.156 0.4444444478
162966  -28.261  -2.920  -0.475 0.4444444478
244938  -26.183  7.335  -3.754 0.5555555820
244681  -25.864  7.864  -3.795 0.5555555820
244828  -26.190  8.234  -3.536 0.5555555820
255442  -27.398  8.911  -2.245 0.5555555820
184799  -27.675  9.343  -2.115 0.5555555820
142335  -22.674  -14.149  -0.558 0.4444444478
143487  -24.959  -13.449  1.200 0.2222222239
146085  -20.192  -12.319  -0.144 0.4444444478
147419  -25.577  -11.294  0.562 0.2222222239
150185  -25.820  -10.309  0.229 0.2222222239
150178  -26.899  -10.447  0.755 0.1111111119
152751  -26.125  -8.963  -0.807 0.4444444478
152741  -26.575  -8.926  -0.158 0.3333333433
151501  -25.590  -9.301  -1.177 0.4444444478
155271  -26.578  -7.437  -1.235 0.6666666865
155272  -27.070  -7.662  -0.895 0.4444444478
160300  -28.271  -4.661  -0.434 0.3333333433
271266  -28.567  -3.520  -0.382 0.4444444478
166807  -28.938  -0.795  -0.252 0.4444444478
244481  -25.895  8.736  -3.541 0.5555555820
244837  -25.746  9.269  -3.641 0.5555555820
146097  -21.184  -12.049  -0.795 0.4444444478
263054  -27.729  -7.771  0.084 0.2222222239
141111  -21.216  -14.913  0.294 0.4444444478
259084  -22.192  -14.816  0.320 0.4444444478
141114  -23.184  -14.661  0.637 0.4444444478
142300  -24.615  -14.531  1.091 0.2222222239
247348  -25.744  -14.145  1.718 0.2222222239
142282  -26.205  -14.474  1.965 0.1111111119
142312  -19.453  -13.839  0.602 0.4444444478
142314  -20.461  -14.376  0.152 0.4444444478
146053  -25.893  -12.561  1.639 0.1111111119
146054  -26.496  -12.397  1.621 0.1111111119
142283  -26.324  -14.034  1.841 0.1111111119
147396  -27.426  -11.770  1.619 0.1111111119
148831  -27.208  -10.935  1.133 0.1111111119
150166  -28.234  -10.495  1.498 0.1111111119
151470  -28.288  -9.348  1.094 0.1111111119
152733  -27.699  -8.990  0.865 0.1111111119
155246  -27.956  -7.734  0.715 0.2222222239
157679  -28.154  -6.276  0.031 0.1111111119
282232  -28.133  -7.099  0.056 0.2222222239
159012  -28.471  -5.115  -0.081 0.2222222239
262756  -28.647  -4.432  0.004 0.2222222239
161675  -28.703  -3.899  -0.136 0.3333333433
253957  -28.460  -2.071  -0.426 0.4444444478
165570  -28.551  -1.384  -0.357 0.3333333433
166796  -29.394  -0.830  0.190 0.3333333433
168086  -28.860  -0.211  -0.669 0.4444444478
168075  -29.338  -0.258  -0.208 0.3333333433
172664  -21.031  2.672  -1.102 0.4444444478
172655  -29.278  2.574  -1.079 0.4444444478
177751  -28.793  5.196  -0.510 0.3333333433
181352  -22.708  7.520  -2.998 0.4444444478
184791  -28.109  9.430  -1.656 0.5555555820
244480  -24.338  8.336  -3.810 0.5555555820
286566  -24.784  8.571  -3.861 0.5555555820
183632  -26.265  9.069  -3.210 0.5555555820
184807  -26.589  9.470  -3.035 0.5555555820
284971  -27.364  9.754  -2.230 0.5555555820
244758  -25.035  9.111  -3.859 0.5555555820
143497  -19.431  -13.368  0.522 0.4444444478
144768  -19.667  -12.969  0.327 0.4444444478
143509  -20.231  -13.205  0.029 0.4444444478
148876  -23.106  -10.759  -1.619 0.5555555820
148877  -23.684  -10.729  -1.673 0.5555555820
151499  -24.659  -9.791  -1.667 0.6666666865
154059  -25.929  -8.266  -2.430 0.6666666865
159020  -26.377  -5.589  -1.345 0.5555555820
160314  -26.805  -4.627  -1.292 0.5555555820
161707  -27.580  -3.955  -1.126 0.4444444478
169308  -29.120  0.403  -0.491 0.4444444478
178977  -28.728  5.850  -0.694 0.3333333433
146086  -20.738  -12.206  -0.456 0.4444444478
150196  -24.712  -9.968  -1.194 0.3333333433
148866  -24.088  -10.861  -1.357 0.3333333433
143513  -22.660  -13.608  -0.972 0.4444444478
144770  -24.103  -13.036  0.434 0.4444444478
143485  -24.144  -13.703  0.702 0.3333333433
144784  -23.571  -12.691  -0.216 0.4444444478
143500  -23.279  -13.927  0.068 0.4444444478
273784  -24.565  -13.896  1.056 0.3333333433
144750  -25.806  -13.067  1.707 0.1111111119
142313  -19.938  -14.114  0.370 0.4444444478
267947  -21.133  -13.132  -0.531 0.4444444478
142333  -21.565  -14.225  -0.522 0.4444444478
142334  -22.143  -14.294  -0.706 0.4444444478
144789  -21.825  -12.856  -1.302 0.4444444478
143512  -21.857  -13.825  -0.962 0.4444444478
144783  -22.073  -13.326  -1.217 0.4444444478
144790  -22.404  -13.044  -1.460 0.4444444478
255253  -23.168  -12.803  -1.428 0.4444444478
144771  -24.525  -12.288  0.588 0.4444444478
144759  -24.746  -12.914  0.922 0.2222222239
249908  -24.330  -11.539  -0.026 0.4444444478
146066  -25.523  -12.239  1.213 0.1111111119
263016  -25.218  -11.516  0.636 0.2222222239
147409  -26.978  -11.535  1.340 0.1111111119
146055  -27.104  -12.199  1.597 0.1111111119
148853  -25.254  -10.514  0.008 0.3333333433
150195  -24.392  -10.452  -0.921 0.3333333433
148839  -25.687  -10.872  0.397 0.2222222239
148840  -26.255  -10.679  0.569 0.2222222239
151486  -26.140  -9.285  -0.202 0.2222222239
151478  -26.885  -9.227  0.374 0.1111111119
150187  -26.928  -9.820  0.482 0.1111111119
152742  -27.063  -8.740  0.158 0.1111111119
151469  -27.848  -9.689  0.915 0.1111111119
151500  -25.109  -9.580  -1.490 0.3333333433
152766  -26.409  -8.521  -1.381 0.4444444478
154034  -26.688  -8.030  -1.075 0.4444444478
155273  -27.472  -7.301  -0.797 0.3333333433
152752  -26.578  -8.473  -0.675 0.4444444478
154025  -27.317  -8.215  -0.029 0.3333333433
156463  -28.300  -6.691  0.283 0.1111111119
156479  -27.142  -6.750  -0.934 0.4444444478
157711  -26.655  -6.226  -1.575 0.5555555820
156490  -26.566  -6.810  -1.285 0.5555555820
159021  -27.081  -5.187  -1.184 0.5555555820
266349  -28.136  -5.485  -0.567 0.3333333433
164251  -28.753  -2.554  -0.233 0.4444444478
244766  -25.472  8.408  -3.739 0.5555555820
184798  -27.144  9.488  -2.592 0.5555555820
142317  -22.417  -14.473  -0.036 0.4444444478
292685  -23.370  -14.306  0.427 0.4444444478
267065  -27.443  -10.490  0.979 0.1111111119
244698  -25.423  9.586  -3.726 0.5555555820
154026  -27.616  -8.115  0.507 0.2222222239
141112  -21.759  -15.077  0.446 0.4444444478
142315  -21.120  -14.414  0.054 0.4444444478
141089  -24.113  -14.852  0.948 0.4444444478
142280  -24.997  -14.738  1.354 0.2222222239
268328  -24.155  -14.269  0.833 0.4444444478
269574  -20.021  -14.619  0.442 0.4444444478
142297  -19.020  -14.039  0.854 0.4444444478
284768  -26.390  -13.007  1.817 0.1111111119
143476  -26.644  -13.637  1.959 0.1111111119
147410  -27.539  -11.284  1.502 0.1111111119
130044  -23.629  -21.335  4.527 0.1111111119
134213  -19.255  -18.533  1.595 0.3333333433
132924  -21.419  -19.396  3.037 0.2222222239
131508  -22.593  -20.183  4.058 0.2222222239
131509  -23.259  -20.165  4.213 0.1111111119
293844  -23.727  -19.926  3.905 0.1111111119
137100  -18.017  -17.202  2.272 0.3333333433
135644  -18.144  -17.813  2.028 0.3333333433
254284  -18.758  -18.341  1.581 0.3333333433
134216  -20.919  -18.331  1.746 0.3333333433
289837  -21.335  -18.199  1.979 0.3333333433
134190  -21.557  -18.800  2.954 0.2222222239
271393  -22.241  -18.165  2.644 0.2222222239
132910  -22.835  -19.238  3.687 0.2222222239
270897  -23.896  -19.504  3.650 0.1111111119
132926  -22.797  -18.746  3.329 0.2222222239
139778  -17.331  -15.604  2.525 0.2222222239
138457  -18.024  -16.169  1.856 0.2222222239
138444  -17.733  -16.562  2.433 0.2222222239
268643  -18.451  -17.324  1.819 0.3333333433
137118  -19.010  -17.457  1.535 0.3333333433
268555  -19.427  -17.689  1.269 0.3333333433
134192  -23.303  -18.449  3.035 0.1111111119
141065  -18.101  -15.089  2.042 0.2222222239
139792  -17.948  -15.793  2.008 0.3333333433
141066  -18.494  -15.048  1.607 0.3333333433
138458  -18.548  -16.183  1.412 0.3333333433
141083  -18.957  -14.992  1.164 0.3333333433
139807  -19.232  -15.807  1.176 0.3333333433
244969  -19.815  -16.091  1.007 0.3333333433
295565  -21.390  -17.121  1.113 0.3333333433
259550  -20.332  -16.444  0.696 0.3333333433
137144  -21.868  -16.905  1.300 0.3333333433
138460  -22.401  -16.615  1.498 0.3333333433
137123  -22.932  -16.898  1.787 0.3333333433
135636  -23.856  -17.589  2.533 0.1111111119
137103  -23.534  -17.172  2.097 0.2222222239
142279  -18.066  -13.988  2.165 0.2222222239
273000  -18.303  -14.503  1.902 0.2222222239
143472  -18.353  -13.924  1.572 0.3333333433
266159  -19.081  -14.594  1.010 0.3333333433
142298  -19.547  -14.471  0.783 0.3333333433
271404  -19.697  -15.563  0.929 0.3333333433
139831  -20.689  -15.287  0.405 0.3333333433
139810  -21.494  -16.023  0.801 0.3333333433
139833  -21.789  -15.493  0.773 0.3333333433
138462  -23.522  -16.601  1.742 0.3333333433
138445  -23.977  -16.782  1.959 0.1111111119
143459  -17.621  -13.584  2.283 0.3333333433
253541  -17.832  -13.439  1.850 0.3333333433
143484  -18.923  -13.530  0.637 0.3333333433
141109  -20.295  -15.003  0.324 0.3333333433
139812  -22.699  -15.566  1.095 0.3333333433
141087  -22.925  -15.086  0.927 0.3333333433
139814  -23.909  -15.402  1.169 0.3333333433
162956  -28.776  -3.100  -0.230 0.2222222239
165557  -28.842  -1.925  -0.069 0.2222222239
164252  -29.051  -2.340  0.173 0.2222222239
171535  -29.266  1.727  -0.458 0.3333333433
169309  -29.396  0.738  -0.061 0.2222222239
134214  -19.940  -18.771  1.628 0.3333333433
134202  -20.796  -18.849  2.086 0.3333333433
284769  -22.845  -19.704  3.998 0.2222222239
132928  -24.193  -19.005  3.417 0.1111111119
141045  -17.563  -15.157  2.405 0.3333333433
137141  -20.170  -17.090  0.895 0.3333333433
137120  -21.137  -17.525  1.092 0.3333333433
135650  -21.882  -17.683  1.792 0.3333333433
137102  -22.815  -17.393  2.185 0.3333333433
139806  -18.764  -15.473  1.337 0.3333333433
142296  -18.691  -14.146  1.130 0.3333333433
139813  -23.241  -15.440  1.217 0.3333333433
128728  -22.249  -21.453  4.278 0.1111111119
128716  -23.264  -21.766  4.448 0.1111111119
134201  -18.203  -18.893  2.170 0.3333333433
134212  -18.751  -18.879  1.788 0.3333333433
131545  -19.363  -19.722  1.724 0.3333333433
131546  -19.842  -19.900  1.830 0.3333333433
131535  -20.575  -19.984  2.339 0.3333333433
131523  -21.194  -19.922  3.253 0.3333333433
251173  -24.529  -22.366  4.430 0.1111111119
130045  -24.573  -21.079  4.366 0.1111111119
130065  -24.845  -20.574  4.083 0.1111111119
273313  -17.776  -16.156  2.290 0.2222222239
132913  -25.004  -19.376  3.731 0.1111111119
141044  -17.170  -15.205  2.756 0.2222222239
135620  -24.172  -18.020  2.903 0.1111111119
275835  -24.937  -17.196  3.146 0.1111111119
142259  -17.876  -13.929  2.473 0.2222222239
137105  -24.659  -16.850  2.771 0.1111111119
138463  -24.058  -16.297  1.758 0.1111111119
141067  -24.604  -15.211  1.241 0.1111111119
144737  -17.361  -12.859  2.375 0.1111111119
166795  -29.047  -1.345  0.081 0.2222222239
171520  -29.751  1.984  -0.066 0.2222222239
170390  -29.574  1.287  0.053 0.2222222239
281891  -17.617  -11.839  1.522 0.2222222239
154031  -18.820  -7.648  0.026 0.5555555820
148819  -17.835  -11.014  1.302 0.3333333433
144748  -17.760  -12.827  1.665 0.3333333433
143483  -18.595  -13.673  1.009 0.4444444478
144738  -17.429  -13.145  2.042 0.2222222239
168076  -29.798  -0.367  0.218 0.2222222239
128717  -24.098  -21.407  4.503 0.1111111119
130061  -22.228  -20.801  4.172 0.1111111119
269270  -19.356  -19.126  1.692 0.3333333433
259803  -19.666  -18.118  1.510 0.3333333433
135645  -18.615  -17.893  1.692 0.3333333433
132949  -19.872  -19.409  1.744 0.3333333433
132939  -20.694  -19.410  2.235 0.3333333433
258792  -18.183  -16.716  1.749 0.3333333433
135631  -17.804  -17.686  2.575 0.2222222239
134211  -18.351  -18.362  1.857 0.3333333433
134215  -20.495  -18.695  1.688 0.3333333433
135632  -21.314  -18.529  2.352 0.3333333433
135647  -20.023  -17.676  1.131 0.3333333433
135648  -20.716  -17.865  1.310 0.3333333433
134203  -21.788  -18.429  2.707 0.2222222239
137101  -22.277  -17.710  2.224 0.2222222239
138459  -18.911  -16.868  1.619 0.3333333433
134193  -23.941  -18.514  3.079 0.1111111119
135619  -23.682  -18.113  2.672 0.1111111119
139793  -18.276  -15.618  1.686 0.3333333433
275779  -17.483  -14.738  2.705 0.2222222239
272405  -18.616  -14.543  1.386 0.3333333433
141084  -19.290  -15.136  1.044 0.3333333433
138476  -19.844  -16.684  0.945 0.3333333433
137119  -19.501  -17.161  1.109 0.3333333433
137142  -20.840  -16.975  0.900 0.3333333433
137143  -21.423  -16.630  1.009 0.3333333433
137121  -21.658  -17.446  1.351 0.3333333433
139809  -20.782  -15.883  0.618 0.3333333433
138479  -22.555  -16.142  1.174 0.3333333433
135621  -24.712  -17.754  3.222 0.1111111119
143458  -17.620  -13.788  2.730 0.2222222239
139808  -20.191  -15.674  0.520 0.3333333433
139794  -23.013  -15.885  1.297 0.3333333433
139796  -24.255  -15.792  1.483 0.1111111119
127334  -22.417  -21.982  4.185 0.1111111119
130060  -21.601  -20.625  3.777 0.2222222239
132938  -18.507  -19.456  2.109 0.3333333433
260256  -17.845  -18.924  2.528 0.2222222239
131544  -18.823  -20.054  1.837 0.3333333433
131534  -20.131  -20.244  2.013 0.3333333433
131522  -20.782  -20.210  2.980 0.3333333433
137099  -17.618  -17.113  2.802 0.2222222239
135630  -17.442  -17.625  3.019 0.2222222239
165558  -29.254  -1.887  0.303 0.1111111119
164233  -29.347  -2.412  0.561 0.1111111119
165536  -30.509  -1.580  1.150 0.1111111119
165534  -29.737  -1.875  0.603 0.1111111119
168054  -30.249  -0.461  0.565 0.1111111119
272408  -30.711  -0.452  1.039 0.1111111119
169296  -29.652  0.191  -0.047 0.1111111119
168055  -30.440  0.037  0.756 0.1111111119
169297  -29.834  0.659  0.239 0.1111111119
169274  -30.201  0.559  0.607 0.1111111119
249796  -28.975  3.962  -0.186 0.2222222239
170369  -30.127  1.137  0.396 0.1111111119
177735  -29.003  5.045  -0.021 0.1111111119
176463  -28.815  4.537  -0.294 0.2222222239
282730  -29.035  6.289  0.222 0.1111111119
176447  -29.098  4.495  0.273 0.1111111119
178966  -29.228  5.921  0.544 0.1111111119
244794  -24.629  7.745  -3.847 0.4444444478
178978  -28.864  6.353  -0.275 0.1111111119
244711  -23.097  8.964  -3.120 0.4444444478
181311  -29.179  7.587  0.376 0.1111111119
184792  -28.550  9.510  -1.163 0.3333333433
287707  -28.891  9.099  -0.967 0.2222222239
183610  -29.156  9.007  -0.476 0.1111111119
182431  -29.010  8.034  0.056 0.1111111119
183600  -29.639  8.744  0.633 0.1111111119
184806  -26.013  9.739  -3.590 0.4444444478
186024  -25.818  10.504  -3.695 0.4444444478
187148  -26.386  10.934  -3.685 0.4444444478
186025  -26.617  10.133  -3.223 0.4444444478
187149  -27.018  10.726  -3.164 0.4444444478
186016  -27.217  10.125  -2.540 0.4444444478
187142  -27.518  10.736  -2.408 0.4444444478
187134  -27.844  10.578  -1.557 0.4444444478
288331  -28.204  10.496  -1.077 0.2222222239
186005  -28.583  10.681  -0.786 0.2222222239
186011  -28.571  10.087  -0.889 0.2222222239
186006  -29.025  10.227  -0.447 0.2222222239
185997  -29.390  10.122  -0.053 0.2222222239
194194  -30.427  15.565  0.633 0.1111111119
191472  -30.377  13.443  -0.392 0.1111111119
188302  -30.361  11.236  0.411 0.1111111119
184804  -23.282  9.957  -3.095 0.4444444478
186021  -23.661  10.473  -3.119 0.4444444478
184805  -24.240  10.103  -3.505 0.4444444478
186022  -24.394  10.629  -3.399 0.3333333433
186023  -25.100  10.748  -3.558 0.4444444478
188333  -26.875  12.039  -3.579 0.4444444478
188334  -27.387  11.946  -2.945 0.4444444478
188326  -27.628  11.409  -2.606 0.4444444478
187143  -28.037  11.191  -2.086 0.4444444478
190481  -27.736  12.645  -2.563 0.3333333433
188317  -28.454  11.781  -1.743 0.3333333433
189411  -29.418  12.601  -1.482 0.1111111119
188318  -29.102  11.992  -1.339 0.1111111119
188319  -29.578  12.084  -0.973 0.1111111119
187131  -29.193  10.927  -0.605 0.2222222239
188311  -29.723  11.686  -0.588 0.1111111119
189405  -30.174  12.599  -0.501 0.1111111119
186020  -23.135  10.317  -2.695 0.2222222239
186015  -24.625  11.079  -3.136 0.3333333433
188331  -25.349  11.883  -3.155 0.3333333433
189421  -26.865  12.611  -3.478 0.3333333433
188335  -27.900  12.433  -2.707 0.4444444478
190475  -27.686  13.137  -1.863 0.2222222239
190476  -28.477  12.800  -2.202 0.2222222239
260257  -28.966  12.705  -1.709 0.2222222239
190469  -29.646  12.970  -1.145 0.1111111119
191490  -27.994  13.392  -1.751 0.1111111119
190467  -28.474  13.100  -1.368 0.1111111119
191482  -28.884  13.479  -1.050 0.1111111119
191471  -29.964  13.645  -0.652 0.1111111119
191481  -28.369  13.952  -1.667 0.1111111119
191470  -29.270  13.871  -0.673 0.1111111119
191483  -29.639  13.321  -1.026 0.1111111119
187146  -23.722  10.973  -2.877 0.3333333433
187141  -24.752  11.590  -2.886 0.3333333433
188323  -23.912  12.322  -1.732 0.3333333433
189415  -25.332  12.604  -2.345 0.3333333433
188325  -25.699  12.504  -3.235 0.3333333433
190479  -26.368  12.755  -2.774 0.3333333433
190466  -27.152  13.491  -1.966 0.2222222239
191489  -27.660  13.919  -2.275 0.2222222239
192437  -28.033  14.242  -2.390 0.1111111119
193300  -28.764  14.965  -1.174 0.1111111119
193289  -29.566  15.042  -0.303 0.1111111119
195083  -30.059  16.838  0.671 0.1111111119
188299  -23.245  11.603  0.321 0.1111111119
189394  -24.011  12.662  0.172 0.1111111119
189407  -24.030  12.757  -1.203 0.2222222239
190461  -24.740  13.512  -0.796 0.2222222239
271811  -25.180  13.084  -1.875 0.3333333433
191480  -25.385  14.004  -1.535 0.2222222239
294986  -25.360  13.687  -1.873 0.3333333433
192424  -25.894  14.438  -1.634 0.2222222239
192431  -26.559  14.900  -2.189 0.1111111119
194217  -27.019  15.764  -2.472 0.1111111119
193310  -27.209  15.279  -2.572 0.1111111119
194219  -27.727  15.957  -2.240 0.1111111119
192427  -28.393  14.741  -1.656 0.1111111119
259509  -28.661  15.598  -1.118 0.1111111119
270299  -29.062  16.103  -0.382 0.1111111119
195084  -30.696  16.055  1.096 0.1111111119
194185  -30.871  15.466  0.938 0.1111111119
188300  -23.882  11.912  0.628 0.1111111119
189378  -24.868  12.753  0.899 0.1111111119
189395  -24.647  12.862  0.298 0.1111111119
190437  -25.299  12.961  0.436 0.1111111119
191453  -26.818  13.992  0.169 0.1111111119
191469  -26.321  14.039  -0.513 0.1111111119
192426  -26.305  15.305  -0.850 0.1111111119
193297  -26.588  15.690  -1.497 0.1111111119
194203  -26.559  16.502  -0.765 0.1111111119
194210  -26.999  16.667  -1.811 0.1111111119
195996  -27.156  17.336  -0.886 0.1111111119
195110  -27.796  16.759  -1.385 0.1111111119
190421  -26.031  13.135  1.437 0.1111111119
282178  -25.816  13.062  2.129 0.1111111119
191428  -26.472  13.596  1.442 0.1111111119
191443  -26.705  13.902  1.035 0.1111111119
192387  -26.828  14.540  1.069 0.1111111119
192404  -27.072  15.109  0.423 0.1111111119
193277  -27.163  15.595  0.665 0.1111111119
195094  -26.743  17.019  -0.347 0.1111111119
191430  -27.100  14.089  2.215 0.1111111119
191420  -27.374  13.823  2.710 0.1111111119
192373  -26.908  14.710  1.850 0.1111111119
164234  -29.874  -2.477  0.821 0.1111111119
289803  -29.920  -1.437  0.422 0.1111111119
166775  -30.362  -1.011  0.849 0.1111111119
166753  -30.707  -1.036  1.235 0.1111111119
258790  -30.038  2.016  0.451 0.1111111119
171521  -30.021  1.622  0.268 0.1111111119
172641  -29.735  2.500  0.307 0.1111111119
244802  -23.994  8.948  -3.832 0.4444444478
186010  -28.231  9.954  -1.440 0.3333333433
280511  -28.932  9.554  -0.737 0.2222222239
184785  -29.186  9.667  -0.157 0.1111111119
182432  -29.418  8.162  0.516 0.1111111119
279512  -29.622  11.204  -0.384 0.2222222239
189404  -29.793  12.598  -0.902 0.1111111119
190462  -30.096  13.156  -0.861 0.1111111119
189396  -30.568  12.534  -0.112 0.1111111119
189420  -26.311  12.646  -3.604 0.3333333433
192405  -30.072  14.604  0.073 0.1111111119
191467  -25.123  13.821  -0.884 0.2222222239
192425  -26.429  15.061  -1.453 0.1111111119
191442  -26.356  13.566  0.842 0.1111111119
193287  -26.969  15.659  -0.133 0.1111111119
265495  -26.944  17.602  -0.563 0.1111111119
193256  -27.276  15.293  1.783 0.1111111119
192374  -27.507  14.992  2.250 0.1111111119
165514  -31.179  -1.853  1.911 0.1111111119
274762  -30.933  -1.399  1.563 0.1111111119
172640  -29.493  2.499  -0.084 0.2222222239
180141  -29.110  6.913  0.158 0.1111111119
280154  -23.521  8.548  -3.379 0.4444444478
244482  -24.860  9.687  -3.670 0.4444444478
265150  -26.910  11.359  -3.662 0.4444444478
188332  -26.141  11.748  -3.497 0.4444444478
188327  -27.983  11.903  -2.481 0.4444444478
189416  -28.365  12.474  -2.441 0.2222222239
189360  -25.336  12.913  1.863 0.1111111119
189361  -25.309  12.674  2.596 0.1111111119
191419  -26.891  13.608  2.363 0.1111111119
192388  -27.037  15.133  1.234 0.1111111119
165513  -30.909  -2.005  1.394 0.1111111119
162957  -29.090  -2.920  0.223 0.1111111119
162940  -29.561  -2.993  0.657 0.1111111119
281858  -30.603  -2.145  1.142 0.1111111119
165505  -31.539  -1.783  2.400 0.1111111119
164204  -31.390  -2.343  2.190 0.1111111119
168020  -31.303  -0.435  2.042 0.1111111119
274781  -30.813  0.073  1.100 0.1111111119
170349  -30.981  0.989  1.923 0.1111111119
170370  -30.332  1.028  0.917 0.1111111119
173810  -30.017  3.046  1.085 0.1111111119
172626  -29.989  2.506  0.811 0.1111111119
171486  -30.175  2.017  1.080 0.1111111119
175132  -29.734  3.639  0.714 0.1111111119
176418  -29.525  4.658  1.339 0.1111111119
178955  -29.497  6.136  1.030 0.1111111119
254218  -23.943  8.007  -3.525 0.4444444478
180116  -29.759  6.758  1.227 0.1111111119
181301  -29.478  7.157  0.741 0.1111111119
184774  -29.842  9.353  0.646 0.1111111119
182426  -29.810  8.279  1.053 0.1111111119
184811  -23.175  9.373  -3.179 0.4444444478
187111  -30.753  10.873  0.848 0.1111111119
263925  -30.602  11.904  0.222 0.1111111119
186014  -22.745  10.427  -2.306 0.2222222239
187138  -23.278  10.609  -2.639 0.3333333433
187139  -22.934  10.903  -2.313 0.2222222239
187140  -23.309  11.471  -2.325 0.2222222239
191456  -31.133  13.548  0.392 0.1111111119
286867  -22.694  11.086  -0.170 0.1111111119
188316  -23.321  12.313  -0.958 0.2222222239
193268  -31.217  15.265  1.186 0.1111111119
275074  -31.737  15.990  1.580 0.1111111119
187127  -22.864  11.334  0.025 0.1111111119
187110  -22.977  11.387  1.870 0.1111111119
189348  -24.402  12.259  2.496 0.1111111119
188260  -24.667  12.017  3.176 0.1111111119
285443  -31.272  16.839  1.495 0.1111111119
189334  -25.503  12.307  3.437 0.1111111119
281671  -26.936  12.327  2.917 0.1111111119
284408  -27.489  18.532  -0.472 0.1111111119
196859  -28.139  18.330  -0.300 0.1111111119
195973  -29.627  17.489  0.623 0.1111111119
271093  -30.004  17.663  1.078 0.1111111119
189349  -26.881  12.519  2.545 0.1111111119
190413  -27.146  13.173  2.842 0.1111111119
194183  -27.402  16.003  0.925 0.1111111119
195971  -27.350  18.021  0.345 0.1111111119
193257  -27.687  15.540  2.155 0.1111111119
274258  -29.238  3.411  -0.244 0.1111111119
267044  -29.247  8.587  0.120 0.1111111119
186017  -27.648  10.017  -1.938 0.4444444478
260469  -29.025  5.693  -0.058 0.2222222239
244842  -25.152  10.155  -3.646 0.4444444478
273861  -30.053  0.094  0.362 0.1111111119
274780  -31.080  -0.127  1.480 0.1111111119
169275  -30.501  0.498  1.065 0.1111111119
175144  -29.282  3.859  0.260 0.1111111119
177725  -29.166  5.249  0.524 0.1111111119
176432  -29.291  4.684  0.840 0.1111111119
181312  -29.666  7.730  0.760 0.1111111119
183599  -29.532  9.148  0.090 0.1111111119
187130  -28.847  11.323  -1.083 0.2222222239
188310  -29.378  11.519  -0.850 0.1111111119
187121  -29.915  10.926  0.093 0.2222222239
185998  -29.806  10.318  0.200 0.1111111119
193278  -30.528  14.932  0.443 0.1111111119
273970  -29.975  15.820  0.384 0.1111111119
190463  -30.403  13.011  -0.395 0.1111111119
191454  -30.205  13.965  -0.132 0.1111111119
192389  -30.862  14.541  0.559 0.1111111119
192407  -30.971  14.062  0.494 0.1111111119
266554  -30.761  11.475  0.667 0.1111111119
187122  -30.313  10.552  0.473 0.1111111119
188301  -30.078  11.586  -0.158 0.2222222239
189422  -27.285  12.324  -2.707 0.3333333433
283050  -30.298  12.126  -0.236 0.2222222239
188324  -24.837  12.116  -2.380 0.3333333433
190468  -29.343  12.985  -1.423 0.1111111119
193288  -29.212  14.583  -0.692 0.1111111119
286232  -24.113  11.380  -2.682 0.3333333433
261005  -24.097  11.742  -2.173 0.3333333433
187129  -23.081  11.984  -1.750 0.1111111119
189414  -24.527  12.782  -1.888 0.3333333433
291854  -25.580  12.896  -2.334 0.3333333433
190473  -26.289  13.583  -2.255 0.2222222239
192436  -27.467  14.620  -2.470 0.1111111119
193311  -27.806  14.963  -2.486 0.1111111119
193306  -28.058  15.277  -2.324 0.1111111119
194204  -29.090  15.640  -0.562 0.1111111119
194205  -29.554  15.779  -0.056 0.1111111119
195097  -29.691  16.357  0.305 0.1111111119
273144  -30.438  16.560  0.994 0.1111111119
291657  -30.048  17.249  0.895 0.1111111119
187109  -22.913  10.914  1.336 0.1111111119
188309  -22.967  11.915  -0.344 0.1111111119
188286  -23.256  11.476  1.055 0.1111111119
189402  -23.844  12.603  -0.514 0.1111111119
189403  -24.389  13.029  -0.474 0.1111111119
191479  -24.992  13.576  -1.364 0.3333333433
284914  -25.014  13.376  -0.252 0.1111111119
190472  -25.819  13.125  -2.235 0.3333333433
274631  -26.199  14.299  -2.144 0.2222222239
192435  -27.006  14.948  -2.444 0.1111111119
195114  -27.423  16.584  -2.040 0.1111111119
194211  -28.102  16.147  -1.638 0.1111111119
195096  -29.181  16.846  -0.059 0.1111111119
195106  -28.871  16.703  -0.561 0.1111111119
189377  -24.315  12.504  1.031 0.1111111119
190420  -25.431  12.919  1.138 0.1111111119
189359  -24.248  12.406  1.886 0.1111111119
191452  -26.198  13.563  0.099 0.1111111119
192417  -26.947  15.070  -0.342 0.1111111119
254273  -25.676  13.704  -0.427 0.1111111119
192415  -25.973  14.692  -1.009 0.1111111119
261474  -26.473  15.820  -0.785 0.1111111119
195105  -26.860  17.035  -0.966 0.1111111119
195997  -27.494  17.346  -1.007 0.1111111119
195992  -27.705  17.959  -0.849 0.1111111119
195998  -28.168  17.116  -0.957 0.1111111119
190411  -26.136  12.957  2.464 0.1111111119
190422  -26.416  13.352  2.004 0.1111111119
191429  -26.785  13.951  1.701 0.1111111119
193266  -27.257  15.535  1.300 0.1111111119
195081  -27.388  16.671  0.412 0.1111111119
195095  -27.002  17.538  -0.055 0.1111111119
162941  -30.121  -3.029  0.894 0.1111111119
273012  -31.040  -0.753  1.543 0.1111111119
289927  -29.435  3.490  0.230 0.1111111119
184773  -29.595  9.773  0.268 0.1111111119
189397  -31.003  12.489  0.308 0.1111111119
190439  -31.298  13.037  0.481 0.1111111119
196858  -27.311  18.778  -0.147 0.1111111119
194171  -27.793  16.125  2.122 0.1111111119
166741  -31.285  -1.166  2.118 0.1111111119
245787  -26.217  12.567  2.887 0.1111111119
296181  -29.596  4.268  0.962 0.1111111119
177715  -29.458  5.692  1.455 0.1111111119
274998  -30.583  10.311  0.803 0.1111111119
189379  -31.466  12.479  0.762 0.1111111119
192391  -31.696  14.288  1.156 0.1111111119
185994  -22.365  10.576  0.388 0.1111111119
193269  -31.481  14.838  1.253 0.1111111119
188287  -23.551  11.991  1.698 0.1111111119
195983  -28.988  17.491  0.141 0.1111111119
195082  -27.622  17.086  0.901 0.1111111119
196838  -27.801  18.365  0.923 0.1111111119
196837  -27.251  18.832  0.115 0.1111111119
130087  -18.875  -20.721  1.903 0.2222222239
157662  -18.868  -6.424  0.443 0.2222222239
157678  -19.039  -6.131  0.286 0.2222222239
151465  -18.005  -9.229  0.860 0.3333333433
155269  -18.800  -7.307  0.086 0.3333333433
157677  -18.637  -6.349  -0.247 0.4444444478
294644  -23.150  8.301  -3.064 0.3333333433
287473  -22.006  7.984  -2.446 0.2222222239
244769  -22.034  9.150  -1.584 0.1111111119
184797  -22.419  9.758  -1.802 0.1111111119
183626  -22.442  9.582  -2.415 0.2222222239
173869  -21.179  3.553  -0.722 0.2222222239
172663  -20.670  2.248  -0.587 0.1111111119
154023  -18.767  -7.832  0.607 0.2222222239
273216  -20.329  2.936  -0.090 0.1111111119
177758  -20.769  5.826  -0.336 0.1111111119
178974  -20.899  6.323  -0.299 0.1111111119
180155  -21.584  8.045  -0.948 0.1111111119
244478  -22.112  9.060  -1.057 0.1111111119
184789  -22.383  10.125  -1.900 0.1111111119
180162  -21.160  6.904  -1.284 0.1111111119
151464  -17.831  -9.654  1.203 0.2222222239
152730  -18.584  -8.185  1.165 0.2222222239
152738  -18.962  -8.476  0.924 0.3333333433
162964  -19.638  -3.023  -0.096 0.2222222239
181333  -21.249  7.698  -1.603 0.1111111119
251715  -19.534  -3.625  -0.077 0.1111111119
164262  -19.862  -2.421  -0.325 0.3333333433
244742  -22.224  8.440  -2.623 0.3333333433
277779  -22.387  8.825  -2.670 0.3333333433
277791  -22.313  9.179  -2.442 0.1111111119
155257  -18.762  -7.301  0.675 0.2222222239
181334  -21.295  7.785  -1.088 0.1111111119
181335  -21.901  8.242  -1.669 0.1111111119
244611  -21.955  9.017  -1.715 0.1111111119
178982  -21.245  6.719  -0.582 0.1111111119
277848  -21.937  8.737  -1.850 0.1111111119
180154  -21.553  7.950  -0.862 0.1111111119
178994  -22.921  6.721  -1.171 0.1111111119
180164  -21.870  8.539  -1.378 0.1111111119
180153  -21.434  7.542  -0.777 0.1111111119
154019  -28.433  -8.150  0.945 0.1111111119
258865  -18.304  -20.901  2.134 0.1111111119
130089  -19.906  -20.809  2.095 0.1111111119
128742  -20.620  -21.468  3.163 0.1111111119
261166  -17.431  -20.435  3.230 0.1111111119
131532  -17.751  -19.933  2.542 0.1111111119
132936  -17.508  -19.316  2.714 0.1111111119
134200  -17.553  -18.659  2.778 0.1111111119
275611  -17.550  -18.115  2.747 0.1111111119
150164  -17.619  -10.325  1.703 0.1111111119
258943  -19.421  -5.870  0.717 0.1111111119
156461  -18.801  -6.821  0.242 0.1111111119
168084  -19.792  0.028  0.090 0.2222222239
169304  -19.984  0.315  0.034 0.2222222239
169287  -19.274  0.277  0.415 0.2222222239
170381  -19.085  0.778  0.823 0.2222222239
130085  -17.769  -20.413  2.751 0.1111111119
158992  -19.573  -5.641  0.268 0.1111111119
159009  -19.682  -5.340  -0.269 0.1111111119
130074  -17.071  -20.944  3.447 0.1111111119
128753  -18.320  -21.172  2.373 0.1111111119
127371  -19.702  -22.041  2.578 0.1111111119
130076  -20.705  -20.784  3.022 0.1111111119
274225  -16.973  -20.513  3.613 0.1111111119
131531  -17.392  -19.810  2.921 0.1111111119
271672  -17.275  -19.001  3.078 0.1111111119
134189  -17.291  -18.261  3.202 0.1111111119
135617  -17.149  -17.606  3.468 0.1111111119
137081  -17.154  -17.084  3.178 0.1111111119
257663  -17.265  -16.056  2.713 0.1111111119
139765  -17.080  -15.594  2.892 0.1111111119
148813  -17.409  -10.809  1.778 0.1111111119
152705  -17.710  -9.163  2.071 0.1111111119
254824  -18.662  -7.718  1.082 0.1111111119
157663  -18.999  -6.238  0.982 0.1111111119
269789  -19.110  -0.479  0.300 0.2222222239
170363  -18.943  0.852  1.013 0.2222222239
171515  -19.411  1.770  0.799 0.1111111119
252661  -21.657  -21.230  4.091 0.1111111119
127380  -18.684  -21.565  2.647 0.1111111119
267301  -19.307  1.213  0.707 0.2222222239
171516  -19.978  2.162  0.155 0.1111111119
152729  -18.100  -8.710  1.139 0.1111111119
166787  -19.532  -1.092  0.140 0.2222222239
150165  -17.683  -10.167  1.382 0.1111111119
141027  -16.974  -15.143  3.098 0.1111111119
142258  -17.510  -14.524  2.853 0.1111111119
147393  -17.415  -11.053  1.754 0.1111111119
148818  -17.502  -10.756  1.721 0.1111111119
138443  -17.250  -16.583  2.954 0.1111111119
131533  -18.245  -19.993  2.284 0.1111111119
263273  -18.437  -20.510  2.084 0.1111111119
128755  -19.666  -21.410  2.224 0.1111111119
156449  -18.929  -6.767  0.908 0.1111111119
151457  -17.684  -9.473  1.563 0.1111111119
264950  -17.612  -9.953  1.617 0.1111111119
155245  -18.850  -7.228  1.343 0.1111111119
130086  -18.013  -20.583  2.381 0.1111111119
128752  -17.924  -20.938  2.500 0.1111111119
128739  -17.696  -21.197  3.074 0.1111111119
131521  -17.151  -20.010  3.384 0.1111111119
290199  -17.253  -19.394  2.968 0.1111111119
150143  -17.778  -10.670  2.024 0.1111111119
168066  -18.752  -0.016  0.597 0.1111111119
132923  -17.055  -19.457  3.318 0.1111111119
134176  -17.085  -18.117  3.734 0.1111111119
270772  -17.483  -11.176  2.060 0.1111111119
284208  -18.185  -10.601  2.495 0.1111111119
152720  -17.786  -8.930  1.663 0.1111111119
171482  -18.897  1.838  1.253 0.1111111119
171502  -18.711  2.231  1.491 0.1111111119
175152  -20.898  4.478  -0.202 0.1111111119
165549  -19.648  -1.615  0.126 0.1111111119
173852  -20.197  3.573  0.382 0.1111111119
176471  -20.964  5.158  -0.633 0.1111111119
127337  -24.431  -21.829  4.501 0.1111111119
128715  -22.773  -21.654  4.353 0.1111111119
128740  -18.144  -21.360  2.846 0.1111111119
128743  -21.220  -21.046  3.438 0.1111111119
128754  -18.945  -21.231  2.173 0.1111111119
128756  -20.236  -21.125  2.589 0.1111111119
130042  -22.648  -21.190  4.401 0.1111111119
130043  -23.106  -21.251  4.502 0.1111111119
130062  -22.878  -20.727  4.391 0.1111111119
130063  -23.460  -20.780  4.454 0.1111111119
130064  -24.381  -20.487  4.075 0.1111111119
130075  -17.643  -20.869  2.967 0.1111111119
130077  -21.045  -20.389  3.467 0.2222222239
130088  -19.490  -20.361  1.821 0.3333333433
130090  -20.398  -20.535  2.472 0.3333333433
131506  -21.451  -20.151  3.612 0.3333333433
131507  -21.981  -20.154  3.829 0.3333333433
131510  -23.850  -20.351  4.224 0.1111111119
131524  -21.745  -19.736  3.437 0.2222222239
131536  -20.990  -19.683  2.700 0.3333333433
131547  -20.292  -19.714  1.929 0.3333333433
132909  -22.290  -19.526  3.836 0.2222222239
132911  -23.348  -19.587  3.812 0.1111111119
132925  -21.948  -19.204  3.301 0.2222222239
132927  -23.472  -18.995  3.435 0.1111111119
132937  -17.935  -19.422  2.401 0.2222222239
132940  -21.106  -19.073  2.606 0.3333333433
132948  -18.946  -19.460  1.754 0.3333333433
132950  -20.379  -19.170  1.811 0.3333333433
134191  -22.178  -18.627  3.118 0.2222222239
134194  -24.611  -18.480  3.238 0.1111111119
135618  -23.173  -18.093  2.699 0.1111111119
135633  -21.753  -18.088  2.187 0.3333333433
135634  -22.755  -17.892  2.521 0.2222222239
135635  -23.312  -17.701  2.446 0.1111111119
135646  -19.073  -18.020  1.430 0.3333333433
135649  -21.346  -17.878  1.626 0.3333333433
135663  -20.587  -17.464  0.982 0.3333333433
137082  -24.363  -17.304  2.949 0.1111111119
137104  -24.135  -17.039  2.402 0.2222222239
137122  -22.251  -17.209  1.776 0.3333333433
137140  -19.322  -16.456  1.223 0.3333333433
138446  -24.514  -16.544  2.114 0.1111111119
138461  -23.007  -16.370  1.464 0.3333333433
138477  -20.959  -16.388  0.812 0.3333333433
138478  -21.997  -16.379  1.079 0.3333333433
139779  -24.527  -16.105  1.772 0.1111111119
139795  -23.568  -15.969  1.455 0.3333333433
139797  -24.852  -15.718  1.598 0.1111111119
139811  -22.153  -15.838  0.930 0.3333333433
139832  -21.275  -15.441  0.581 0.3333333433
141085  -19.849  -15.083  0.668 0.3333333433
141086  -22.309  -15.245  0.721 0.4444444478
141088  -23.518  -14.990  0.950 0.3333333433
141110  -20.723  -14.783  0.240 0.4444444478
141113  -22.663  -14.782  0.434 0.4444444478
142299  -23.706  -14.539  0.687 0.4444444478
142316  -21.779  -14.557  0.034 0.4444444478
142318  -22.939  -14.393  0.132 0.4444444478
142319  -23.737  -14.051  0.531 0.4444444478
143473  -25.062  -14.095  1.451 0.2222222239
143475  -26.066  -13.569  1.781 0.1111111119
143486  -24.498  -13.391  0.893 0.4444444478
143498  -19.869  -13.530  0.368 0.4444444478
143501  -23.762  -13.605  0.347 0.3333333433
143510  -20.750  -13.417  -0.278 0.4444444478
143511  -21.337  -13.660  -0.571 0.4444444478
143521  -22.388  -13.549  -1.261 0.4444444478
144752  -27.487  -12.762  1.880 0.1111111119
144757  -18.578  -13.151  0.808 0.3333333433
144760  -25.345  -12.879  1.328 0.2222222239
144766  -18.697  -12.645  0.653 0.5555555820
144791  -22.762  -13.155  -1.401 0.4444444478
146052  -17.900  -12.351  1.423 0.4444444478
146056  -27.647  -12.178  1.817 0.1111111119
146065  -25.066  -12.464  0.960 0.2222222239
146067  -26.096  -12.057  1.338 0.1111111119
146073  -18.875  -12.133  0.549 0.5555555820
146076  -23.942  -12.328  0.177 0.4444444478
146087  -21.215  -12.655  -0.829 0.4444444478
146088  -23.448  -12.502  -0.998 0.4444444478
146098  -21.539  -12.254  -1.206 0.4444444478
146100  -23.710  -11.951  -1.058 0.4444444478
146109  -22.604  -11.921  -1.641 0.4444444478
147394  -17.408  -11.202  1.712 0.2222222239
147402  -17.858  -11.355  1.278 0.4444444478
147403  -18.145  -11.402  1.103 0.5555555820
147408  -26.360  -11.593  1.094 0.1111111119
147416  -19.868  -11.859  0.111 0.6666666865
147417  -24.094  -11.827  0.140 0.4444444478
147418  -24.719  -11.651  0.337 0.4444444478
147431  -20.875  -11.641  -0.566 0.4444444478
147444  -21.687  -11.820  -1.394 0.4444444478
147448  -23.960  -11.429  -1.279 0.4444444478
147459  -22.896  -11.387  -1.628 0.4444444478
148801  -17.754  -10.991  2.114 0.1111111119
148830  -26.642  -11.093  0.900 0.1111111119
148838  -25.060  -11.087  0.282 0.2222222239
148850  -21.017  -11.037  -0.882 0.7777777910
148863  -21.532  -11.174  -1.374 0.6666666865
148864  -21.957  -10.956  -1.644 0.5555555820
148875  -22.460  -10.853  -1.695 0.5555555820
148878  -23.967  -10.652  -1.584 0.5555555820
150157  -17.698  -10.292  1.907 0.1111111119
150179  -27.398  -10.029  0.803 0.1111111119
150180  -27.837  -10.229  1.099 0.1111111119
150184  -19.531  -10.099  0.592 0.6666666865
150197  -25.408  -9.924  -0.202 0.2222222239
150207  -20.986  -10.367  -1.221 0.7777777910
150209  -24.292  -10.269  -1.572 0.6666666865
151452  -17.557  -9.807  2.042 0.1111111119
151477  -26.473  -9.496  0.175 0.2222222239
151498  -21.142  -9.986  -2.062 0.8888888955
151510  -19.398  -8.534  -2.643 1.0000000000
151513  -22.541  -9.657  -1.854 0.8888888955
151515  -24.347  -9.754  -1.935 0.6666666865
151516  -24.893  -9.414  -1.914 0.4444444478
152728  -17.832  -9.046  1.230 0.1111111119
152732  -27.189  -8.955  0.627 0.1111111119
152740  -19.744  -9.185  0.205 1.0000000000
152743  -27.344  -8.504  0.619 0.1111111119
152753  -26.931  -8.499  -0.278 0.3333333433
152765  -25.901  -8.855  -1.552 0.5555555820
152775  -19.428  -8.530  -2.646 1.0000000000
152776  -19.557  -8.259  -2.523 1.0000000000
152791  -23.688  -8.488  -2.603 1.0000000000
152793  -24.901  -8.706  -2.504 0.7777777910
154018  -27.827  -8.336  0.824 0.1111111119
154044  -26.465  -8.000  -1.732 0.6666666865
154052  -19.570  -8.209  -2.557 1.0000000000
154055  -21.341  -8.238  -1.789 1.0000000000
154058  -25.398  -8.509  -2.518 1.0000000000
154067  -19.763  -8.279  -2.610 1.0000000000
155258  -27.537  -7.770  -0.563 0.4444444478
155259  -27.884  -7.325  -0.396 0.3333333433
155293  -19.731  -7.635  -2.119 1.0000000000
155295  -21.728  -7.422  -2.057 1.0000000000
155296  -26.083  -7.701  -2.660 0.8888888955
155304  -20.332  -7.500  -2.773 1.0000000000
155305  -21.135  -7.011  -2.386 1.0000000000
155307  -23.262  -7.325  -2.550 1.0000000000
156476  -18.743  -6.830  -0.237 0.5555555820
156477  -18.744  -6.658  -0.615 0.6666666865
156478  -26.859  -7.154  -0.987 0.4444444478
156480  -27.705  -6.775  -0.681 0.4444444478
156513  -21.023  -6.598  -2.316 1.0000000000
156516  -23.020  -6.737  -2.488 1.0000000000
157697  -27.462  -6.262  -0.918 0.5555555820
157720  -21.059  -6.143  -2.138 1.0000000000
157737  -25.135  -6.303  -3.155 1.0000000000
157738  -25.526  -5.947  -2.976 1.0000000000
157747  -24.647  -5.558  -3.328 1.0000000000
159038  -23.120  -5.288  -2.729 1.0000000000
159040  -25.797  -5.419  -2.751 0.7777777910
159052  -25.409  -5.364  -3.137 0.7777777910
160324  -26.326  -4.719  -2.164 0.7777777910
160336  -22.784  -4.858  -2.503 1.0000000000
160338  -25.711  -4.648  -2.872 1.0000000000
160355  -24.863  -4.530  -3.294 1.0000000000
161692  -28.369  -4.073  -0.398 0.3333333433
161733  -26.188  -3.916  -2.526 0.7777777910
161734  -26.664  -3.675  -2.303 0.7777777910
161748  -23.989  -4.057  -3.346 1.0000000000
162981  -20.859  -3.046  -1.275 0.5555555820
162995  -21.956  -2.996  -2.366 0.8888888955
163018  -25.202  -3.465  -3.362 1.0000000000
163033  -25.120  -2.939  -3.810 1.0000000000
164235  -30.363  -2.535  1.047 0.1111111119
164283  -21.837  -2.458  -2.075 0.7777777910
164285  -27.536  -2.351  -1.795 0.7777777910
164294  -22.260  -2.505  -2.410 0.7777777910
164296  -26.834  -2.519  -2.547 0.8888888955
164305  -23.150  -2.405  -3.151 0.8888888955
164321  -24.303  -2.507  -3.743 1.0000000000
165535  -30.178  -2.014  0.930 0.1111111119
165550  -19.764  -1.817  -0.038 0.3333333433
165589  -21.678  -1.917  -1.929 0.7777777910
165601  -22.466  -1.992  -2.424 0.7777777910
165604  -26.926  -1.854  -2.712 0.7777777910
165614  -23.793  -1.776  -3.580 1.0000000000
165617  -26.759  -1.197  -3.003 0.7777777910
165626  -23.860  -1.369  -3.836 1.0000000000
165628  -25.396  -1.876  -4.018 0.8888888955
166774  -29.965  -1.028  0.405 0.1111111119
166818  -28.509  -0.765  -0.723 0.4444444478
166841  -22.634  -0.902  -2.825 0.8888888955
166856  -23.471  -0.873  -3.685 1.0000000000
166870  -25.256  -1.374  -4.367 1.0000000000
166882  -25.073  -1.021  -4.519 1.0000000000
166883  -25.792  -0.844  -4.798 1.0000000000
166884  -25.979  -0.803  -4.790 0.8888888955
168067  -18.997  -0.144  0.367 0.2222222239
168097  -28.318  -0.208  -1.077 0.5555555820
168107  -21.552  -0.253  -1.913 0.6666666865
168119  -21.949  -0.360  -2.313 0.7777777910
168120  -22.337  -0.399  -2.669 0.8888888955
168122  -27.152  -0.185  -2.864 0.7777777910
168133  -23.138  -0.359  -3.553 1.0000000000
168134  -26.432  -0.240  -3.725 0.8888888955
168145  -24.052  -0.477  -4.144 1.0000000000
168156  -24.896  -0.345  -4.686 1.0000000000
168157  -25.605  -0.379  -5.040 0.8888888955
169254  -30.905  0.443  1.496 0.1111111119
169286  -18.815  0.253  0.745 0.2222222239
169315  -20.725  0.431  -1.157 0.5555555820
169326  -21.413  0.591  -2.115 0.6666666865
169328  -27.747  0.206  -1.967 0.7777777910
169337  -21.662  0.601  -2.385 0.6666666865
169338  -21.964  0.536  -2.668 0.8888888955
169339  -22.367  0.103  -2.915 0.8888888955
169340  -27.198  0.201  -3.411 0.7777777910
169351  -22.768  0.163  -3.384 1.0000000000
169365  -23.932  -0.027  -4.233 1.0000000000
169366  -26.108  0.726  -4.138 0.8888888955
169376  -24.474  0.133  -4.639 1.0000000000
170348  -30.557  0.981  1.464 0.1111111119
170408  -29.135  1.116  -0.405 0.3333333433
170417  -20.570  0.939  -0.801 0.5555555820
170428  -27.689  1.032  -2.270 0.7777777910
170437  -21.654  0.990  -2.370 0.5555555820
170439  -27.243  0.839  -2.641 0.7777777910
170463  -22.909  1.332  -3.708 0.7777777910
170477  -23.760  1.274  -4.373 0.7777777910
170478  -24.341  1.114  -4.872 0.8888888955
170480  -25.168  1.354  -4.846 0.8888888955
171501  -18.860  1.573  1.167 0.1111111119
171507  -30.246  1.565  0.663 0.1111111119
171508  -30.375  1.517  1.284 0.1111111119
171534  -29.134  2.045  -1.183 0.5555555820
171543  -21.286  1.527  -1.411 0.7777777910
171544  -28.481  1.877  -1.931 0.5555555820
171575  -22.636  1.810  -3.431 0.7777777910
171583  -23.550  1.848  -4.227 0.8888888955
171585  -26.384  1.728  -3.571 0.8888888955
171592  -24.127  1.752  -4.589 0.8888888955
171595  -25.494  1.890  -4.514 0.8888888955
172634  -19.267  2.683  1.258 0.1111111119
172677  -21.443  2.189  -1.618 0.5555555820
172679  -28.290  1.989  -2.065 0.6666666865
172683  -22.038  2.404  -2.490 0.6666666865
172692  -22.176  2.226  -2.853 0.6666666865
172693  -22.430  2.303  -3.178 0.6666666865
172700  -23.298  2.400  -4.032 0.7777777910
172702  -26.081  2.856  -3.778 0.7777777910
172708  -23.791  2.373  -4.501 0.7777777910
172711  -25.327  2.437  -4.626 0.8888888955
173827  -29.794  2.940  0.606 0.1111111119
173844  -29.458  3.005  0.195 0.1111111119
173853  -20.624  3.636  -0.166 0.2222222239
173859  -29.061  2.872  -1.322 0.5555555820
173884  -27.821  3.240  -2.000 0.6666666865
173890  -26.946  3.121  -2.140 0.6666666865
173897  -22.150  3.139  -2.944 0.6666666865
173907  -22.984  3.017  -3.901 0.6666666865
173916  -24.001  3.032  -4.613 0.7777777910
173917  -25.120  2.887  -4.629 0.7777777910
175115  -29.425  4.200  0.606 0.1111111119
175158  -29.041  3.562  -0.666 0.5555555820
175177  -21.375  4.525  -1.385 0.3333333433
175189  -22.043  4.119  -2.930 0.5555555820
175191  -26.144  3.919  -3.616 0.7777777910
175200  -22.752  3.988  -3.929 0.6666666865
175201  -23.100  3.961  -4.327 0.7777777910
175202  -24.661  3.859  -4.396 0.6666666865
175215  -24.167  3.580  -4.551 0.7777777910
176473  -28.083  4.640  -1.277 0.4444444478
176477  -21.028  5.397  -1.092 0.1111111119
176485  -21.946  4.755  -2.595 0.5555555820
176487  -27.086  4.321  -2.353 0.6666666865
176493  -22.606  4.389  -3.705 0.5555555820
176504  -25.020  4.900  -4.175 0.6666666865
176506  -26.073  4.470  -3.815 0.6666666865
176514  -24.082  4.137  -4.347 0.7777777910
177714  -29.266  5.198  1.214 0.1111111119
177770  -20.870  6.107  -0.824 0.2222222239
177775  -27.804  5.299  -1.926 0.5555555820
177779  -21.816  5.455  -2.267 0.4444444478
177785  -22.913  5.988  -3.630 0.5555555820
177786  -25.844  5.775  -3.880 0.6666666865
177794  -22.636  4.952  -3.688 0.5555555820
177796  -24.111  5.800  -4.384 0.6666666865
178954  -29.283  5.662  0.954 0.1111111119
178992  -21.042  6.682  -0.882 0.1111111119
178993  -21.210  6.672  -1.557 0.2222222239
179002  -21.592  6.735  -2.184 0.3333333433
179003  -21.895  6.819  -2.657 0.4444444478
179011  -25.628  6.214  -4.079 0.6666666865
179012  -26.063  6.205  -3.635 0.6666666865
180129  -29.350  6.520  0.669 0.1111111119
180146  -21.265  6.824  -0.723 0.1111111119
180152  -21.251  7.276  -0.949 0.1111111119
180157  -28.266  6.293  -1.636 0.5555555820
180163  -21.278  7.167  -1.748 0.3333333433
180174  -27.481  6.446  -2.909 0.6666666865
180187  -24.412  6.836  -4.168 0.6666666865
181318  -28.850  7.507  -0.115 0.3333333433
181322  -21.159  7.447  -1.321 0.1111111119
181323  -21.278  7.783  -1.040 0.1111111119
181324  -21.461  7.919  -0.878 0.1111111119
181326  -27.815  7.394  -1.403 0.5555555820
181336  -27.261  7.509  -2.146 0.6666666865
181344  -21.586  7.837  -2.012 0.1111111119
181358  -24.752  7.208  -3.975 0.6666666865
183633  -26.906  8.928  -2.747 0.5555555820
184803  -22.617  10.031  -2.372 0.2222222239
185985  -30.150  9.964  0.623 0.1111111119
186007  -29.541  10.599  -0.263 0.2222222239
187108  -22.530  11.189  0.728 0.1111111119
187120  -22.409  10.985  0.500 0.1111111119
187135  -28.300  10.990  -1.335 0.4444444478
187147  -25.451  11.243  -3.511 0.4444444478
187150  -27.323  11.380  -3.320 0.4444444478
188312  -29.943  12.101  -0.554 0.1111111119
189393  -23.486  12.235  -0.118 0.1111111119
189408  -24.559  13.191  -1.306 0.2222222239
189409  -27.290  13.086  -1.754 0.2222222239
189410  -28.872  12.484  -1.923 0.2222222239
189419  -25.894  12.743  -3.061 0.3333333433
190412  -26.647  13.000  2.423 0.1111111119
190438  -25.903  13.157  0.678 0.1111111119
190440  -31.766  13.028  0.853 0.1111111119
190451  -25.663  13.297  0.081 0.1111111119
190452  -30.807  13.120  0.012 0.1111111119
190474  -27.165  13.125  -1.945 0.3333333433
190480  -26.906  12.713  -2.501 0.3333333433
190482  -28.127  12.678  -2.558 0.2222222239
191444  -31.415  13.891  0.774 0.1111111119
191455  -30.668  13.726  0.105 0.1111111119
191457  -31.607  13.439  0.735 0.1111111119
191468  -25.531  14.198  -1.055 0.2222222239
191487  -25.641  14.022  -2.150 0.3333333433
191488  -26.911  14.321  -2.250 0.1111111119
192363  -27.469  14.397  2.461 0.1111111119
192390  -31.202  14.407  0.887 0.1111111119
192403  -27.015  14.571  0.038 0.1111111119
192406  -30.542  14.294  0.271 0.1111111119
192416  -26.759  14.511  -0.477 0.1111111119
192418  -29.708  14.261  -0.341 0.1111111119
192428  -28.819  14.247  -1.122 0.1111111119
192432  -28.192  14.634  -2.260 0.1111111119
193267  -30.967  14.949  0.850 0.1111111119
193298  -26.705  16.185  -1.448 0.1111111119
193299  -28.317  15.470  -1.751 0.1111111119
193304  -26.726  15.570  -2.263 0.1111111119
193305  -26.910  16.125  -2.220 0.1111111119
193309  -26.898  15.375  -2.451 0.1111111119
194170  -27.518  15.784  1.671 0.1111111119
194186  -31.205  15.736  1.307 0.1111111119
194193  -30.018  15.282  0.215 0.1111111119
194212  -28.563  16.296  -0.961 0.1111111119
194218  -27.197  16.212  -2.335 0.1111111119
194223  -27.465  15.632  -2.506 0.1111111119
195070  -30.783  16.661  1.306 0.1111111119
195098  -30.208  16.181  0.703 0.1111111119
195109  -27.292  16.994  -1.519 0.1111111119
195982  -27.018  18.301  -0.329 0.1111111119
195984  -29.547  16.954  0.351 0.1111111119
195991  -27.161  18.171  -0.756 0.1111111119
195993  -28.498  17.487  -0.627 0.1111111119
244460  -20.224  -8.004  -2.007 1.0000000000
244477  -26.571  7.751  -3.699 0.6666666865
244479  -23.352  7.755  -3.289 0.4444444478
246468  -21.810  -9.923  -2.103 0.8888888955
247147  -24.839  12.665  1.507 0.1111111119
247668  -24.106  9.546  -3.670 0.4444444478
251184  -24.582  0.606  -4.991 1.0000000000
251796  -22.195  -3.592  -2.486 0.8888888955
252201  -26.322  0.166  -3.963 0.8888888955
253542  -17.426  -13.333  2.406 0.3333333433
256416  -26.778  3.546  -2.379 0.6666666865
257019  -28.938  -3.495  -0.030 0.2222222239
257548  -19.883  -7.149  -2.366 1.0000000000
258995  -30.403  17.125  1.107 0.1111111119
259523  -21.390  0.219  -1.875 0.6666666865
260391  -25.103  -7.199  -2.933 1.0000000000
261506  -25.402  5.231  -4.058 0.6666666865
261570  -26.197  2.303  -3.639 0.8888888955
263600  -28.198  3.969  -1.111 0.4444444478
264391  -27.705  4.690  -1.707 0.5555555820
265112  -20.295  -18.232  1.504 0.3333333433
265622  -26.953  1.267  -2.642 0.7777777910
265717  -22.359  -13.992  -1.031 0.4444444478
266368  -23.486  -2.797  -3.263 1.0000000000
267352  -18.927  -9.958  1.194 0.6666666865
267465  -27.107  6.961  -2.912 0.6666666865
268270  -21.760  -0.834  -2.063 0.7777777910
269064  -21.500  -9.072  -2.111 0.8888888955
269220  -29.637  -1.402  0.301 0.2222222239
269450  -29.363  2.795  -0.439 0.1111111119
269451  -30.137  -1.499  0.659 0.1111111119
269543  -22.977  -1.386  -2.995 0.8888888955
270765  -17.889  -18.351  2.344 0.1111111119
271031  -28.801  2.080  -1.693 0.5555555820
271242  -28.999  8.437  -0.327 0.1111111119
271561  -18.136  -14.690  2.107 0.2222222239
271675  -19.477  -0.616  0.078 0.2222222239
272238  -27.652  -3.440  -1.164 0.6666666865
272729  -27.287  5.602  -2.805 0.6666666865
273135  -26.182  -0.794  -4.082 0.8888888955
273645  -26.270  4.872  -3.578 0.6666666865
274037  -26.563  -14.748  2.158 0.1111111119
274139  -26.971  0.134  -3.547 0.7777777910
274327  -27.047  16.223  0.112 0.1111111119
274621  -22.573  3.518  -3.691 0.6666666865
275897  -22.061  2.012  -2.607 0.6666666865
276041  -22.389  -19.033  3.522 0.2222222239
276493  -23.337  -11.630  -1.551 0.4444444478
276739  -29.604  5.159  1.616 0.1111111119
277430  -24.010  -20.896  4.404 0.1111111119
277507  -19.399  -8.437  -2.593 1.0000000000
277761  -25.082  8.060  -3.861 0.4444444478
279125  -19.784  -10.879  0.292 0.6666666865
279340  -27.823  8.976  -1.725 0.6666666865
280081  -22.797  -6.283  -2.501 1.0000000000
281460  -28.036  -7.433  0.209 0.2222222239
281896  -24.179  -19.970  3.884 0.1111111119
283276  -23.808  -21.852  4.530 0.1111111119
283341  -27.598  -1.895  -2.011 0.6666666865
284417  -23.131  -13.525  -0.328 0.4444444478
284534  -22.730  -18.312  2.921 0.1111111119
285265  -27.211  3.812  -2.147 0.5555555820
285315  -26.110  -6.870  -2.478 0.6666666865
285626  -19.410  -20.966  1.911 0.1111111119
286677  -25.650  -6.310  -2.607 0.8888888955
287864  -29.280  16.316  -0.099 0.1111111119
288457  -24.865  -10.144  -0.516 0.3333333433
289322  -28.221  -5.072  -0.512 0.2222222239
289423  -28.376  -2.479  -0.443 0.4444444478
289849  -20.037  -12.753  0.011 0.5555555820
289951  -18.687  2.024  1.804 0.1111111119
290621  -20.071  -8.057  -2.657 1.0000000000
291056  -17.901  -20.780  2.581 0.1111111119
291945  -20.886  -2.703  -1.196 0.5555555820
293434  -30.714  15.230  0.684 0.1111111119
293994  -18.104  -10.029  0.860 0.2222222239
294133  -29.082  15.158  -0.754 0.1111111119
294458  -27.072  -1.356  -2.640 0.7777777910
294607  -25.338  -3.887  -3.065 0.8888888955
295113  -25.063  2.612  -4.778 0.8888888955
295190  -23.986  4.696  -4.414 0.7777777910
295719  -24.791  12.689  2.092 0.1111111119
296411  -24.939  -2.669  -3.855 1.0000000000
