#!ascii label  , from subject sub-v2s5x29556_ses-1 vox2ras=TkReg
2149
274916  -23.997  -23.948  -6.351 0.4285714328
136269  -24.357  -22.263  -6.977 0.2857142985
134951  -23.948  -22.775  -6.875 0.4285714328
134953  -25.192  -22.589  -6.506 0.4285714328
136270  -25.982  -22.009  -6.825 0.4285714328
137575  -24.696  -21.398  -7.310 0.2857142985
137555  -25.701  -21.626  -7.006 0.4285714328
138793  -26.513  -20.976  -7.126 0.4285714328
140090  -25.421  -19.915  -8.012 0.4285714328
140070  -26.379  -20.119  -7.595 0.4285714328
142628  -25.939  -18.955  -8.530 0.4285714328
142654  -26.798  -18.330  -8.625 0.4285714328
143930  -26.023  -17.707  -9.582 0.5714285970
143910  -26.482  -17.880  -9.112 0.5714285970
143911  -27.086  -17.954  -8.877 0.4285714328
297423  -27.993  -17.633  -9.081 0.2857142985
145229  -26.863  -17.145  -9.951 0.7142857313
145230  -27.437  -17.147  -9.926 0.7142857313
146579  -28.748  -16.385  -10.191 0.7142857313
147855  -29.334  -16.154  -9.940 0.4285714328
146577  -27.653  -16.745  -10.157 0.7142857313
146555  -28.540  -16.869  -9.684 0.5714285970
149182  -29.646  -14.873  -11.517 0.5714285970
149167  -28.193  -15.290  -10.749 0.5714285970
149181  -29.298  -14.937  -11.527 0.5714285970
150550  -29.168  -14.481  -11.385 0.5714285970
150552  -29.945  -14.412  -11.549 0.5714285970
150553  -30.483  -14.223  -11.285 0.4285714328
153203  -30.220  -13.436  -11.458 0.5714285970
265632  -31.324  -12.360  -11.591 0.5714285970
153182  -29.010  -13.373  -10.176 0.7142857313
154518  -30.829  -12.483  -11.418 0.7142857313
154533  -31.415  -11.817  -12.107 0.7142857313
296558  -31.786  -11.690  -12.057 0.5714285970
153202  -29.853  -13.260  -11.023 0.5714285970
153167  -27.478  -13.057  -8.762 0.5714285970
154499  -30.243  -12.277  -9.989 0.8571428657
155819  -32.148  -11.395  -11.953 0.7142857313
155820  -33.180  -11.236  -11.617 0.5714285970
154482  -29.403  -12.318  -9.003 0.7142857313
154465  -28.508  -12.040  -8.511 0.5714285970
158363  -32.741  -10.284  -11.526 0.7142857313
269639  -33.786  -11.035  -11.831 0.5714285970
289007  -30.796  -11.671  -10.209 0.7142857313
157102  -32.114  -10.745  -11.419 0.7142857313
158379  -33.568  -10.232  -12.772 0.5714285970
157084  -31.400  -10.723  -10.797 0.7142857313
158388  -34.040  -9.965  -12.938 0.5714285970
155786  -30.703  -11.220  -9.747 0.5714285970
158345  -31.148  -10.369  -10.099 0.7142857313
284899  -32.691  -9.906  -11.257 0.7142857313
160996  -33.382  -8.831  -12.321 0.7142857313
159688  -34.305  -9.409  -12.885 0.7142857313
159650  -31.833  -9.423  -10.035 0.7142857313
159665  -32.722  -9.496  -11.295 0.7142857313
160986  -32.773  -8.859  -12.069 0.7142857313
163649  -33.527  -7.626  -13.352 0.7142857313
162339  -34.442  -8.316  -13.032 0.5714285970
160965  -32.701  -8.563  -10.771 0.7142857313
158314  -30.500  -9.626  -9.074 0.5714285970
163660  -34.774  -7.191  -13.470 0.5714285970
270489  -35.078  -6.522  -13.551 0.5714285970
162302  -32.727  -8.234  -10.215 0.8571428657
159638  -32.030  -8.915  -9.661 0.8571428657
164939  -33.979  -6.802  -13.972 0.7142857313
164928  -33.083  -6.765  -13.287 0.7142857313
162323  -32.180  -7.904  -11.967 0.8571428657
163639  -32.075  -7.440  -12.944 0.7142857313
168689  -33.432  -5.153  -14.314 0.8571428657
167455  -34.565  -5.587  -14.742 0.5714285970
166193  -32.947  -6.185  -13.260 0.8571428657
248847  -32.440  -5.961  -12.227 0.8571428657
163630  -31.987  -7.409  -12.137 0.8571428657
164920  -32.189  -6.736  -12.479 0.8571428657
169962  -32.491  -4.103  -14.323 0.8571428657
171218  -32.756  -3.810  -14.835 0.8571428657
172464  -31.273  -2.681  -14.103 0.8571428657
167442  -33.027  -5.389  -13.272 0.8571428657
171207  -31.948  -3.755  -13.917 0.8571428657
171187  -31.541  -3.061  -12.512 1.0000000000
171206  -31.621  -3.347  -13.508 1.0000000000
168676  -32.514  -4.604  -12.902 0.8571428657
172442  -31.274  -2.952  -13.118 1.0000000000
171188  -31.950  -3.632  -12.540 1.0000000000
174992  -30.879  -1.780  -12.798 1.0000000000
176222  -31.885  -0.027  -10.728 0.7142857313
173720  -31.015  -2.416  -13.054 1.0000000000
173704  -31.714  -1.867  -11.900 1.0000000000
174980  -30.697  -1.105  -12.402 1.0000000000
182496  -31.019  2.896  -10.552 1.0000000000
182457  -31.648  2.905  -9.509 0.8571428657
186255  -31.278  5.092  -8.866 0.8571428657
183648  -31.345  4.051  -9.644 1.0000000000
290328  -32.061  8.901  -7.262 0.8571428657
189988  -32.025  7.177  -7.702 0.8571428657
188738  -31.947  6.618  -8.146 1.0000000000
276501  -31.302  10.940  -6.702 0.8571428657
195420  -31.701  10.487  -6.810 0.8571428657
196522  -30.216  11.389  -6.448 0.7142857313
264629  -29.552  10.278  -6.603 0.5714285970
197609  -28.953  12.112  -6.756 0.7142857313
197611  -30.137  12.564  -6.795 0.5714285970
196531  -27.443  11.213  -7.316 0.5714285970
195416  -28.708  10.940  -7.013 0.5714285970
196530  -26.883  11.634  -7.450 0.4285714328
198681  -27.205  13.246  -7.899 0.4285714328
199757  -27.881  13.911  -7.725 0.4285714328
289785  -24.171  12.624  -7.645 0.2857142985
197607  -23.722  12.777  -7.027 0.2857142985
197616  -24.374  12.384  -7.899 0.2857142985
198667  -24.135  13.140  -6.315 0.2857142985
136291  -24.639  -21.865  -7.055 0.2857142985
151898  -29.942  -13.966  -11.515 0.5714285970
157104  -33.214  -10.781  -11.808 0.5714285970
272556  -34.630  -5.882  -14.211 0.5714285970
163640  -32.587  -8.109  -13.245 0.7142857313
163648  -32.781  -7.332  -13.186 0.7142857313
281460  -33.560  -5.733  -14.307 0.8571428657
169974  -33.670  -4.493  -15.035 0.8571428657
169973  -32.998  -4.254  -14.848 0.8571428657
172465  -31.968  -2.854  -14.464 0.8571428657
177528  -31.275  0.465  -11.228 0.8571428657
198660  -26.321  12.885  -3.985 0.1428571492
136290  -24.150  -21.806  -7.268 0.2857142985
138806  -24.440  -20.930  -7.594 0.2857142985
138807  -25.013  -20.912  -7.567 0.2857142985
138809  -26.162  -20.629  -7.381 0.4285714328
141345  -27.146  -19.481  -7.597 0.4285714328
140089  -24.731  -20.089  -8.080 0.2857142985
142653  -26.194  -18.446  -8.799 0.4285714328
140068  -25.232  -20.464  -7.838 0.4285714328
141363  -27.474  -18.996  -7.786 0.4285714328
142652  -25.581  -18.603  -8.957 0.5714285970
145207  -26.539  -17.613  -9.822 0.5714285970
145210  -28.277  -17.295  -9.158 0.4285714328
146575  -26.623  -16.474  -10.031 0.2857142985
146576  -27.152  -16.635  -10.189 0.7142857313
146578  -28.104  -16.428  -10.211 0.7142857313
247874  -28.891  -15.383  -10.908 0.4285714328
149166  -27.554  -15.162  -10.321 0.5714285970
285016  -32.020  -13.291  -10.590 0.4285714328
150530  -27.918  -14.651  -10.349 0.7142857313
151879  -28.727  -13.957  -10.535 0.7142857313
256178  -30.311  -13.841  -11.456 0.7142857313
151915  -31.208  -13.098  -11.359 0.5714285970
153205  -31.748  -12.760  -11.213 0.4285714328
154500  -30.645  -12.174  -10.493 0.7142857313
157100  -31.306  -11.296  -11.212 0.7142857313
275440  -28.051  -12.732  -9.005 0.5714285970
153169  -29.153  -12.762  -9.592 0.5714285970
159689  -34.748  -9.260  -12.878 0.5714285970
288135  -29.484  -11.880  -8.780 0.5714285970
157125  -34.222  -10.935  -12.744 0.5714285970
158347  -32.087  -9.843  -10.569 0.7142857313
158361  -31.923  -10.473  -10.901 0.7142857313
161008  -34.921  -8.689  -12.912 0.5714285970
158330  -30.821  -10.106  -9.472 0.8571428657
162324  -32.461  -8.325  -12.451 0.7142857313
168699  -33.813  -5.056  -14.867 0.5714285970
271030  -32.527  -5.441  -12.191 1.0000000000
287820  -30.724  -2.424  -14.040 1.0000000000
277402  -32.418  -3.434  -10.434 1.0000000000
176233  -32.019  -0.596  -10.497 0.8571428657
178744  -32.025  0.765  -9.356 0.7142857313
178780  -31.440  0.839  -10.870 1.0000000000
178810  -30.807  0.918  -11.989 1.0000000000
181258  -31.536  2.341  -9.737 0.7142857313
178800  -31.100  1.338  -11.506 1.0000000000
180021  -31.768  1.820  -9.401 0.7142857313
182473  -31.319  3.370  -9.890 0.8571428657
191079  -31.762  8.009  -6.906 0.8571428657
187532  -31.484  5.790  -8.998 1.0000000000
184888  -31.150  4.727  -9.726 1.0000000000
194335  -30.201  10.237  -6.582 0.7142857313
252759  -27.071  12.690  -7.771 0.7142857313
268283  -28.938  10.358  -6.850 0.5714285970
196519  -28.412  11.640  -6.991 0.7142857313
198671  -28.363  12.421  -7.020 0.7142857313
275291  -26.582  11.077  -7.427 0.4285714328
199753  -25.053  13.716  -7.790 0.2857142985
199755  -26.599  13.899  -8.351 0.4285714328
198683  -28.811  13.492  -7.248 0.4285714328
200821  -27.086  14.440  -8.094 0.4285714328
199742  -24.523  13.874  -6.350 0.2857142985
199754  -25.693  13.929  -7.960 0.4285714328
147886  -26.628  -15.523  -10.280 0.4285714328
149165  -26.988  -15.063  -10.078 0.4285714328
283622  -26.279  12.827  -7.610 0.4285714328
197619  -27.406  12.004  -7.464 0.7142857313
198679  -25.480  13.370  -7.911 0.2857142985
198670  -24.806  13.129  -6.993 0.2857142985
133547  -23.895  -23.442  -6.677 0.4285714328
133549  -24.854  -23.104  -6.410 0.4285714328
136268  -23.883  -22.270  -7.131 0.2857142985
134976  -23.374  -22.529  -7.177 0.2857142985
134954  -25.901  -22.570  -6.590 0.4285714328
274573  -25.457  -22.092  -6.735 0.4285714328
137574  -24.163  -21.306  -7.466 0.2857142985
137577  -25.938  -21.149  -7.224 0.4285714328
141359  -25.025  -19.497  -8.296 0.2857142985
141360  -25.663  -19.393  -8.197 0.4285714328
141344  -26.598  -19.612  -7.746 0.4285714328
142629  -26.524  -18.792  -8.345 0.4285714328
141379  -25.315  -19.047  -8.627 0.4285714328
143909  -25.825  -18.147  -9.247 0.4285714328
145228  -26.262  -17.136  -9.808 0.2857142985
145208  -27.101  -17.556  -9.416 0.4285714328
249633  -27.476  -16.232  -10.301 0.5714285970
147887  -27.236  -15.612  -10.281 0.5714285970
150531  -28.648  -14.664  -10.758 0.5714285970
286732  -29.059  -13.897  -10.806 0.5714285970
151900  -31.392  -13.593  -11.005 0.4285714328
153184  -30.306  -12.856  -11.068 0.7142857313
153220  -32.860  -12.436  -10.949 0.5714285970
277945  -27.997  -13.257  -9.413 0.7142857313
154498  -29.656  -12.477  -9.719 0.7142857313
151864  -27.560  -13.681  -9.335 0.7142857313
252161  -30.555  -11.857  -9.674 0.5714285970
157124  -33.559  -10.736  -12.769 0.5714285970
159674  -32.927  -9.406  -11.809 0.7142857313
155785  -30.226  -11.280  -9.314 0.7142857313
158331  -31.273  -9.724  -9.801 0.8571428657
162330  -32.799  -8.401  -12.903 0.7142857313
159637  -31.522  -9.109  -9.416 0.8571428657
166210  -33.839  -6.203  -14.197 0.8571428657
168677  -32.965  -4.884  -13.282 0.8571428657
169963  -32.660  -4.431  -13.937 0.8571428657
264119  -32.307  -6.366  -10.886 0.8571428657
169940  -32.234  -4.193  -13.089 1.0000000000
173690  -31.846  -1.441  -11.465 1.0000000000
177491  -31.899  0.340  -10.308 0.8571428657
193200  -31.431  9.394  -6.679 0.8571428657
273646  -30.737  10.191  -6.609 0.8571428657
195417  -29.304  10.908  -6.534 0.7142857313
270184  -29.905  11.923  -6.598 0.7142857313
196520  -29.087  11.480  -6.636 0.5714285970
197608  -27.918  12.041  -7.230 0.5714285970
195415  -28.113  11.048  -7.207 0.5714285970
195424  -25.667  10.988  -7.474 0.4285714328
196537  -25.868  11.646  -7.366 0.4285714328
255880  -27.807  13.354  -7.592 0.4285714328
197604  -23.834  12.438  -6.043 0.2857142985
197617  -25.479  12.491  -7.475 0.2857142985
198663  -24.629  12.687  -5.398 0.2857142985
198659  -25.496  12.791  -4.190 0.1428571492
138828  -24.748  -20.597  -7.822 0.2857142985
147874  -26.831  -15.974  -10.372 0.2857142985
180062  -31.393  1.840  -10.704 1.0000000000
198682  -28.313  13.081  -7.191 0.5714285970
296193  -27.590  17.584  -7.933 0.2857142985
204865  -27.091  17.756  -7.890 0.1428571492
202925  -27.290  16.188  -8.177 0.2857142985
255748  -28.632  17.411  -7.376 0.2857142985
203908  -25.949  17.313  -8.420 0.1428571492
204852  -27.106  17.653  -7.404 0.1428571492
200819  -25.032  15.305  -8.068 0.1428571492
200835  -26.193  15.496  -8.500 0.2857142985
202898  -25.409  16.315  -7.813 0.1428571492
261767  -29.372  16.062  -6.809 0.2857142985
202926  -28.159  15.977  -7.598 0.2857142985
200846  -33.191  14.381  -8.933 0.2857142985
201878  -31.387  15.100  -7.211 0.2857142985
203881  -26.538  16.899  -6.756 0.1428571492
200822  -27.989  14.491  -7.810 0.2857142985
265374  -31.615  13.623  -7.025 0.2857142985
201860  -29.416  15.342  -6.938 0.2857142985
201876  -28.061  15.204  -7.720 0.2857142985
263094  -33.635  11.282  -9.200 0.1428571492
200824  -32.092  14.060  -7.279 0.2857142985
201862  -30.407  14.946  -6.690 0.2857142985
202911  -25.445  17.112  -8.285 0.1428571492
200810  -29.431  14.581  -7.061 0.2857142985
193238  -31.338  9.777  -11.973 0.1428571492
194363  -33.015  10.496  -10.717 0.1428571492
274427  -33.095  12.784  -7.884 0.4285714328
255293  -30.048  13.247  -6.830 0.2857142985
190052  -31.476  7.465  -10.607 0.2857142985
195427  -33.104  10.739  -7.799 0.4285714328
197613  -31.295  12.572  -6.792 0.2857142985
293829  -28.296  13.580  -7.443 0.2857142985
187585  -29.194  6.280  -12.626 0.1428571492
193219  -32.587  9.290  -10.279 0.2857142985
282347  -31.955  12.190  -6.982 0.4285714328
192135  -32.782  8.668  -8.803 0.5714285970
277249  -31.843  11.032  -6.905 0.7142857313
184950  -28.393  5.140  -13.645 0.1428571492
187586  -30.025  5.824  -11.928 0.1428571492
274842  -32.460  10.442  -7.287 0.7142857313
271582  -30.515  11.990  -6.641 0.4285714328
190035  -31.867  7.598  -10.020 0.4285714328
182536  -27.426  3.298  -15.878 0.2857142985
298134  -28.926  3.957  -13.483 0.7142857313
192125  -32.497  9.038  -7.599 0.7142857313
184887  -31.172  4.336  -10.213 0.8571428657
186301  -30.576  5.051  -10.922 0.8571428657
190019  -32.224  7.412  -9.246 0.5714285970
181331  -28.638  1.925  -15.921 0.2857142985
181330  -27.952  2.567  -16.048 0.2857142985
188764  -31.257  6.494  -10.015 0.7142857313
189954  -30.804  7.738  -6.433 0.5714285970
188756  -31.535  6.401  -9.367 0.8571428657
178837  -29.587  1.313  -16.182 0.1428571492
182517  -29.679  2.960  -12.936 0.7142857313
178838  -30.801  1.487  -15.868 0.1428571492
169858  -31.166  -3.881  -7.397 0.5714285970
267315  -32.363  -2.106  -10.760 0.8571428657
173680  -32.454  -1.855  -10.142 0.8571428657
172378  -32.582  -2.521  -9.050 0.4285714328
174932  -32.513  -1.285  -9.650 0.5714285970
181278  -31.119  2.342  -10.951 0.8571428657
177555  -30.203  0.199  -13.295 0.8571428657
182512  -30.603  2.680  -11.720 0.8571428657
177582  -30.509  0.320  -16.339 0.2857142985
180094  -29.524  1.474  -13.396 0.8571428657
182518  -30.081  3.001  -12.360 0.8571428657
187535  -31.245  5.849  -9.623 0.8571428657
177584  -32.289  0.405  -15.405 0.4285714328
178836  -28.754  0.867  -15.194 0.7142857313
181313  -29.298  2.346  -13.352 0.7142857313
272365  -29.829  -4.153  -7.428 0.2857142985
171145  -32.708  -3.130  -9.456 0.5714285970
171123  -32.236  -3.147  -8.228 0.5714285970
172424  -31.692  -2.512  -12.045 0.8571428657
174990  -30.378  -0.779  -12.824 0.8571428657
177543  -30.541  0.071  -11.956 0.8571428657
294933  -30.213  0.678  -13.128 0.8571428657
178809  -30.656  1.656  -12.418 0.8571428657
176302  -30.884  -0.402  -16.495 0.4285714328
176298  -29.631  -0.667  -15.208 0.8571428657
271026  -29.680  0.551  -13.732 0.8571428657
176306  -32.315  -0.387  -16.438 0.4285714328
160920  -29.473  -8.524  -8.477 0.7142857313
163572  -28.954  -7.448  -7.902 0.4285714328
160938  -30.536  -8.742  -8.508 0.7142857313
163589  -32.274  -6.882  -9.016 0.8571428657
271616  -30.811  -6.259  -8.214 0.5714285970
166126  -30.619  -5.476  -7.608 0.5714285970
167352  -29.116  -5.132  -7.547 0.4285714328
277261  -32.313  -5.932  -9.099 0.8571428657
167385  -32.011  -5.316  -8.471 0.5714285970
168588  -30.894  -4.408  -7.535 0.5714285970
257583  -32.524  -4.760  -11.377 0.8571428657
168641  -32.580  -4.479  -10.268 0.7142857313
168617  -32.460  -4.167  -8.767 0.5714285970
172470  -33.026  -2.686  -15.508 0.7142857313
172473  -31.924  -1.990  -15.646 0.7142857313
173742  -30.515  -1.725  -15.152 0.7142857313
175014  -29.916  -1.120  -14.622 0.8571428657
173754  -34.672  -1.790  -16.171 0.2857142985
175029  -33.792  -1.556  -17.103 0.4285714328
175027  -32.651  -1.140  -16.980 0.5714285970
295551  -29.372  -11.057  -8.648 0.4285714328
159618  -29.192  -9.701  -8.604 0.4285714328
287181  -28.178  -8.232  -8.682 0.4285714328
163611  -32.467  -7.559  -10.237 0.7142857313
163600  -32.232  -7.513  -9.243 0.7142857313
163601  -32.423  -7.245  -9.508 0.7142857313
251248  -32.504  -5.333  -10.532 0.8571428657
169981  -34.544  -3.681  -16.213 0.7142857313
172477  -35.203  -2.495  -16.544 0.2857142985
171228  -34.867  -3.053  -16.935 0.5714285970
171224  -33.759  -2.842  -15.920 0.5714285970
155749  -28.588  -11.529  -8.494 0.4285714328
157052  -27.591  -10.602  -8.679 0.5714285970
271158  -30.063  -9.717  -8.863 0.5714285970
159601  -29.752  -9.009  -8.570 0.5714285970
162293  -32.145  -8.078  -9.303 0.7142857313
167464  -35.363  -5.087  -14.851 0.4285714328
169980  -35.475  -3.816  -15.618 0.4285714328
171223  -35.666  -3.356  -16.390 0.4285714328
169982  -35.222  -3.679  -16.543 0.4285714328
151863  -27.148  -13.555  -9.052 0.5714285970
155843  -34.858  -11.274  -12.836 0.4285714328
158390  -35.131  -10.363  -12.831 0.4285714328
164932  -36.414  -6.478  -12.751 0.4285714328
163651  -35.226  -7.496  -12.975 0.4285714328
166200  -37.145  -5.821  -13.157 0.4285714328
268933  -36.100  -5.498  -13.870 0.4285714328
142616  -28.012  -18.637  -7.842 0.1428571492
160999  -35.905  -8.810  -12.024 0.4285714328
162332  -36.229  -8.236  -12.143 0.4285714328
163642  -37.235  -7.132  -12.127 0.4285714328
145187  -28.673  -17.481  -8.644 0.1428571492
145212  -29.342  -16.929  -8.828 0.1428571492
150533  -30.811  -14.582  -10.475 0.2857142985
154558  -35.588  -12.140  -12.566 0.2857142985
157117  -38.085  -10.856  -11.385 0.2857142985
157127  -36.499  -11.292  -12.280 0.2857142985
266683  -33.500  -12.663  -10.707 0.4285714328
159676  -37.636  -9.948  -11.558 0.2857142985
157126  -36.174  -10.715  -12.375 0.2857142985
155831  -34.996  -11.725  -11.899 0.2857142985
281051  -37.557  -9.517  -11.624 0.2857142985
159685  -37.160  -9.090  -11.776 0.4285714328
143888  -28.575  -17.937  -8.262 0.1428571492
294616  -29.116  -17.276  -8.574 0.1428571492
143887  -27.941  -18.102  -8.211 0.1428571492
146540  -30.130  -16.566  -8.764 0.2857142985
147857  -30.682  -15.792  -9.172 0.2857142985
151884  -33.854  -14.073  -9.626 0.2857142985
153223  -35.202  -13.257  -11.048 0.2857142985
153222  -34.594  -13.035  -10.704 0.2857142985
294105  -32.970  -13.486  -9.783 0.2857142985
153235  -35.002  -12.734  -11.243 0.2857142985
288207  -29.611  -17.295  -8.354 0.1428571492
147859  -32.731  -15.759  -8.703 0.2857142985
146541  -30.588  -16.729  -8.569 0.2857142985
149149  -32.584  -15.146  -8.838 0.2857142985
149147  -31.268  -15.450  -9.073 0.2857142985
146557  -29.618  -16.514  -9.116 0.2857142985
297602  -32.626  -14.586  -9.010 0.2857142985
260658  -26.357  -21.595  -7.036 0.2857142985
284284  -27.603  -19.435  -7.494 0.1428571492
140071  -26.931  -19.980  -7.511 0.2857142985
141346  -28.099  -19.197  -7.533 0.1428571492
132195  -24.623  -24.131  -6.083 0.2857142985
252366  -24.029  -24.410  -6.032 0.2857142985
132194  -23.586  -24.209  -6.202 0.2857142985
138794  -27.081  -20.850  -7.116 0.2857142985
132196  -25.290  -24.187  -6.110 0.1428571492
130861  -23.500  -24.597  -5.998 0.2857142985
130848  -23.396  -25.091  -5.792 0.1428571492
296932  -29.773  -16.852  -8.652 0.1428571492
146560  -31.721  -16.438  -8.582 0.2857142985
150536  -33.393  -14.350  -9.229 0.2857142985
153255  -35.639  -12.654  -12.192 0.2857142985
151902  -33.828  -13.597  -9.899 0.2857142985
155845  -36.534  -11.923  -12.629 0.2857142985
155829  -34.218  -11.425  -11.969 0.4285714328
157132  -35.642  -10.825  -12.903 0.4285714328
158370  -37.050  -9.891  -11.692 0.2857142985
161002  -38.955  -8.383  -12.084 0.2857142985
163573  -29.667  -7.376  -7.889 0.7142857313
162333  -37.031  -7.848  -12.044 0.4285714328
267514  -32.621  -4.755  -8.946 0.5714285970
164931  -35.547  -6.806  -13.056 0.4285714328
168701  -35.288  -4.784  -15.108 0.4285714328
169975  -35.769  -3.919  -14.895 0.2857142985
172466  -35.061  -2.392  -14.829 0.2857142985
173758  -34.727  -2.169  -16.785 0.5714285970
295994  -31.526  5.701  -8.149 0.7142857313
173747  -30.824  -1.480  -15.959 0.7142857313
260899  -30.569  3.358  -10.889 0.8571428657
193197  -29.866  9.669  -6.527 0.4285714328
193198  -30.425  9.226  -6.458 0.5714285970
191092  -32.426  8.124  -7.991 0.7142857313
175024  -33.469  -0.999  -16.601 0.2857142985
183681  -30.211  3.533  -11.367 0.8571428657
188739  -32.230  7.165  -8.273 0.8571428657
181312  -28.505  2.327  -14.310 0.5714285970
199748  -29.731  13.892  -6.792 0.2857142985
188784  -30.390  6.939  -11.306 0.4285714328
191110  -32.038  8.200  -10.141 0.4285714328
202886  -26.836  16.258  -5.916 0.1428571492
197629  -33.592  12.244  -8.667 0.2857142985
194356  -33.515  10.778  -9.604 0.1428571492
203899  -29.932  16.076  -6.850 0.2857142985
133531  -25.685  -23.692  -6.155 0.1428571492
134950  -23.243  -23.162  -6.911 0.2857142985
273852  -26.496  -22.171  -6.758 0.1428571492
265385  -27.282  -20.355  -7.337 0.1428571492
138810  -26.731  -20.484  -7.345 0.2857142985
142617  -28.597  -18.753  -7.648 0.1428571492
142634  -29.975  -18.342  -7.883 0.1428571492
254047  -30.793  -17.714  -8.110 0.1428571492
147878  -30.249  -15.524  -9.836 0.2857142985
149171  -31.604  -15.016  -9.308 0.2857142985
151883  -33.261  -13.769  -9.548 0.2857142985
262817  -35.549  -13.544  -11.662 0.2857142985
150554  -31.123  -14.044  -10.625 0.2857142985
154560  -36.513  -12.421  -12.679 0.2857142985
157034  -28.165  -10.991  -8.531 0.5714285970
153206  -32.436  -12.826  -10.753 0.2857142985
153208  -33.854  -13.067  -10.320 0.2857142985
159616  -27.667  -8.831  -8.824 0.2857142985
159678  -39.092  -9.397  -11.545 0.2857142985
163634  -40.113  -7.622  -12.367 0.2857142985
255035  -30.094  -7.828  -8.115 0.7142857313
162280  -31.204  -8.253  -8.562 0.5714285970
285997  -28.172  -6.257  -8.173 0.4285714328
274852  -29.791  -6.788  -7.871 0.5714285970
162335  -39.467  -7.673  -12.410 0.4285714328
271694  -29.562  -3.615  -7.428 0.2857142985
292601  -29.847  -4.728  -7.483 0.5714285970
163643  -38.039  -6.997  -12.453 0.2857142985
162340  -35.016  -8.136  -12.963 0.4285714328
166143  -31.666  -5.873  -8.393 0.7142857313
171104  -30.889  -3.371  -7.202 0.2857142985
166202  -38.260  -5.904  -12.850 0.1428571492
168692  -36.987  -4.756  -14.253 0.4285714328
167465  -36.234  -4.994  -14.848 0.4285714328
169950  -36.408  -3.790  -13.345 0.1428571492
174991  -30.421  -1.437  -13.142 0.8571428657
171197  -36.034  -3.401  -13.615 0.1428571492
172479  -33.787  -2.195  -17.076 0.5714285970
173749  -34.299  -1.253  -15.916 0.2857142985
175023  -31.524  -0.809  -16.295 0.5714285970
177577  -29.401  -0.106  -14.973 0.7142857313
184932  -30.623  4.432  -10.906 0.8571428657
178839  -31.969  1.220  -14.854 0.2857142985
255749  -31.512  1.492  -15.196 0.1428571492
200808  -24.934  14.546  -7.790 0.2857142985
178846  -28.825  1.028  -16.117 0.4285714328
178848  -31.406  1.188  -15.717 0.4285714328
181323  -29.110  2.310  -15.880 0.1428571492
186314  -29.800  5.198  -12.064 0.5714285970
182544  -28.265  2.689  -16.137 0.1428571492
183698  -28.265  4.477  -14.017 0.1428571492
186324  -28.495  5.612  -13.419 0.1428571492
201848  -25.238  15.747  -7.062 0.1428571492
188769  -31.192  6.898  -10.590 0.5714285970
184959  -27.415  5.555  -14.563 0.1428571492
188783  -30.021  6.924  -11.716 0.1428571492
197626  -33.105  12.292  -7.644 0.2857142985
195431  -33.337  10.722  -8.358 0.2857142985
191117  -31.496  8.445  -10.865 0.2857142985
191129  -30.684  8.248  -11.394 0.1428571492
193228  -31.219  9.257  -11.697 0.1428571492
193230  -32.128  9.623  -11.335 0.1428571492
198693  -33.341  13.314  -8.623 0.2857142985
199772  -33.723  13.450  -9.097 0.2857142985
275390  -33.972  12.420  -9.979 0.1428571492
259847  -33.750  11.549  -10.467 0.1428571492
134956  -27.303  -22.955  -6.629 0.1428571492
141347  -28.767  -19.262  -7.463 0.1428571492
154561  -37.027  -12.197  -12.165 0.2857142985
173746  -34.615  -1.871  -14.502 0.2857142985
194373  -32.775  10.635  -11.950 0.1428571492
200856  -33.546  14.133  -9.900 0.2857142985
132210  -23.349  -23.821  -6.574 0.2857142985
133529  -24.466  -23.559  -6.353 0.2857142985
133550  -25.463  -23.115  -6.297 0.1428571492
134955  -26.616  -22.762  -6.537 0.1428571492
266176  -26.968  -21.774  -6.931 0.1428571492
260526  -26.862  -21.301  -7.043 0.1428571492
142631  -27.567  -18.501  -8.068 0.1428571492
146556  -29.084  -16.666  -9.464 0.2857142985
149168  -29.350  -15.266  -11.149 0.4285714328
147856  -30.043  -16.072  -9.379 0.2857142985
145211  -28.842  -17.070  -9.019 0.1428571492
297972  -30.042  -14.988  -10.988 0.2857142985
264587  -33.483  -11.735  -11.427 0.4285714328
159621  -30.733  -9.137  -8.869 0.5714285970
158313  -30.238  -10.145  -9.134 0.4285714328
166212  -36.062  -6.034  -13.385 0.4285714328
160940  -31.431  -8.649  -8.923 0.7142857313
166181  -32.445  -5.765  -10.998 0.7142857313
173748  -31.248  -1.749  -15.263 0.7142857313
172413  -32.384  -2.564  -11.037 0.8571428657
169923  -32.440  -4.069  -11.459 0.8571428657
292082  -32.385  -3.934  -10.926 0.8571428657
173719  -30.562  -2.140  -13.546 0.8571428657
176247  -31.523  -0.257  -11.575 0.8571428657
191078  -31.493  8.435  -6.698 0.5714285970
193210  -32.291  9.472  -7.338 0.7142857313
196524  -31.485  11.533  -6.768 0.5714285970
198673  -29.618  12.911  -6.833 0.2857142985
198674  -30.973  12.994  -6.732 0.2857142985
200823  -28.672  14.494  -7.444 0.2857142985
169978  -34.512  -4.155  -15.587 0.4285714328
151877  -27.202  -14.099  -9.438 0.5714285970
151881  -31.817  -13.863  -10.125 0.2857142985
159683  -35.928  -9.476  -12.066 0.4285714328
169898  -32.730  -3.701  -9.525 0.5714285970
181297  -30.687  2.209  -12.099 0.8571428657
186260  -30.940  5.228  -10.423 0.8571428657
200820  -26.196  14.695  -8.383 0.2857142985
199747  -29.128  13.945  -7.248 0.2857142985
201875  -27.229  15.315  -8.166 0.2857142985
200834  -25.462  15.360  -8.473 0.2857142985
164875  -32.399  -6.603  -9.226 0.8571428657
259768  -27.399  16.977  -8.079 0.2857142985
203909  -26.736  17.479  -8.142 0.1428571492
274638  -26.317  17.202  -8.462 0.2857142985
203898  -26.667  17.409  -7.800 0.1428571492
203911  -29.394  16.734  -6.947 0.2857142985
202924  -25.504  17.062  -8.592 0.1428571492
201888  -25.318  16.583  -8.651 0.1428571492
202927  -28.848  15.834  -7.121 0.2857142985
200826  -32.981  14.197  -7.989 0.2857142985
202929  -31.150  15.739  -7.280 0.2857142985
201863  -31.087  14.608  -6.901 0.2857142985
202899  -25.754  16.535  -6.946 0.1428571492
200813  -31.117  13.982  -6.858 0.2857142985
199760  -32.495  13.652  -7.458 0.2857142985
197622  -32.234  12.591  -7.246 0.2857142985
202912  -29.902  15.528  -6.674 0.2857142985
273583  -33.340  11.229  -8.012 0.2857142985
196544  -33.615  11.669  -9.535 0.1428571492
195437  -33.583  11.240  -10.151 0.1428571492
200812  -30.635  14.266  -6.723 0.2857142985
194366  -32.427  10.203  -11.611 0.1428571492
193225  -32.885  9.847  -10.495 0.1428571492
195439  -33.197  10.899  -11.071 0.1428571492
198694  -33.702  12.818  -8.924 0.1428571492
261366  -30.613  7.717  -11.213 0.1428571492
194348  -32.750  9.904  -7.843 0.5714285970
193215  -33.117  9.832  -8.702 0.4285714328
196534  -32.973  11.250  -7.476 0.5714285970
190083  -29.597  7.437  -12.218 0.1428571492
186313  -29.202  5.292  -12.592 0.1428571492
193220  -32.985  9.690  -9.824 0.2857142985
193223  -32.051  9.073  -10.972 0.2857142985
192139  -32.914  9.163  -9.277 0.4285714328
191105  -32.573  8.072  -8.989 0.5714285970
191100  -32.712  8.148  -8.424 0.7142857313
184940  -29.560  4.717  -12.253 0.4285714328
187565  -30.432  5.711  -11.206 0.5714285970
182526  -28.955  2.956  -13.635 0.5714285970
183700  -29.827  3.457  -12.576 0.7142857313
275225  -29.819  4.215  -11.925 0.7142857313
187544  -30.824  5.704  -10.730 0.7142857313
180102  -28.401  1.811  -15.722 0.5714285970
178847  -30.081  0.701  -16.091 0.4285714328
297281  -30.054  2.036  -12.764 0.8571428657
169877  -32.392  -3.644  -8.522 0.5714285970
173655  -32.522  -1.923  -8.594 0.4285714328
172365  -32.068  -2.640  -7.934 0.4285714328
176276  -30.189  -0.343  -13.465 0.8571428657
177566  -29.759  0.038  -14.062 0.8571428657
177581  -29.454  -0.174  -15.844 0.4285714328
177585  -31.463  0.280  -16.743 0.5714285970
180093  -28.873  1.697  -13.960 0.8571428657
175019  -30.196  -1.306  -15.702 0.7142857313
160936  -28.271  -8.704  -8.694 0.5714285970
162264  -29.508  -7.931  -8.076 0.4285714328
163587  -31.410  -7.628  -8.625 0.7142857313
286933  -30.611  -6.855  -8.373 0.7142857313
164874  -31.972  -6.503  -8.652 0.7142857313
166140  -29.804  -6.175  -7.672 0.4285714328
166141  -30.475  -5.993  -7.791 0.5714285970
269307  -31.933  -4.886  -8.148 0.5714285970
166124  -29.445  -5.630  -7.515 0.4285714328
166138  -28.306  -5.804  -7.803 0.2857142985
167398  -32.446  -5.225  -9.218 0.7142857313
270336  -32.573  -4.941  -10.185 0.8571428657
173752  -32.968  -1.926  -16.443 0.5714285970
173751  -32.345  -1.613  -16.442 0.7142857313
158311  -29.131  -10.314  -8.557 0.5714285970
158310  -28.111  -10.262  -8.638 0.5714285970
168702  -36.023  -4.702  -14.981 0.4285714328
172467  -35.406  -2.850  -14.556 0.2857142985
155850  -35.459  -11.422  -12.885 0.2857142985
158383  -36.387  -10.070  -12.025 0.4285714328
163652  -35.995  -7.157  -12.593 0.4285714328
164922  -37.886  -6.416  -12.728 0.4285714328
166213  -36.916  -5.407  -13.754 0.4285714328
283139  -36.828  -8.522  -11.997 0.4285714328
149146  -30.746  -15.343  -9.543 0.2857142985
150534  -31.573  -14.549  -9.865 0.2857142985
154567  -35.579  -11.862  -12.790 0.2857142985
288932  -34.826  -12.283  -11.450 0.2857142985
158371  -37.474  -10.436  -11.591 0.2857142985
154544  -34.246  -11.953  -11.390 0.2857142985
154536  -34.567  -12.524  -11.073 0.2857142985
161001  -37.945  -8.145  -12.009 0.4285714328
142618  -29.168  -18.884  -7.576 0.1428571492
143889  -29.613  -17.881  -8.138 0.1428571492
291865  -30.855  -16.476  -8.647 0.2857142985
153209  -34.367  -13.538  -10.254 0.2857142985
143890  -30.202  -17.669  -8.134 0.1428571492
147858  -31.757  -15.826  -8.769 0.2857142985
149150  -33.146  -15.311  -8.752 0.2857142985
130863  -25.001  -24.575  -6.032 0.1428571492
132197  -25.897  -24.287  -6.112 0.1428571492
169976  -36.337  -4.381  -14.750 0.2857142985
201849  -25.654  15.681  -6.193 0.1428571492
133532  -26.310  -23.815  -6.226 0.1428571492
273969  -27.116  -22.319  -6.706 0.1428571492
200804  -25.019  15.173  -6.312 0.1428571492
187510  -31.312  6.073  -6.796 0.5714285970
183615  -31.724  3.993  -7.109 0.4285714328
184865  -31.307  4.600  -6.783 0.4285714328
186246  -31.461  5.324  -7.328 0.5714285970
281084  -31.819  3.434  -7.864 0.4285714328
267164  -31.361  4.854  -7.793 0.5714285970
188729  -31.826  6.554  -7.434 0.4285714328
266940  -32.546  0.796  -8.140 0.4285714328
181230  -31.972  2.341  -8.444 0.4285714328
179987  -31.951  1.959  -7.587 0.4285714328
182433  -31.881  3.050  -8.234 0.5714285970
291398  -31.661  3.431  -8.704 0.5714285970
184875  -31.585  4.330  -8.135 0.5714285970
273763  -32.544  -0.755  -9.272 0.5714285970
252869  -39.932  -11.043  -11.326 0.1428571492
269186  -38.800  -9.907  -11.367 0.1428571492
159679  -39.769  -8.902  -11.369 0.1428571492
143928  -24.905  -17.462  -9.282 0.2857142985
157116  -37.299  -11.104  -11.773 0.1428571492
155803  -39.449  -11.709  -10.265 0.1428571492
155835  -40.685  -11.515  -11.280 0.1428571492
272370  -38.470  -11.091  -9.349 0.1428571492
296957  -40.724  -10.704  -11.253 0.1428571492
157072  -38.246  -10.749  -8.853 0.1428571492
142671  -24.717  -18.164  -9.440 0.2857142985
259087  -37.012  -13.036  -12.381 0.1428571492
153238  -38.446  -12.628  -11.220 0.1428571492
153258  -36.821  -12.680  -12.475 0.1428571492
154549  -40.497  -12.032  -11.449 0.1428571492
283112  -38.224  -12.510  -9.148 0.1428571492
153211  -40.695  -12.597  -11.117 0.1428571492
155691  -38.021  -11.604  -6.144 0.1428571492
154466  -37.994  -12.171  -7.812 0.1428571492
260550  -38.045  -11.156  -6.532 0.1428571492
255383  -24.879  -18.649  -9.035 0.2857142985
142651  -24.119  -18.556  -9.306 0.2857142985
149183  -35.094  -15.094  -10.003 0.1428571492
257196  -35.530  -14.596  -10.959 0.1428571492
150572  -35.729  -14.076  -11.175 0.1428571492
150555  -34.345  -14.357  -9.907 0.1428571492
151935  -36.250  -13.433  -12.639 0.1428571492
297361  -39.077  -13.657  -11.507 0.1428571492
151937  -37.017  -13.637  -12.621 0.1428571492
151905  -40.562  -13.070  -10.971 0.1428571492
151925  -38.317  -13.847  -11.650 0.1428571492
153185  -38.347  -13.014  -9.324 0.1428571492
249783  -37.890  -13.260  -7.589 0.1428571492
154421  -37.911  -12.545  -6.023 0.1428571492
154452  -37.711  -12.245  -7.101 0.1428571492
292718  -24.417  -18.827  -8.941 0.2857142985
141376  -23.280  -19.224  -8.966 0.2857142985
140099  -23.162  -19.621  -8.648 0.2857142985
147860  -33.243  -15.996  -8.757 0.1428571492
147880  -34.946  -15.956  -9.730 0.1428571492
149190  -35.461  -15.196  -10.670 0.1428571492
149199  -36.065  -14.691  -12.131 0.1428571492
150575  -38.473  -14.423  -11.713 0.1428571492
150586  -36.332  -14.326  -13.342 0.1428571492
150558  -39.586  -14.431  -10.501 0.1428571492
151853  -38.082  -13.343  -8.195 0.1428571492
151885  -38.476  -13.608  -9.519 0.1428571492
154391  -38.434  -12.104  -4.777 0.1428571492
254112  -38.225  -12.100  -5.283 0.1428571492
256765  -32.269  -16.135  -8.665 0.1428571492
147861  -33.806  -16.303  -8.905 0.1428571492
146562  -33.359  -16.603  -8.588 0.1428571492
281073  -35.582  -16.119  -11.232 0.1428571492
146580  -35.166  -16.519  -9.705 0.1428571492
147912  -37.513  -15.547  -12.850 0.1428571492
147903  -35.717  -15.622  -11.306 0.1428571492
147905  -38.806  -15.627  -11.776 0.1428571492
149216  -36.399  -14.852  -13.448 0.1428571492
149191  -40.372  -14.854  -11.347 0.1428571492
151842  -37.773  -13.705  -7.081 0.1428571492
150539  -38.406  -14.246  -9.458 0.1428571492
256920  -37.943  -13.111  -5.826 0.1428571492
252097  -37.727  -13.464  -6.406 0.1428571492
145194  -32.992  -17.448  -8.362 0.1428571492
146542  -31.130  -16.778  -8.500 0.1428571492
290639  -35.327  -17.345  -10.278 0.1428571492
143932  -35.147  -17.533  -9.801 0.1428571492
146563  -33.884  -17.003  -8.722 0.1428571492
248213  -35.531  -16.591  -11.439 0.1428571492
146585  -35.378  -16.655  -10.194 0.1428571492
271472  -34.774  -16.391  -9.458 0.1428571492
147914  -39.004  -16.169  -11.785 0.1428571492
146614  -37.119  -16.321  -13.069 0.1428571492
147889  -39.714  -15.805  -11.072 0.1428571492
147881  -38.489  -15.384  -9.638 0.1428571492
147897  -39.845  -15.365  -11.246 0.1428571492
248108  -37.884  -13.894  -7.818 0.1428571492
149184  -39.710  -14.874  -10.801 0.1428571492
142680  -35.131  -18.252  -10.373 0.1428571492
143931  -34.777  -17.721  -9.467 0.1428571492
281192  -34.043  -17.570  -8.801 0.1428571492
143959  -36.136  -17.451  -12.962 0.1428571492
143954  -35.386  -17.819  -11.650 0.1428571492
146606  -38.430  -16.410  -12.132 0.1428571492
146613  -36.442  -16.391  -13.517 0.1428571492
282589  -38.160  -15.175  -8.985 0.1428571492
257981  -39.174  -16.073  -10.599 0.1428571492
145254  -35.457  -17.194  -11.585 0.1428571492
254039  -35.317  -16.156  -10.379 0.1428571492
147928  -36.254  -15.702  -13.664 0.1428571492
149208  -37.291  -15.009  -12.519 0.1428571492
151916  -35.390  -13.791  -10.876 0.1428571492
154390  -38.223  -12.593  -5.000 0.1428571492
155642  -38.933  -11.230  -4.241 0.1428571492
153149  -37.726  -13.121  -6.927 0.1428571492
153186  -38.908  -12.789  -9.917 0.1428571492
153159  -38.052  -12.779  -8.023 0.1428571492
155833  -38.289  -11.421  -11.284 0.1428571492
158349  -40.184  -9.980  -11.055 0.1428571492
140088  -24.004  -20.052  -8.224 0.2857142985
147834  -37.728  -14.930  -7.976 0.1428571492
150483  -37.747  -14.199  -6.496 0.1428571492
153088  -38.500  -12.704  -4.412 0.1428571492
155643  -39.394  -11.169  -3.940 0.1428571492
177467  -32.578  0.285  -8.507 0.4285714328
156952  -38.611  -10.943  -4.791 0.1428571492
154443  -37.711  -12.388  -6.545 0.1428571492
156963  -38.281  -11.007  -5.383 0.1428571492
264444  -37.913  -11.115  -7.634 0.1428571492
158225  -38.092  -10.501  -5.760 0.1428571492
159654  -40.036  -9.584  -11.074 0.1428571492
160991  -40.165  -8.160  -12.020 0.1428571492
188713  -30.399  6.594  -6.508 0.4285714328
191068  -30.355  8.141  -6.219 0.4285714328
199793  -33.818  13.822  -10.853 0.1428571492
276785  -31.613  6.997  -6.767 0.4285714328
141358  -24.338  -19.518  -8.370 0.2857142985
200855  -33.304  14.561  -9.523 0.1428571492
157118  -39.096  -10.450  -11.203 0.1428571492
150537  -33.934  -14.672  -9.553 0.1428571492
248513  -32.803  -16.359  -8.600 0.1428571492
146543  -31.708  -17.020  -8.316 0.1428571492
149151  -33.676  -15.622  -8.987 0.1428571492
153257  -36.551  -12.971  -12.657 0.1428571492
163644  -39.386  -7.242  -12.295 0.1428571492
164923  -38.617  -6.238  -12.944 0.1428571492
154546  -37.715  -12.258  -11.444 0.1428571492
155834  -39.548  -11.624  -11.319 0.1428571492
157119  -40.488  -10.181  -11.516 0.1428571492
297570  -40.710  -11.496  -11.289 0.1428571492
157085  -39.233  -10.992  -10.122 0.1428571492
154502  -38.691  -12.223  -9.660 0.1428571492
153210  -39.992  -12.803  -10.570 0.1428571492
154548  -39.735  -12.301  -11.338 0.1428571492
154501  -38.225  -12.031  -9.128 0.1428571492
158348  -39.444  -10.302  -10.285 0.1428571492
158332  -38.375  -10.078  -9.044 0.1428571492
155770  -38.146  -11.528  -8.737 0.1428571492
151936  -36.600  -13.549  -12.802 0.1428571492
151924  -37.504  -13.481  -11.839 0.1428571492
153237  -37.409  -12.818  -11.756 0.1428571492
153239  -39.713  -13.098  -11.371 0.1428571492
154484  -38.151  -12.266  -8.522 0.1428571492
153170  -38.166  -12.896  -8.657 0.1428571492
153240  -40.828  -13.385  -11.329 0.1428571492
156999  -37.840  -11.195  -7.076 0.1428571492
149173  -34.772  -15.429  -9.616 0.1428571492
150557  -35.283  -14.589  -10.433 0.1428571492
266672  -36.121  -14.111  -12.766 0.1428571492
150574  -37.606  -14.083  -11.914 0.1428571492
151917  -40.765  -14.065  -11.231 0.1428571492
150587  -36.350  -14.149  -13.313 0.1428571492
151886  -39.381  -13.333  -10.221 0.1428571492
150559  -40.651  -14.338  -11.146 0.1428571492
151866  -38.198  -13.446  -8.798 0.1428571492
147911  -35.880  -15.151  -12.950 0.1428571492
147904  -35.920  -15.356  -12.036 0.1428571492
150576  -39.484  -14.720  -11.509 0.1428571492
149200  -38.703  -15.023  -11.704 0.1428571492
149175  -38.953  -14.915  -10.106 0.1428571492
251451  -38.044  -13.809  -8.392 0.1428571492
145193  -32.551  -17.224  -8.324 0.1428571492
143914  -33.586  -17.625  -8.467 0.1428571492
145245  -35.427  -16.959  -10.847 0.1428571492
145215  -34.499  -17.276  -9.117 0.1428571492
149217  -37.024  -15.210  -13.491 0.1428571492
147913  -38.243  -15.843  -12.227 0.1428571492
147919  -36.729  -15.813  -13.558 0.1428571492
294804  -35.735  -15.647  -12.864 0.1428571492
259313  -35.365  -17.563  -10.957 0.1428571492
146605  -35.796  -16.170  -12.954 0.1428571492
146601  -39.715  -16.438  -11.262 0.1428571492
296506  -39.152  -15.478  -10.439 0.1428571492
259207  -38.146  -15.843  -9.022 0.1428571492
282889  -35.970  -16.475  -13.190 0.1428571492
145259  -35.658  -17.453  -12.367 0.1428571492
291869  -21.807  -24.928  -5.886 0.1428571492
132192  -22.544  -24.335  -6.178 0.1428571492
132190  -21.080  -24.051  -6.022 0.1428571492
133527  -22.218  -23.893  -6.395 0.1428571492
133528  -22.774  -23.977  -6.403 0.1428571492
294527  -22.697  -23.215  -7.091 0.1428571492
136288  -22.875  -22.143  -7.411 0.1428571492
289846  -22.155  -22.074  -7.542 0.1428571492
137585  -22.557  -20.941  -7.915 0.1428571492
273078  -23.186  -21.707  -7.609 0.1428571492
138805  -23.806  -20.923  -7.694 0.1428571492
268142  -21.592  -21.855  -7.790 0.1428571492
137584  -21.909  -20.848  -7.899 0.1428571492
138826  -23.214  -20.688  -8.014 0.1428571492
140087  -23.306  -20.141  -8.419 0.1428571492
141357  -22.070  -19.250  -8.169 0.1428571492
141374  -22.457  -18.926  -8.566 0.1428571492
142668  -23.063  -18.249  -9.528 0.1428571492
142649  -22.823  -18.748  -9.167 0.1428571492
143926  -23.311  -17.838  -9.654 0.2857142985
142670  -23.941  -18.067  -9.549 0.1428571492
143927  -24.214  -17.565  -9.474 0.1428571492
145227  -25.541  -17.290  -9.519 0.1428571492
289143  -23.542  -17.427  -9.617 0.2857142985
147872  -25.943  -15.688  -9.545 0.2857142985
290669  -26.769  -12.581  -8.693 0.4285714328
154480  -28.116  -12.282  -8.533 0.4285714328
155767  -27.552  -11.247  -8.617 0.4285714328
173641  -32.540  -1.292  -8.397 0.2857142985
176182  -32.222  -0.306  -8.064 0.2857142985
176198  -32.531  -0.243  -8.899 0.2857142985
280246  -29.532  3.590  -6.511 0.2857142985
184860  -30.258  4.347  -6.450 0.2857142985
186240  -31.003  5.077  -6.661 0.2857142985
187508  -30.098  6.055  -6.334 0.4285714328
141377  -23.967  -19.093  -8.916 0.1428571492
265663  -23.027  -17.391  -9.628 0.1428571492
145225  -23.992  -17.018  -9.465 0.2857142985
146574  -25.621  -16.645  -9.603 0.1428571492
134948  -21.629  -22.985  -7.152 0.1428571492
137571  -22.028  -21.506  -7.905 0.1428571492
140085  -21.787  -19.644  -7.856 0.1428571492
142648  -22.315  -18.245  -8.661 0.1428571492
143908  -22.616  -17.952  -9.117 0.1428571492
143925  -22.825  -17.690  -9.511 0.1428571492
146571  -23.384  -16.323  -9.454 0.2857142985
146573  -25.081  -16.233  -9.454 0.2857142985
248948  -24.408  -16.517  -9.466 0.2857142985
248647  -24.547  -15.859  -9.508 0.2857142985
247879  -25.193  -15.574  -9.498 0.2857142985
147885  -26.212  -15.421  -9.775 0.2857142985
150528  -26.814  -14.535  -9.684 0.4285714328
151875  -26.138  -13.717  -9.400 0.4285714328
153181  -25.994  -12.543  -9.302 0.2857142985
277860  -31.939  -2.092  -7.825 0.2857142985
173621  -31.214  -1.517  -7.403 0.2857142985
174902  -32.370  -0.782  -8.313 0.2857142985
176162  -30.666  -0.546  -6.807 0.2857142985
177429  -31.638  0.415  -7.315 0.2857142985
179972  -32.037  1.383  -7.466 0.2857142985
181193  -30.917  2.569  -6.656 0.2857142985
280218  -29.179  2.259  -6.404 0.2857142985
182414  -30.979  3.511  -6.684 0.2857142985
272647  -25.539  -15.167  -9.447 0.2857142985
277288  -31.501  -1.950  -7.564 0.2857142985
174882  -30.895  -1.055  -7.072 0.2857142985
173620  -30.107  -1.704  -6.883 0.2857142985
177427  -30.425  -0.021  -6.558 0.2857142985
247534  -29.932  1.097  -6.308 0.2857142985
178692  -31.262  0.722  -6.932 0.2857142985
179971  -31.514  1.315  -7.042 0.2857142985
282175  -29.527  1.701  -6.472 0.2857142985
181194  -31.445  2.529  -6.897 0.2857142985
176161  -29.102  -0.303  -7.209 0.2857142985
177425  -28.836  0.085  -7.085 0.2857142985
178691  -30.169  0.485  -6.295 0.2857142985
153166  -26.957  -13.016  -8.761 0.4285714328
252683  -27.238  -12.624  -8.464 0.4285714328
137586  -23.189  -21.198  -7.717 0.1428571492
285173  -23.722  -20.476  -8.064 0.1428571492
149164  -26.463  -15.059  -9.872 0.4285714328
134975  -22.722  -22.776  -7.224 0.1428571492
277765  -22.642  -23.554  -6.777 0.1428571492
275917  -31.228  3.007  -6.750 0.2857142985
179962  -31.068  1.707  -6.827 0.2857142985
251434  -24.503  -17.075  -9.404 0.1428571492
141375  -22.831  -19.324  -8.766 0.1428571492
140086  -22.809  -19.846  -8.523 0.1428571492
132191  -21.824  -24.390  -6.177 0.1428571492
134974  -22.110  -22.606  -7.287 0.1428571492
137572  -22.654  -21.633  -7.814 0.1428571492
266784  -22.246  -20.485  -8.100 0.1428571492
138824  -21.866  -20.275  -7.933 0.1428571492
252904  -22.270  -19.940  -8.270 0.1428571492
248593  -22.928  -16.867  -9.352 0.2857142985
268925  -26.062  -13.117  -9.387 0.4285714328
181192  -30.269  2.674  -6.554 0.2857142985
250932  -25.710  -14.066  -9.460 0.4285714328
178689  -28.793  0.520  -6.637 0.2857142985
158307  -26.543  -10.293  -9.218 0.2857142985
155766  -26.968  -11.462  -8.772 0.2857142985
159617  -28.063  -9.484  -8.701 0.2857142985
205842  -32.014  18.191  -9.397 0.1428571492
205843  -32.223  17.821  -9.852 0.1428571492
204888  -31.953  17.331  -8.686 0.1428571492
250956  -32.424  16.110  -8.595 0.1428571492
202949  -32.851  15.336  -9.005 0.1428571492
206780  -31.725  18.912  -9.742 0.1428571492
203924  -31.661  16.602  -8.063 0.1428571492
204869  -29.961  16.930  -7.208 0.1428571492
206763  -28.760  19.109  -7.905 0.1428571492
276579  -27.118  -10.260  -8.864 0.2857142985
158308  -26.885  -9.607  -9.054 0.2857142985
274953  -33.229  15.536  -10.147 0.1428571492
204906  -32.772  16.961  -10.689 0.1428571492
200837  -32.953  14.566  -8.380 0.1428571492
280846  -32.491  16.479  -8.983 0.1428571492
203940  -33.056  16.113  -9.867 0.1428571492
250358  -32.362  14.661  -7.488 0.1428571492
266761  -30.435  16.588  -7.259 0.1428571492
202941  -32.363  15.649  -8.174 0.1428571492
205825  -31.100  17.980  -8.019 0.1428571492
206764  -29.639  18.691  -8.004 0.1428571492
205815  -29.957  17.510  -7.401 0.1428571492
204867  -28.110  18.028  -7.822 0.1428571492
204868  -29.227  17.373  -7.307 0.1428571492
202930  -31.903  15.671  -7.643 0.1428571492
203913  -30.914  16.426  -7.448 0.1428571492
154478  -26.870  -12.088  -8.712 0.2857142985
204895  -32.188  17.598  -9.231 0.1428571492
206779  -31.394  19.091  -9.251 0.1428571492
204896  -32.471  17.248  -9.693 0.1428571492
203923  -31.266  16.834  -7.732 0.1428571492
204887  -31.556  17.694  -8.276 0.1428571492
207732  -31.370  19.949  -9.849 0.1428571492
204870  -30.687  17.099  -7.424 0.1428571492
293770  -32.896  16.529  -9.950 0.1428571492
173639  -28.328  -1.467  -7.657 0.1428571492
174880  -29.838  -1.179  -6.887 0.1428571492
259667  -29.473  -0.712  -7.156 0.1428571492
247424  -28.517  1.077  -6.610 0.1428571492
179985  -26.012  1.732  -7.984 0.1428571492
247401  -27.049  2.575  -6.691 0.1428571492
271700  -30.536  -2.265  -7.095 0.1428571492
280236  -28.178  1.704  -6.673 0.1428571492
280299  -27.236  3.511  -7.120 0.1428571492
247505  -27.767  3.665  -6.917 0.1428571492
247113  -27.797  4.190  -7.045 0.2857142985
164859  -28.648  -6.900  -7.629 0.2857142985
164872  -27.171  -6.586  -8.606 0.1428571492
169875  -28.168  -3.564  -7.817 0.1428571492
171102  -29.080  -3.404  -7.601 0.1428571492
269611  -28.782  -2.191  -7.392 0.1428571492
176303  -32.551  -0.106  -15.747 0.1428571492
176180  -27.677  -0.648  -7.809 0.1428571492
280322  -28.789  2.782  -6.438 0.1428571492
247316  -29.106  4.456  -6.604 0.1428571492
280368  -28.484  4.470  -6.814 0.1428571492
247343  -28.336  5.106  -7.002 0.2857142985
188710  -28.545  6.614  -6.929 0.2857142985
193206  -26.049  9.543  -7.907 0.2857142985
273574  -24.700  8.329  -8.098 0.2857142985
194342  -25.415  9.943  -8.011 0.2857142985
199746  -24.952  14.186  -7.073 0.1428571492
196512  -24.152  11.539  -4.417 0.1428571492
188712  -29.756  6.531  -6.622 0.2857142985
186236  -28.266  5.645  -7.148 0.2857142985
275859  -28.592  7.784  -6.727 0.2857142985
193187  -29.299  9.299  -6.188 0.2857142985
297036  -27.775  8.344  -7.479 0.2857142985
262031  -26.201  8.387  -7.524 0.2857142985
193195  -27.986  9.881  -7.246 0.2857142985
192122  -26.778  9.072  -7.461 0.2857142985
274791  -27.098  10.560  -7.384 0.2857142985
271965  -24.175  11.916  -8.216 0.1428571492
193204  -24.024  9.048  -8.122 0.2857142985
199737  -24.949  13.281  -5.673 0.1428571492
199731  -25.873  13.401  -4.503 0.1428571492
295660  -25.266  7.807  -7.964 0.1428571492
189968  -24.559  6.341  -8.069 0.1428571492
280395  -27.792  4.784  -7.173 0.2857142985
192120  -24.122  8.651  -8.342 0.2857142985
195422  -24.156  11.045  -8.335 0.1428571492
266945  -24.507  9.675  -8.120 0.2857142985
195412  -23.245  11.206  -6.767 0.1428571492
194333  -23.268  10.510  -7.182 0.1428571492
247315  -26.736  3.632  -7.345 0.2857142985
192098  -22.993  8.375  -7.570 0.1428571492
195406  -24.680  11.085  -3.946 0.1428571492
194328  -23.826  10.153  -6.649 0.1428571492
182420  -25.067  2.982  -7.390 0.1428571492
177579  -32.441  0.561  -14.619 0.1428571492
172456  -35.022  -2.286  -14.062 0.1428571492
168585  -28.203  -4.119  -7.934 0.1428571492
171133  -27.449  -2.718  -8.466 0.1428571492
176300  -33.182  -0.052  -14.195 0.1428571492
172377  -27.563  -2.058  -8.132 0.1428571492
176195  -25.935  -0.264  -9.046 0.1428571492
177466  -25.992  0.269  -8.821 0.1428571492
177447  -26.904  0.404  -8.055 0.1428571492
178708  -26.008  1.246  -8.267 0.1428571492
296175  -28.074  2.257  -6.639 0.1428571492
247254  -28.931  3.382  -6.521 0.1428571492
280318  -27.211  3.921  -7.313 0.2857142985
188709  -27.975  6.564  -7.320 0.1428571492
262692  -27.126  6.754  -7.271 0.1428571492
191090  -27.803  8.019  -7.346 0.2857142985
191088  -26.155  7.600  -7.706 0.1428571492
191089  -27.164  8.104  -7.394 0.1428571492
192091  -23.528  8.979  -6.050 0.1428571492
192109  -23.349  8.443  -8.363 0.2857142985
298243  -23.812  9.554  -7.139 0.1428571492
194323  -23.325  10.808  -6.171 0.1428571492
197615  -23.603  12.293  -7.757 0.1428571492
195410  -24.252  11.094  -4.595 0.1428571492
196511  -23.605  11.615  -5.070 0.1428571492
173744  -33.888  -1.227  -15.037 0.1428571492
175016  -33.386  -0.859  -14.786 0.1428571492
175007  -33.358  -0.678  -14.148 0.1428571492
193196  -28.437  9.860  -6.871 0.2857142985
194344  -27.525  10.098  -7.322 0.2857142985
197606  -23.213  12.155  -6.792 0.1428571492
197601  -23.940  12.078  -4.834 0.1428571492
194343  -26.574  9.989  -7.601 0.2857142985
268617  -25.298  10.521  -8.035 0.2857142985
196529  -25.053  11.381  -8.009 0.2857142985
195408  -23.349  11.389  -5.848 0.1428571492
199738  -25.484  13.804  -5.147 0.1428571492
189940  -30.215  7.596  -6.355 0.2857142985
287176  -28.746  -4.547  -7.596 0.1428571492
167370  -27.625  -5.267  -8.219 0.1428571492
286531  -29.488  8.822  -6.073 0.2857142985
275443  -30.688  -2.863  -7.098 0.1428571492
276234  -35.389  -2.647  -13.715 0.1428571492
191067  -29.767  8.004  -6.196 0.2857142985
280210  -29.610  4.226  -6.480 0.1428571492
290915  -30.027  5.137  -6.359 0.1428571492
264588  -29.206  5.499  -6.659 0.1428571492
173617  -28.298  -1.914  -7.649 0.1428571492
271045  -27.276  -0.115  -7.862 0.1428571492
178711  -27.486  0.595  -7.692 0.1428571492
174916  -26.339  -0.830  -8.956 0.1428571492
173637  -27.572  -1.626  -8.206 0.1428571492
178686  -27.315  1.202  -7.453 0.1428571492
179970  -27.067  1.841  -7.149 0.1428571492
280451  -27.164  2.971  -6.633 0.1428571492
247423  -28.221  2.719  -6.593 0.1428571492
277572  -28.880  -2.784  -7.502 0.1428571492
247112  -27.753  3.170  -6.729 0.1428571492
280367  -28.379  3.819  -6.736 0.1428571492
171101  -28.451  -3.132  -7.755 0.1428571492
297807  -28.683  5.443  -6.767 0.2857142985
247118  -27.783  5.345  -7.275 0.2857142985
292644  -28.243  6.917  -7.187 0.2857142985
188698  -29.405  6.996  -6.667 0.2857142985
187506  -28.745  5.984  -6.765 0.2857142985
193205  -24.891  9.315  -8.103 0.2857142985
254124  -26.934  9.681  -7.485 0.2857142985
191087  -24.102  7.630  -8.174 0.1428571492
196508  -24.852  11.587  -3.741 0.1428571492
191076  -28.168  7.755  -7.105 0.2857142985
191065  -28.530  8.416  -6.441 0.2857142985
192110  -28.050  8.868  -6.713 0.2857142985
192123  -27.281  8.558  -7.453 0.2857142985
268410  -27.957  9.344  -6.861 0.2857142985
275201  -24.863  7.099  -8.036 0.1428571492
193207  -27.497  9.497  -7.275 0.2857142985
195414  -23.437  11.063  -7.690 0.1428571492
193194  -23.559  9.178  -7.703 0.2857142985
200797  -25.663  14.379  -5.726 0.1428571492
290351  -23.914  9.826  -7.730 0.2857142985
187504  -27.736  5.886  -7.298 0.1428571492
275072  -24.193  10.661  -5.444 0.1428571492
261933  -22.409  -16.171  -8.862 0.1428571492
248898  -23.621  -15.798  -9.517 0.1428571492
147871  -24.063  -15.506  -9.524 0.1428571492
149145  -21.733  -15.096  -8.907 0.1428571492
150546  -22.420  -13.992  -9.771 0.1428571492
151894  -23.042  -13.630  -10.055 0.1428571492
149180  -23.475  -14.705  -9.740 0.1428571492
251938  -23.486  -13.265  -10.539 0.1428571492
290460  -23.766  -14.297  -9.999 0.1428571492
150525  -24.946  -14.584  -9.602 0.1428571492
153198  -23.805  -12.862  -10.922 0.1428571492
153200  -24.606  -12.916  -10.431 0.1428571492
151874  -25.594  -13.501  -9.605 0.1428571492
153201  -25.169  -12.602  -10.128 0.1428571492
153179  -25.027  -13.251  -9.966 0.1428571492
154529  -23.273  -12.673  -10.655 0.1428571492
154531  -24.353  -12.010  -10.870 0.1428571492
155783  -25.586  -11.645  -9.720 0.1428571492
158327  -25.643  -10.386  -9.883 0.1428571492
160953  -26.931  -8.531  -9.473 0.1428571492
160934  -27.396  -8.268  -9.131 0.1428571492
247116  -27.234  4.422  -7.332 0.1428571492
149162  -24.134  -14.835  -9.643 0.1428571492
251024  -25.955  -14.952  -9.443 0.1428571492
146553  -22.327  -16.775  -8.811 0.1428571492
147854  -22.062  -15.579  -8.624 0.1428571492
150523  -22.395  -14.545  -9.585 0.1428571492
271898  -22.908  7.994  -8.326 0.1428571492
162278  -28.072  -7.847  -8.645 0.1428571492
154497  -25.936  -11.958  -9.227 0.1428571492
147870  -23.184  -15.787  -9.449 0.1428571492
146570  -22.762  -16.116  -9.227 0.1428571492
296861  -24.560  -15.321  -9.550 0.1428571492
155784  -26.014  -11.334  -9.362 0.1428571492
147868  -22.218  -15.444  -9.166 0.1428571492
149161  -23.465  -15.261  -9.533 0.1428571492
266300  -22.373  -15.038  -9.442 0.1428571492
280735  -21.422  -13.877  -9.192 0.1428571492
150547  -23.104  -14.269  -9.853 0.1428571492
151895  -23.607  -13.821  -10.262 0.1428571492
248764  -23.900  -13.457  -10.648 0.1428571492
151896  -24.049  -13.934  -10.268 0.1428571492
150549  -24.513  -14.148  -10.027 0.1428571492
154515  -24.263  -12.616  -10.828 0.1428571492
255181  -23.561  -12.238  -10.943 0.1428571492
151897  -24.405  -13.569  -10.307 0.1428571492
154517  -25.203  -11.973  -10.164 0.1428571492
154513  -22.334  -12.220  -9.999 0.1428571492
146538  -22.009  -16.481  -8.110 0.1428571492
132193  -23.115  -24.265  -6.199 0.2857142985
133530  -25.063  -23.610  -6.160 0.1428571492
133546  -21.939  -23.452  -6.873 0.1428571492
133548  -24.332  -23.102  -6.594 0.4285714328
134949  -22.288  -23.186  -7.195 0.1428571492
134952  -24.601  -22.668  -6.689 0.4285714328
136289  -23.544  -21.993  -7.356 0.2857142985
137554  -25.119  -21.711  -6.971 0.4285714328
137573  -23.685  -21.483  -7.505 0.1428571492
137576  -25.340  -21.257  -7.256 0.4285714328
138808  -25.584  -20.783  -7.483 0.4285714328
138825  -22.729  -20.376  -8.296 0.1428571492
138827  -24.251  -20.524  -7.920 0.2857142985
140069  -25.807  -20.287  -7.717 0.4285714328
140072  -27.429  -19.840  -7.410 0.1428571492
140084  -21.515  -19.973  -7.547 0.1428571492
140091  -26.017  -19.739  -7.853 0.4285714328
140100  -23.669  -19.587  -8.551 0.2857142985
141361  -26.273  -19.276  -8.098 0.4285714328
141362  -26.856  -19.140  -7.959 0.4285714328
141378  -24.667  -19.094  -8.662 0.2857142985
142630  -27.088  -18.638  -8.167 0.4285714328
142632  -28.448  -18.348  -7.972 0.1428571492
142633  -29.181  -18.362  -7.949 0.1428571492
142650  -23.417  -18.772  -9.402 0.1428571492
142669  -23.542  -18.321  -9.549 0.2857142985
142672  -25.289  -18.324  -9.357 0.2857142985
143886  -27.346  -18.175  -8.400 0.1428571492
143912  -27.644  -17.803  -8.867 0.1428571492
143913  -28.188  -17.727  -8.698 0.2857142985
143915  -34.377  -17.904  -9.066 0.1428571492
143929  -25.409  -17.898  -9.433 0.2857142985
143937  -35.198  -17.803  -10.150 0.1428571492
143945  -35.302  -17.838  -10.521 0.1428571492
145188  -29.118  -17.700  -8.304 0.1428571492
145189  -30.153  -17.025  -8.389 0.1428571492
145190  -30.674  -17.210  -8.301 0.2857142985
145191  -31.214  -17.374  -8.190 0.1428571492
145206  -22.456  -17.526  -9.122 0.1428571492
145209  -27.734  -17.402  -9.370 0.7142857313
145213  -32.904  -16.909  -8.453 0.1428571492
145214  -33.366  -17.109  -8.487 0.1428571492
145223  -22.639  -17.326  -9.270 0.1428571492
145224  -23.433  -16.949  -9.492 0.2857142985
145226  -25.008  -16.855  -9.465 0.1428571492
145231  -34.983  -17.277  -9.478 0.1428571492
145232  -35.250  -17.024  -9.737 0.1428571492
145260  -35.928  -16.870  -12.867 0.1428571492
145267  -36.264  -16.836  -13.327 0.1428571492
146554  -27.980  -17.024  -9.814 0.7142857313
146558  -30.575  -16.285  -8.826 0.2857142985
146559  -31.132  -16.122  -8.742 0.2857142985
146561  -32.303  -16.751  -8.449 0.1428571492
146564  -34.405  -16.632  -9.111 0.1428571492
146572  -23.964  -16.104  -9.566 0.2857142985
146593  -35.436  -16.391  -10.790 0.1428571492
146600  -35.736  -16.067  -12.000 0.1428571492
146604  -35.691  -16.751  -12.212 0.1428571492
146612  -36.078  -16.137  -13.421 0.1428571492
147869  -22.784  -15.416  -9.403 0.1428571492
147873  -26.461  -15.804  -10.145 0.2857142985
147875  -28.426  -15.835  -10.623 0.7142857313
147876  -28.912  -15.916  -10.515 0.4285714328
147877  -29.661  -15.670  -10.266 0.4285714328
147879  -34.325  -15.955  -9.335 0.1428571492
147888  -35.253  -15.694  -10.153 0.1428571492
147896  -35.446  -15.864  -10.742 0.1428571492
147906  -39.701  -15.849  -11.381 0.1428571492
147918  -35.848  -15.526  -13.426 0.1428571492
147920  -37.197  -15.524  -13.449 0.1428571492
147921  -37.726  -16.012  -12.746 0.1428571492
147929  -36.681  -15.332  -13.662 0.1428571492
149140  -37.950  -14.992  -8.450 0.1428571492
149148  -31.934  -15.301  -8.950 0.2857142985
149152  -38.131  -14.598  -8.908 0.1428571492
149160  -22.920  -14.879  -9.620 0.1428571492
149163  -24.825  -14.960  -9.547 0.1428571492
149169  -30.445  -15.063  -10.319 0.2857142985
149170  -31.061  -14.965  -9.669 0.2857142985
149172  -34.103  -15.268  -9.408 0.1428571492
149174  -38.401  -14.801  -9.491 0.1428571492
149198  -35.771  -14.999  -11.388 0.1428571492
149201  -39.621  -15.277  -11.429 0.1428571492
149202  -40.315  -14.853  -11.320 0.1428571492
149206  -36.156  -14.597  -12.943 0.1428571492
149207  -36.760  -14.659  -13.012 0.1428571492
149209  -38.050  -15.336  -12.164 0.1428571492
149215  -36.072  -14.966  -13.345 0.1428571492
149225  -36.162  -15.290  -13.601 0.1428571492
150515  -32.101  -14.808  -9.194 0.2857142985
150516  -33.512  -14.971  -9.084 0.1428571492
150517  -38.154  -14.011  -8.883 0.1428571492
150522  -21.826  -14.216  -9.432 0.1428571492
150524  -24.527  -14.521  -9.721 0.1428571492
150526  -25.596  -14.602  -9.425 0.4285714328
150527  -26.191  -14.431  -9.452 0.4285714328
150529  -27.331  -14.612  -9.935 0.5714285970
150532  -30.196  -14.707  -11.219 0.2857142985
150535  -32.874  -14.168  -9.175 0.2857142985
150538  -34.523  -14.891  -9.784 0.1428571492
150540  -38.772  -14.479  -9.923 0.1428571492
150548  -24.201  -14.305  -9.934 0.1428571492
150551  -29.559  -14.569  -11.692 0.5714285970
150556  -34.899  -14.494  -10.104 0.1428571492
150566  -35.427  -14.204  -10.738 0.1428571492
150567  -40.605  -14.499  -11.314 0.1428571492
150573  -35.895  -14.059  -11.924 0.1428571492
150577  -40.367  -14.467  -11.462 0.1428571492
150580  -37.088  -14.242  -12.635 0.1428571492
150581  -37.769  -14.725  -11.959 0.1428571492
150588  -36.544  -13.925  -13.237 0.1428571492
151862  -26.570  -13.374  -9.151 0.4285714328
151865  -28.516  -13.405  -9.811 0.7142857313
151873  -25.057  -13.988  -9.766 0.1428571492
151876  -26.699  -13.964  -9.355 0.4285714328
151878  -28.113  -13.931  -10.067 0.7142857313
151880  -29.426  -13.778  -11.018 0.5714285970
151882  -32.578  -13.683  -9.728 0.2857142985
151899  -30.827  -13.653  -11.357 0.4285714328
151901  -33.304  -13.326  -9.951 0.2857142985
151903  -34.937  -13.614  -10.549 0.2857142985
151904  -35.167  -14.092  -10.431 0.1428571492
151906  -40.872  -13.613  -11.231 0.1428571492
151926  -39.252  -14.181  -11.550 0.1428571492
151927  -39.914  -13.949  -11.446 0.1428571492
151934  -35.745  -13.151  -12.262 0.2857142985
151947  -36.371  -13.929  -13.319 0.1428571492
153087  -38.234  -13.160  -4.842 0.1428571492
153104  -38.116  -12.982  -5.309 0.1428571492
153140  -37.711  -12.893  -6.409 0.1428571492
153165  -26.432  -12.818  -8.962 0.4285714328
153168  -28.402  -12.960  -9.388 0.7142857313
153180  -25.573  -12.870  -9.666 0.1428571492
153183  -29.432  -12.972  -10.384 0.5714285970
153199  -24.147  -13.112  -10.720 0.1428571492
153204  -30.651  -13.192  -11.496 0.5714285970
153207  -33.125  -12.950  -10.434 0.2857142985
153219  -31.012  -12.603  -11.446 0.7142857313
153221  -34.079  -12.558  -10.814 0.2857142985
153224  -40.884  -13.095  -11.181 0.1428571492
153236  -35.369  -12.955  -11.712 0.2857142985
153256  -36.093  -12.688  -12.537 0.2857142985
154405  -38.121  -12.577  -5.546 0.1428571492
154464  -28.069  -11.669  -8.471 0.4285714328
154477  -26.377  -12.283  -8.929 0.4285714328
154479  -27.516  -11.970  -8.576 0.4285714328
154481  -28.668  -12.505  -9.032 0.5714285970
154483  -29.951  -11.964  -9.229 0.5714285970
154496  -25.579  -12.266  -9.679 0.2857142985
154514  -22.748  -12.482  -10.329 0.1428571492
154516  -24.729  -12.298  -10.513 0.1428571492
154519  -39.753  -12.326  -10.423 0.1428571492
154520  -40.568  -11.960  -11.057 0.1428571492
154530  -23.981  -12.318  -10.997 0.1428571492
154532  -31.207  -12.056  -11.734 0.7142857313
154534  -31.999  -12.223  -11.486 0.5714285970
154535  -32.658  -11.813  -11.568 0.5714285970
154537  -40.474  -11.942  -11.027 0.1428571492
154545  -35.280  -12.347  -11.781 0.2857142985
154547  -38.439  -11.995  -11.193 0.1428571492
154559  -36.007  -12.149  -12.724 0.2857142985
155667  -38.402  -11.566  -5.082 0.1428571492
155668  -38.644  -11.585  -4.649 0.1428571492
155678  -38.178  -11.584  -5.588 0.1428571492
155716  -37.766  -11.745  -6.731 0.1428571492
155733  -37.825  -11.663  -7.392 0.1428571492
155750  -37.986  -11.560  -8.009 0.1428571492
155765  -26.420  -11.688  -8.966 0.1428571492
155768  -29.130  -11.387  -8.616 0.5714285970
155769  -29.676  -11.283  -8.866 0.5714285970
155787  -38.609  -11.598  -9.519 0.1428571492
155802  -30.992  -11.782  -11.260 0.7142857313
155804  -40.226  -11.100  -10.970 0.1428571492
155817  -31.347  -11.629  -12.008 0.7142857313
155818  -31.568  -11.518  -12.139 0.7142857313
155821  -33.814  -11.294  -11.654 0.5714285970
155830  -34.476  -11.378  -12.609 0.4285714328
155832  -37.600  -11.685  -11.537 0.2857142985
155844  -35.159  -11.636  -12.765 0.2857142985
155846  -36.964  -11.653  -12.099 0.1428571492
155851  -35.984  -11.694  -12.786 0.2857142985
156925  -39.209  -10.786  -4.086 0.1428571492
156926  -39.649  -10.697  -3.950 0.1428571492
156971  -38.139  -11.076  -5.964 0.1428571492
157035  -28.697  -11.064  -8.555 0.5714285970
157050  -26.499  -11.028  -9.062 0.2857142985
157051  -27.045  -10.820  -8.815 0.5714285970
157053  -28.635  -10.569  -8.562 0.5714285970
157054  -29.089  -10.855  -8.577 0.4285714328
157055  -29.504  -10.714  -8.661 0.4285714328
157056  -29.947  -10.679  -9.059 0.7142857313
157069  -26.002  -10.673  -9.463 0.1428571492
157070  -30.481  -10.679  -9.412 0.8571428657
157071  -30.869  -10.680  -9.784 0.5714285970
157083  -30.998  -11.065  -10.486 0.7142857313
157086  -40.378  -10.552  -11.012 0.1428571492
157101  -31.526  -11.091  -11.783 0.7142857313
157103  -32.696  -10.486  -11.444 0.7142857313
157105  -40.676  -10.486  -11.365 0.1428571492
157114  -33.416  -10.795  -12.069 0.5714285970
157115  -33.832  -11.123  -12.555 0.5714285970
157130  -34.770  -10.808  -12.877 0.5714285970
157131  -35.202  -10.964  -12.924 0.4285714328
158309  -27.533  -9.938  -8.786 0.2857142985
158312  -29.687  -10.107  -8.762 0.4285714328
158346  -31.592  -10.084  -10.341 0.7142857313
158362  -32.469  -10.187  -11.044 0.7142857313
158364  -32.944  -10.466  -12.029 0.7142857313
158365  -40.417  -9.989  -11.650 0.1428571492
158369  -33.228  -10.313  -12.377 0.5714285970
158372  -38.152  -10.226  -11.439 0.2857142985
158373  -39.913  -9.757  -12.011 0.1428571492
158374  -40.201  -9.783  -11.891 0.1428571492
158380  -33.901  -10.475  -12.900 0.5714285970
158381  -35.271  -9.683  -12.525 0.4285714328
158382  -35.772  -10.185  -12.473 0.4285714328
158384  -36.819  -10.593  -11.943 0.2857142985
158389  -34.472  -10.400  -12.914 0.5714285970
159600  -29.281  -9.103  -8.587 0.5714285970
159615  -27.113  -8.922  -9.037 0.1428571492
159619  -29.697  -9.484  -8.689 0.5714285970
159620  -30.195  -9.207  -8.696 0.5714285970
159622  -31.122  -9.001  -9.053 0.7142857313
159635  -26.572  -9.029  -9.523 0.1428571492
159636  -30.996  -9.453  -9.287 0.8571428657
159651  -32.238  -8.977  -10.047 0.7142857313
159652  -32.466  -9.028  -10.741 0.7142857313
159664  -32.437  -9.598  -10.892 0.7142857313
159666  -32.865  -9.934  -11.821 0.7142857313
159667  -39.993  -9.448  -11.429 0.1428571492
159675  -33.283  -9.721  -12.205 0.5714285970
159677  -38.202  -9.594  -11.503 0.2857142985
159682  -33.718  -9.442  -12.461 0.7142857313
159684  -36.582  -9.525  -11.864 0.4285714328
160918  -28.477  -8.183  -8.577 0.4285714328
160919  -28.874  -8.623  -8.601 0.5714285970
160921  -30.046  -8.697  -8.437 0.7142857313
160935  -27.876  -8.278  -8.805 0.4285714328
160937  -28.718  -9.267  -8.587 0.5714285970
160939  -30.994  -8.706  -8.660 0.7142857313
160954  -31.902  -8.582  -9.286 0.7142857313
160955  -32.523  -8.523  -9.663 0.8571428657
160964  -32.709  -8.528  -10.068 0.8571428657
160968  -39.688  -9.140  -10.964 0.1428571492
160977  -32.755  -9.004  -11.385 0.7142857313
160987  -33.181  -9.164  -12.103 0.7142857313
160988  -38.020  -8.981  -11.773 0.2857142985
160989  -38.693  -8.992  -11.718 0.2857142985
160990  -39.426  -8.512  -12.027 0.1428571492
160995  -32.746  -8.594  -12.577 0.7142857313
160997  -33.956  -8.884  -12.415 0.7142857313
160998  -35.348  -9.059  -12.467 0.4285714328
161000  -36.439  -9.024  -11.916 0.4285714328
161003  -40.046  -7.964  -12.322 0.2857142985
161004  -40.255  -7.813  -12.240 0.2857142985
161007  -34.480  -8.794  -12.787 0.5714285970
161009  -35.503  -8.451  -12.499 0.4285714328
162262  -28.467  -7.681  -8.296 0.1428571492
162263  -28.958  -8.068  -8.365 0.4285714328
162265  -30.368  -8.299  -8.305 0.7142857313
162266  -30.726  -7.829  -8.363 0.7142857313
162277  -27.702  -7.860  -8.952 0.1428571492
162279  -30.810  -8.400  -8.336 0.7142857313
162281  -31.680  -8.171  -8.876 0.5714285970
162311  -32.510  -7.991  -11.037 0.8571428657
162312  -32.662  -8.472  -11.589 0.7142857313
162315  -40.278  -7.926  -11.939 0.1428571492
162325  -40.252  -7.640  -12.118 0.2857142985
162329  -32.364  -8.221  -13.126 0.7142857313
162331  -33.786  -8.464  -12.524 0.7142857313
162334  -37.754  -7.470  -12.156 0.4285714328
162338  -33.623  -8.078  -12.897 0.7142857313
162341  -35.741  -7.843  -12.566 0.4285714328
163571  -28.445  -7.181  -8.068 0.4285714328
163574  -30.302  -7.194  -8.180 0.7142857313
163575  -30.850  -7.131  -8.523 0.7142857313
163576  -31.454  -6.906  -8.535 0.7142857313
163588  -31.875  -7.185  -8.833 0.8571428657
163620  -32.327  -7.452  -11.237 0.8571428657
163631  -32.048  -7.797  -12.785 0.7142857313
163633  -39.927  -7.392  -12.268 0.2857142985
163638  -31.911  -7.322  -12.562 0.7142857313
163641  -36.465  -7.490  -12.191 0.4285714328
163650  -34.422  -7.832  -13.405 0.4285714328
164858  -28.197  -6.663  -8.217 0.2857142985
164860  -29.174  -6.553  -7.604 0.4285714328
164861  -30.392  -6.547  -8.084 0.5714285970
164862  -30.861  -6.649  -8.450 0.7142857313
164863  -31.375  -6.313  -8.346 0.5714285970
164887  -32.420  -6.843  -9.840 0.7142857313
164897  -32.259  -6.442  -10.273 0.8571428657
164907  -32.271  -6.891  -11.465 0.8571428657
164916  -32.021  -6.990  -12.134 0.8571428657
164921  -32.500  -6.811  -12.993 0.7142857313
164924  -38.896  -6.684  -12.728 0.1428571492
164929  -33.583  -7.104  -13.622 0.7142857313
164930  -34.143  -7.302  -13.756 0.5714285970
164933  -37.864  -5.962  -12.857 0.4285714328
164940  -34.422  -6.913  -13.826 0.7142857313
166125  -30.032  -5.588  -7.556 0.5714285970
166137  -27.864  -5.833  -8.080 0.2857142985
166139  -28.846  -5.703  -7.577 0.4285714328
166142  -31.091  -5.810  -7.941 0.5714285970
166152  -32.092  -5.894  -8.802 0.7142857313
166164  -32.348  -6.262  -9.663 0.8571428657
166172  -32.310  -5.864  -10.293 0.7142857313
166192  -32.568  -6.253  -12.741 0.8571428657
166194  -38.627  -6.072  -12.791 0.1428571492
166199  -33.439  -6.555  -13.826 0.7142857313
166201  -37.758  -5.599  -13.072 0.1428571492
166209  -33.321  -5.914  -13.834 0.8571428657
166211  -34.532  -6.294  -13.890 0.7142857313
167353  -29.657  -5.128  -7.517 0.4285714328
167354  -30.179  -5.071  -7.504 0.5714285970
167355  -30.716  -4.923  -7.580 0.5714285970
167371  -28.035  -5.440  -7.826 0.1428571492
167372  -31.492  -5.319  -8.095 0.5714285970
167386  -32.353  -5.266  -8.868 0.7142857313
167407  -32.230  -5.349  -9.887 0.8571428657
167418  -32.525  -4.839  -10.709 0.8571428657
167429  -32.493  -5.499  -11.631 1.0000000000
167434  -32.632  -5.602  -12.726 0.8571428657
167435  -32.678  -5.027  -12.833 0.8571428657
167444  -37.818  -5.530  -12.905 0.1428571492
167453  -33.206  -5.280  -13.817 0.8571428657
167454  -34.034  -5.865  -14.486 0.5714285970
167456  -35.515  -5.349  -14.264 0.4285714328
167457  -36.691  -5.011  -14.377 0.4285714328
168586  -29.373  -4.634  -7.508 0.1428571492
168587  -30.311  -4.560  -7.475 0.2857142985
168589  -31.371  -4.249  -7.706 0.5714285970
168605  -31.336  -4.769  -7.779 0.5714285970
168606  -31.854  -4.312  -8.030 0.5714285970
168607  -32.256  -4.098  -8.357 0.5714285970
168616  -32.395  -4.707  -8.461 0.5714285970
168631  -32.671  -4.732  -9.586 0.8571428657
168655  -32.496  -4.307  -10.874 0.8571428657
168666  -32.555  -5.047  -12.041 0.8571428657
168671  -32.519  -4.711  -12.402 0.8571428657
168678  -37.277  -4.729  -13.677 0.4285714328
168688  -33.059  -4.779  -13.805 0.8571428657
168690  -33.922  -5.614  -14.804 0.5714285970
168691  -36.685  -4.775  -14.778 0.4285714328
168698  -33.147  -4.609  -14.429 0.8571428657
168700  -34.555  -5.193  -15.068 0.4285714328
168704  -34.266  -4.785  -15.206 0.5714285970
168705  -34.921  -4.578  -15.345 0.4285714328
168706  -35.516  -4.348  -15.311 0.4285714328
168707  -35.870  -4.278  -15.119 0.4285714328
169856  -28.726  -3.836  -7.750 0.1428571492
169857  -30.534  -3.972  -7.388 0.5714285970
169859  -31.705  -3.770  -7.578 0.5714285970
169874  -27.755  -3.611  -8.010 0.1428571492
169876  -32.094  -3.705  -8.015 0.5714285970
169887  -32.633  -3.648  -9.052 0.5714285970
169909  -32.439  -3.907  -10.471 0.5714285970
169910  -32.726  -3.531  -9.938 0.5714285970
169933  -32.414  -4.139  -12.289 1.0000000000
169949  -32.596  -4.507  -13.473 0.8571428657
169964  -36.368  -3.998  -13.986 0.2857142985
169965  -36.859  -4.376  -13.871 0.1428571492
169977  -33.603  -3.868  -15.319 0.8571428657
169979  -35.269  -3.945  -15.801 0.4285714328
169983  -35.549  -3.593  -16.440 0.4285714328
171103  -30.201  -3.364  -7.240 0.1428571492
171105  -31.466  -3.320  -7.264 0.2857142985
171120  -27.594  -3.068  -8.267 0.1428571492
171121  -28.023  -2.681  -7.910 0.1428571492
171122  -31.897  -3.221  -7.647 0.5714285970
171134  -32.512  -3.108  -8.800 0.5714285970
171171  -32.429  -3.003  -10.712 0.8571428657
171181  -32.184  -3.098  -11.320 1.0000000000
171194  -31.655  -3.350  -13.007 1.0000000000
171195  -31.856  -3.805  -13.356 0.8571428657
171196  -35.757  -2.915  -13.433 0.1428571492
171208  -35.662  -3.144  -13.974 0.1428571492
171209  -35.963  -3.704  -14.257 0.1428571492
171216  -31.729  -3.207  -13.975 1.0000000000
171217  -32.179  -3.567  -14.410 0.8571428657
171219  -35.522  -3.375  -15.279 0.4285714328
171220  -32.587  -3.091  -14.853 0.8571428657
171221  -33.219  -3.303  -15.335 0.5714285970
171222  -33.916  -3.431  -15.843 0.5714285970
171225  -34.500  -3.285  -16.598 0.5714285970
171226  -35.111  -3.480  -16.957 0.5714285970
171227  -35.529  -3.276  -16.934 0.4285714328
171229  -35.374  -3.106  -16.978 0.5714285970
171230  -35.554  -3.061  -16.985 0.2857142985
172348  -28.322  -2.509  -7.687 0.1428571492
172349  -29.329  -2.402  -7.311 0.1428571492
172350  -29.892  -2.305  -7.125 0.1428571492
172351  -31.017  -2.552  -7.182 0.1428571492
172352  -31.536  -2.614  -7.418 0.2857142985
172364  -27.847  -2.292  -7.972 0.1428571492
172366  -32.363  -2.588  -8.473 0.4285714328
172376  -27.262  -2.624  -8.610 0.1428571492
172388  -32.596  -2.468  -9.724 0.5714285970
172402  -32.482  -2.486  -10.397 0.8571428657
172425  -32.044  -2.676  -11.514 0.8571428657
172434  -31.789  -3.129  -11.899 1.0000000000
172444  -35.513  -2.561  -13.089 0.1428571492
172455  -31.310  -2.997  -13.624 1.0000000000
172468  -31.588  -2.309  -14.822 0.8571428657
172469  -32.280  -2.519  -15.170 0.7142857313
172471  -34.840  -2.168  -15.491 0.2857142985
172472  -35.434  -2.827  -15.784 0.2857142985
172474  -32.656  -2.171  -15.944 0.7142857313
172475  -33.401  -2.400  -16.479 0.5714285970
172476  -34.237  -2.635  -16.729 0.5714285970
172478  -35.581  -3.022  -16.875 0.2857142985
172480  -34.615  -2.412  -16.869 0.5714285970
172481  -35.382  -2.799  -16.938 0.2857142985
172482  -33.950  -1.874  -17.126 0.4285714328
173618  -28.834  -1.576  -7.531 0.1428571492
173619  -29.460  -1.783  -7.206 0.2857142985
173636  -27.185  -1.235  -8.357 0.1428571492
173638  -27.934  -1.613  -7.956 0.1428571492
173640  -31.790  -1.456  -7.828 0.2857142985
173653  -26.479  -1.510  -8.874 0.1428571492
173654  -26.935  -1.939  -8.402 0.1428571492
173668  -32.549  -1.903  -9.325 0.4285714328
173691  -32.239  -1.596  -10.847 0.8571428657
173705  -32.081  -2.096  -11.359 1.0000000000
173713  -31.470  -1.987  -12.540 1.0000000000
173732  -30.411  -2.040  -14.400 0.7142857313
173733  -30.927  -2.654  -13.549 1.0000000000
173743  -30.840  -2.261  -14.632 1.0000000000
173745  -34.097  -1.524  -14.567 0.1428571492
173750  -34.505  -1.510  -15.301 0.2857142985
173753  -34.354  -1.522  -16.687 0.2857142985
173755  -32.804  -1.441  -17.055 0.5714285970
173756  -33.482  -1.654  -17.100 0.4285714328
173757  -34.240  -1.724  -17.035 0.5714285970
174879  -29.293  -1.224  -7.298 0.1428571492
174881  -30.348  -1.115  -6.818 0.1428571492
174883  -31.409  -0.954  -7.577 0.2857142985
174898  -27.662  -1.195  -8.144 0.1428571492
174899  -28.008  -1.142  -7.678 0.1428571492
174900  -28.702  -0.934  -7.417 0.1428571492
174901  -31.925  -0.842  -7.978 0.2857142985
174917  -26.761  -1.217  -8.639 0.1428571492
174918  -32.506  -0.779  -8.698 0.2857142985
174942  -32.445  -0.696  -9.895 0.5714285970
174954  -31.998  -0.991  -10.994 0.8571428657
174955  -32.378  -1.164  -10.345 0.5714285970
174968  -31.681  -0.791  -11.633 0.8571428657
174981  -31.498  -1.341  -12.201 1.0000000000
175005  -30.196  -0.945  -13.712 0.8571428657
175006  -30.285  -1.551  -14.046 0.8571428657
175015  -30.022  -1.603  -14.913 0.8571428657
175018  -29.804  -1.154  -15.378 0.7142857313
175020  -33.539  -0.909  -15.708 0.1428571492
175021  -34.046  -1.200  -16.357 0.2857142985
175022  -30.637  -0.914  -16.234 0.4285714328
175025  -34.035  -1.314  -16.816 0.4285714328
175026  -32.197  -1.209  -16.767 0.5714285970
175028  -33.266  -1.330  -17.097 0.5714285970
176160  -28.491  -0.250  -7.315 0.2857142985
176163  -31.181  -0.511  -7.164 0.2857142985
176164  -31.664  -0.425  -7.703 0.2857142985
176178  -26.825  -0.180  -8.281 0.1428571492
176179  -27.212  -0.688  -8.139 0.1428571492
176181  -28.112  -0.637  -7.438 0.1428571492
176183  -32.535  -0.246  -8.422 0.2857142985
176196  -26.402  -0.231  -8.704 0.1428571492
176197  -26.800  -0.730  -8.552 0.1428571492
176213  -32.453  -0.223  -9.502 0.2857142985
176223  -32.165  -0.157  -10.103 0.7142857313
176246  -30.740  -0.204  -11.651 0.8571428657
176261  -30.392  -0.171  -12.651 0.8571428657
176262  -30.551  -0.512  -12.091 0.8571428657
176263  -30.930  -0.720  -11.830 1.0000000000
176290  -29.865  -0.507  -14.319 0.8571428657
176299  -32.880  0.123  -14.855 0.1428571492
176301  -29.862  -0.758  -16.137 0.4285714328
176304  -33.115  -0.399  -15.321 0.1428571492
176305  -31.710  -0.146  -16.705 0.5714285970
176307  -32.961  -0.596  -16.154 0.2857142985
176308  -32.232  -0.645  -16.676 0.5714285970
176309  -32.819  -0.822  -16.772 0.5714285970
177414  -30.733  0.489  -6.499 0.2857142985
177423  -27.964  0.531  -7.416 0.2857142985
177424  -28.356  0.244  -7.166 0.2857142985
177426  -29.374  0.110  -7.006 0.2857142985
177428  -31.080  0.035  -6.832 0.2857142985
177448  -27.895  -0.019  -7.539 0.1428571492
177449  -32.056  0.118  -7.692 0.2857142985
177450  -32.452  0.256  -8.058 0.4285714328
177465  -25.560  0.222  -9.178 0.1428571492
177483  -32.415  0.260  -9.087 0.4285714328
177492  -32.179  0.286  -9.729 0.8571428657
177507  -31.676  0.433  -10.833 0.8571428657
177527  -30.868  0.329  -11.588 0.8571428657
177565  -29.208  0.437  -14.605 0.7142857313
177576  -29.179  0.494  -15.506 0.7142857313
177578  -32.015  0.819  -15.067 0.2857142985
177583  -31.744  0.766  -16.107 0.4285714328
177586  -31.928  0.158  -16.381 0.5714285970
178676  -29.202  1.100  -6.486 0.2857142985
178677  -30.451  0.895  -6.371 0.2857142985
178678  -30.995  1.077  -6.697 0.2857142985
178687  -27.818  0.966  -7.333 0.1428571492
178688  -28.259  0.713  -6.905 0.1428571492
178690  -29.580  0.551  -6.475 0.2857142985
178693  -32.356  0.746  -7.576 0.4285714328
178694  -32.393  1.261  -7.891 0.2857142985
178710  -26.919  0.957  -7.825 0.1428571492
178726  -32.440  0.796  -8.706 0.4285714328
178743  -31.780  1.287  -9.717 0.7142857313
178755  -31.841  0.772  -9.999 0.7142857313
178779  -31.324  1.320  -11.017 1.0000000000
178801  -31.113  0.850  -11.339 1.0000000000
178816  -30.459  1.085  -12.741 0.8571428657
178825  -29.107  1.014  -14.113 0.8571428657
178826  -29.820  1.067  -13.263 0.8571428657
178835  -28.469  1.253  -15.781 0.5714285970
178840  -32.236  0.926  -14.501 0.2857142985
179961  -30.530  1.496  -6.557 0.2857142985
179963  -31.600  1.931  -7.130 0.4285714328
179984  -25.635  1.725  -8.441 0.1428571492
179986  -26.513  1.794  -7.610 0.1428571492
180002  -32.036  1.819  -8.753 0.7142857313
180003  -32.433  1.310  -8.417 0.4285714328
180022  -32.078  1.312  -9.044 0.7142857313
180036  -31.560  1.824  -10.058 1.0000000000
180061  -31.174  1.830  -11.289 1.0000000000
180071  -30.966  1.743  -11.855 1.0000000000
180083  -30.055  1.624  -12.823 0.8571428657
180084  -30.332  2.106  -12.519 0.8571428657
180092  -28.365  1.992  -14.848 0.5714285970
180103  -28.466  1.327  -15.001 0.5714285970
180105  -31.253  1.757  -15.053 0.1428571492
180110  -28.550  1.390  -16.084 0.2857142985
180111  -28.857  1.457  -16.222 0.1428571492
180112  -29.388  1.804  -16.111 0.1428571492
181201  -31.783  2.488  -7.288 0.2857142985
181213  -31.980  2.463  -7.855 0.5714285970
181214  -32.046  2.009  -8.004 0.4285714328
181231  -32.206  1.734  -8.209 0.2857142985
181248  -31.813  2.347  -9.103 0.4285714328
181279  -31.320  2.363  -10.342 0.7142857313
181288  -30.962  2.284  -11.571 0.8571428657
181296  -30.364  2.574  -12.212 0.8571428657
181305  -29.995  2.404  -12.728 0.8571428657
181314  -29.674  1.938  -13.116 0.8571428657
181321  -27.524  3.036  -16.098 0.2857142985
181322  -27.900  2.499  -15.611 0.2857142985
182413  -30.691  3.070  -6.552 0.2857142985
182415  -31.638  3.008  -7.033 0.2857142985
182421  -31.879  3.022  -7.582 0.4285714328
182444  -31.789  2.932  -8.897 0.8571428657
182472  -30.976  3.396  -10.367 0.8571428657
182495  -30.712  2.766  -11.130 0.8571428657
182504  -30.446  3.087  -11.352 0.8571428657
182511  -30.293  3.078  -11.820 0.8571428657
182525  -28.055  3.019  -14.710 0.5714285970
182543  -27.633  3.171  -16.148 0.1428571492
183607  -30.064  3.839  -6.501 0.2857142985
183608  -30.683  3.957  -6.540 0.2857142985
183609  -31.344  4.076  -6.741 0.2857142985
183623  -31.831  3.912  -7.685 0.4285714328
183633  -31.714  3.691  -8.257 0.5714285970
183647  -31.169  3.817  -10.159 0.8571428657
183672  -30.937  4.004  -10.662 0.8571428657
183682  -30.313  3.954  -11.087 0.8571428657
183690  -29.611  4.118  -12.536 0.4285714328
183691  -29.949  3.627  -11.913 0.8571428657
183699  -29.368  3.607  -13.141 0.7142857313
183708  -27.646  3.940  -14.916 0.1428571492
183709  -28.565  3.624  -13.902 0.7142857313
184864  -30.872  4.479  -6.554 0.2857142985
184866  -31.622  4.453  -6.959 0.4285714328
184870  -31.721  4.375  -7.405 0.5714285970
184883  -31.302  4.600  -8.692 0.8571428657
184885  -31.275  4.610  -9.207 0.8571428657
184913  -30.911  4.645  -10.565 0.8571428657
184931  -30.216  4.499  -11.252 0.8571428657
184941  -29.915  4.590  -11.701 0.7142857313
184951  -29.074  4.835  -12.821 0.1428571492
186230  -29.563  5.080  -6.556 0.1428571492
186231  -29.895  4.715  -6.453 0.1428571492
186237  -28.971  4.955  -6.704 0.1428571492
186238  -29.810  5.552  -6.407 0.1428571492
186239  -30.425  4.871  -6.435 0.1428571492
186241  -31.398  4.944  -6.954 0.4285714328
186257  -31.224  5.216  -9.379 1.0000000000
186261  -31.083  5.280  -9.898 0.8571428657
186300  -30.210  5.133  -11.525 0.8571428657
187505  -28.262  6.133  -7.118 0.1428571492
187507  -29.467  6.031  -6.668 0.1428571492
187509  -30.749  6.088  -6.528 0.4285714328
187518  -31.596  5.996  -7.172 0.4285714328
187529  -31.686  6.038  -8.400 1.0000000000
187534  -31.064  5.812  -10.229 0.7142857313
187543  -30.647  6.164  -10.954 0.5714285970
188697  -28.903  6.964  -6.772 0.2857142985
188699  -30.012  7.053  -6.505 0.2857142985
188711  -29.123  6.518  -6.753 0.2857142985
188714  -31.121  6.678  -6.644 0.4285714328
188715  -31.652  6.549  -6.930 0.4285714328
188746  -31.787  6.456  -8.786 0.8571428657
188747  -32.153  7.000  -8.689 0.8571428657
188757  -31.916  6.821  -9.162 0.8571428657
188763  -30.964  6.305  -10.592 0.5714285970
188767  -30.300  6.397  -11.378 0.4285714328
188768  -30.768  6.738  -10.984 0.4285714328
188807  -29.412  6.844  -12.412 0.1428571492
189937  -28.521  7.245  -6.955 0.2857142985
189938  -29.025  7.407  -6.665 0.2857142985
189939  -29.606  7.498  -6.504 0.2857142985
189953  -27.934  7.253  -7.304 0.2857142985
189955  -31.232  7.315  -6.627 0.5714285970
189956  -31.714  7.451  -6.813 0.4285714328
189970  -27.069  7.429  -7.284 0.2857142985
189971  -31.938  7.579  -7.206 0.8571428657
189972  -32.074  7.766  -7.709 0.7142857313
189989  -32.291  7.591  -8.108 0.8571428657
190004  -32.433  7.584  -8.569 0.7142857313
190018  -31.739  6.952  -9.669 0.7142857313
190051  -30.984  7.348  -10.927 0.2857142985
190067  -30.291  7.351  -11.510 0.1428571492
190068  -30.601  7.236  -11.163 0.4285714328
191066  -29.130  7.903  -6.388 0.2857142985
191077  -30.946  8.373  -6.449 0.5714285970
191091  -32.017  8.228  -7.415 0.7142857313
191107  -32.317  8.088  -9.609 0.5714285970
191109  -31.738  8.006  -10.602 0.2857142985
191118  -31.960  8.582  -10.622 0.2857142985
192099  -29.036  8.855  -6.142 0.2857142985
192100  -29.873  8.499  -6.073 0.2857142985
192101  -30.409  8.684  -6.282 0.4285714328
192111  -30.812  8.895  -6.452 0.5714285970
192112  -31.241  8.889  -6.593 0.5714285970
192113  -31.667  8.934  -6.820 0.8571428657
192121  -25.465  8.967  -7.978 0.2857142985
192124  -27.939  8.273  -7.329 0.2857142985
192131  -32.709  8.825  -8.145 0.7142857313
192132  -32.935  9.268  -8.762 0.5714285970
192138  -32.597  8.642  -9.386 0.4285714328
192142  -32.310  8.711  -10.039 0.4285714328
192143  -32.607  9.133  -9.739 0.2857142985
192147  -31.656  8.777  -11.012 0.2857142985
192151  -30.770  8.753  -11.808 0.1428571492
192152  -31.163  8.700  -11.259 0.1428571492
193185  -23.647  9.334  -6.563 0.1428571492
193186  -28.579  9.232  -6.474 0.2857142985
193188  -29.908  9.045  -6.266 0.2857142985
193199  -30.945  9.325  -6.543 0.5714285970
193208  -27.605  8.756  -7.292 0.2857142985
193209  -31.864  9.452  -6.957 0.8571428657
193212  -32.656  9.447  -7.739 0.5714285970
193213  -32.818  9.592  -8.253 0.5714285970
193217  -33.179  9.687  -9.243 0.2857142985
193224  -32.472  9.437  -10.826 0.1428571492
193229  -31.649  9.163  -11.331 0.2857142985
193239  -31.824  10.027  -11.780 0.1428571492
194329  -29.134  9.824  -6.650 0.5714285970
194334  -28.250  10.419  -7.187 0.5714285970
194336  -30.543  9.732  -6.590 0.8571428657
194337  -31.092  9.824  -6.634 0.8571428657
194338  -31.585  9.933  -6.762 0.8571428657
194340  -23.977  10.606  -7.732 0.2857142985
194341  -24.603  10.429  -8.025 0.2857142985
194345  -32.077  10.050  -7.072 0.7142857313
194346  -32.508  9.941  -7.474 0.5714285970
194347  -32.814  10.320  -7.612 0.7142857313
194349  -33.019  10.200  -8.169 0.4285714328
194351  -33.263  10.313  -8.662 0.2857142985
194352  -33.495  10.752  -9.092 0.2857142985
194355  -33.298  10.306  -9.611 0.1428571492
194359  -33.464  10.830  -9.959 0.1428571492
194362  -32.654  10.020  -11.063 0.1428571492
194367  -32.906  10.554  -11.313 0.1428571492
194372  -32.223  10.381  -12.150 0.1428571492
195409  -23.659  11.214  -5.131 0.1428571492
195418  -29.901  10.825  -6.470 0.7142857313
195419  -31.187  10.363  -6.672 0.8571428657
195423  -24.762  10.988  -8.212 0.2857142985
195425  -27.761  10.652  -7.288 0.5714285970
195426  -32.780  10.747  -7.450 0.7142857313
195429  -33.563  11.223  -8.668 0.1428571492
195434  -33.636  11.175  -9.588 0.1428571492
195436  -33.400  11.008  -10.482 0.1428571492
195440  -33.547  11.418  -11.003 0.1428571492
196510  -23.419  11.866  -5.797 0.2857142985
196514  -22.968  11.733  -6.471 0.1428571492
196517  -23.056  11.721  -7.331 0.1428571492
196518  -27.864  11.567  -7.238 0.5714285970
196521  -29.603  11.384  -6.408 0.7142857313
196523  -30.882  11.445  -6.625 0.7142857313
196527  -23.732  11.584  -8.160 0.1428571492
196528  -24.456  11.429  -8.397 0.1428571492
196532  -32.055  11.629  -6.986 0.4285714328
196533  -32.416  12.010  -7.175 0.4285714328
196538  -33.250  11.759  -7.732 0.2857142985
196539  -33.524  11.735  -8.290 0.2857142985
196541  -33.616  11.823  -8.798 0.2857142985
196546  -33.627  11.601  -9.948 0.1428571492
197610  -29.496  12.385  -6.705 0.7142857313
197612  -30.760  12.519  -6.743 0.4285714328
197618  -26.585  12.194  -7.569 0.7142857313
197620  -27.713  12.662  -7.533 0.5714285970
197621  -31.756  12.622  -6.952 0.2857142985
197623  -32.728  12.735  -7.508 0.2857142985
197627  -33.353  12.255  -8.084 0.2857142985
197632  -33.753  12.237  -9.359 0.1428571492
198672  -28.986  12.844  -6.918 0.2857142985
198675  -31.458  13.076  -6.859 0.2857142985
198678  -24.877  12.981  -7.752 0.2857142985
198680  -26.452  13.327  -7.860 0.4285714328
198684  -31.921  13.104  -7.112 0.2857142985
198685  -32.371  13.143  -7.365 0.2857142985
198686  -32.757  13.218  -7.664 0.2857142985
198689  -33.035  13.251  -8.142 0.4285714328
198690  -33.342  12.775  -8.390 0.4285714328
198698  -33.843  12.939  -9.497 0.2857142985
199749  -30.319  13.824  -6.713 0.2857142985
199750  -31.101  13.470  -6.775 0.2857142985
199756  -27.303  13.711  -7.936 0.4285714328
199758  -28.558  13.967  -7.618 0.2857142985
199759  -32.102  13.517  -7.239 0.2857142985
199761  -32.883  13.721  -7.781 0.2857142985
199764  -33.095  13.733  -8.323 0.2857142985
199771  -33.356  13.858  -8.799 0.2857142985
199779  -33.498  14.010  -9.309 0.2857142985
199780  -33.694  13.573  -9.705 0.2857142985
199788  -33.717  13.691  -10.289 0.2857142985
200796  -24.972  13.994  -5.931 0.1428571492
200811  -30.081  14.421  -6.677 0.2857142985
200814  -31.513  14.165  -7.083 0.2857142985
200825  -32.683  14.199  -7.568 0.2857142985
200836  -32.820  14.706  -7.797 0.1428571492
201859  -25.110  15.797  -8.035 0.1428571492
201861  -29.898  14.979  -6.695 0.2857142985
201864  -31.730  14.608  -7.230 0.2857142985
201874  -25.179  16.044  -8.454 0.1428571492
201877  -28.724  15.180  -7.220 0.2857142985
201879  -31.922  15.113  -7.458 0.2857142985
201880  -32.407  15.160  -7.777 0.1428571492
201889  -25.593  16.464  -8.717 0.1428571492
201890  -32.749  15.145  -8.313 0.1428571492
201891  -32.897  14.819  -8.906 0.1428571492
201897  -33.076  14.990  -9.343 0.1428571492
201903  -33.290  15.060  -9.847 0.1428571492
202910  -25.293  16.665  -8.578 0.1428571492
202913  -30.888  15.188  -6.942 0.2857142985
202928  -30.490  16.132  -7.118 0.2857142985
202939  -26.272  16.444  -8.635 0.2857142985
202940  -31.994  16.173  -8.100 0.1428571492
202955  -32.776  15.973  -9.171 0.1428571492
202956  -33.099  15.517  -9.562 0.1428571492
203897  -26.094  17.010  -7.727 0.1428571492
203910  -28.588  16.755  -7.801 0.2857142985
203912  -30.058  16.470  -7.072 0.1428571492
203914  -31.487  16.239  -7.702 0.1428571492
203939  -32.736  16.616  -9.545 0.1428571492
203945  -32.759  16.895  -10.098 0.1428571492
203946  -32.920  16.474  -10.341 0.1428571492
204879  -31.273  17.499  -7.626 0.1428571492
204880  -31.623  17.098  -8.161 0.1428571492
204889  -32.374  17.013  -9.079 0.1428571492
204901  -32.508  17.522  -10.385 0.1428571492
205824  -30.656  17.723  -7.656 0.1428571492
205834  -31.876  17.957  -8.808 0.1428571492
205849  -32.052  18.371  -9.953 0.1428571492
206756  -29.038  18.529  -7.713 0.1428571492
206772  -31.138  18.824  -8.729 0.1428571492
206773  -31.660  18.532  -9.008 0.1428571492
207726  -31.028  19.596  -9.167 0.1428571492
247111  -28.858  1.672  -6.510 0.2857142985
247236  -29.006  3.984  -6.570 0.1428571492
247417  -27.585  2.066  -6.716 0.1428571492
247510  -30.085  3.261  -6.537 0.2857142985
247528  -29.841  2.245  -6.558 0.2857142985
247602  -38.987  -6.644  -12.772 0.1428571492
247818  -25.636  -16.052  -9.529 0.2857142985
249538  -27.814  -15.767  -10.498 0.5714285970
249821  -28.641  -9.937  -8.490 0.4285714328
250099  -37.933  -14.381  -8.311 0.1428571492
250330  -23.828  -16.580  -9.475 0.2857142985
250604  -37.856  -12.723  -7.388 0.1428571492
250844  -39.818  -15.985  -11.288 0.1428571492
251600  -33.487  -12.158  -11.121 0.4285714328
252090  -37.690  -12.689  -6.857 0.1428571492
252197  -32.673  -8.050  -9.692 0.7142857313
252273  -25.592  14.581  -8.223 0.4285714328
253772  -30.643  13.375  -6.690 0.2857142985
254029  -32.270  -15.643  -8.817 0.2857142985
254837  -32.271  -14.256  -9.448 0.2857142985
255556  -38.690  -7.227  -12.268 0.2857142985
255583  -31.685  1.265  -10.455 1.0000000000
256058  -30.447  5.490  -6.396 0.4285714328
256480  -29.878  -15.265  -10.745 0.2857142985
256605  -31.867  -7.723  -8.947 0.7142857313
256768  -26.113  -16.267  -9.717 0.1428571492
257055  -32.659  15.653  -8.645 0.1428571492
258057  -29.406  13.389  -7.027 0.2857142985
258071  -33.118  14.146  -8.487 0.2857142985
258285  -26.062  10.511  -7.425 0.4285714328
258638  -27.703  -7.470  -8.766 0.1428571492
258801  -32.279  9.009  -10.572 0.2857142985
259199  -27.423  -9.350  -8.849 0.2857142985
259320  -34.594  -9.812  -12.956 0.5714285970
261474  -34.954  -16.848  -9.371 0.1428571492
262178  -32.647  -2.972  -10.070 0.5714285970
262335  -31.360  5.511  -6.896 0.5714285970
262368  -32.682  -4.099  -9.839 0.7142857313
262858  -32.326  -1.691  -8.130 0.4285714328
263195  -38.350  -13.251  -11.470 0.1428571492
263237  -29.902  -8.261  -8.287 0.7142857313
263543  -31.753  0.744  -10.505 1.0000000000
263917  -31.242  4.942  -8.338 0.8571428657
264312  -38.823  -12.006  -4.291 0.1428571492
264401  -32.543  -10.970  -11.757 0.5714285970
264530  -32.505  -5.228  -11.042 0.8571428657
264614  -29.220  -7.016  -7.690 0.5714285970
264628  -28.550  -6.339  -7.636 0.4285714328
264654  -33.149  10.406  -10.156 0.1428571492
264839  -33.036  -14.701  -8.894 0.2857142985
265103  -30.630  7.155  -6.509 0.4285714328
265288  -29.193  -4.064  -7.490 0.2857142985
265608  -30.073  -0.557  -6.746 0.2857142985
265707  -31.475  4.018  -8.849 0.5714285970
265714  -30.669  -1.631  -7.070 0.2857142985
265829  -31.623  -1.500  -16.128 0.7142857313
266028  -28.707  7.199  -12.854 0.1428571492
266196  -32.626  -4.180  -9.292 0.5714285970
266283  -32.229  -6.324  -11.683 0.8571428657
266523  -31.135  8.016  -10.974 0.1428571492
266612  -39.036  -13.988  -10.086 0.1428571492
266707  -40.555  -12.643  -11.047 0.1428571492
267226  -35.820  -14.483  -11.481 0.1428571492
267488  -38.063  -12.103  -5.782 0.1428571492
267670  -32.747  -13.249  -10.126 0.2857142985
267827  -37.849  -12.092  -6.222 0.1428571492
267875  -31.586  9.639  -11.614 0.1428571492
268121  -38.944  -11.105  -11.328 0.1428571492
268310  -24.822  11.836  -8.013 0.2857142985
268319  -33.674  11.969  -9.885 0.1428571492
268428  -34.114  11.986  -10.413 0.1428571492
268498  -32.217  -4.174  -13.720 0.8571428657
268669  -30.505  2.101  -6.728 0.2857142985
268874  -31.822  -11.207  -11.984 0.7142857313
270071  -32.588  -1.324  -8.932 0.2857142985
270252  -27.980  -2.173  -7.879 0.1428571492
270459  -32.083  -5.657  -9.674 0.8571428657
270651  -31.493  7.083  -10.193 0.4285714328
270859  -31.696  5.946  -7.740 0.7142857313
271470  -40.131  -13.815  -10.760 0.1428571492
272134  -31.668  0.089  -11.273 0.8571428657
272284  -29.412  11.849  -6.599 0.7142857313
272487  -33.338  10.171  -9.081 0.2857142985
272686  -31.067  2.113  -6.862 0.2857142985
272738  -29.031  4.258  -13.195 0.7142857313
272823  -29.983  4.041  -11.459 0.7142857313
272936  -31.502  3.451  -9.250 0.5714285970
272974  -27.652  -12.600  -8.450 0.4285714328
273004  -34.688  -13.998  -10.186 0.2857142985
273326  -31.014  5.643  -6.640 0.2857142985
273822  -31.838  -0.352  -11.251 0.8571428657
273972  -29.959  0.084  -6.584 0.2857142985
274202  -32.048  -3.611  -11.703 0.8571428657
274291  -26.857  1.413  -7.583 0.1428571492
274415  -31.382  5.472  -8.467 0.7142857313
274432  -31.348  2.844  -10.049 1.0000000000
274666  -30.204  -2.740  -7.139 0.1428571492
275081  -31.894  7.028  -7.027 0.4285714328
275206  -31.080  -2.087  -7.274 0.2857142985
275319  -23.383  8.157  -8.501 0.1428571492
275457  -29.607  -2.944  -7.318 0.1428571492
275633  -31.108  12.037  -6.718 0.5714285970
275777  -29.295  8.412  -6.051 0.2857142985
276057  -31.357  7.887  -6.639 0.5714285970
276238  -24.901  -22.178  -6.778 0.4285714328
276389  -26.440  1.309  -7.893 0.1428571492
276492  -32.251  -3.597  -10.978 0.8571428657
277153  -32.904  11.847  -7.375 0.2857142985
277223  -29.872  6.459  -11.976 0.1428571492
277248  -31.628  12.106  -6.828 0.5714285970
277340  -31.712  3.476  -7.364 0.4285714328
277428  -28.723  5.961  -13.137 0.1428571492
277446  -31.500  4.785  -7.223 0.5714285970
277705  -27.246  -23.540  -6.554 0.1428571492
278314  -32.242  -6.912  -10.643 0.7142857313
278331  -32.367  8.616  -7.680 0.7142857313
278526  -29.493  5.692  -12.423 0.1428571492
278636  -36.785  -4.540  -14.470 0.2857142985
278713  -29.632  -0.244  -7.001 0.2857142985
278926  -32.078  10.602  -7.030 0.7142857313
278958  -28.001  -3.157  -7.865 0.1428571492
278994  -32.489  7.845  -8.278 0.7142857313
279061  -29.024  -12.019  -8.637 0.5714285970
279260  -31.448  3.511  -6.942 0.2857142985
280209  -28.316  3.260  -6.643 0.1428571492
280369  -29.437  4.682  -6.565 0.1428571492
280474  -27.674  1.462  -7.035 0.1428571492
280486  -27.650  2.640  -6.572 0.1428571492
280490  -29.523  2.881  -6.454 0.1428571492
280491  -28.056  1.187  -6.900 0.1428571492
280503  -30.071  1.777  -6.513 0.2857142985
280718  -32.549  -5.150  -12.430 1.0000000000
280914  -35.318  -5.899  -13.820 0.5714285970
281170  -30.519  12.930  -6.741 0.2857142985
281215  -35.202  -16.193  -10.043 0.1428571492
281229  -40.600  -10.887  -11.136 0.1428571492
281472  -30.443  15.591  -6.850 0.2857142985
281479  -28.541  2.229  -6.432 0.1428571492
281619  -37.152  -6.280  -12.641 0.4285714328
282110  -32.557  -4.469  -11.926 0.8571428657
283432  -31.779  8.513  -7.014 0.8571428657
283805  -31.485  -0.070  -7.369 0.2857142985
283813  -30.480  3.525  -6.575 0.2857142985
284038  -29.829  -12.732  -10.483 0.7142857313
284115  -32.020  16.666  -8.563 0.1428571492
284196  -35.892  -13.612  -12.318 0.1428571492
284323  -27.605  -14.167  -9.873 0.7142857313
284901  -30.637  10.773  -6.576 0.7142857313
284971  -29.170  -6.079  -7.545 0.4285714328
285148  -31.016  4.867  -10.113 0.8571428657
285212  -39.815  -15.220  -11.059 0.1428571492
285236  -29.235  -15.714  -10.600 0.4285714328
285553  -31.381  -2.617  -12.669 0.8571428657
285666  -28.766  -12.979  -9.571 0.5714285970
286274  -31.396  5.320  -7.976 0.7142857313
286478  -35.706  -3.374  -14.569 0.2857142985
286578  -22.500  -19.463  -8.459 0.1428571492
287021  -32.206  1.668  -7.792 0.2857142985
288008  -33.197  -0.366  -14.634 0.1428571492
288087  -31.144  -2.930  -7.192 0.1428571492
288193  -32.288  -2.187  -8.165 0.2857142985
288424  -32.211  -9.367  -10.445 0.7142857313
288469  -30.540  0.489  -12.675 0.8571428657
288965  -28.584  -5.191  -7.618 0.4285714328
289474  -33.548  11.044  -10.019 0.1428571492
289505  -33.039  14.673  -9.186 0.1428571492
289570  -33.392  15.056  -10.395 0.1428571492
289655  -38.123  -11.894  -8.249 0.1428571492
289711  -25.360  1.669  -8.838 0.1428571492
289797  -32.184  -7.973  -13.225 0.7142857313
290798  -32.309  -1.219  -8.136 0.2857142985
290811  -31.130  0.117  -11.459 0.8571428657
291111  -26.459  3.637  -7.350 0.2857142985
291272  -38.682  -13.192  -9.734 0.1428571492
291425  -32.319  -6.403  -8.905 0.7142857313
291787  -36.790  -6.791  -12.311 0.4285714328
291953  -38.426  -12.634  -9.489 0.1428571492
291977  -31.803  0.942  -7.280 0.2857142985
292917  -35.080  -15.499  -9.785 0.1428571492
292958  -31.237  -0.442  -16.535 0.4285714328
293241  -31.152  3.115  -10.193 1.0000000000
293489  -33.420  10.497  -9.364 0.1428571492
293615  -31.053  -5.289  -7.729 0.5714285970
293628  -27.748  -1.966  -8.028 0.1428571492
293706  -32.698  12.290  -7.374 0.2857142985
293962  -32.571  11.539  -7.231 0.5714285970
294419  -22.468  -22.363  -7.301 0.1428571492
294733  -36.330  -8.656  -12.002 0.4285714328
294858  -35.941  -11.225  -12.792 0.2857142985
295172  -31.604  15.443  -7.382 0.2857142985
295272  -37.767  -11.262  -11.398 0.1428571492
295410  -28.276  8.054  -6.865 0.2857142985
296327  -30.771  13.781  -6.719 0.2857142985
296344  -32.404  11.024  -7.187 0.7142857313
296864  -32.132  -17.254  -8.233 0.1428571492
297192  -34.229  -13.910  -9.968 0.2857142985
297428  -25.436  16.026  -8.622 0.1428571492
298202  -23.754  -17.736  -9.596 0.2857142985
