#!ascii label  , from subject sub-v2s5x29556_ses-1 vox2ras=TkReg
566
180215  25.213  1.110  -10.602 0.0000000000
274963  21.973  -8.458  -9.507 0.0000000000
187781  23.722  5.454  -9.753 0.0000000000
205054  23.646  15.050  -9.790 0.0000000000
157998  20.412  -10.566  -9.420 0.0000000000
194112  27.032  8.524  -7.891 0.0000000000
307388  26.245  10.755  -8.002 0.0000000000
176360  22.617  -1.198  -12.305 0.0000000000
297679  23.345  -3.432  -10.999 0.0000000000
176319  25.566  -1.294  -9.645 0.0000000000
185201  28.501  3.859  -8.169 0.0000000000
181420  29.296  1.858  -8.298 0.0000000000
185259  24.828  3.617  -10.101 0.0000000000
280686  27.442  6.147  -7.830 0.0000000000
274139  23.839  12.638  -8.784 0.0000000000
302968  26.582  13.988  -9.669 0.0000000000
166985  23.940  -5.980  -9.192 0.0000000000
286336  24.959  9.161  -7.949 0.0000000000
196313  24.520  10.108  -8.233 0.0000000000
178949  24.097  0.072  -11.059 0.0000000000
176331  24.392  -1.180  -10.739 0.0000000000
178924  25.799  0.270  -10.094 0.0000000000
160550  21.333  -9.464  -9.503 0.0000000000
186495  24.203  4.559  -9.947 0.0000000000
284327  26.265  4.759  -8.207 0.0000000000
189116  25.455  5.717  -8.266 0.0000000000
195224  27.941  9.675  -9.038 0.0000000000
194142  28.577  8.692  -9.138 0.0000000000
203774  22.112  13.688  -9.507 0.0000000000
199883  22.540  12.212  -9.090 0.0000000000
202507  23.690  13.749  -9.008 0.0000000000
211563  25.528  19.236  -12.406 0.0000000000
209487  26.519  17.812  -11.526 0.0000000000
206239  26.197  15.645  -10.351 0.0000000000
206255  27.485  15.845  -11.267 0.0000000000
202526  27.209  13.970  -11.029 0.0000000000
172200  24.312  -3.474  -9.601 0.0000000000
168314  23.412  -4.797  -10.028 0.0000000000
157988  19.558  -11.444  -8.973 0.0000000000
190463  25.206  6.891  -8.078 0.0000000000
191782  24.601  7.598  -8.202 0.0000000000
195191  26.671  9.455  -7.726 0.0000000000
197452  27.464  10.875  -9.293 0.0000000000
281278  22.057  -3.686  -12.401 0.0000000000
173576  23.098  -2.438  -11.823 0.0000000000
297420  24.494  -2.110  -10.120 0.0000000000
174928  25.974  -2.060  -9.153 0.0000000000
184001  27.024  2.810  -8.593 0.0000000000
181441  27.275  1.802  -8.638 0.0000000000
183982  28.859  2.983  -8.225 0.0000000000
307421  23.460  1.107  -11.305 0.0000000000
285140  23.178  2.117  -11.750 0.0000000000
182770  24.884  2.527  -10.171 0.0000000000
268249  26.397  3.427  -8.884 0.0000000000
187752  28.086  5.135  -7.911 0.0000000000
190486  29.647  6.519  -9.799 0.0000000000
191777  27.751  7.379  -8.037 0.0000000000
191793  28.998  7.284  -9.041 0.0000000000
286340  23.348  11.189  -8.845 0.0000000000
289957  24.423  16.561  -10.103 0.0000000000
203780  24.863  14.684  -9.397 0.0000000000
202505  25.182  13.362  -8.940 0.0000000000
198584  24.977  11.570  -8.142 0.0000000000
201233  26.621  12.529  -8.980 0.0000000000
199892  27.384  12.271  -10.160 0.0000000000
164370  21.736  -7.447  -10.291 0.0000000000
169636  22.336  -4.728  -11.201 0.0000000000
178907  27.720  0.714  -8.592 0.0000000000
176299  27.427  -1.083  -8.854 0.0000000000
195208  24.199  9.636  -8.361 0.0000000000
196322  23.975  10.121  -8.571 0.0000000000
178943  24.505  0.525  -10.890 0.0000000000
177620  24.767  0.022  -10.878 0.0000000000
285208  25.377  0.788  -10.476 0.0000000000
155382  18.596  -12.383  -8.376 0.0000000000
155381  19.077  -12.174  -8.583 0.0000000000
161805  21.646  -8.993  -9.616 0.0000000000
187797  23.881  4.983  -9.967 0.0000000000
187779  24.881  5.097  -9.127 0.0000000000
189117  24.934  5.633  -8.685 0.0000000000
196359  27.691  10.157  -10.734 0.0000000000
195238  27.836  9.667  -10.414 0.0000000000
203783  22.529  14.157  -9.537 0.0000000000
202509  21.977  13.204  -9.428 0.0000000000
297857  22.820  13.322  -9.189 0.0000000000
205046  23.695  14.670  -9.313 0.0000000000
207359  26.901  16.864  -11.232 0.0000000000
206262  27.608  15.865  -11.944 0.0000000000
172185  25.450  -3.483  -9.004 0.0000000000
170892  24.591  -3.949  -9.264 0.0000000000
161823  20.588  -8.794  -10.444 0.0000000000
285673  24.078  6.975  -8.611 0.0000000000
191796  24.096  7.484  -8.457 0.0000000000
195193  25.308  9.634  -7.810 0.0000000000
282142  25.574  9.108  -7.771 0.0000000000
287143  26.476  9.990  -7.776 0.0000000000
197437  27.416  10.505  -8.918 0.0000000000
197438  27.043  10.988  -8.710 0.0000000000
206235  21.862  14.528  -10.311 0.0000000000
173589  22.635  -2.421  -12.287 0.0000000000
174968  23.018  -2.062  -12.113 0.0000000000
176330  24.838  -1.267  -10.368 0.0000000000
174950  24.468  -1.704  -10.433 0.0000000000
174949  24.794  -1.780  -10.035 0.0000000000
173556  24.742  -2.330  -9.719 0.0000000000
174940  26.058  -1.581  -9.335 0.0000000000
157999  20.003  -10.787  -9.442 0.0000000000
156684  20.153  -11.490  -8.795 0.0000000000
184000  27.273  3.086  -8.326 0.0000000000
182731  27.417  2.616  -8.313 0.0000000000
284438  28.859  3.472  -8.260 0.0000000000
286694  23.202  0.889  -11.739 0.0000000000
185274  23.942  3.626  -10.740 0.0000000000
184063  24.147  3.121  -10.688 0.0000000000
182771  24.274  2.478  -10.466 0.0000000000
184046  25.034  3.121  -10.089 0.0000000000
184022  25.803  3.108  -9.627 0.0000000000
185238  25.796  3.605  -9.319 0.0000000000
189104  27.272  5.481  -7.864 0.0000000000
187753  27.489  5.008  -7.984 0.0000000000
277547  27.863  5.511  -7.800 0.0000000000
189115  28.997  5.782  -8.218 0.0000000000
189102  28.598  6.183  -8.136 0.0000000000
191780  25.638  7.312  -7.837 0.0000000000
190462  25.800  6.777  -7.901 0.0000000000
193019  27.540  8.056  -8.018 0.0000000000
193052  28.878  8.202  -9.139 0.0000000000
191823  29.086  7.388  -10.412 0.0000000000
197441  21.831  11.147  -9.494 0.0000000000
198592  22.988  11.706  -9.031 0.0000000000
197440  22.860  10.731  -9.057 0.0000000000
198591  23.745  11.641  -8.723 0.0000000000
210506  25.652  18.540  -11.594 0.0000000000
210521  25.278  18.986  -11.919 0.0000000000
208390  24.944  17.072  -10.150 0.0000000000
296292  25.306  16.024  -10.171 0.0000000000
203787  26.565  14.956  -10.231 0.0000000000
203779  25.593  14.378  -9.480 0.0000000000
278748  26.206  13.945  -9.449 0.0000000000
201227  25.049  12.464  -8.454 0.0000000000
201234  26.111  12.833  -8.847 0.0000000000
199872  25.812  11.972  -8.275 0.0000000000
201243  26.630  13.122  -9.165 0.0000000000
279910  27.189  13.614  -11.530 0.0000000000
202522  27.197  13.541  -10.526 0.0000000000
201254  27.202  12.693  -11.347 0.0000000000
199910  27.222  12.162  -11.446 0.0000000000
164387  21.135  -7.099  -11.080 0.0000000000
170924  22.616  -3.921  -11.570 0.0000000000
169649  22.370  -4.357  -11.551 0.0000000000
170913  22.786  -4.269  -11.088 0.0000000000
168302  23.674  -5.203  -9.664 0.0000000000
168303  23.297  -5.420  -10.109 0.0000000000
167000  23.552  -5.863  -9.693 0.0000000000
165641  23.218  -6.542  -9.809 0.0000000000
181422  28.111  1.772  -8.277 0.0000000000
180180  27.473  1.301  -8.580 0.0000000000
180164  27.932  1.269  -8.381 0.0000000000
193038  23.844  8.064  -8.436 0.0000000000
194132  23.624  8.595  -8.570 0.0000000000
195194  24.711  9.640  -8.012 0.0000000000
284258  25.440  10.516  -7.908 0.0000000000
292978  23.536  -0.888  -11.621 0.0000000000
270684  23.561  -1.395  -11.798 0.0000000000
177626  24.285  -0.575  -10.976 0.0000000000
283798  24.820  -0.664  -10.665 0.0000000000
276198  26.076  -0.028  -9.857 0.0000000000
159253  21.053  -9.923  -9.246 0.0000000000
159245  21.329  -10.222  -8.819 0.0000000000
160538  21.552  -9.735  -9.011 0.0000000000
160522  22.603  -9.887  -8.665 0.0000000000
273912  29.848  5.050  -8.763 0.0000000000
185218  29.237  3.948  -8.287 0.0000000000
185261  23.718  4.049  -10.684 0.0000000000
185240  24.572  4.101  -9.955 0.0000000000
186474  25.548  4.223  -9.064 0.0000000000
186475  25.116  4.542  -9.263 0.0000000000
187766  25.713  5.092  -8.367 0.0000000000
189105  26.813  5.803  -7.795 0.0000000000
194130  28.054  9.049  -8.331 0.0000000000
193018  28.126  8.477  -8.320 0.0000000000
195223  28.200  9.222  -9.420 0.0000000000
194168  28.134  8.740  -10.684 0.0000000000
280655  23.135  12.723  -9.027 0.0000000000
201237  23.613  13.216  -8.984 0.0000000000
210520  25.855  18.762  -12.131 0.0000000000
209477  26.316  17.598  -11.035 0.0000000000
207338  25.808  16.236  -10.334 0.0000000000
205065  26.817  15.568  -10.578 0.0000000000
308425  27.145  15.101  -10.602 0.0000000000
265671  27.007  13.833  -10.172 0.0000000000
203789  27.497  14.733  -10.962 0.0000000000
274389  27.476  14.712  -11.854 0.0000000000
170902  23.866  -3.623  -10.003 0.0000000000
169623  23.206  -4.404  -10.538 0.0000000000
170893  24.081  -4.048  -9.613 0.0000000000
292512  23.840  -4.613  -9.611 0.0000000000
296473  19.146  -11.739  -8.837 0.0000000000
283154  19.122  -10.808  -9.556 0.0000000000
160552  20.200  -9.881  -10.045 0.0000000000
160567  20.385  -9.350  -10.239 0.0000000000
161806  21.069  -9.062  -10.022 0.0000000000
163045  21.483  -8.503  -9.978 0.0000000000
189129  23.527  5.977  -9.562 0.0000000000
281630  24.647  6.101  -8.721 0.0000000000
190476  24.349  6.570  -8.643 0.0000000000
191795  24.558  7.037  -8.244 0.0000000000
193022  25.479  7.799  -7.820 0.0000000000
194115  25.201  8.683  -7.954 0.0000000000
194114  25.703  8.419  -7.707 0.0000000000
195190  27.121  9.082  -7.956 0.0000000000
196308  27.447  9.809  -8.275 0.0000000000
196337  27.719  10.282  -9.359 0.0000000000
197475  27.674  10.729  -10.459 0.0000000000
203784  21.774  13.951  -9.835 0.0000000000
205056  21.832  14.237  -10.046 0.0000000000
206234  22.921  15.125  -10.028 0.0000000000
275762  22.773  -2.965  -11.897 0.0000000000
172230  23.231  -2.910  -11.428 0.0000000000
174959  23.729  -1.786  -11.321 0.0000000000
173567  23.864  -2.253  -10.902 0.0000000000
172211  23.715  -3.228  -10.453 0.0000000000
172210  24.107  -3.072  -10.010 0.0000000000
275362  24.889  -2.752  -9.397 0.0000000000
172184  25.943  -3.041  -8.993 0.0000000000
286820  26.263  2.154  -9.363 0.0000000000
181456  26.392  1.576  -9.335 0.0000000000
288816  27.091  2.277  -8.731 0.0000000000
182713  27.777  2.204  -8.257 0.0000000000
182711  28.907  2.397  -8.276 0.0000000000
294643  29.871  3.455  -8.808 0.0000000000
284181  30.048  2.959  -8.444 0.0000000000
182730  30.241  2.388  -8.583 0.0000000000
178957  23.460  0.213  -11.441 0.0000000000
180225  23.752  0.713  -11.087 0.0000000000
180224  24.218  0.960  -10.818 0.0000000000
180234  23.209  1.554  -11.604 0.0000000000
285212  24.475  1.927  -10.316 0.0000000000
284830  24.958  1.961  -10.160 0.0000000000
182751  25.937  2.565  -9.596 0.0000000000
185219  26.935  3.334  -8.525 0.0000000000
185202  27.912  3.957  -8.106 0.0000000000
185220  26.093  3.948  -8.770 0.0000000000
186442  27.230  4.410  -8.132 0.0000000000
186440  28.342  4.548  -8.079 0.0000000000
187765  29.325  5.137  -8.382 0.0000000000
189126  29.651  6.121  -9.309 0.0000000000
190474  25.371  6.356  -8.168 0.0000000000
190461  26.348  6.652  -7.776 0.0000000000
190459  27.910  6.763  -8.000 0.0000000000
270415  28.235  7.847  -8.294 0.0000000000
191794  28.768  7.625  -8.550 0.0000000000
190458  28.796  7.036  -8.525 0.0000000000
190487  29.249  6.721  -9.414 0.0000000000
197439  23.672  10.639  -8.708 0.0000000000
207340  23.442  16.503  -10.164 0.0000000000
208391  24.182  17.133  -10.171 0.0000000000
206241  23.997  16.023  -9.992 0.0000000000
290017  24.192  15.276  -9.802 0.0000000000
203771  24.286  14.470  -9.068 0.0000000000
294051  24.093  13.493  -8.885 0.0000000000
206240  25.650  15.743  -10.194 0.0000000000
203770  24.912  14.073  -8.973 0.0000000000
270921  24.249  13.058  -8.780 0.0000000000
199881  24.126  12.094  -8.675 0.0000000000
198585  24.405  11.590  -8.477 0.0000000000
197433  24.322  10.598  -8.453 0.0000000000
197431  25.201  11.067  -7.991 0.0000000000
198582  25.986  11.472  -8.153 0.0000000000
198589  26.709  11.500  -8.603 0.0000000000
202519  27.202  13.375  -9.917 0.0000000000
201241  27.217  12.733  -9.693 0.0000000000
198599  27.251  11.717  -9.471 0.0000000000
198612  27.423  11.737  -9.971 0.0000000000
198635  27.341  11.647  -11.221 0.0000000000
163062  21.308  -7.984  -10.395 0.0000000000
163044  21.826  -7.938  -9.887 0.0000000000
168329  21.580  -5.498  -11.416 0.0000000000
169624  22.738  -4.726  -10.790 0.0000000000
168327  22.505  -5.297  -10.841 0.0000000000
167029  22.037  -5.752  -11.026 0.0000000000
165656  22.659  -6.493  -10.311 0.0000000000
165642  22.728  -7.006  -9.920 0.0000000000
180196  26.421  0.973  -9.463 0.0000000000
178922  26.753  0.616  -9.338 0.0000000000
295961  26.323  -0.403  -9.646 0.0000000000
178894  28.248  0.678  -8.359 0.0000000000
177589  27.251  -0.516  -9.044 0.0000000000
176318  26.172  -0.959  -9.486 0.0000000000
174927  26.410  -1.880  -9.016 0.0000000000
154064  19.115  -12.630  -8.276 0.0000000000
157987  19.928  -11.129  -9.090 0.0000000000
158000  19.486  -11.002  -9.372 0.0000000000
159244  21.942  -10.065  -8.728 0.0000000000
159246  20.802  -10.402  -9.055 0.0000000000
159254  20.565  -10.128  -9.550 0.0000000000
160549  21.748  -9.345  -9.224 0.0000000000
160551  20.768  -9.628  -9.744 0.0000000000
161796  22.100  -8.973  -9.139 0.0000000000
161824  20.008  -9.043  -10.642 0.0000000000
164353  22.225  -7.426  -9.837 0.0000000000
164371  21.340  -7.448  -10.668 0.0000000000
165657  22.176  -6.966  -10.312 0.0000000000
165658  21.645  -7.001  -10.703 0.0000000000
165673  22.060  -6.438  -10.804 0.0000000000
167001  23.035  -5.976  -10.166 0.0000000000
168301  24.108  -5.037  -9.291 0.0000000000
168315  22.993  -5.021  -10.441 0.0000000000
168328  21.973  -5.180  -11.422 0.0000000000
169612  24.331  -4.493  -9.279 0.0000000000
169613  23.634  -4.203  -10.021 0.0000000000
170903  23.492  -3.802  -10.471 0.0000000000
170925  22.119  -4.161  -12.068 0.0000000000
172198  25.310  -2.896  -9.177 0.0000000000
172199  24.850  -3.323  -9.250 0.0000000000
172209  24.498  -2.900  -9.618 0.0000000000
172219  23.616  -2.811  -10.935 0.0000000000
172220  23.014  -3.811  -11.219 0.0000000000
172231  22.476  -3.543  -12.006 0.0000000000
173547  25.684  -2.455  -9.166 0.0000000000
173548  25.176  -2.351  -9.364 0.0000000000
173557  24.320  -2.543  -10.034 0.0000000000
173558  23.979  -2.683  -10.462 0.0000000000
173566  24.185  -2.161  -10.444 0.0000000000
173575  23.486  -2.349  -11.359 0.0000000000
174926  27.000  -1.627  -8.859 0.0000000000
174941  25.574  -1.927  -9.364 0.0000000000
174942  25.123  -1.838  -9.632 0.0000000000
174958  24.075  -1.700  -10.825 0.0000000000
174967  23.338  -1.913  -11.769 0.0000000000
174981  23.176  -1.574  -12.197 0.0000000000
176300  26.994  -1.012  -9.034 0.0000000000
176301  26.563  -1.275  -9.167 0.0000000000
176320  25.118  -1.399  -9.967 0.0000000000
176329  25.260  -0.782  -10.133 0.0000000000
176345  23.042  -0.854  -12.031 0.0000000000
177574  27.714  -0.525  -8.773 0.0000000000
177590  26.734  -0.598  -9.351 0.0000000000
177604  26.631  0.023  -9.682 0.0000000000
177605  25.780  -0.581  -9.738 0.0000000000
177606  25.569  -0.152  -10.094 0.0000000000
177619  25.179  -0.158  -10.571 0.0000000000
177627  23.718  -0.408  -11.326 0.0000000000
177634  23.237  -0.296  -11.760 0.0000000000
177635  22.860  -0.171  -12.179 0.0000000000
178893  28.681  0.847  -8.274 0.0000000000
178908  27.197  0.750  -8.852 0.0000000000
178923  26.247  0.507  -9.828 0.0000000000
178941  25.405  0.341  -10.436 0.0000000000
178942  25.028  0.578  -10.715 0.0000000000
178958  23.016  0.335  -12.061 0.0000000000
180163  28.442  1.285  -8.300 0.0000000000
180181  27.117  1.348  -8.845 0.0000000000
180195  26.789  1.226  -9.160 0.0000000000
180197  25.977  1.086  -9.713 0.0000000000
180214  25.539  1.156  -10.142 0.0000000000
180216  24.755  0.973  -10.700 0.0000000000
181421  28.672  1.810  -8.304 0.0000000000
181423  27.663  1.766  -8.401 0.0000000000
181442  26.945  1.772  -8.984 0.0000000000
181457  25.753  1.743  -9.633 0.0000000000
181475  25.296  1.620  -10.183 0.0000000000
181476  24.937  1.445  -10.510 0.0000000000
181477  24.312  1.393  -10.583 0.0000000000
181487  23.731  1.346  -10.957 0.0000000000
182710  29.597  2.387  -8.367 0.0000000000
182712  28.278  2.251  -8.229 0.0000000000
182732  26.798  2.564  -8.910 0.0000000000
182749  26.716  2.177  -9.113 0.0000000000
182750  26.454  2.594  -9.212 0.0000000000
182769  25.448  2.857  -9.917 0.0000000000
182784  23.793  2.515  -10.906 0.0000000000
182785  23.322  2.542  -11.411 0.0000000000
183981  29.364  2.835  -8.315 0.0000000000
183983  28.285  3.186  -8.145 0.0000000000
183984  27.684  3.108  -8.176 0.0000000000
183999  29.406  3.360  -8.422 0.0000000000
184002  26.635  2.959  -8.892 0.0000000000
184021  26.217  3.059  -9.304 0.0000000000
184023  25.381  3.411  -9.826 0.0000000000
184047  24.630  3.108  -10.362 0.0000000000
185203  27.477  3.535  -8.236 0.0000000000
185204  27.077  3.854  -8.258 0.0000000000
185205  26.587  3.805  -8.453 0.0000000000
185217  29.791  3.992  -8.575 0.0000000000
185239  25.110  4.007  -9.581 0.0000000000
185260  24.158  4.044  -10.336 0.0000000000
185275  23.370  3.687  -11.134 0.0000000000
186439  28.985  4.516  -8.204 0.0000000000
186441  27.744  4.485  -8.073 0.0000000000
186443  26.708  4.302  -8.182 0.0000000000
186455  30.053  4.501  -8.814 0.0000000000
186456  29.624  4.537  -8.454 0.0000000000
186457  26.303  4.224  -8.392 0.0000000000
186458  25.890  4.489  -8.581 0.0000000000
186459  25.416  4.804  -8.883 0.0000000000
186476  24.669  4.563  -9.561 0.0000000000
187751  28.430  5.659  -7.840 0.0000000000
187754  26.831  5.037  -7.982 0.0000000000
187764  29.566  5.661  -8.734 0.0000000000
187767  24.476  5.660  -9.074 0.0000000000
187780  24.249  5.145  -9.532 0.0000000000
189103  28.060  6.099  -7.900 0.0000000000
189106  26.167  5.531  -7.981 0.0000000000
189107  25.915  6.206  -7.974 0.0000000000
189118  24.180  6.173  -8.989 0.0000000000
189119  23.778  6.212  -9.207 0.0000000000
189127  29.214  6.221  -8.852 0.0000000000
189128  23.986  5.767  -9.348 0.0000000000
189148  23.257  5.697  -10.007 0.0000000000
190460  26.869  6.460  -7.750 0.0000000000
190473  29.031  6.712  -8.878 0.0000000000
190475  24.854  6.487  -8.368 0.0000000000
191776  28.364  7.239  -8.242 0.0000000000
191778  27.111  7.431  -7.796 0.0000000000
191779  26.343  7.258  -7.728 0.0000000000
191781  25.073  7.438  -8.026 0.0000000000
191797  23.675  7.150  -8.844 0.0000000000
191807  29.068  7.301  -9.747 0.0000000000
193020  26.753  7.920  -7.801 0.0000000000
193021  26.030  7.829  -7.655 0.0000000000
193023  25.018  8.085  -8.023 0.0000000000
193024  24.362  8.072  -8.223 0.0000000000
193036  28.874  7.848  -8.938 0.0000000000
193037  28.635  8.242  -8.694 0.0000000000
193051  28.905  7.747  -9.436 0.0000000000
193065  28.769  8.265  -9.686 0.0000000000
194111  27.596  8.761  -8.126 0.0000000000
194113  26.400  8.430  -7.717 0.0000000000
194116  24.644  8.642  -8.080 0.0000000000
194129  28.382  8.762  -8.609 0.0000000000
194131  24.101  8.609  -8.266 0.0000000000
194155  28.388  8.747  -9.920 0.0000000000
195192  25.985  9.666  -7.639 0.0000000000
195206  28.234  9.181  -8.752 0.0000000000
195207  27.844  9.520  -8.514 0.0000000000
195209  23.674  9.636  -8.665 0.0000000000
195237  28.042  9.212  -10.153 0.0000000000
195251  27.850  9.201  -10.689 0.0000000000
195252  27.679  9.519  -11.080 0.0000000000
196309  27.211  10.312  -8.445 0.0000000000
196310  26.038  10.353  -7.823 0.0000000000
196311  25.567  10.050  -7.782 0.0000000000
196312  25.059  10.090  -7.925 0.0000000000
196321  27.624  10.030  -8.726 0.0000000000
196351  27.777  10.235  -10.083 0.0000000000
197429  26.416  11.150  -8.223 0.0000000000
197430  25.842  10.979  -7.987 0.0000000000
197432  24.876  10.569  -8.109 0.0000000000
197465  27.642  10.786  -9.860 0.0000000000
198583  25.514  11.513  -8.083 0.0000000000
198590  26.325  11.728  -8.402 0.0000000000
198593  21.858  11.718  -9.489 0.0000000000
198600  27.009  11.624  -9.000 0.0000000000
198623  27.471  11.750  -10.547 0.0000000000
199873  25.264  12.000  -8.202 0.0000000000
199874  24.732  12.040  -8.435 0.0000000000
199878  26.669  11.976  -8.801 0.0000000000
199879  26.247  12.249  -8.608 0.0000000000
199880  25.828  12.458  -8.475 0.0000000000
199882  23.428  12.168  -8.871 0.0000000000
199888  27.296  12.141  -9.692 0.0000000000
199889  27.008  12.215  -9.277 0.0000000000
199900  27.346  12.342  -10.838 0.0000000000
201226  25.482  12.350  -8.359 0.0000000000
201228  24.477  12.538  -8.645 0.0000000000
201235  25.458  12.818  -8.618 0.0000000000
201236  24.831  12.961  -8.687 0.0000000000
201242  26.968  13.287  -9.486 0.0000000000
201246  27.330  12.891  -10.285 0.0000000000
201249  27.282  12.961  -10.828 0.0000000000
201250  27.239  13.310  -11.176 0.0000000000
201255  27.120  13.079  -11.744 0.0000000000
202504  25.701  13.206  -9.032 0.0000000000
202506  24.594  13.502  -8.801 0.0000000000
202508  23.290  13.600  -9.035 0.0000000000
202513  26.894  13.752  -9.745 0.0000000000
202514  26.194  13.412  -9.212 0.0000000000
202515  25.644  13.742  -9.193 0.0000000000
203772  23.724  14.227  -9.076 0.0000000000
203778  26.262  14.380  -9.844 0.0000000000
203781  24.245  14.947  -9.453 0.0000000000
203786  26.774  14.243  -10.118 0.0000000000
203792  27.268  14.161  -11.587 0.0000000000
205051  25.900  14.785  -9.902 0.0000000000
205052  25.317  14.964  -9.792 0.0000000000
205055  22.902  14.586  -9.848 0.0000000000
205060  27.160  14.669  -10.454 0.0000000000
205061  25.781  15.257  -10.108 0.0000000000
205062  25.143  15.560  -9.981 0.0000000000
205064  27.326  15.441  -10.951 0.0000000000
205067  27.603  15.304  -11.470 0.0000000000
206232  24.453  15.615  -9.886 0.0000000000
206233  23.766  15.436  -9.986 0.0000000000
206242  23.101  15.728  -10.112 0.0000000000
206243  22.013  15.009  -10.478 0.0000000000
206249  27.061  16.019  -10.881 0.0000000000
207337  26.503  16.128  -10.571 0.0000000000
207339  25.138  16.508  -10.152 0.0000000000
207350  27.259  16.410  -11.382 0.0000000000
207352  26.172  16.669  -10.638 0.0000000000
208403  25.975  17.261  -10.680 0.0000000000
208410  27.123  16.965  -11.663 0.0000000000
208411  26.740  17.299  -11.363 0.0000000000
209465  23.953  17.643  -10.230 0.0000000000
209488  25.984  18.069  -11.297 0.0000000000
210505  26.200  18.303  -11.831 0.0000000000
210507  25.053  18.722  -11.369 0.0000000000
211564  24.857  19.491  -12.245 0.0000000000
212606  25.259  19.672  -12.690 0.0000000000
265174  27.022  0.048  -9.185 0.0000000000
270398  26.669  10.527  -8.078 0.0000000000
271005  26.963  9.959  -8.018 0.0000000000
272879  27.121  14.189  -10.524 0.0000000000
272945  27.483  4.011  -8.161 0.0000000000
273732  24.417  3.587  -10.461 0.0000000000
274599  25.277  5.276  -8.672 0.0000000000
275690  28.728  5.166  -8.035 0.0000000000
275693  24.246  13.967  -8.888 0.0000000000
276128  27.454  0.080  -8.804 0.0000000000
276793  27.513  11.192  -10.794 0.0000000000
277221  25.373  2.222  -9.918 0.0000000000
277996  22.633  11.289  -9.171 0.0000000000
278205  26.895  12.783  -9.318 0.0000000000
280230  26.415  6.158  -7.811 0.0000000000
280620  26.694  8.907  -7.731 0.0000000000
280724  26.187  9.008  -7.625 0.0000000000
281782  25.090  0.222  -10.728 0.0000000000
281855  27.343  6.894  -7.790 0.0000000000
282131  27.569  11.256  -10.237 0.0000000000
284629  25.769  0.698  -10.220 0.0000000000
285050  27.937  2.669  -8.142 0.0000000000
285459  23.656  7.645  -8.687 0.0000000000
285986  30.641  2.836  -8.697 0.0000000000
286334  27.947  3.513  -8.119 0.0000000000
286350  27.924  9.721  -9.723 0.0000000000
286381  27.941  0.079  -8.534 0.0000000000
286689  23.502  1.985  -11.188 0.0000000000
286690  23.961  1.903  -10.640 0.0000000000
286693  22.629  0.909  -12.260 0.0000000000
287279  24.657  11.112  -8.217 0.0000000000
287610  23.396  9.126  -8.746 0.0000000000
287626  23.944  9.123  -8.545 0.0000000000
288050  24.385  9.147  -8.108 0.0000000000
288064  24.045  11.117  -8.568 0.0000000000
288947  27.416  2.147  -8.453 0.0000000000
289639  28.913  6.291  -8.464 0.0000000000
292664  26.808  6.960  -7.715 0.0000000000
292717  27.568  9.314  -8.202 0.0000000000
293779  22.934  -3.437  -11.526 0.0000000000
293873  27.454  11.284  -9.686 0.0000000000
294598  28.446  6.673  -8.181 0.0000000000
295084  23.909  -1.145  -11.220 0.0000000000
298597  28.418  2.692  -8.172 0.0000000000
300591  22.945  -5.577  -10.504 0.0000000000
301271  19.697  -11.963  -8.633 0.0000000000
301809  26.647  13.628  -9.391 0.0000000000
303258  25.058  6.061  -8.458 0.0000000000
305042  27.267  11.305  -9.224 0.0000000000
305054  23.542  6.827  -9.077 0.0000000000
306474  28.789  6.598  -8.393 0.0000000000
306920  26.970  1.007  -9.033 0.0000000000
307110  24.498  3.835  -10.220 0.0000000000
307501  23.200  -3.950  -10.873 0.0000000000
308109  21.813  -4.170  -12.496 0.0000000000
309318  27.155  9.530  -8.034 0.0000000000
