#Insight Transform File V1.0
#Transform 0
Transform: AffineTransform_float_3_3
Parameters: 1 5.66664e-05 0.000133469 -5.66456e-05 1 -7.80076e-05 -0.000133478 7.79924e-05 1 0.0155748 -0.100006 0.0367008
FixedParameters: 0 0 0

#Transform 1
Transform: AffineTransform_float_3_3
Parameters: 1 4.1272e-05 0.000230184 -4.11688e-05 1 -0.000224009 -0.000230202 0.00022399 1 0.00897987 -0.0608269 0.0323702
FixedParameters: 0 0 0

#Transform 2
Transform: AffineTransform_float_3_3
Parameters: 1 2.42257e-05 5.70711e-05 -2.42249e-05 1 -7.00138e-06 -5.70715e-05 6.99862e-06 1 0.019624 -0.103974 0.0546273
FixedParameters: 0 0 0

#Transform 3
Transform: AffineTransform_float_3_3
Parameters: 1 0 0 0 1 0.00012 0 -0.00012 1 0.018879 -0.0837703 0.022427
FixedParameters: 0 0 0

#Transform 4
Transform: AffineTransform_float_3_3
Parameters: 1 0 0 0 1 0.000117 0 -0.000117 1 0.018879 -0.0563591 -0.000342195
FixedParameters: 0 0 0

#Transform 5
Transform: AffineTransform_float_3_3
Parameters: 1 0 0 0 1 -0.000326 0 0.000326 1 0.018879 -0.0163617 -0.0258524
FixedParameters: 0 0 0

#Transform 6
Transform: AffineTransform_float_3_3
Parameters: 1 0 0 0 1 -0.000314 0 0.000314 1 0.018879 -0.062973 0.0354658
FixedParameters: 0 0 0

#Transform 7
Transform: AffineTransform_float_3_3
Parameters: 1 -4.78686e-05 2.03125e-05 4.78639e-05 1 0.000116001 -2.03236e-05 -0.000115999 1 0.0176688 -0.091014 0.0595846
FixedParameters: 0 0 0

#Transform 8
Transform: AffineTransform_float_3_3
Parameters: 1 0 0 0 1 0.000163 0 -0.000163 1 0.016331 -0.0858358 0.0342992
FixedParameters: 0 0 0

#Transform 9
Transform: AffineTransform_float_3_3
Parameters: 1 0 0 0 1 9.3e-05 0 -9.3e-05 1 0.018879 -0.0482173 0.00154008
FixedParameters: 0 0 0

#Transform 10
Transform: AffineTransform_float_3_3
Parameters: 1 2.54289e-05 5.98195e-05 -2.53662e-05 1 -0.000524001 -5.98461e-05 0.000523998 1 0.00207341 -0.0125059 0.00395081
FixedParameters: 0 0 0

#Transform 11
Transform: AffineTransform_float_3_3
Parameters: 1 0 0 0 1 -0.00027 0 0.00027 1 0.018867 -0.0659742 0.0727735
FixedParameters: 0 0 0

#Transform 12
Transform: AffineTransform_float_3_3
Parameters: 1 -6.79572e-05 -0.000160181 6.80171e-05 1 0.000186989 0.000160155 -0.000187011 1 0.0166323 -0.0967352 0.060073
FixedParameters: 0 0 0

#Transform 13
Transform: AffineTransform_float_3_3
Parameters: 1 0 0 0 1 0.000141 0 -0.000141 1 0.013378 -0.0551474 0.0280872
FixedParameters: 0 0 0

#Transform 14
Transform: AffineTransform_float_3_3
Parameters: 1 -4.97022e-05 2.11115e-05 4.97124e-05 1 -0.000241999 -2.10874e-05 0.000242001 1 0.00714955 -0.00616766 -0.0146375
FixedParameters: 0 0 0

#Transform 15
Transform: AffineTransform_float_3_3
Parameters: 1 0 0 0 1 -1.6e-05 0 1.6e-05 1 0.002584 -0.0421796 0.0207922
FixedParameters: 0 0 0

#Transform 16
Transform: AffineTransform_float_3_3
Parameters: 1 0.000187806 -7.9656e-05 -0.00018776 1 0.000283015 7.97623e-05 -0.000282985 1 0.00754816 -0.0983009 0.0663497
FixedParameters: 0 0 0

#Transform 17
Transform: AffineTransform_float_3_3
Parameters: 1 0.000229482 -0.000306835 -0.00022907 0.999999 0.00067207 0.000307143 -0.000671929 0.999999 0.0150113 -0.084182 0.0307152
FixedParameters: 0 0 0

#Transform 18
Transform: AffineTransform_float_3_3
Parameters: 1 0.000182292 -7.72893e-05 -0.000182228 1 0.000414014 7.74402e-05 -0.000413986 1 0.00747495 -0.0572432 0.00753821
FixedParameters: 0 0 0

#Transform 19
Transform: AffineTransform_float_3_3
Parameters: 1 0 0 0 1 -0.000228 0 0.000228 1 0.002584 -0.00483296 -0.0278179
FixedParameters: 0 0 0

#Transform 20
Transform: AffineTransform_float_3_3
Parameters: 1 0 0 0 1 -9.9e-05 0 9.9e-05 1 0.002584 -0.046419 0.0189894
FixedParameters: 0 0 0

#Transform 21
Transform: AffineTransform_float_3_3
Parameters: 1 5.70783e-05 -2.42087e-05 -5.70643e-05 1 0.000291001 2.42419e-05 -0.000290999 1 0.00407668 -0.089505 0.0514464
FixedParameters: 0 0 0

#Transform 22
Transform: AffineTransform_float_3_3
Parameters: 1 0.000136608 -0.000220867 -0.000136467 1 0.00031903 0.000220954 -0.00031897 1 0.011154 -0.0666513 0.0165197
FixedParameters: 0 0 0

#Transform 23
Transform: AffineTransform_float_3_3
Parameters: 1 0 0 0 1 0.00033 0 -0.00033 1 -0.001664 -0.0266763 -0.015809
FixedParameters: 0 0 0

#Transform 24
Transform: AffineTransform_float_3_3
Parameters: 1 0 0 0 1 0.00033 0 -0.00033 1 0.002584 -0.019265 -0.00649226
FixedParameters: 0 0 0

#Transform 25
Transform: AffineTransform_float_3_3
Parameters: 1 0 0 0 1 0.000591 0 -0.000591 1 0.002584 -0.0993508 0.0741638
FixedParameters: 0 0 0

#Transform 26
Transform: AffineTransform_float_3_3
Parameters: 1 9.78527e-05 -0.000322741 -9.74066e-05 1 0.000691031 0.000322876 -0.000690968 0.999999 0.0136891 -0.0741951 0.0419136
FixedParameters: 0 0 0

#Transform 27
Transform: AffineTransform_float_3_3
Parameters: 1 -7.61107e-05 -0.000179533 7.62744e-05 1 0.000455986 0.000179464 -0.000456014 1 0.00701016 -0.0455692 0.0102849
FixedParameters: 0 0 0

#Transform 28
Transform: AffineTransform_float_3_3
Parameters: 1 0 0 0 1 1.7e-05 0 -1.7e-05 1 -0.00138 0.00270459 -0.012443
FixedParameters: 0 0 0

#Transform 29
Transform: AffineTransform_float_3_3
Parameters: 1 -4.13911e-05 -9.75847e-05 4.14438e-05 1 0.000269996 9.75623e-05 -0.000270004 1 0.00499433 -0.0728533 0.0679308
FixedParameters: 0 0 0

#Transform 30
Transform: AffineTransform_float_3_3
Parameters: 1 0 0 0 1 0.000657 0 -0.000657 1 0.002579 -0.0788252 0.0378858
FixedParameters: 0 0 0

#Transform 31
Transform: AffineTransform_float_3_3
Parameters: 1 0.000105837 -0.000221864 -0.00010553 1 0.000691023 0.00022201 -0.000690976 0.999999 0.0107532 -0.0432529 0.00651223
FixedParameters: 0 0 0

#Transform 32
Transform: AffineTransform_float_3_3
Parameters: 1 0 0 0 1 0.000456 0 -0.000456 1 0.002584 -0.0143212 -0.0229544
FixedParameters: 0 0 0

#Transform 33
Transform: AffineTransform_float_3_3
Parameters: 1 0 0 0 1 0.000358 0 -0.000358 1 -1.1e-05 -0.0454758 0.0357566
FixedParameters: 0 0 0

#Transform 34
Transform: AffineTransform_float_3_3
Parameters: 1 0.000234818 -9.94265e-05 -0.000234639 0.999999 0.000894023 9.98462e-05 -0.000893976 0.999999 0.00661207 -0.0882099 0.0311492
FixedParameters: 0 0 0

#Transform 35
Transform: AffineTransform_float_3_3
Parameters: 1 4.31601e-05 -0.000144254 -4.29272e-05 0.999999 0.000807006 0.000144323 -0.000806993 0.999999 0.00757328 -0.0430887 -0.00386469
FixedParameters: 0 0 0

#Transform 36
Transform: AffineTransform_float_3_3
Parameters: 1 0 0 0 1 0.000594 0 -0.000594 1 -0.006607 -0.0194383 -0.0284971
FixedParameters: 0 0 0

#Transform 37
Transform: AffineTransform_float_3_3
Parameters: 1 0.000291876 -0.000123681 -0.000291723 1 0.000618036 0.000124042 -0.000617964 1 0.00127008 -0.0565056 0.0350899
FixedParameters: 0 0 0

#Transform 38
Transform: AffineTransform_float_3_3
Parameters: 1 0.000353617 -0.000149703 -0.000353331 1 0.000954693 0.000150378 -0.000955307 0.999999 0.0118865 -0.0993365 0.0361167
FixedParameters: 0 0 0

#Transform 39
Transform: AffineTransform_float_3_3
Parameters: 1 0.000305758 -0.000129369 -0.000305457 1 0.00115804 0.000130077 -0.00115796 1 0.010626 -0.0755357 -0.0067186
FixedParameters: 0 0 0

#Transform 40
Transform: AffineTransform_float_3_3
Parameters: 1 0.000243071 -0.000103016 -0.000242955 1 0.000562025 0.00010329 -0.000561975 1 0.0090497 -0.021305 -0.0347447
FixedParameters: 0 0 0

#Transform 41
Transform: AffineTransform_float_3_3
Parameters: 1 0.000256876 -0.000108885 -0.000256766 1 0.000503028 0.000109143 -0.000502972 1 0.00272983 -0.0468394 0.0162601
FixedParameters: 0 0 0

#Transform 42
Transform: AffineTransform_float_3_3
Parameters: 1 0.000327806 -0.000138849 -0.000327593 0.999999 0.000765045 0.000139351 -0.000764954 0.999999 0.0055535 -0.0977911 0.046454
FixedParameters: 0 0 0

#Transform 43
Transform: AffineTransform_float_3_3
Parameters: 1 0.000371137 -0.000157056 -0.00037079 1 0.00110106 0.000157873 -0.00110094 1 0.00636217 -0.0617151 -0.00232767
FixedParameters: 0 0 0

#Transform 44
Transform: AffineTransform_float_3_3
Parameters: 1 0.000314968 -0.000233281 -0.000314562 0.999999 0.000869073 0.000233828 -0.000868926 0.999999 0.00602946 -0.0510022 -0.0190289
FixedParameters: 0 0 0

#Transform 45
Transform: AffineTransform_float_3_3
Parameters: 1 0.000367337 -0.000155769 -0.000367225 1 0.000360057 0.000156034 -0.000359943 1 0.00359095 -0.0110735 -0.0231625
FixedParameters: 0 0 0

#Transform 46
Transform: AffineTransform_float_3_3
Parameters: 1 0.000405131 -0.000171664 -0.000404912 0.999999 0.000637069 0.00017218 -0.00063693 1 0.00823522 -0.0664355 0.0466849
FixedParameters: 0 0 0

#Transform 47
Transform: AffineTransform_float_3_3
Parameters: 1 0.00024276 -0.000252578 -0.000242203 1 0.00110206 0.000253112 -0.00110194 1 0.00302205 -0.0753191 0.0254396
FixedParameters: 0 0 0

#Transform 48
Transform: AffineTransform_float_3_3
Parameters: 1 0.000349922 -0.000148171 -0.000349661 0.999999 0.000877051 0.000148784 -0.000876947 0.999999 0.00615787 -0.0405941 -0.0154937
FixedParameters: 0 0 0

#Transform 49
Transform: AffineTransform_float_3_3
Parameters: 1 0.000206254 -8.73798e-05 -0.000206132 0.999999 0.000698018 8.76676e-05 -0.000697982 1 0.00119682 -0.0132156 -0.0477187
FixedParameters: 0 0 0

#Transform 50
Transform: AffineTransform_float_3_3
Parameters: 1 0 0 0 0.999999 0.000771 0 -0.000771 0.999999 0.002584 -0.0626267 0.00205179
FixedParameters: 0 0 0

#Transform 51
Transform: AffineTransform_float_3_3
Parameters: 1 0.000326933 -0.000138347 -0.000326625 1 0.00110805 0.000139072 -0.00110796 1 0.0112743 -0.104631 0.0270037
FixedParameters: 0 0 0

#Transform 52
Transform: AffineTransform_float_3_3
Parameters: 1 0.000261632 -0.000379965 -0.000260717 0.999999 0.0012031 0.000380594 -0.0012029 0.999999 0.0115439 -0.0646414 -0.00539685
FixedParameters: 0 0 0

#Transform 53
Transform: AffineTransform_float_3_3
Parameters: 1 0.000191535 -8.11066e-05 -0.000191395 0.999999 0.000864015 8.14374e-05 -0.000863984 0.999999 0.00225104 -0.0271061 -0.0373404
FixedParameters: 0 0 0

#Transform 54
Transform: AffineTransform_float_3_3
Parameters: 1 0.000202568 -8.58273e-05 -0.000202454 1 0.000659017 8.60942e-05 -0.000658982 1 0.00160115 -0.03119 -0.016143
FixedParameters: 0 0 0

#Transform 55
Transform: AffineTransform_float_3_3
Parameters: 1 0.00023023 -9.74383e-05 -0.000230022 1 0.00106202 9.79271e-05 -0.00106198 1 0.00210364 -0.0868692 0.032069
FixedParameters: 0 0 0

#Transform 56
Transform: AffineTransform_float_3_3
Parameters: 1 0 0 0 0.999999 0.001279 0 -0.001279 0.999999 -0.003897 -0.0801949 -0.00550501
FixedParameters: 0 0 0

#Transform 57
Transform: AffineTransform_float_3_3
Parameters: 1 0.000194118 -0.000362329 -0.000193779 1 0.00100807 0.000361799 -0.00100793 1 0.00768313 0.0068132 -0.108426
FixedParameters: 0 0 0

#Transform 58
Transform: AffineTransform_float_3_3
Parameters: 1 0 0 0 0.999999 0.000716 0 -0.000716 0.999999 -0.006953 0.0216994 -0.12878
FixedParameters: 0 0 0

#Transform 59
Transform: AffineTransform_float_3_3
Parameters: 1 0.000215518 -9.11486e-05 -0.000215278 0.999999 0.00131102 9.17134e-05 -0.00131098 0.999999 0.000565975 -0.0754643 -0.0506621
FixedParameters: 0 0 0

#Transform 60
Transform: AffineTransform_float_3_3
Parameters: 1 0 0 0 0.999999 0.001484 0 -0.001484 0.999999 -0.003208 -0.0670095 -0.0730823
FixedParameters: 0 0 0

#Transform 61
Transform: AffineTransform_float_3_3
Parameters: 1 2.2244e-05 -0.000278658 -2.23636e-05 0.999999 0.00143601 0.000279113 -0.00143599 0.999999 0.000524585 -0.0492246 -0.0860359
FixedParameters: 0 0 0

#Transform 62
Transform: AffineTransform_float_3_3
Parameters: 1 0.00010347 -0.000268594 -0.000103361 0.999999 0.000932027 0.000267867 -0.000931971 0.999999 0.000812716 -0.016357 -0.114309
FixedParameters: 0 0 0

#Transform 63
Transform: AffineTransform_float_3_3
Parameters: 1 0.000170355 -7.21409e-05 -0.000170232 0.999999 0.000847012 7.24294e-05 -0.000846987 0.999999 0.0070642 -0.0341173 -0.0793848
FixedParameters: 0 0 0

#Transform 64
Transform: AffineTransform_float_3_3
Parameters: 0.999999 -0.000300246 -0.000711221 0.000301201 0.999998 0.00196579 0.00071082 -0.00196621 0.999998 0.0201015 -0.114187 -0.0444863
FixedParameters: 0 0 0

#Transform 65
Transform: AffineTransform_float_3_3
Parameters: 1 -0.000180732 -0.00042844 0.000181728 0.999998 0.00223792 0.00042802 -0.00223808 0.999998 0.0131965 -0.079689 -0.0999423
FixedParameters: 0 0 0

#Transform 66
Transform: AffineTransform_float_3_3
Parameters: 1 -0.000180732 -0.00042844 0.000181728 0.999998 0.00223792 0.00042802 -0.00223808 0.999998 0.0131965 -0.0384492 -0.117557
FixedParameters: 0 0 0

#Transform 67
Transform: AffineTransform_float_3_3
Parameters: 1 -0.000229762 -0.00040773 0.000230271 0.999999 0.00175491 0.000407313 -0.0017551 0.999999 0.00764138 -0.00748224 -0.118025
FixedParameters: 0 0 0

#Transform 68
Transform: AffineTransform_float_3_3
Parameters: 1 -0.000180917 -0.000428362 0.000181543 0.999999 0.00180592 0.000428098 -0.00180608 0.999999 0.00688957 -0.0729738 -0.051647
FixedParameters: 0 0 0

#Transform 69
Transform: AffineTransform_float_3_3
Parameters: 1 -0.000220852 -0.000523305 0.000222098 0.999998 0.00207088 0.000522778 -0.00207111 0.999997 0.00859311 -0.0432963 -0.0941769
FixedParameters: 0 0 0

#Transform 70
Transform: AffineTransform_float_3_3
Parameters: 1 -2.3323e-05 -0.000494896 2.43243e-05 0.999998 0.00194099 0.000495194 -0.00194101 0.999998 0.00886468 -0.0271446 -0.115334
FixedParameters: 0 0 0

#Transform 71
Transform: AffineTransform_float_3_3
Parameters: 1 -0.000180763 -0.000428427 0.000181696 0.999997 0.00216492 0.000428033 -0.00216508 0.999997 -0.00477573 0.00459708 -0.172653
FixedParameters: 0 0 0

#Transform 72
Transform: AffineTransform_float_3_3
Parameters: 1 -0.000180938 -0.000428353 0.000181521 0.999999 0.00175492 0.000428108 -0.00175508 0.999999 -0.00772488 0.0044822 -0.144225
FixedParameters: 0 0 0

#Transform 73
Transform: AffineTransform_float_3_3
Parameters: 1 4.02226e-05 -0.000521735 -3.91595e-05 0.999998 0.00190002 0.000522276 -0.00189998 0.999998 0.00564814 -0.0658837 -0.070886
FixedParameters: 0 0 0

#Transform 74
Transform: AffineTransform_float_3_3
Parameters: 0.999999 -3.29613e-05 -0.000720932 3.49156e-05 0.999998 0.00199313 0.000721187 -0.00199387 0.999998 0.0111328 -0.0288466 -0.11231
FixedParameters: 0 0 0

#Transform 75
Transform: AffineTransform_float_3_3
Parameters: 1 -0.000180718 -0.000428446 0.000181741 0.999998 0.00226892 0.000428014 -0.00226908 0.999998 0.00512697 -0.0164018 -0.146693
FixedParameters: 0 0 0

#Transform 76
Transform: AffineTransform_float_3_3
Parameters: 1 -2.25365e-05 -0.000495278 2.41896e-05 0.999998 0.00166899 0.000495201 -0.00166901 0.999998 -0.00416476 0.00676878 -0.140591
FixedParameters: 0 0 0

#Transform 77
Transform: AffineTransform_float_3_3
Parameters: 1 4.1278e-05 -0.000522113 -3.99449e-05 0.999997 0.00215702 0.000522679 -0.00215698 0.999997 0.000717917 -0.0666666 -0.0594262
FixedParameters: 0 0 0

#Transform 78
Transform: AffineTransform_float_3_3
Parameters: 0.999999 -6.88918e-05 -0.000727341 7.12928e-05 0.999996 0.00255346 0.000726453 -0.00255354 0.999997 0.0082977 -0.0593553 -0.10854
FixedParameters: 0 0 0

#Transform 79
Transform: AffineTransform_float_3_3
Parameters: 0.999999 -0.000165759 -0.000750587 0.000167285 0.999998 0.00224288 0.000750621 -0.00224313 0.999997 0.0102408 -0.0203632 -0.127897
FixedParameters: 0 0 0

#Transform 80
Transform: AffineTransform_float_3_3
Parameters: 1 -0.000180766 -0.000428425 0.000181693 0.999997 0.00215692 0.000428034 -0.00215708 0.999997 0.00513325 0.00731837 -0.148063
FixedParameters: 0 0 0

#Transform 81
Transform: AffineTransform_float_3_3
Parameters: 1 -0.000216465 -0.000513217 0.000217889 0.999998 0.00228589 0.000512615 -0.00228611 0.999998 0.00718309 -0.0320115 -0.0886227
FixedParameters: 0 0 0

#Transform 82
Transform: AffineTransform_float_3_3
Parameters: 0.999999 -0.000279999 -0.000664411 0.000281594 0.999996 0.00258717 0.000663739 -0.00258683 0.999997 0.0108849 -0.0753935 -0.0892117
FixedParameters: 0 0 0

#Transform 83
Transform: AffineTransform_float_3_3
Parameters: 0.999999 -0.000312242 -0.000740892 0.000314213 0.999996 0.00257413 0.000740061 -0.00257387 0.999997 0.012784 -0.0537101 -0.122758
FixedParameters: 0 0 0

#Transform 84
Transform: AffineTransform_float_3_3
Parameters: 1 -7.29428e-05 -0.00043047 7.3238e-05 0.999997 0.00247997 0.000430889 -0.00248003 0.999997 0.00668085 0.00340595 -0.181429
FixedParameters: 0 0 0

#Transform 85
Transform: AffineTransform_float_3_3
Parameters: 1 -0.000122843 -0.000617841 0.000124198 0.999997 0.00216028 0.000616778 -0.00215972 0.999998 0.000434766 -0.0124602 -0.134892
FixedParameters: 0 0 0

#Transform 86
Transform: AffineTransform_float_3_3
Parameters: 0.999999 -0.000123187 -0.000841143 0.000125588 0.999996 0.0027549 0.000840319 -0.0027551 0.999996 0.0118109 -0.075853 -0.111335
FixedParameters: 0 0 0

#Transform 87
Transform: AffineTransform_float_3_3
Parameters: 0.999999 -4.96506e-05 -0.000905807 5.2137e-05 0.999996 0.00260531 0.000905403 -0.00260469 0.999996 0.0213385 -0.0390697 -0.14832
FixedParameters: 0 0 0

#Transform 88
Transform: AffineTransform_float_3_3
Parameters: 0.999999 -5.2657e-05 -0.000768875 5.45438e-05 0.999997 0.00267896 0.000768448 -0.00267904 0.999996 0.017134 -0.00164422 -0.173055
FixedParameters: 0 0 0

#Transform 89
Transform: AffineTransform_float_3_3
Parameters: 1 6.52431e-05 -0.000488742 -6.42001e-05 0.999997 0.00240903 0.000488524 -0.00240897 0.999997 -0.00225923 0.0155532 -0.172385
FixedParameters: 0 0 0

#Transform 90
Transform: AffineTransform_float_3_3
Parameters: 1 -0.000164943 -0.000391687 0.000166257 0.999996 0.00285393 0.000391132 -0.00285406 0.999996 -0.0113987 -0.0535711 -0.116632
FixedParameters: 0 0 0

#Transform 91
Transform: AffineTransform_float_3_3
Parameters: 0.999999 8.88852e-06 -0.000854504 -6.6207e-06 0.999997 0.00263301 0.000854406 -0.002633 0.999996 0.00700514 -0.0305235 -0.130497
FixedParameters: 0 0 0

#Transform 92
Transform: AffineTransform_float_3_3
Parameters: 0.999999 -0.000292237 -0.000693978 0.000294362 0.999996 0.0028588 0.000693082 -0.0028592 0.999995 0.00282326 -0.0160368 -0.167873
FixedParameters: 0 0 0

#Transform 93
Transform: AffineTransform_float_3_3
Parameters: 1 -0.000164998 -0.000391664 0.000166203 0.999997 0.00271494 0.000391156 -0.00271507 0.999996 -0.0131968 0.032435 -0.204139
FixedParameters: 0 0 0

#Transform 94
Transform: AffineTransform_float_3_3
Parameters: 1 8.10367e-05 -0.000626636 -7.90383e-05 0.999997 0.00264105 0.000626529 -0.00264095 0.999997 -0.0129845 -0.00876277 -0.137803
FixedParameters: 0 0 0

#Transform 95
Transform: AffineTransform_float_3_3
Parameters: 1 -1.96031e-05 -0.000692771 2.18151e-05 0.999997 0.00254398 0.000692136 -0.00254401 0.999996 -0.00717392 -0.0402729 -0.104454
FixedParameters: 0 0 0

#Transform 96
Transform: AffineTransform_float_3_3
Parameters: 0.999999 4.72018e-05 -0.000728325 -4.49044e-05 0.999995 0.00310903 0.000728472 -0.00310897 0.999995 -0.00510408 -0.00330366 -0.161632
FixedParameters: 0 0 0

#Transform 97
Transform: AffineTransform_float_3_3
Parameters: 0.999999 0.000151686 -0.000781128 -0.000149566 0.999996 0.00278427 0.000781828 -0.00278473 0.999996 -0.00200795 0.0193488 -0.199397
FixedParameters: 0 0 0

#Transform 98
Transform: AffineTransform_float_3_3
Parameters: 1 0.000205431 -0.000547747 -0.000204765 0.999997 0.00264311 0.000548693 -0.00264289 0.999997 -0.00837149 0.0145129 -0.180454
FixedParameters: 0 0 0

#Transform 99
Transform: AffineTransform_float_3_3
Parameters: 1 0.000225531 -0.000977075 -0.000222436 0.999995 0.00292573 0.000977326 -0.00292527 0.999996 0.00491206 -0.0540944 -0.118721
FixedParameters: 0 0 0

#Transform 100
Transform: AffineTransform_float_3_3
Parameters: 1 0.000213345 -0.00100652 -0.000209617 0.999995 0.00315436 0.00100679 -0.00315463 0.999994 0.00565208 -0.0561666 -0.142061
FixedParameters: 0 0 0

#Transform 101
Transform: AffineTransform_float_3_3
Parameters: 0.999999 0.000136611 -0.000956863 -0.000134083 0.999995 0.00317228 0.000957053 -0.00317272 0.999994 -0.00348922 -0.00690205 -0.168564
FixedParameters: 0 0 0

#Transform 102
Transform: AffineTransform_float_3_3
Parameters: 0.999999 0.000273802 -0.000861943 -0.000271849 0.999997 0.00265339 0.000862331 -0.00265361 0.999997 -0.00780806 -0.00281906 -0.137832
FixedParameters: 0 0 0

#Transform 103
Transform: AffineTransform_float_3_3
Parameters: 0.999999 0.000376242 -0.000619383 -0.000374011 0.999994 0.00317238 0.000620313 -0.00317261 0.999995 -0.0123282 -0.0616661 -0.0966242
FixedParameters: 0 0 0

#Transform 104
Transform: AffineTransform_float_3_3
Parameters: 0.999999 0.000479986 -0.000865702 -0.000476685 0.999994 0.00341741 0.000867911 -0.00341658 0.999994 -0.00769892 -0.0457207 -0.125636
FixedParameters: 0 0 0

#Transform 105
Transform: AffineTransform_float_3_3
Parameters: 0.999999 0.000376242 -0.000619383 -0.000374011 0.999994 0.00317238 0.000620313 -0.00317261 0.999995 -0.020565 -0.0236739 -0.132057
FixedParameters: 0 0 0

#Transform 106
Transform: AffineTransform_float_3_3
Parameters: 0.999999 0.000276964 -0.000855348 -0.000274157 0.999994 0.00317239 0.000856037 -0.00317261 0.999995 -0.0208306 0.0186276 -0.150944
FixedParameters: 0 0 0

#Transform 107
Transform: AffineTransform_float_3_3
Parameters: 0.999999 0.000494213 -0.000906497 -0.000491234 0.999995 0.00330345 0.000907772 -0.00330256 0.999994 -0.0163627 -0.0440677 -0.0939714
FixedParameters: 0 0 0

#Transform 108
Transform: AffineTransform_float_3_3
Parameters: 1 0.00056255 -0.000880894 -0.000559544 0.999994 0.00341349 0.000882743 -0.0034125 0.999994 -0.016093 -0.0745213 -0.0992048
FixedParameters: 0 0 0

#Transform 109
Transform: AffineTransform_float_3_3
Parameters: 1 0.000545409 -0.00106196 -0.000541437 0.999992 0.00390358 0.00106369 -0.00390242 0.999992 -0.0176603 -0.041627 -0.133811
FixedParameters: 0 0 0

#Transform 110
Transform: AffineTransform_float_3_3
Parameters: 0.999999 0.000544178 -0.000689823 -0.000541531 0.999994 0.00343153 0.000691178 -0.00343147 0.999994 -0.0284834 -0.0263124 -0.152136
FixedParameters: 0 0 0

#Transform 111
Transform: AffineTransform_float_3_3
Parameters: 1 0.000669559 -0.000742523 -0.000666527 0.999994 0.0034465 0.000744757 -0.0034455 0.999994 -0.025448 -0.0209756 -0.13072
FixedParameters: 0 0 0

#Transform 112
Transform: AffineTransform_float_3_3
Parameters: 1 0.000459472 -0.00098249 -0.000455729 0.999993 0.00390345 0.000984472 -0.00390255 0.999992 -0.0144262 -0.100634 -0.0820725
FixedParameters: 0 0 0

#Transform 113
Transform: AffineTransform_float_3_3
Parameters: 1 0.000521057 -0.00104516 -0.000517089 0.999992 0.00396454 0.00104677 -0.00396346 0.999991 -0.019262 -0.0675859 -0.113375
FixedParameters: 0 0 0

#Transform 114
Transform: AffineTransform_float_3_3
Parameters: 1 0.000516239 -0.000898952 -0.000512227 0.999993 0.00390346 0.000900986 -0.00390254 0.999992 -0.0264934 -0.0297728 -0.145169
FixedParameters: 0 0 0

#Transform 115
Transform: AffineTransform_float_3_3
Parameters: 0.999999 0.000504425 -0.000673243 -0.000501729 0.999995 0.00326198 0.000675075 -0.00326202 0.999994 -0.0319401 -0.027677 -0.104445
FixedParameters: 0 0 0

#Transform 116
Transform: AffineTransform_float_3_3
Parameters: 1 0.000670821 -0.000742605 -0.000668419 0.999992 0.0039035 0.000744931 -0.0039025 0.999992 -0.0318359 -0.0804254 -0.0756531
FixedParameters: 0 0 0

#Transform 117
Transform: AffineTransform_float_3_3
Parameters: 1 0.000573629 -0.00103432 -0.000568964 0.99999 0.00434075 0.00103677 -0.00434026 0.99999 -0.0262129 -0.062123 -0.122403
FixedParameters: 0 0 0

#Transform 118
Transform: AffineTransform_float_3_3
Parameters: 0.999999 0.000836612 -0.000931519 -0.000832731 0.999992 0.00390378 0.000935134 -0.00390222 0.999992 -0.0149343 -0.026744 -0.152708
FixedParameters: 0 0 0

#Transform 119
Transform: AffineTransform_float_3_3
Parameters: 1 0.000643123 -0.000731023 -0.000639574 0.999993 0.00385247 0.000733594 -0.00385153 0.999993 -0.0361651 -0.00829527 -0.158892
FixedParameters: 0 0 0

#Transform 120
Transform: AffineTransform_float_3_3
Parameters: 0.999999 0.000624854 -0.00114104 -0.000620636 0.999993 0.0037395 0.00114319 -0.0037395 0.999992 -0.0156624 -0.081879 -0.0739212
FixedParameters: 0 0 0

#Transform 121
Transform: AffineTransform_float_3_3
Parameters: 1 0.000512192 -0.00103117 -0.000508132 0.99999 0.00450632 0.00103365 -0.00450668 0.999989 -0.0247629 -0.0918285 -0.120669
FixedParameters: 0 0 0

#Transform 122
Transform: AffineTransform_float_3_3
Parameters: 1 0.000451398 -0.000940685 -0.000447363 0.99999 0.00444042 0.000942166 -0.00443958 0.999989 -0.0270071 -0.0531293 -0.15613
FixedParameters: 0 0 0

#Transform 123
Transform: AffineTransform_float_3_3
Parameters: 0.999999 0.000376845 -0.000619017 -0.000374327 0.999992 0.00414524 0.000621071 -0.00414477 0.999991 -0.0379652 -0.0120659 -0.16501
FixedParameters: 0 0 0

#Transform 124
Transform: AffineTransform_float_3_3
Parameters: 1 0.000594532 -0.000710272 -0.00059059 0.999991 0.00424042 0.000712926 -0.00423958 0.999991 -0.0267931 -0.0634369 -0.0916913
FixedParameters: 0 0 0

#Transform 125
Transform: AffineTransform_float_3_3
Parameters: 1 0.000512259 -0.000898972 -0.000508197 0.99999 0.00444046 0.000901914 -0.00443954 0.999989 -0.02328 -0.0984322 -0.0901968
FixedParameters: 0 0 0

#Transform 126
Transform: AffineTransform_float_3_3
Parameters: 1 0.000589185 -0.000881217 -0.000584518 0.999989 0.00457367 0.000883684 -0.00457333 0.99999 -0.0223922 -0.0740705 -0.117622
FixedParameters: 0 0 0

#Transform 127
Transform: AffineTransform_float_3_3
Parameters: 0.999999 0.000517333 -0.000677578 -0.000514063 0.999989 0.0046275 0.000680371 -0.0046275 0.999989 -0.028135 -0.032536 -0.156971
FixedParameters: 0 0 0

#Transform 128
Transform: AffineTransform_float_3_3
Parameters: 1 0.000736578 -0.000769811 -0.000732452 0.999991 0.00428436 0.000772813 -0.00428464 0.999991 -0.0299319 -0.0190585 -0.127035
FixedParameters: 0 0 0

#Transform 129
Transform: AffineTransform_float_3_3
Parameters: 1 0.000657742 -0.000931928 -0.000654054 0.999991 0.00429225 0.000935048 -0.00429175 0.99999 -0.0225518 -0.0828312 -0.0809072
FixedParameters: 0 0 0

#Transform 130
Transform: AffineTransform_float_3_3
Parameters: 1 0.000703996 -0.000944133 -0.000699408 0.999988 0.0049183 0.000947604 -0.0049177 0.999987 -0.0231304 -0.0615069 -0.130843
FixedParameters: 0 0 0

#Transform 131
Transform: AffineTransform_float_3_3
Parameters: 1 0.000760079 -0.000779044 -0.000756287 0.999988 0.00485859 0.000782589 -0.00485741 0.999988 -0.0214897 -0.0488576 -0.1633
FixedParameters: 0 0 0

#Transform 132
Transform: AffineTransform_float_3_3
Parameters: 1 0.000772808 -0.000605952 -0.000769932 0.99999 0.00441047 0.000609464 -0.00440953 0.99999 -0.0455272 -0.0158843 -0.16509
FixedParameters: 0 0 0

#Transform 133
Transform: AffineTransform_float_3_3
Parameters: 1 0.000835218 -0.00081123 -0.000832112 0.999991 0.00424447 0.000814486 -0.00424453 0.999991 -0.0340019 -0.0887421 -0.0687173
FixedParameters: 0 0 0

#Transform 134
Transform: AffineTransform_float_3_3
Parameters: 0.999999 0.000962247 -0.000863452 -0.000957691 0.999987 0.00504763 0.000868401 -0.00504738 0.999987 -0.0351769 -0.0762185 -0.10413
FixedParameters: 0 0 0

#Transform 135
Transform: AffineTransform_float_3_3
Parameters: 1 0.000915407 -0.000646464 -0.000912949 0.999987 0.00512023 0.000651084 -0.00511977 0.999987 -0.0401155 -0.0453464 -0.1456
FixedParameters: 0 0 0

#Transform 136
Transform: AffineTransform_float_3_3
Parameters: 0.999999 0.00107588 -0.000672016 -0.00107291 0.999989 0.00461972 0.000676809 -0.00461827 0.999989 -0.0394943 -0.0164912 -0.111977
FixedParameters: 0 0 0

#Transform 137
Transform: AffineTransform_float_3_3
Parameters: 0.999999 0.000990468 -0.000875843 -0.00098654 0.999988 0.00462102 0.000880236 -0.00461998 0.999989 -0.0345609 -0.0856495 -0.0583359
FixedParameters: 0 0 0

#Transform 138
Transform: AffineTransform_float_3_3
Parameters: 0.999999 0.000990714 -0.000875566 -0.000986295 0.999988 0.00490051 0.000880511 -0.00489949 0.999987 -0.0344834 -0.0499529 -0.106392
FixedParameters: 0 0 0

#Transform 139
Transform: AffineTransform_float_3_3
Parameters: 1 0.000800952 -0.00079575 -0.000796416 0.999986 0.00521979 0.000800267 -0.00521921 0.999986 -0.0393491 -0.0206755 -0.14966
FixedParameters: 0 0 0

#Transform 140
Transform: AffineTransform_float_3_3
Parameters: 1 0.000997145 -0.000417451 -0.00099494 0.999987 0.00494906 0.000422707 -0.00494894 0.999987 -0.0529069 0.00298753 -0.157397
FixedParameters: 0 0 0

#Transform 141
Transform: AffineTransform_float_3_3
Parameters: 0.999999 0.00109951 -0.000615662 -0.00109604 0.999989 0.00470432 0.000620467 -0.00470368 0.999989 -0.0409392 -0.0539313 -0.0901022
FixedParameters: 0 0 0

#Transform 142
Transform: AffineTransform_float_3_3
Parameters: 0.999999 0.00107034 -0.000685454 -0.00106673 0.999987 0.00498937 0.000690984 -0.00498862 0.999987 -0.0437725 -0.0529422 -0.0983644
FixedParameters: 0 0 0

#Transform 143
Transform: AffineTransform_float_3_3
Parameters: 0.999999 0.00106162 -0.000706413 -0.00105786 0.999986 0.00523175 0.000711448 -0.00523025 0.999986 -0.0386528 -0.0486862 -0.122966
FixedParameters: 0 0 0

#Transform 144
Transform: AffineTransform_float_3_3
Parameters: 1 0.0010687 -0.000381183 -0.00106718 0.999987 0.00502441 0.000386391 -0.00502359 0.999988 -0.0482802 -0.0119682 -0.15448
FixedParameters: 0 0 0

#Transform 145
Transform: AffineTransform_float_3_3
Parameters: 0.999999 0.00110766 -0.000596219 -0.00110429 0.999988 0.0047713 0.000601249 -0.00477069 0.999988 -0.0477717 -0.0264624 -0.114369
FixedParameters: 0 0 0

#Transform 146
Transform: AffineTransform_float_3_3
Parameters: 0.999999 0.000990932 -0.000875319 -0.000986075 0.999986 0.00514951 0.000880757 -0.00514849 0.999986 -0.0340921 -0.0834431 -0.0682114
FixedParameters: 0 0 0

#Transform 147
Transform: AffineTransform_float_3_3
Parameters: 0.999999 0.000991144 -0.000875078 -0.000986256 0.999985 0.00539287 0.000880078 -0.00539113 0.999985 -0.0316133 -0.0528947 -0.109834
FixedParameters: 0 0 0

#Transform 148
Transform: AffineTransform_float_3_3
Parameters: 0.999999 0.00117684 -0.000430904 -0.00117407 0.999983 0.00573615 0.000436634 -0.00573585 0.999983 -0.0469547 -0.0229084 -0.154435
FixedParameters: 0 0 0

#Transform 149
Transform: AffineTransform_float_3_3
Parameters: 0.999999 0.00119169 -0.000395476 -0.00118931 0.999986 0.00526712 0.000401183 -0.00526689 0.999986 -0.0538768 -0.0206226 -0.128572
FixedParameters: 0 0 0

#Transform 150
Transform: AffineTransform_float_3_3
Parameters: 0.999999 0.00110543 -0.000601803 -0.00110144 0.999984 0.0055603 0.00060763 -0.00555969 0.999984 -0.0436943 -0.0764988 -0.0896263
FixedParameters: 0 0 0

#Transform 151
Transform: AffineTransform_float_3_3
Parameters: 0.999999 0.00108537 -0.000914277 -0.00108072 0.999984 0.00552978 0.000920983 -0.00552921 0.999984 -0.0298573 -0.0483881 -0.11934
FixedParameters: 0 0 0

#Transform 152
Transform: AffineTransform_float_3_3
Parameters: 0.999999 0.0010453 -0.000746094 -0.0010402 0.99998 0.00610393 0.00075185 -0.00610307 0.999982 -0.0374944 -0.0359279 -0.153536
FixedParameters: 0 0 0

#Transform 153
Transform: AffineTransform_float_3_3
Parameters: 0.999999 0.00109414 -0.000628744 -0.00109007 0.999985 0.00539269 0.000634078 -0.00539131 0.999986 -0.0396208 -0.00796423 -0.12374
FixedParameters: 0 0 0

#Transform 154
Transform: AffineTransform_float_3_3
Parameters: 0.999999 0.000979441 -0.000903402 -0.000973734 0.999984 0.00567452 0.000908823 -0.00567347 0.999983 -0.0425023 -0.0829295 -0.0621708
FixedParameters: 0 0 0

#Transform 155
Transform: AffineTransform_float_3_3
Parameters: 0.999999 0.000908693 -0.000839729 -0.000903934 0.999981 0.00608676 0.00084549 -0.00608524 0.999981 -0.0299618 -0.0704868 -0.100266
FixedParameters: 0 0 0

#Transform 156
Transform: AffineTransform_float_3_3
Parameters: 0.999999 0.000991658 -0.000874497 -0.000985741 0.999982 0.00597851 0.000880656 -0.00597749 0.999982 -0.032002 -0.0423065 -0.133488
FixedParameters: 0 0 0

#Transform 157
Transform: AffineTransform_float_3_3
Parameters: 0.999999 0.00114837 -0.000499064 -0.00114524 0.999982 0.00584222 0.00050602 -0.00584178 0.999983 -0.0438391 -0.0284011 -0.157604
FixedParameters: 0 0 0

#Transform 158
Transform: AffineTransform_float_3_3
Parameters: 0.999999 0.00129174 -0.000495756 -0.00128915 0.999985 0.00533528 0.000503081 -0.00533471 0.999985 -0.0511958 -0.0217282 -0.118143
FixedParameters: 0 0 0

#Transform 159
Transform: AffineTransform_float_3_3
Parameters: 0.999999 0.00130082 -0.000803465 -0.00129599 0.999983 0.00574569 0.00081049 -0.00574432 0.999983 -0.0418154 -0.0636448 -0.0943413
FixedParameters: 0 0 0

#Transform 160
Transform: AffineTransform_float_3_3
Parameters: 0.999999 0.00129041 -0.000662549 -0.00128573 0.999979 0.0064475 0.000669953 -0.0064465 0.999979 -0.0429017 -0.0377719 -0.155248
FixedParameters: 0 0 0

#Transform 161
Transform: AffineTransform_float_3_3
Parameters: 0.999999 0.00122635 -0.00073286 -0.00122147 0.999981 0.00605854 0.000740716 -0.00605745 0.999981 -0.0419986 -0.0205587 -0.18987
FixedParameters: 0 0 0

#Transform 162
Transform: AffineTransform_float_3_3
Parameters: 0.999999 0.00140605 -0.00050749 -0.00140353 0.999983 0.00552036 0.000515635 -0.00551964 0.999984 -0.0520944 0.00753898 -0.16767
FixedParameters: 0 0 0

#Transform 163
Transform: AffineTransform_float_3_3
Parameters: 0.999998 0.00138925 -0.000825259 -0.00138459 0.999983 0.00572843 0.000832334 -0.00572757 0.999983 -0.0402747 -0.0538125 -0.123114
FixedParameters: 0 0 0

#Transform 164
Transform: AffineTransform_float_3_3
Parameters: 0.999998 0.00126297 -0.000987748 -0.00125738 0.999981 0.00598204 0.000995711 -0.00598096 0.999982 -0.035287 -0.0528675 -0.168139
FixedParameters: 0 0 0

#Transform 165
Transform: AffineTransform_float_3_3
Parameters: 0.999999 0.00118388 -0.000414021 -0.00118071 0.999982 0.00596714 0.000421297 -0.00596687 0.999982 -0.0486861 -0.0204029 -0.179763
FixedParameters: 0 0 0

#Transform 166
Transform: AffineTransform_float_3_3
Parameters: 0.999999 0.001334 -0.000503546 -0.00133032 0.999985 0.00541817 0.000511146 -0.00541684 0.999985 -0.0432944 -0.0041172 -0.155404
FixedParameters: 0 0 0

#Transform 167
Transform: AffineTransform_float_3_3
Parameters: 0.999999 0.00119782 -0.000723276 -0.0011936 0.999982 0.00595551 0.000729623 -0.00595449 0.999982 -0.0456511 -0.070769 -0.120741
FixedParameters: 0 0 0

#Transform 168
Transform: AffineTransform_float_3_3
Parameters: 0.999999 0.0012917 -0.000817685 -0.00128722 0.999981 0.0059857 0.000825617 -0.0059843 0.999982 -0.0426115 -0.0607181 -0.148037
FixedParameters: 0 0 0

#Transform 169
Transform: AffineTransform_float_3_3
Parameters: 0.999999 0.00128202 -0.000788889 -0.00127674 0.999982 0.00588165 0.000796963 -0.00588034 0.999982 -0.0452879 -0.0271982 -0.165641
FixedParameters: 0 0 0

#Transform 170
Transform: AffineTransform_float_3_3
Parameters: 0.999999 0.00133861 -0.000655887 -0.00133531 0.999984 0.00557016 0.000663807 -0.00556984 0.999984 -0.0513468 -0.0394928 -0.141218
FixedParameters: 0 0 0

#Transform 171
Transform: AffineTransform_float_3_3
Parameters: 0.999998 0.00135602 -0.000860865 -0.0013511 0.999981 0.00594097 0.000869443 -0.00594004 0.999982 -0.0501157 -0.0808862 -0.0979765
FixedParameters: 0 0 0

#Transform 172
Transform: AffineTransform_float_3_3
Parameters: 0.999999 0.00118936 -0.000956658 -0.00118371 0.99998 0.00621093 0.000964284 -0.00621006 0.99998 -0.0430427 -0.0677765 -0.130868
FixedParameters: 0 0 0

#Transform 173
Transform: AffineTransform_float_3_3
Parameters: 0.999999 0.0013049 -0.000760164 -0.00130042 0.999981 0.00609664 0.000767232 -0.00609537 0.999981 -0.0458471 -0.031221 -0.156327
FixedParameters: 0 0 0

#Transform 174
Transform: AffineTransform_float_3_3
Parameters: 0.999999 0.00124154 -0.000276162 -0.00123935 0.999984 0.00551283 0.000282613 -0.00551216 0.999984 -0.0604183 -0.0163363 -0.151647
FixedParameters: 0 0 0

#Transform 175
Transform: AffineTransform_float_3_3
Parameters: 0.999999 0.00115144 -0.000491726 -0.00114843 0.999983 0.00580421 0.000498631 -0.00580379 0.999983 -0.0543189 -0.0854289 -0.0785867
FixedParameters: 0 0 0

#Transform 176
Transform: AffineTransform_float_3_3
Parameters: 0.999999 0.00123178 -0.00097442 -0.00122598 0.99998 0.00616899 0.000982469 -0.006168 0.999981 -0.0311015 -0.0628137 -0.12662
FixedParameters: 0 0 0

#Transform 177
Transform: AffineTransform_float_3_3
Parameters: 0.999999 0.00120292 -0.00096279 -0.00119685 0.999982 0.00591496 0.00096948 -0.00591405 0.999983 -0.0435308 -0.0264758 -0.149742
FixedParameters: 0 0 0

#Transform 178
Transform: AffineTransform_float_3_3
Parameters: 0.999999 0.00131586 -0.000531377 -0.00131294 0.999983 0.00564734 0.000538857 -0.00564666 0.999984 -0.0540794 -0.0191675 -0.130346
FixedParameters: 0 0 0

#Transform 179
Transform: AffineTransform_float_3_3
Parameters: 0.999999 0.00113574 -0.000934443 -0.00113056 0.999981 0.00610986 0.000941177 -0.00610915 0.999981 -0.033274 -0.0857569 -0.0842234
FixedParameters: 0 0 0

#Transform 180
Transform: AffineTransform_float_3_3
Parameters: 0.999999 0.000991877 -0.000874248 -0.000985916 0.99998 0.00622966 0.000879986 -0.00622934 0.99998 -0.0392137 -0.0582729 -0.125607
FixedParameters: 0 0 0

#Transform 181
Transform: AffineTransform_float_3_3
Parameters: 0.999999 0.000991853 -0.000874276 -0.00098594 0.99998 0.00620166 0.000879959 -0.00620134 0.99998 -0.0404775 -0.0389095 -0.146164
FixedParameters: 0 0 0

#Transform 182
Transform: AffineTransform_float_3_3
Parameters: 0.999999 0.00110322 -0.00060715 -0.00109896 0.999982 0.00573246 0.00061333 -0.00573253 0.999983 -0.0611717 -0.00298148 -0.145615
FixedParameters: 0 0 0

#Transform 183
Transform: AffineTransform_float_3_3
Parameters: 0.999999 0.00130518 -0.000515405 -0.00130106 0.999981 0.00608932 0.000523519 -0.00608869 0.999982 -0.0496802 -0.0640099 -0.0866785
FixedParameters: 0 0 0

#Transform 184
Transform: AffineTransform_float_3_3
Parameters: 0.999999 0.00118932 -0.000956707 -0.00118375 0.99998 0.00616993 0.000964235 -0.00616907 0.999981 -0.0371873 -0.0689832 -0.106854
FixedParameters: 0 0 0

#Transform 185
Transform: AffineTransform_float_3_3
Parameters: 0.999999 0.00121313 -0.00089714 -0.00120812 0.99998 0.00626589 0.000905199 -0.00626512 0.99998 -0.0361297 -0.0433179 -0.127851
FixedParameters: 0 0 0

#Transform 186
Transform: AffineTransform_float_3_3
Parameters: 0.999999 0.000991719 -0.000874428 -0.000986075 0.999981 0.00604866 0.000879808 -0.00604834 0.999981 -0.038141 -0.0108457 -0.164124
FixedParameters: 0 0 0

#Transform 187
Transform: AffineTransform_float_3_3
Parameters: 0.999999 0.00121841 -0.000871386 -0.00121304 0.99998 0.00612886 0.000878784 -0.00612815 0.999981 -0.0420844 -0.0393829 -0.108733
FixedParameters: 0 0 0

#Transform 188
Transform: AffineTransform_float_3_3
Parameters: 0.999999 0.00112666 -0.000930408 -0.00112031 0.99998 0.00627285 0.000937 -0.00627216 0.99998 -0.0409504 -0.081686 -0.106456
FixedParameters: 0 0 0

#Transform 189
Transform: AffineTransform_float_3_3
Parameters: 0.999998 0.00121198 -0.00103032 -0.00120481 0.999977 0.00668925 0.00103845 -0.00668675 0.999977 -0.0344664 -0.0518807 -0.154801
FixedParameters: 0 0 0

#Transform 190
Transform: AffineTransform_float_3_3
Parameters: 0.999999 0.00123293 -0.000974508 -0.00122614 0.999979 0.00640985 0.000981845 -0.00640816 0.999979 -0.040434 -0.0211304 -0.170913
FixedParameters: 0 0 0

#Transform 191
Transform: AffineTransform_float_3_3
Parameters: 0.999999 0.0011376 -0.000935197 -0.00113146 0.999981 0.00612386 0.000941589 -0.00612315 0.999981 -0.0343685 -0.0415676 -0.149986
FixedParameters: 0 0 0

#Transform 192
Transform: AffineTransform_float_3_3
Parameters: 0.999999 0.00112301 -0.000928828 -0.00111752 0.999979 0.00630884 0.00093585 -0.00630816 0.99998 -0.0320361 -0.090553 -0.100464
FixedParameters: 0 0 0

#Transform 193
Transform: AffineTransform_float_3_3
Parameters: 0.999999 0.000992396 -0.000873659 -0.000986708 0.999976 0.00682351 0.00088005 -0.00682249 0.999976 -0.0316696 -0.0788951 -0.138586
FixedParameters: 0 0 0

#Transform 194
Transform: AffineTransform_float_3_3
Parameters: 0.999999 0.000899165 -0.00109722 -0.000891748 0.999978 0.00664478 0.0011024 -0.00664422 0.999977 -0.0307274 -0.0579112 -0.14801
FixedParameters: 0 0 0

#Transform 195
Transform: AffineTransform_float_3_3
Parameters: 0.999999 0.000991888 -0.000874235 -0.000985904 0.99998 0.00624302 0.000879999 -0.00624198 0.999981 -0.0390341 -0.0290403 -0.167364
FixedParameters: 0 0 0

#Transform 196
Transform: AffineTransform_float_3_3
Parameters: 0.999999 0.00106729 -0.000981674 -0.00106107 0.999981 0.00614784 0.000988566 -0.00614716 0.999981 -0.0355168 -0.0464608 -0.12515
FixedParameters: 0 0 0

#Transform 197
Transform: AffineTransform_float_3_3
Parameters: 0.999999 0.00101797 -0.00105902 -0.00101113 0.999978 0.00661087 0.00106572 -0.00661013 0.999978 -0.0274624 -0.0875264 -0.120002
FixedParameters: 0 0 0

#Transform 198
Transform: AffineTransform_float_3_3
Parameters: 0.999999 0.000946799 -0.000982815 -0.000939698 0.999977 0.00658708 0.000989048 -0.00658592 0.999978 -0.025351 -0.0622651 -0.146457
FixedParameters: 0 0 0

#Transform 199
Transform: AffineTransform_float_3_3
Parameters: 0.999999 0.000991983 -0.000874128 -0.000985809 0.999979 0.00635066 0.000880106 -0.00635034 0.999979 -0.0305579 -0.034105 -0.157429
FixedParameters: 0 0 0

#Transform 200
Transform: AffineTransform_float_3_3
Parameters: 0.999999 0.000991762 -0.000874378 -0.00098603 0.99998 0.00609902 0.000879857 -0.00609798 0.999981 -0.0365847 -0.0253596 -0.15458
FixedParameters: 0 0 0

#Transform 201
Transform: AffineTransform_float_3_3
Parameters: 0.999999 0.00110364 -0.000920723 -0.00109822 0.99998 0.00632766 0.000927542 -0.00632634 0.999979 -0.0337274 -0.0655284 -0.104282
FixedParameters: 0 0 0

#Transform 202
Transform: AffineTransform_float_3_3
Parameters: 0.999999 0.000992244 -0.000873831 -0.000985547 0.999978 0.00664951 0.000880399 -0.00664849 0.999977 -0.0366898 -0.0864603 -0.110568
FixedParameters: 0 0 0

#Transform 203
Transform: AffineTransform_float_3_3
Parameters: 0.999999 0.000954532 -0.000964314 -0.000947992 0.999978 0.00662756 0.00096981 -0.00662644 0.999977 -0.0344056 -0.053251 -0.148796
FixedParameters: 0 0 0

#Transform 204
Transform: AffineTransform_float_3_3
Parameters: 0.999999 0.0010298 -0.00078354 -0.00102457 0.999979 0.00648345 0.000790277 -0.00648255 0.999979 -0.0388472 -0.0314874 -0.159578
FixedParameters: 0 0 0

#Transform 205
Transform: AffineTransform_float_3_3
Parameters: 0.999999 0.00121747 -0.000767097 -0.00121259 0.99998 0.00604973 0.000773904 -0.00604927 0.999981 -0.0368568 -0.0500113 -0.115047
FixedParameters: 0 0 0

#Transform 206
Transform: AffineTransform_float_3_3
Parameters: 0.999999 0.00099206 -0.000874041 -0.000985733 0.999979 0.00643851 0.000880192 -0.0064375 0.999979 -0.0367244 -0.0962658 -0.0754411
FixedParameters: 0 0 0

#Transform 207
Transform: AffineTransform_float_3_3
Parameters: 0.999999 0.00111599 -0.000925305 -0.00110889 0.999976 0.00670619 0.000932721 -0.00670481 0.999978 -0.0334414 -0.0638117 -0.127552
FixedParameters: 0 0 0

#Transform 208
Transform: AffineTransform_float_3_3
Parameters: 0.999999 0.000992246 -0.000873829 -0.000985545 0.999978 0.00665151 0.000880401 -0.00665049 0.999977 -0.0365993 -0.0348944 -0.155584
FixedParameters: 0 0 0

#Transform 209
Transform: AffineTransform_float_3_3
Parameters: 0.999999 0.0010323 -0.000777342 -0.00102715 0.99998 0.00622859 0.000784508 -0.0062284 0.99998 -0.0389757 -0.0284617 -0.149777
FixedParameters: 0 0 0

#Transform 210
Transform: AffineTransform_float_3_3
Parameters: 0.999999 0.00116381 -0.000945519 -0.00115679 0.999978 0.00651889 0.000953143 -0.0065181 0.999978 -0.0322138 -0.0739786 -0.0876955
FixedParameters: 0 0 0

#Transform 211
Transform: AffineTransform_float_3_3
Parameters: 0.999999 0.00111773 -0.00106202 -0.00111033 0.999975 0.00702798 0.00107004 -0.00702702 0.999975 -0.0292355 -0.0926911 -0.102162
FixedParameters: 0 0 0

#Transform 212
Transform: AffineTransform_float_3_3
Parameters: 0.999999 0.000906121 -0.00108178 -0.000897291 0.999972 0.00738577 0.00108838 -0.00738522 0.999972 -0.0314655 -0.0777524 -0.14042
FixedParameters: 0 0 0

#Transform 213
Transform: AffineTransform_float_3_3
Parameters: 0.999999 0.000992226 -0.000873853 -0.000985565 0.999978 0.00662866 0.00088038 -0.00662834 0.999978 -0.0366043 -0.0336812 -0.154195
FixedParameters: 0 0 0

#Transform 214
Transform: AffineTransform_float_3_3
Parameters: 0.999999 0.00104004 -0.000894061 -0.00103439 0.999979 0.00642793 0.000901202 -0.00642607 0.999979 -0.0395364 -0.0283399 -0.136437
FixedParameters: 0 0 0

#Transform 215
Transform: AffineTransform_float_3_3
Parameters: 0.999999 0.000961437 -0.000948249 -0.000954367 0.999975 0.00701591 0.000954576 -0.00701409 0.999975 -0.0348634 -0.0851882 -0.0721176
FixedParameters: 0 0 0

#Transform 216
Transform: AffineTransform_float_3_3
Parameters: 0.999999 0.000992532 -0.000873504 -0.000986571 0.999975 0.0069795 0.000880204 -0.00697849 0.999975 -0.0309411 -0.0846315 -0.101309
FixedParameters: 0 0 0

#Transform 217
Transform: AffineTransform_float_3_3
Parameters: 0.999999 0.00093315 -0.00101643 -0.000925745 0.999974 0.0071611 0.00102302 -0.0071599 0.999974 -0.0301956 -0.0548158 -0.153401
FixedParameters: 0 0 0

#Transform 218
Transform: AffineTransform_float_3_3
Parameters: 0.999999 0.000992229 -0.000873849 -0.000985561 0.999978 0.00663266 0.000880384 -0.00663234 0.999978 -0.0365896 -0.0203586 -0.146842
FixedParameters: 0 0 0

#Transform 219
Transform: AffineTransform_float_3_3
Parameters: 0.999999 0.00108249 -0.000911778 -0.00107703 0.999978 0.00641414 0.000918516 -0.00641286 0.999979 -0.0342556 -0.0773892 -0.0837208
FixedParameters: 0 0 0

#Transform 220
Transform: AffineTransform_float_3_3
Parameters: 0.999998 0.000770946 -0.0014054 -0.000760798 0.999977 0.00681623 0.0014099 -0.00681477 0.999976 -0.0235942 -0.0774056 -0.107474
FixedParameters: 0 0 0

#Transform 221
Transform: AffineTransform_float_3_3
Parameters: 0.999999 0.000981982 -0.00119294 -0.000973732 0.999975 0.00700597 0.00119939 -0.00700504 0.999975 -0.0270544 -0.039984 -0.158161
FixedParameters: 0 0 0

#Transform 222
Transform: AffineTransform_float_3_3
Parameters: 0.999999 0.00099214 -0.000873948 -0.00098565 0.999978 0.0065315 0.000880283 -0.00653049 0.999978 -0.0342736 -0.00779303 -0.172563
FixedParameters: 0 0 0

#Transform 223
Transform: AffineTransform_float_3_3
Parameters: 0.999999 0.00113183 -0.00104339 -0.00112525 0.999977 0.00676782 0.00105102 -0.00676618 0.999976 -0.0295748 -0.0720641 -0.0888142
FixedParameters: 0 0 0

#Transform 224
Transform: AffineTransform_float_3_3
Parameters: 0.999999 0.000992927 -0.000873054 -0.000986171 0.999972 0.00743287 0.000880651 -0.00743113 0.999972 -0.0366716 -0.0830019 -0.128489
FixedParameters: 0 0 0

#Transform 225
Transform: AffineTransform_float_3_3
Parameters: 0.999998 0.00105154 -0.00130844 -0.00104141 0.999969 0.00775232 0.00131596 -0.00775168 0.999969 -0.022599 -0.0625477 -0.147029
FixedParameters: 0 0 0

#Transform 226
Transform: AffineTransform_float_3_3
Parameters: 0.999999 0.0011355 -0.000933227 -0.00112935 0.999975 0.00684085 0.000940687 -0.00684014 0.999976 -0.032814 -0.0194076 -0.169157
FixedParameters: 0 0 0

#Transform 227
Transform: AffineTransform_float_3_3
Parameters: 0.999999 0.00121027 -0.00096437 -0.0012037 0.999976 0.00683745 0.000972841 -0.00683655 0.999976 -0.0308821 -0.0229125 -0.143004
FixedParameters: 0 0 0

#Transform 228
Transform: AffineTransform_float_3_3
Parameters: 0.999998 0.00114693 -0.00120581 -0.00113806 0.999972 0.00734017 0.00121441 -0.00733882 0.999972 -0.0244763 -0.0886667 -0.0952434
FixedParameters: 0 0 0

#Transform 229
Transform: AffineTransform_float_3_3
Parameters: 0.999998 0.00125343 -0.00115615 -0.0012446 0.999969 0.00780125 0.00116655 -0.00779976 0.999969 -0.0299581 -0.0713655 -0.125602
FixedParameters: 0 0 0

#Transform 230
Transform: AffineTransform_float_3_3
Parameters: 0.999998 0.00127622 -0.00116366 -0.00126663 0.99997 0.00768228 0.00117371 -0.00768072 0.99997 -0.0239863 -0.0642178 -0.148334
FixedParameters: 0 0 0

#Transform 231
Transform: AffineTransform_float_3_3
Parameters: 0.999999 0.000992963 -0.000873015 -0.000986137 0.999972 0.00747251 0.00088069 -0.00747149 0.999972 -0.0365691 -0.0292596 -0.176744
FixedParameters: 0 0 0

#Transform 232
Transform: AffineTransform_float_3_3
Parameters: 0.999999 0.00120593 -0.000962098 -0.00119922 0.999974 0.0071268 0.000970284 -0.00712519 0.999973 -0.0423582 -0.040591 -0.137246
FixedParameters: 0 0 0

#Transform 233
Transform: AffineTransform_float_3_3
Parameters: 0.999999 0.00117934 -0.00134629 -0.00116978 0.999974 0.00717538 0.00135536 -0.00717362 0.999973 -0.0301683 -0.074567 -0.0785174
FixedParameters: 0 0 0

#Transform 234
Transform: AffineTransform_float_3_3
Parameters: 0.999998 0.00109425 -0.00140397 -0.00108366 0.999968 0.00785648 0.00141185 -0.00785552 0.999968 -0.0266043 -0.065119 -0.139369
FixedParameters: 0 0 0

#Transform 235
Transform: AffineTransform_float_3_3
Parameters: 0.999998 0.00103786 -0.0013817 -0.00102788 0.999974 0.00714738 0.00138868 -0.00714663 0.999974 -0.0267435 -0.0255391 -0.176937
FixedParameters: 0 0 0

#Transform 236
Transform: AffineTransform_float_3_3
Parameters: 0.999999 0.0011132 -0.00141349 -0.00110351 0.999976 0.00688236 0.00142097 -0.00688064 0.999975 -0.029463 -0.030779 -0.125648
FixedParameters: 0 0 0

#Transform 237
Transform: AffineTransform_float_3_3
Parameters: 0.999998 0.000980028 -0.00135726 -0.000970651 0.999972 0.00739263 0.00136429 -0.00739137 0.999972 -0.0224699 -0.0801208 -0.0980201
FixedParameters: 0 0 0

#Transform 238
Transform: AffineTransform_float_3_3
Parameters: 0.999998 0.00100043 -0.00136564 -0.000989829 0.999972 0.00746015 0.0013727 -0.00745884 0.999971 -0.0195315 -0.045982 -0.138217
FixedParameters: 0 0 0

#Transform 239
Transform: AffineTransform_float_3_3
Parameters: 0.999999 0.000978911 -0.00090651 -0.000972059 0.999973 0.00721468 0.000913473 -0.00721432 0.999974 -0.0384984 -0.0349443 -0.163926
FixedParameters: 0 0 0

#Transform 240
Transform: AffineTransform_float_3_3
Parameters: 0.999999 0.00106696 -0.00101778 -0.00105968 0.999972 0.00727687 0.00102561 -0.00727611 0.999973 -0.0395295 -0.0362077 -0.127407
FixedParameters: 0 0 0

#Transform 241
Transform: AffineTransform_float_3_3
Parameters: 0.999998 0.00101527 -0.00137173 -0.00100536 0.999971 0.0075077 0.00137951 -0.00750631 0.999971 -0.0219707 -0.0961526 -0.0888287
FixedParameters: 0 0 0

#Transform 242
Transform: AffineTransform_float_3_3
Parameters: 0.999999 0.00100862 -0.00136812 -0.000997678 0.999967 0.00804668 0.00137595 -0.00804532 0.999967 -0.0253375 -0.0700847 -0.139972
FixedParameters: 0 0 0

#Transform 243
Transform: AffineTransform_float_3_3
Parameters: 0.999999 0.000819333 -0.00129048 -0.000809705 0.999973 0.00737021 0.00129562 -0.0073688 0.999972 -0.032884 -0.0249783 -0.17074
FixedParameters: 0 0 0

#Transform 244
Transform: AffineTransform_float_3_3
Parameters: 0.999999 0.00105831 -0.00105662 -0.00105035 0.999974 0.00714327 0.00106496 -0.00714173 0.999974 -0.0393438 -0.0184045 -0.147606
FixedParameters: 0 0 0

#Transform 245
Transform: AffineTransform_float_3_3
Parameters: 0.999999 0.00109904 -0.00140576 -0.00108808 0.999967 0.00797449 0.00141397 -0.00797351 0.999967 -0.0144113 -0.100192 -0.0927659
FixedParameters: 0 0 0

#Transform 246
Transform: AffineTransform_float_3_3
Parameters: 0.999999 0.00107604 -0.00139611 -0.00106505 0.999967 0.00804045 0.00140409 -0.00803956 0.999967 -0.0271843 -0.0781046 -0.14598
FixedParameters: 0 0 0

#Transform 247
Transform: AffineTransform_float_3_3
Parameters: 0.999998 0.0010257 -0.00137575 -0.00101559 0.99997 0.0076992 0.00138316 -0.0076978 0.999969 -0.0292601 -0.0535386 -0.17553
FixedParameters: 0 0 0

#Transform 248
Transform: AffineTransform_float_3_3
Parameters: 0.999999 0.00114092 -0.00142501 -0.00113142 0.999975 0.00690057 0.00143198 -0.00689943 0.999975 -0.0235032 -0.00104723 -0.189728
FixedParameters: 0 0 0

#Transform 249
Transform: AffineTransform_float_3_3
Parameters: 0.999999 0.00114275 -0.00142466 -0.00113274 0.999971 0.00753758 0.00143258 -0.00753643 0.999971 -0.0255273 -0.0717834 -0.145829
FixedParameters: 0 0 0

#Transform 250
Transform: AffineTransform_float_3_3
Parameters: 0.999999 0.00113973 -0.00142259 -0.00112747 0.999967 0.0080114 0.00143113 -0.00800958 0.999966 -0.0251217 -0.066855 -0.211
FixedParameters: 0 0 0

#Transform 251
Transform: AffineTransform_float_3_3
Parameters: 0.999999 0.00113582 -0.00142123 -0.00112494 0.999968 0.00785955 0.00142976 -0.00785844 0.999968 -0.028812 -0.0473581 -0.237018
FixedParameters: 0 0 0

#Transform 252
Transform: AffineTransform_float_3_3
Parameters: 0.999998 0.00117937 -0.00125577 -0.00116965 0.999971 0.00754528 0.0012644 -0.00754373 0.999971 -0.0367753 -0.00910752 -0.244684
FixedParameters: 0 0 0

#Transform 253
Transform: AffineTransform_float_3_3
Parameters: 0.999998 0.00139378 -0.00152917 -0.00138284 0.999971 0.00744907 0.0015397 -0.00744692 0.999971 -0.0244394 -0.057425 -0.169659
FixedParameters: 0 0 0

#Transform 254
Transform: AffineTransform_float_3_3
Parameters: 0.999998 0.00120884 -0.00145147 -0.00119775 0.999969 0.00790055 0.00146033 -0.00789846 0.999968 -0.0262617 -0.0989851 -0.168031
FixedParameters: 0 0 0

#Transform 255
Transform: AffineTransform_float_3_3
Parameters: 0.999998 0.00119067 -0.00155535 -0.00117737 0.999967 0.00795679 0.00156496 -0.0079552 0.999967 -0.0156068 -0.0634083 -0.197831
FixedParameters: 0 0 0

#Transform 256
Transform: AffineTransform_float_3_3
Parameters: 0.999999 0.00113616 -0.00142207 -0.00112604 0.999971 0.00745356 0.00143062 -0.00745244 0.999971 -0.0412754 -0.0330424 -0.228377
FixedParameters: 0 0 0

#Transform 257
Transform: AffineTransform_float_3_3
Parameters: 0.999998 0.00119054 -0.00122126 -0.00118109 0.99997 0.00764424 0.0012303 -0.00764275 0.99997 -0.0426369 -0.0435769 -0.186725
FixedParameters: 0 0 0

#Transform 258
Transform: AffineTransform_float_3_3
Parameters: 0.999998 0.00107442 -0.00182526 -0.00105967 0.999967 0.0080439 0.00183344 -0.0080421 0.999966 -0.0301133 -0.0992669 -0.143436
FixedParameters: 0 0 0

#Transform 259
Transform: AffineTransform_float_3_3
Parameters: 0.999998 0.00130135 -0.00162044 -0.00128814 0.999966 0.00812869 0.00163081 -0.00812731 0.999965 -0.0224735 -0.0614526 -0.195228
FixedParameters: 0 0 0

#Transform 260
Transform: AffineTransform_float_3_3
Parameters: 0.999998 0.00101655 -0.00174424 -0.00100129 0.999964 0.00845007 0.00175323 -0.00844793 0.999963 -0.012423 -0.0545392 -0.226352
FixedParameters: 0 0 0

#Transform 261
Transform: AffineTransform_float_3_3
Parameters: 0.999999 0.00102431 -0.00149343 -0.0010128 0.999971 0.00756547 0.00150053 -0.00756453 0.99997 -0.0288863 -0.000240855 -0.236808
FixedParameters: 0 0 0

#Transform 262
Transform: AffineTransform_float_3_3
Parameters: 0.999998 0.00109483 -0.00140463 -0.00108452 0.99997 0.00760948 0.0014129 -0.00760852 0.99997 -0.042456 -0.0372037 -0.199691
FixedParameters: 0 0 0

#Transform 263
Transform: AffineTransform_float_3_3
Parameters: 0.999998 0.00120345 -0.00144904 -0.00119209 0.999967 0.00800753 0.00145807 -0.00800546 0.999966 -0.027791 -0.0781471 -0.173947
FixedParameters: 0 0 0

#Transform 264
Transform: AffineTransform_float_3_3
Parameters: 0.999997 0.0011286 -0.00179972 -0.0011135 0.999965 0.00824933 0.00180923 -0.00824667 0.999964 -0.0230144 -0.0414264 -0.22187
FixedParameters: 0 0 0

#Transform 265
Transform: AffineTransform_float_3_3
Parameters: 0.999999 0.00115118 -0.00142689 -0.00113942 0.999965 0.00826879 0.00143568 -0.00826621 0.999965 -0.0336344 -0.0226036 -0.238017
FixedParameters: 0 0 0

#Transform 266
Transform: AffineTransform_float_3_3
Parameters: 0.999998 0.00134721 -0.00150913 -0.00133591 0.999969 0.00779598 0.00151897 -0.00779403 0.999969 -0.0356989 -0.00913971 -0.250414
FixedParameters: 0 0 0

#Transform 267
Transform: AffineTransform_float_3_3
Parameters: 0.999998 0.00123607 -0.00146221 -0.00122482 0.999965 0.00820875 0.00147265 -0.00820725 0.999965 -0.0387652 -0.0695723 -0.170985
FixedParameters: 0 0 0

#Transform 268
Transform: AffineTransform_float_3_3
Parameters: 0.999998 0.00121734 -0.00168261 -0.00120292 0.999964 0.00834598 0.00169344 -0.008344 0.999963 -0.0260163 -0.0750259 -0.205992
FixedParameters: 0 0 0

#Transform 269
Transform: AffineTransform_float_3_3
Parameters: 0.999998 0.00129701 -0.00163131 -0.00128401 0.999965 0.00829306 0.00164243 -0.00829094 0.999964 -0.0261604 -0.0420408 -0.22948
FixedParameters: 0 0 0

#Transform 270
Transform: AffineTransform_float_3_3
Parameters: 0.999999 0.00113126 -0.00141926 -0.00112028 0.999968 0.00790475 0.00142782 -0.00790224 0.999968 -0.0413678 -0.00811875 -0.245147
FixedParameters: 0 0 0

#Transform 271
Transform: AffineTransform_float_3_3
Parameters: 0.999999 0.00111188 -0.0014112 -0.00110101 0.999969 0.00790937 0.00141947 -0.00790765 0.999968 -0.0325111 -0.0219317 -0.176159
FixedParameters: 0 0 0

#Transform 272
Transform: AffineTransform_float_3_3
Parameters: 0.999997 0.0012472 -0.00175206 -0.00123277 0.999963 0.00850513 0.00176232 -0.00850288 0.999962 -0.0181707 -0.0707158 -0.170029
FixedParameters: 0 0 0

#Transform 273
Transform: AffineTransform_float_3_3
Parameters: 0.999998 0.00113105 -0.0016172 -0.00111701 0.999963 0.00857061 0.00162709 -0.00856838 0.999961 -0.028594 -0.0372512 -0.214358
FixedParameters: 0 0 0

#Transform 274
Transform: AffineTransform_float_3_3
Parameters: 0.999998 0.00100099 -0.00136523 -0.000990582 0.999969 0.00786915 0.00137259 -0.00786784 0.999968 -0.0448192 0.00802761 -0.241519
FixedParameters: 0 0 0

#Transform 275
Transform: AffineTransform_float_3_3
Parameters: 0.999998 0.00114136 -0.00152058 -0.00112954 0.999967 0.00808368 0.00152917 -0.00808232 0.999966 -0.0382807 -0.0401567 -0.170203
FixedParameters: 0 0 0

#Transform 276
Transform: AffineTransform_float_3_3
Parameters: 0.999997 0.00125038 -0.00174458 -0.00123584 0.999962 0.00857111 0.00175507 -0.00856887 0.999961 -0.0299741 -0.0514737 -0.192855
FixedParameters: 0 0 0

#Transform 277
Transform: AffineTransform_float_3_3
Parameters: 0.999997 0.000986733 -0.00188364 -0.000971402 0.999965 0.00833116 0.00189267 -0.00832885 0.999964 -0.029223 -0.0272816 -0.220741
FixedParameters: 0 0 0

#Transform 278
Transform: AffineTransform_float_3_3
Parameters: 0.999998 0.0011964 -0.00144685 -0.00118586 0.99997 0.00759952 0.00145572 -0.00759748 0.99997 -0.0396565 0.00477236 -0.230236
FixedParameters: 0 0 0

#Transform 279
Transform: AffineTransform_float_3_3
Parameters: 0.999998 0.0012046 -0.00144924 -0.00119278 0.999966 0.00816254 0.00145865 -0.00816047 0.999966 -0.0335181 -0.0618762 -0.157275
FixedParameters: 0 0 0

#Transform 280
Transform: AffineTransform_float_3_3
Parameters: 0.999998 0.00109206 -0.00175208 -0.00107736 0.999966 0.00825086 0.00176192 -0.00824915 0.999965 -0.0225449 -0.061151 -0.170458
FixedParameters: 0 0 0

#Transform 281
Transform: AffineTransform_float_3_3
Parameters: 0.999998 0.00104276 -0.00166994 -0.00102853 0.999966 0.00824189 0.00167856 -0.00823911 0.999965 -0.0232695 -0.042984 -0.214568
FixedParameters: 0 0 0

#Transform 282
Transform: AffineTransform_float_3_3
Parameters: 0.999999 0.00113937 -0.00142287 -0.00112874 0.999969 0.00776256 0.00143124 -0.00776143 0.999969 -0.041204 -0.01186 -0.219137
FixedParameters: 0 0 0

#Transform 283
Transform: AffineTransform_float_3_3
Parameters: 0.999999 0.00109577 -0.00148967 -0.00108392 0.999966 0.00812942 0.00149855 -0.00812757 0.999965 -0.0356632 -0.0539772 -0.159541
FixedParameters: 0 0 0

#Transform 284
Transform: AffineTransform_float_3_3
Parameters: 0.999998 0.00111133 -0.00162774 -0.00109676 0.999964 0.00839875 0.00163652 -0.00839726 0.999964 -0.0278774 -0.0787621 -0.152279
FixedParameters: 0 0 0

#Transform 285
Transform: AffineTransform_float_3_3
Parameters: 0.999998 0.00112696 -0.00151245 -0.00111342 0.999962 0.00869249 0.00152217 -0.0086905 0.999961 -0.0316808 -0.0470659 -0.184119
FixedParameters: 0 0 0

#Transform 286
Transform: AffineTransform_float_3_3
Parameters: 0.999998 0.00106239 -0.0013902 -0.00105108 0.999966 0.00818927 0.00139827 -0.00818774 0.999966 -0.043313 -0.0110968 -0.216703
FixedParameters: 0 0 0

#Transform 287
Transform: AffineTransform_float_3_3
Parameters: 0.999999 0.00112068 -0.00141426 -0.00110917 0.999965 0.00825637 0.00142252 -0.00825462 0.999964 -0.039062 -0.0245724 -0.172771
FixedParameters: 0 0 0

#Transform 288
Transform: AffineTransform_float_3_3
Parameters: 0.999998 0.00134854 -0.00150794 -0.00133589 0.999961 0.00867682 0.00151963 -0.00867417 0.999961 -0.0359314 -0.0704557 -0.154555
FixedParameters: 0 0 0

#Transform 289
Transform: AffineTransform_float_3_3
Parameters: 0.999998 0.00107991 -0.0017646 -0.00106413 0.999961 0.0087202 0.00177339 -0.0087178 0.999961 -0.0273779 -0.0414039 -0.206793
FixedParameters: 0 0 0

#Transform 290
Transform: AffineTransform_float_3_3
Parameters: 0.999998 0.000901114 -0.00147906 -0.000888641 0.999965 0.00827248 0.00148595 -0.00827052 0.999965 -0.0427799 -0.00221884 -0.238655
FixedParameters: 0 0 0

#Transform 291
Transform: AffineTransform_float_3_3
Parameters: 0.999998 0.00121117 -0.00114941 -0.00120133 0.999964 0.00845819 0.0011598 -0.00845681 0.999964 -0.0447071 -0.0272391 -0.187475
FixedParameters: 0 0 0

#Transform 292
Transform: AffineTransform_float_3_3
Parameters: 0.999998 0.00112542 -0.00173346 -0.00110979 0.99996 0.00883025 0.00174329 -0.00882775 0.99996 -0.0321552 -0.0875877 -0.153874
FixedParameters: 0 0 0

#Transform 293
Transform: AffineTransform_float_3_3
Parameters: 0.999998 0.00096139 -0.00184503 -0.000945277 0.99996 0.00893007 0.00185294 -0.00892793 0.999959 -0.0224104 -0.0724393 -0.190056
FixedParameters: 0 0 0

#Transform 294
Transform: AffineTransform_float_3_3
Parameters: 0.999998 0.000945098 -0.00134152 -0.000934178 0.999966 0.00819806 0.00134862 -0.00819695 0.999966 -0.0368972 -0.0301756 -0.203105
FixedParameters: 0 0 0

#Transform 295
Transform: AffineTransform_float_3_3
Parameters: 0.999998 0.000944679 -0.00134182 -0.000933283 0.999968 0.00788605 0.00134885 -0.00788494 0.999968 -0.046474 -0.025362 -0.181392
FixedParameters: 0 0 0

#Transform 296
Transform: AffineTransform_float_3_3
Parameters: 0.999999 0.000982796 -0.00145512 -0.000970796 0.999963 0.00855437 0.0014643 -0.00855363 0.999963 -0.0302161 -0.0939956 -0.141755
FixedParameters: 0 0 0

#Transform 297
Transform: AffineTransform_float_3_3
Parameters: 0.999999 0.000820097 -0.00164488 -0.000804833 0.999961 0.00884449 0.00165212 -0.00884251 0.999959 -0.0269915 -0.0581078 -0.183993
FixedParameters: 0 0 0

#Transform 298
Transform: AffineTransform_float_3_3
Parameters: 0.999998 0.000945367 -0.00134133 -0.000933906 0.999964 0.00839942 0.00134881 -0.00839758 0.999964 -0.0295729 -0.0351529 -0.2208
FixedParameters: 0 0 0

#Transform 299
Transform: AffineTransform_float_3_3
Parameters: 0.999998 0.000944785 -0.00134175 -0.000934493 0.999968 0.00796421 0.0013484 -0.00796379 0.999968 -0.0354638 -0.00681266 -0.202745
FixedParameters: 0 0 0

#Transform 300
Transform: AffineTransform_float_3_3
Parameters: 0.999999 0.000839127 -0.00159946 -0.000824494 0.999959 0.00902028 0.00160641 -0.00901972 0.999958 -0.0224916 -0.0842026 -0.152212
FixedParameters: 0 0 0

#Transform 301
Transform: AffineTransform_float_3_3
Parameters: 0.999997 0.00116994 -0.00179544 -0.00115368 0.999961 0.00869955 0.00180575 -0.00869745 0.999961 -0.014263 -0.0660479 -0.180256
FixedParameters: 0 0 0

#Transform 302
Transform: AffineTransform_float_3_3
Parameters: 0.999999 0.000834151 -0.00161075 -0.000820094 0.999961 0.00878028 0.00161722 -0.00877972 0.99996 -0.0248714 -0.0224472 -0.211498
FixedParameters: 0 0 0

#Transform 303
Transform: AffineTransform_float_3_3
Parameters: 0.999998 0.000944929 -0.00134164 -0.000934348 0.999967 0.00807206 0.0013485 -0.00807095 0.999967 -0.0402722 -0.000191979 -0.227509
FixedParameters: 0 0 0

#Transform 304
Transform: AffineTransform_float_3_3
Parameters: 0.999999 0.00106991 -0.00139207 -0.00105776 0.999959 0.00894243 0.00140134 -0.00894156 0.999959 -0.0360968 -0.0545503 -0.168099
FixedParameters: 0 0 0

#Transform 305
Transform: AffineTransform_float_3_3
Parameters: 0.999998 0.00094662 -0.00134045 -0.000933963 0.999957 0.00933306 0.00134916 -0.00933195 0.999956 -0.0465106 -0.0680762 -0.182301
FixedParameters: 0 0 0

#Transform 306
Transform: AffineTransform_float_3_3
Parameters: 0.999998 0.00114557 -0.00150165 -0.00113242 0.999962 0.00875651 0.00151091 -0.0087545 0.999961 -0.0334044 -0.0225524 -0.206672
FixedParameters: 0 0 0

#Transform 307
Transform: AffineTransform_float_3_3
Parameters: 0.999999 0.00116334 -0.00143174 -0.00115119 0.999964 0.00837945 0.00144098 -0.00837754 0.999963 -0.040594 -0.00788513 -0.227488
FixedParameters: 0 0 0

#Transform 308
Transform: AffineTransform_float_3_3
Parameters: 0.999998 0.00123104 -0.00145948 -0.00121828 0.999963 0.00855859 0.00146937 -0.00855641 0.999962 -0.0389956 -0.0400224 -0.156382
FixedParameters: 0 0 0

#Transform 309
Transform: AffineTransform_float_3_3
Parameters: 0.999998 0.00108975 -0.00164486 -0.00107486 0.999959 0.00895809 0.00165527 -0.00895591 0.999959 -0.0269366 -0.0680813 -0.171254
FixedParameters: 0 0 0

#Transform 310
Transform: AffineTransform_float_3_3
Parameters: 0.999998 0.000786644 -0.00172609 -0.000770836 0.999959 0.00896765 0.00173239 -0.00896635 0.999958 -0.0294424 -0.0414208 -0.214372
FixedParameters: 0 0 0

#Transform 311
Transform: AffineTransform_float_3_3
Parameters: 0.999998 0.00105759 -0.00155423 -0.00104454 0.999962 0.00859958 0.00156294 -0.00859841 0.999961 -0.0331527 -0.00812104 -0.243397
FixedParameters: 0 0 0

#Transform 312
Transform: AffineTransform_float_3_3
Parameters: 0.999998 0.00104013 -0.00165473 -0.00102568 0.99996 0.00889466 0.0016632 -0.00889334 0.999959 -0.0355464 -0.0576626 -0.170725
FixedParameters: 0 0 0

#Transform 313
Transform: AffineTransform_float_3_3
Parameters: 0.999997 0.00111721 -0.00182711 -0.00110105 0.999959 0.00902097 0.001838 -0.00901902 0.999957 -0.029216 -0.063439 -0.183663
FixedParameters: 0 0 0

#Transform 314
Transform: AffineTransform_float_3_3
Parameters: 0.999998 0.00100099 -0.0018118 -0.000984893 0.99996 0.00883411 0.00181984 -0.00883189 0.999959 -0.0148916 -0.0446295 -0.217007
FixedParameters: 0 0 0

#Transform 315
Transform: AffineTransform_float_3_3
Parameters: 0.999998 0.00106383 -0.00139019 -0.0010524 0.999963 0.00855827 0.00139946 -0.00855673 0.999962 -0.036618 0.00228752 -0.237454
FixedParameters: 0 0 0

#Transform 316
Transform: AffineTransform_float_3_3
Parameters: 0.999999 0.00111392 -0.0014107 -0.00110212 0.999962 0.00870436 0.00142022 -0.00870264 0.999961 -0.041919 -0.0373228 -0.183323
FixedParameters: 0 0 0

#Transform 317
Transform: AffineTransform_float_3_3
Parameters: 0.999997 0.000998092 -0.00190096 -0.000980129 0.999958 0.00915119 0.00190994 -0.00914881 0.999956 -0.0287023 -0.0664712 -0.183968
FixedParameters: 0 0 0

#Transform 318
Transform: AffineTransform_float_3_3
Parameters: 0.999998 0.00100706 -0.00184216 -0.000990712 0.999959 0.00900579 0.00185103 -0.00900421 0.999957 -0.0149235 -0.033901 -0.211676
FixedParameters: 0 0 0

#Transform 319
Transform: AffineTransform_float_3_3
Parameters: 0.999999 0.00081536 -0.00165531 -0.000800579 0.999963 0.00852464 0.00166287 -0.00852335 0.999962 -0.0323563 0.00774513 -0.242169
FixedParameters: 0 0 0

#Transform 320
Transform: AffineTransform_float_3_3
Parameters: 0.999998 0.001014 -0.00162047 -0.00100049 0.999962 0.00867443 0.00162897 -0.00867257 0.999961 -0.0369271 -0.0315108 -0.16782
FixedParameters: 0 0 0

#Transform 321
Transform: AffineTransform_float_3_3
Parameters: 0.999998 0.00102203 -0.00184817 -0.0010052 0.999958 0.00910382 0.00185751 -0.00910218 0.999957 -0.0239157 -0.0780839 -0.161174
FixedParameters: 0 0 0

#Transform 322
Transform: AffineTransform_float_3_3
Parameters: 0.999998 0.00100846 -0.00184317 -0.000992999 0.999961 0.0087608 0.00185158 -0.00875921 0.99996 -0.0230594 -0.042678 -0.189569
FixedParameters: 0 0 0

#Transform 323
Transform: AffineTransform_float_3_3
Parameters: 0.999998 0.00101118 -0.00159264 -0.000998003 0.999964 0.0084344 0.00160022 -0.0084326 0.999963 -0.0378372 -0.0118326 -0.214449
FixedParameters: 0 0 0

#Transform 324
Transform: AffineTransform_float_3_3
Parameters: 0.999997 0.00106295 -0.00186575 -0.00104712 0.999961 0.00875192 0.0018751 -0.00875008 0.99996 -0.0289025 -0.0536258 -0.148346
FixedParameters: 0 0 0

#Transform 325
Transform: AffineTransform_float_3_3
Parameters: 0.999997 0.00107477 -0.00186993 -0.00105779 0.999958 0.00914331 0.00187938 -0.0091407 0.999957 -0.0286937 -0.0745595 -0.166422
FixedParameters: 0 0 0

#Transform 326
Transform: AffineTransform_float_3_3
Parameters: 0.999998 0.0010467 -0.00180194 -0.00103037 0.999957 0.00919782 0.00181192 -0.00919618 0.999956 -0.0309154 -0.0421564 -0.210617
FixedParameters: 0 0 0

#Transform 327
Transform: AffineTransform_float_3_3
Parameters: 0.999998 0.00111243 -0.00153154 -0.00109893 0.999963 0.00857249 0.00154073 -0.00857051 0.999962 -0.0314435 0.00552553 -0.231637
FixedParameters: 0 0 0

#Transform 328
Transform: AffineTransform_float_3_3
Parameters: 0.999997 0.00107482 -0.00187081 -0.00105827 0.999962 0.00867646 0.00187981 -0.00867455 0.999961 -0.0285978 -0.039831 -0.169276
FixedParameters: 0 0 0

#Transform 329
Transform: AffineTransform_float_3_3
Parameters: 0.999998 0.0011214 -0.00188972 -0.00110505 0.99996 0.00888205 0.00189945 -0.00887994 0.999958 -0.0273167 -0.0650183 -0.150479
FixedParameters: 0 0 0

#Transform 330
Transform: AffineTransform_float_3_3
Parameters: 0.999997 0.00116405 -0.00190722 -0.00114708 0.99996 0.00896116 0.00191789 -0.00895885 0.999958 -0.0262837 -0.0429609 -0.17541
FixedParameters: 0 0 0

#Transform 331
Transform: AffineTransform_float_3_3
Parameters: 0.999997 0.00105027 -0.00186025 -0.00103403 0.99996 0.00888889 0.00186966 -0.00888711 0.999958 -0.0291741 -0.0244613 -0.197533
FixedParameters: 0 0 0

#Transform 332
Transform: AffineTransform_float_3_3
Parameters: 0.999998 0.00109547 -0.00175749 -0.00108042 0.999964 0.00843486 0.00176686 -0.00843313 0.999963 -0.0336818 0.00846604 -0.199462
FixedParameters: 0 0 0

#Transform 333
Transform: AffineTransform_float_3_3
Parameters: 0.999997 0.00129537 -0.00196146 -0.00127797 0.999959 0.00901964 0.00197279 -0.00901738 0.999958 -0.0228884 -0.0707246 -0.147976
FixedParameters: 0 0 0

#Transform 334
Transform: AffineTransform_float_3_3
Parameters: 0.999997 0.00129623 -0.00196089 -0.00127751 0.999955 0.00945664 0.00197243 -0.00945438 0.999954 -0.0193968 -0.0620155 -0.163402
FixedParameters: 0 0 0

#Transform 335
Transform: AffineTransform_float_3_3
Parameters: 0.999997 0.00117827 -0.00224497 -0.00115793 0.999958 0.00915073 0.00225563 -0.00914827 0.999955 -0.0156853 -0.0319513 -0.214722
FixedParameters: 0 0 0

#Transform 336
Transform: AffineTransform_float_3_3
Parameters: 0.999997 0.00121456 -0.00178926 -0.00119923 0.999962 0.00857947 0.00179914 -0.00857653 0.999962 -0.0327034 0.00620105 -0.209166
FixedParameters: 0 0 0

#Transform 337
Transform: AffineTransform_float_3_3
Parameters: 0.999998 0.00122893 -0.00193387 -0.00121147 0.999958 0.00906431 0.00194503 -0.00906169 0.999957 -0.0245382 -0.062496 -0.140731
FixedParameters: 0 0 0

#Transform 338
Transform: AffineTransform_float_3_3
Parameters: 0.999997 0.00118047 -0.00208093 -0.00116128 0.999956 0.00937439 0.00209178 -0.00937161 0.999954 -0.0206668 -0.054132 -0.184094
FixedParameters: 0 0 0

#Transform 339
Transform: AffineTransform_float_3_3
Parameters: 0.999997 0.00111431 -0.00188648 -0.00109741 0.999958 0.00904055 0.00189643 -0.00903845 0.999958 -0.0274538 -0.00653903 -0.210756
FixedParameters: 0 0 0

#Transform 340
Transform: AffineTransform_float_3_3
Parameters: 0.999997 0.00113364 -0.00189549 -0.00111727 0.999963 0.00851524 0.00190514 -0.00851376 0.999962 -0.0248577 0.0125051 -0.202895
FixedParameters: 0 0 0

#Transform 341
Transform: AffineTransform_float_3_3
Parameters: 0.999998 0.00106596 -0.00204508 -0.0010472 0.999959 0.00902247 0.00205449 -0.00901953 0.999957 -0.0128249 -0.0673259 -0.143571
FixedParameters: 0 0 0

#Transform 342
Transform: AffineTransform_float_3_3
Parameters: 0.999998 0.00100915 -0.0020839 -0.000989638 0.999957 0.00925539 0.00209314 -0.0092526 0.999955 -0.0105937 -0.0614178 -0.182493
FixedParameters: 0 0 0

#Transform 343
Transform: AffineTransform_float_3_3
Parameters: 0.999998 0.0010244 -0.00184954 -0.00100835 0.99996 0.00888798 0.00185849 -0.00888702 0.999959 -0.0230909 -0.0243365 -0.188182
FixedParameters: 0 0 0

#Transform 344
Transform: AffineTransform_float_3_3
Parameters: 0.999998 0.000959766 -0.00182361 -0.000944651 0.999965 0.00840369 0.00183103 -0.00840232 0.999963 -0.0315553 -0.00940947 -0.186431
FixedParameters: 0 0 0

#Transform 345
Transform: AffineTransform_float_3_3
Parameters: 0.999997 0.00111492 -0.00188705 -0.00109864 0.99996 0.00887519 0.00189665 -0.00887381 0.999959 -0.0276841 -0.0597957 -0.113329
FixedParameters: 0 0 0

#Transform 346
Transform: AffineTransform_float_3_3
Parameters: 0.999997 0.00129575 -0.00196121 -0.00127759 0.999957 0.00921047 0.00197303 -0.00920752 0.999955 -0.0229265 -0.0807904 -0.135183
FixedParameters: 0 0 0

#Transform 347
Transform: AffineTransform_float_3_3
Parameters: 0.999997 0.00105606 -0.0018615 -0.00103783 0.999954 0.0095179 0.00187139 -0.0095161 0.999953 -0.0290852 -0.0451509 -0.191072
FixedParameters: 0 0 0

#Transform 348
Transform: AffineTransform_float_3_3
Parameters: 0.999998 0.00091494 -0.00173652 -0.000899319 0.999963 0.00859289 0.00174405 -0.00859112 0.999962 -0.0346977 -0.00143863 -0.201714
FixedParameters: 0 0 0

#Transform 349
Transform: AffineTransform_float_3_3
Parameters: 0.999997 0.00108021 -0.00187228 -0.0010634 0.999958 0.00908611 0.00188172 -0.00908489 0.999957 -0.0284909 -0.0527214 -0.145532
FixedParameters: 0 0 0

#Transform 350
Transform: AffineTransform_float_3_3
Parameters: 0.999998 0.00110299 -0.00201434 -0.0010848 0.999956 0.00933767 0.00202458 -0.00933534 0.999955 -0.0193041 -0.0754301 -0.151354
FixedParameters: 0 0 0

#Transform 351
Transform: AffineTransform_float_3_3
Parameters: 0.999998 0.00107418 -0.00201096 -0.00105581 0.999955 0.00940125 0.00202081 -0.00939976 0.999954 -0.0242604 -0.0546833 -0.186253
FixedParameters: 0 0 0

#Transform 352
Transform: AffineTransform_float_3_3
Parameters: 0.999998 0.0010418 -0.00179787 -0.00102578 0.999958 0.0091318 0.00180763 -0.00913019 0.999956 -0.0310875 -0.00749152 -0.210553
FixedParameters: 0 0 0

#Transform 353
Transform: AffineTransform_float_3_3
Parameters: 0.999998 0.00104797 -0.00142349 -0.00103567 0.999962 0.00866428 0.0014327 -0.00866272 0.999961 -0.0423689 -0.00792982 -0.205233
FixedParameters: 0 0 0

#Transform 354
Transform: AffineTransform_float_3_3
Parameters: 0.999997 0.00110561 -0.00188234 -0.0010877 0.999956 0.00932801 0.00189275 -0.00932598 0.999954 -0.0231 -0.0759379 -0.13956
FixedParameters: 0 0 0

#Transform 355
Transform: AffineTransform_float_3_3
Parameters: 0.999997 0.00124651 -0.00208107 -0.00122616 0.999954 0.00942667 0.00209288 -0.00942431 0.999953 -0.0198251 -0.0648483 -0.178406
FixedParameters: 0 0 0

#Transform 356
Transform: AffineTransform_float_3_3
Parameters: 0.999998 0.00105355 -0.00199042 -0.00103534 0.999954 0.00945854 0.002 -0.00945646 0.999954 -0.0250741 -0.0390045 -0.205556
FixedParameters: 0 0 0

#Transform 357
Transform: AffineTransform_float_3_3
Parameters: 0.999998 0.00092668 -0.00172168 -0.000910847 0.999961 0.00872689 0.00172966 -0.00872511 0.999961 -0.0349699 0.0128443 -0.20803
FixedParameters: 0 0 0

#Transform 358
Transform: AffineTransform_float_3_3
Parameters: 0.999997 0.0010708 -0.00186855 -0.0010544 0.999959 0.00899609 0.00187763 -0.00899491 0.999958 -0.0286743 -0.038229 -0.168204
FixedParameters: 0 0 0

#Transform 359
Transform: AffineTransform_float_3_3
Parameters: 0.999998 0.000895147 -0.0017951 -0.000878029 0.999955 0.00945791 0.00180275 -0.00945611 0.999954 -0.0149472 -0.0687845 -0.203146
FixedParameters: 0 0 0

#Transform 360
Transform: AffineTransform_float_3_3
Parameters: 0.999999 0.000662192 -0.00169886 -0.000645873 0.999955 0.00941741 0.00170482 -0.00941658 0.999954 -0.00250881 -0.0366617 -0.228976
FixedParameters: 0 0 0

#Transform 361
Transform: AffineTransform_float_3_3
Parameters: 0.999999 0.000715413 -0.00172117 -0.000699427 0.999957 0.00919752 0.00172783 -0.00919647 0.999956 -0.00861381 -0.0149947 -0.271738
FixedParameters: 0 0 0

#Transform 362
Transform: AffineTransform_float_3_3
Parameters: 0.999998 0.000933847 -0.00181206 -0.000918096 0.99996 0.00888363 0.00182031 -0.00888237 0.999959 -0.0137772 -0.00981417 -0.229912
FixedParameters: 0 0 0

#Transform 363
Transform: AffineTransform_float_3_3
Parameters: 0.999998 0.000817995 -0.00195268 -0.000799615 0.999955 0.00938888 0.00196045 -0.00938711 0.999954 -0.00667083 -0.0657986 -0.182961
FixedParameters: 0 0 0

#Transform 364
Transform: AffineTransform_float_3_3
Parameters: 0.999998 0.000884812 -0.00179098 -0.000867716 0.999956 0.00936288 0.00179919 -0.00936112 0.999955 -0.0108414 -0.0350475 -0.219106
FixedParameters: 0 0 0

#Transform 365
Transform: AffineTransform_float_3_3
Parameters: 0.999998 0.000885159 -0.00179081 -0.000867766 0.999954 0.00955688 0.00179844 -0.00955513 0.999953 -0.0150607 -0.0130579 -0.259471
FixedParameters: 0 0 0

#Transform 366
Transform: AffineTransform_float_3_3
Parameters: 0.999998 0.000860534 -0.00184855 -0.000843547 0.999959 0.00904488 0.00185576 -0.00904312 0.999957 -0.0315057 0.0111353 -0.262062
FixedParameters: 0 0 0

#Transform 367
Transform: AffineTransform_float_3_3
Parameters: 0.999997 0.000966167 -0.00200526 -0.000947522 0.999955 0.00940102 0.00201399 -0.00939998 0.999954 -0.0197118 -0.0469407 -0.197597
FixedParameters: 0 0 0

#Transform 368
Transform: AffineTransform_float_3_3
Parameters: 0.999998 0.000958029 -0.00208974 -0.000937992 0.999951 0.00988629 0.00209909 -0.00988371 0.999949 -0.0173417 -0.0476878 -0.218572
FixedParameters: 0 0 0

#Transform 369
Transform: AffineTransform_float_3_3
Parameters: 0.999998 0.00082615 -0.00193398 -0.000807488 0.999953 0.00965389 0.00194141 -0.00965212 0.999952 -0.024068 -0.0217565 -0.249122
FixedParameters: 0 0 0

#Transform 370
Transform: AffineTransform_float_3_3
Parameters: 0.999998 0.000911057 -0.00172655 -0.000895255 0.999958 0.00907287 0.00173435 -0.00907113 0.999957 -0.0345496 0.00609278 -0.250464
FixedParameters: 0 0 0

#Transform 371
Transform: AffineTransform_float_3_3
Parameters: 0.999998 0.0010358 -0.00178352 -0.00101921 0.999958 0.00911078 0.00179273 -0.00910922 0.999957 -0.0281044 -0.0342577 -0.18269
FixedParameters: 0 0 0

#Transform 372
Transform: AffineTransform_float_3_3
Parameters: 0.999998 0.000885442 -0.00179067 -0.000868399 0.999952 0.00971488 0.00179898 -0.00971312 0.999951 -0.020724 -0.0734923 -0.187857
FixedParameters: 0 0 0

#Transform 373
Transform: AffineTransform_float_3_3
Parameters: 0.999997 0.00082136 -0.00210288 -0.0008015 0.999952 0.00969416 0.00211014 -0.00969283 0.999951 -0.00344633 -0.0457769 -0.218929
FixedParameters: 0 0 0

#Transform 374
Transform: AffineTransform_float_3_3
Parameters: 0.999998 0.000828679 -0.00176756 -0.000812468 0.999954 0.00949776 0.00177534 -0.00949624 0.999953 -0.0217678 -0.00749909 -0.239216
FixedParameters: 0 0 0

#Transform 375
Transform: AffineTransform_float_3_3
Parameters: 0.999998 0.000911383 -0.0017271 -0.000895061 0.999955 0.00948287 0.00173604 -0.00948113 0.999954 -0.0236836 -0.0228823 -0.21918
FixedParameters: 0 0 0

#Transform 376
Transform: AffineTransform_float_3_3
Parameters: 0.999998 0.000828579 -0.00192761 -0.000810128 0.999954 0.00952788 0.00193581 -0.0095261 0.999952 -0.0178757 -0.0501053 -0.183288
FixedParameters: 0 0 0

#Transform 377
Transform: AffineTransform_float_3_3
Parameters: 0.999997 0.000811939 -0.00196897 -0.000792519 0.999951 0.00980588 0.00197768 -0.00980411 0.99995 -0.0163437 -0.0445093 -0.237826
FixedParameters: 0 0 0

#Transform 378
Transform: AffineTransform_float_3_3
Parameters: 0.999998 0.00083731 -0.00190713 -0.000818987 0.999953 0.00969989 0.00191486 -0.00969811 0.999951 -0.0220858 -0.0184573 -0.261792
FixedParameters: 0 0 0

#Transform 379
Transform: AffineTransform_float_3_3
Parameters: 0.999998 0.000884739 -0.00179101 -0.000867791 0.999956 0.00932152 0.00179915 -0.00932048 0.999955 -0.0329278 0.008821 -0.263322
FixedParameters: 0 0 0

#Transform 380
Transform: AffineTransform_float_3_3
Parameters: 0.999998 0.000980382 -0.00183013 -0.000963474 0.999954 0.00957409 0.00183909 -0.00957191 0.999953 -0.0305918 -0.0329964 -0.205195
FixedParameters: 0 0 0

#Transform 381
Transform: AffineTransform_float_3_3
Parameters: 0.999998 0.00102131 -0.00208104 -0.00100005 0.999949 0.00999941 0.00209146 -0.00999658 0.999947 -0.022295 -0.0489864 -0.224895
FixedParameters: 0 0 0

#Transform 382
Transform: AffineTransform_float_3_3
Parameters: 0.999998 0.00102059 -0.00205987 -0.000999444 0.999948 0.0101685 0.0020697 -0.0101665 0.999946 -0.0229331 -0.029317 -0.247396
FixedParameters: 0 0 0

#Transform 383
Transform: AffineTransform_float_3_3
Parameters: 0.999998 0.00088556 -0.00179061 -0.00086828 0.999952 0.00978088 0.00179903 -0.00977912 0.999951 -0.0329403 0.00387014 -0.259296
FixedParameters: 0 0 0

#Transform 384
Transform: AffineTransform_float_3_3
Parameters: 0.999997 0.00103867 -0.00185415 -0.00102025 0.999954 0.00960586 0.00186389 -0.00960414 0.999952 -0.0290089 -0.00508724 -0.237043
FixedParameters: 0 0 0

#Transform 385
Transform: AffineTransform_float_3_3
Parameters: 0.999997 0.00107899 -0.00187024 -0.0010604 0.999951 0.00991895 0.00188089 -0.00991705 0.999949 -0.0281018 -0.0512917 -0.204577
FixedParameters: 0 0 0

#Transform 386
Transform: AffineTransform_float_3_3
Parameters: 0.999998 0.0011313 -0.00200013 -0.00111168 0.999951 0.00985856 0.00201114 -0.00985545 0.99995 -0.0232204 -0.0250757 -0.225145
FixedParameters: 0 0 0

#Transform 387
Transform: AffineTransform_float_3_3
Parameters: 0.999997 0.000898836 -0.00225831 -0.000875193 0.999947 0.0102385 0.00226655 -0.0102365 0.999945 -0.0134803 -0.0173929 -0.259392
FixedParameters: 0 0 0

#Transform 388
Transform: AffineTransform_float_3_3
Parameters: 0.999998 0.000967546 -0.00182473 -0.000950538 0.999953 0.0096297 0.00183355 -0.0096283 0.999952 -0.0248723 0.014993 -0.27066
FixedParameters: 0 0 0

#Transform 389
Transform: AffineTransform_float_3_3
Parameters: 0.999998 0.00100506 -0.00184059 -0.000987585 0.999955 0.00942478 0.00184933 -0.00942322 0.999954 -0.024127 0.00139309 -0.230744
FixedParameters: 0 0 0

#Transform 390
Transform: AffineTransform_float_3_3
Parameters: 0.999998 0.000957422 -0.00202337 -0.000937086 0.99995 0.00995838 0.00203337 -0.00995662 0.999949 -0.0155401 -0.0616142 -0.200434
FixedParameters: 0 0 0

#Transform 391
Transform: AffineTransform_float_3_3
Parameters: 0.999997 0.000877936 -0.00219194 -0.000856492 0.999951 0.00986736 0.00220097 -0.00986564 0.999949 -0.00991511 -0.0451331 -0.235799
FixedParameters: 0 0 0

#Transform 392
Transform: AffineTransform_float_3_3
Parameters: 0.999997 0.000770768 -0.00206878 -0.000750611 0.999951 0.00983124 0.00207618 -0.00982876 0.99995 -0.00466596 -0.0317652 -0.251209
FixedParameters: 0 0 0

#Transform 393
Transform: AffineTransform_float_3_3
Parameters: 0.999998 0.000903588 -0.00174639 -0.000886844 0.999953 0.00961287 0.00175449 -0.00961112 0.999952 -0.0238175 0.00514938 -0.260017
FixedParameters: 0 0 0

#Transform 394
Transform: AffineTransform_float_3_3
Parameters: 0.999998 0.000729794 -0.00216613 -0.00070914 0.999955 0.00941538 0.00217305 -0.00941362 0.999954 -0.0236692 -0.0219894 -0.224186
FixedParameters: 0 0 0

#Transform 395
Transform: AffineTransform_float_3_3
Parameters: 0.999997 0.000843001 -0.00221183 -0.000820398 0.999949 0.0100413 0.00222045 -0.0100397 0.999947 -0.00202049 -0.0678178 -0.189755
FixedParameters: 0 0 0

#Transform 396
Transform: AffineTransform_float_3_3
Parameters: 0.999997 0.000838342 -0.00220994 -0.000815853 0.99995 0.0100243 0.00221844 -0.0100227 0.999948 -0.00277519 -0.0385555 -0.226085
FixedParameters: 0 0 0

#Transform 397
Transform: AffineTransform_float_3_3
Parameters: 0.999997 0.000795424 -0.00200953 -0.000775052 0.99995 0.00994405 0.0020172 -0.00994297 0.999949 -0.0198056 -0.0147627 -0.238994
FixedParameters: 0 0 0

#Transform 398
Transform: AffineTransform_float_3_3
Parameters: 0.999998 0.000893665 -0.00177042 -0.00087645 0.999953 0.00961587 0.00177832 -0.00961412 0.999952 -0.0334741 0.0124729 -0.250916
FixedParameters: 0 0 0

#Transform 399
Transform: AffineTransform_float_3_3
Parameters: 0.999997 0.000815041 -0.00196156 -0.000796067 0.999951 0.00983088 0.00196945 -0.0098291 0.999949 -0.0245155 -0.042308 -0.174415
FixedParameters: 0 0 0

#Transform 400
Transform: AffineTransform_float_3_3
Parameters: 0.999997 0.000786634 -0.00203157 -0.0007664 0.999948 0.0101262 0.00203882 -0.0101238 0.999947 -0.0272197 -0.0614493 -0.181726
FixedParameters: 0 0 0

#Transform 401
Transform: AffineTransform_float_3_3
Parameters: 0.999998 0.000731257 -0.00216564 -0.000708991 0.999949 0.01009 0.00217301 -0.010089 0.999947 -0.00835046 -0.0249989 -0.224126
FixedParameters: 0 0 0

#Transform 402
Transform: AffineTransform_float_3_3
Parameters: 0.999998 0.000839933 -0.00190069 -0.000821435 0.999953 0.00967389 0.00190934 -0.00967211 0.999952 -0.0302325 0.00756856 -0.238909
FixedParameters: 0 0 0

#Transform 403
Transform: AffineTransform_float_3_3
Parameters: 0.999997 0.000971758 -0.00191944 -0.000952759 0.999953 0.00967316 0.00192841 -0.00967084 0.999951 -0.0230016 -0.0156977 -0.194786
FixedParameters: 0 0 0

#Transform 404
Transform: AffineTransform_float_3_3
Parameters: 0.999998 0.000731069 -0.0021657 -0.00070918 0.999949 0.010003 0.00217295 -0.010002 0.999947 -0.0145521 -0.0558532 -0.165777
FixedParameters: 0 0 0

#Transform 405
Transform: AffineTransform_float_3_3
Parameters: 0.999998 0.000731341 -0.00216561 -0.000708903 0.999948 0.0101302 0.00217304 -0.0101278 0.999946 -0.0145567 -0.0385898 -0.224794
FixedParameters: 0 0 0

#Transform 406
Transform: AffineTransform_float_3_3
Parameters: 0.999997 0.000810292 -0.00197272 -0.000791041 0.999953 0.0097449 0.0019813 -0.00974312 0.999951 -0.0194236 -0.000906073 -0.238239
FixedParameters: 0 0 0

#Transform 407
Transform: AffineTransform_float_3_3
Parameters: 0.999998 0.000870063 -0.00182769 -0.000852521 0.999953 0.00965589 0.00183559 -0.00965412 0.999952 -0.0321802 -0.0165395 -0.201888
FixedParameters: 0 0 0

#Transform 408
Transform: AffineTransform_float_3_3
Parameters: 0.999998 0.000731726 -0.00216548 -0.000708518 0.999946 0.0103074 0.00217316 -0.0103056 0.999945 -0.0238344 -0.0674172 -0.162988
FixedParameters: 0 0 0

#Transform 409
Transform: AffineTransform_float_3_3
Parameters: 0.999997 0.000885583 -0.00222861 -0.000861968 0.999944 0.0104834 0.00223831 -0.0104816 0.999942 -0.00479892 -0.0624969 -0.190837
FixedParameters: 0 0 0

#Transform 410
Transform: AffineTransform_float_3_3
Parameters: 0.999998 0.000731 -0.00216573 -0.000709248 0.99995 0.00997187 0.00217292 -0.00997013 0.999948 -0.00655879 -0.0221422 -0.208769
FixedParameters: 0 0 0

#Transform 411
Transform: AffineTransform_float_3_3
Parameters: 0.999998 0.000888078 -0.00178421 -0.000870315 0.999953 0.00969488 0.00179214 -0.00969312 0.999952 -0.033175 -0.00114648 -0.220328
FixedParameters: 0 0 0

#Transform 412
Transform: AffineTransform_float_3_3
Parameters: 0.999998 0.00100025 -0.00199561 -0.000979551 0.99995 0.00995529 0.00200606 -0.00995272 0.999949 -0.0253313 -0.0368548 -0.157162
FixedParameters: 0 0 0

#Transform 413
Transform: AffineTransform_float_3_3
Parameters: 0.999997 0.000888876 -0.00223029 -0.000866038 0.999946 0.0103028 0.00223976 -0.0103002 0.999945 -0.0134804 -0.0959649 -0.141332
FixedParameters: 0 0 0

#Transform 414
Transform: AffineTransform_float_3_3
Parameters: 0.999997 0.00084866 -0.00221408 -0.0008267 0.999948 0.0100923 0.00222329 -0.0100907 0.999946 -0.0126395 -0.0466242 -0.190445
FixedParameters: 0 0 0

#Transform 415
Transform: AffineTransform_float_3_3
Parameters: 0.999998 0.000893605 -0.00177045 -0.000876112 0.999954 0.00958188 0.00177921 -0.00958013 0.999953 -0.0335161 -0.00355961 -0.2043
FixedParameters: 0 0 0

#Transform 416
Transform: AffineTransform_float_3_3
Parameters: 0.999998 0.000962538 -0.00186353 -0.000945176 0.999952 0.00976924 0.00187291 -0.00976776 0.999951 -0.0270963 -0.0427012 -0.142688
FixedParameters: 0 0 0

#Transform 417
Transform: AffineTransform_float_3_3
Parameters: 0.999998 0.000732305 -0.00216529 -0.000709256 0.999944 0.010574 0.00217283 -0.010573 0.999942 -0.0238371 -0.0827225 -0.166739
FixedParameters: 0 0 0

#Transform 418
Transform: AffineTransform_float_3_3
Parameters: 0.999997 0.000929669 -0.00224702 -0.000906647 0.999946 0.0103535 0.0022565 -0.0103515 0.999944 -0.012682 -0.0490885 -0.189714
FixedParameters: 0 0 0

#Transform 419
Transform: AffineTransform_float_3_3
Parameters: 0.999997 0.000904115 -0.00223621 -0.000880656 0.999945 0.0105015 0.00224542 -0.0104996 0.999943 -0.0143692 -0.0348994 -0.216072
FixedParameters: 0 0 0

#Transform 420
Transform: AffineTransform_float_3_3
Parameters: 0.999997 0.000863508 -0.00222016 -0.000841706 0.999949 0.0101184 0.0022288 -0.0101167 0.999947 -0.025635 0.0174225 -0.235761
FixedParameters: 0 0 0

#Transform 421
Transform: AffineTransform_float_3_3
Parameters: 0.999997 0.000938319 -0.00197235 -0.000918413 0.999951 0.00987614 0.00198143 -0.00987386 0.999949 -0.0322892 -0.0171949 -0.188921
FixedParameters: 0 0 0

#Transform 422
Transform: AffineTransform_float_3_3
Parameters: 0.999997 0.000821561 -0.00238552 -0.000795379 0.999942 0.0108014 0.00239423 -0.0107996 0.999939 -0.00689112 -0.0661009 -0.163757
FixedParameters: 0 0 0

#Transform 423
Transform: AffineTransform_float_3_3
Parameters: 0.999997 0.000979873 -0.00226748 -0.000956251 0.999944 0.0104776 0.00227731 -0.0104753 0.999942 -0.0139151 -0.0332679 -0.199256
FixedParameters: 0 0 0

#Transform 424
Transform: AffineTransform_float_3_3
Parameters: 0.999997 0.000810307 -0.00237256 -0.000784358 0.999943 0.0106195 0.00238035 -0.0106185 0.999941 -0.012597 -0.022134 -0.235189
FixedParameters: 0 0 0

#Transform 425
Transform: AffineTransform_float_3_3
Parameters: 0.999997 0.000784407 -0.0020371 -0.000763941 0.999948 0.010155 0.00204434 -0.010154 0.999947 -0.0244972 0.0224409 -0.248969
FixedParameters: 0 0 0

#Transform 426
Transform: AffineTransform_float_3_3
Parameters: 0.999998 0.000730941 -0.00216575 -0.000709308 0.999951 0.00994403 0.0021729 -0.00994298 0.999948 -0.0247517 -0.02225 -0.186791
FixedParameters: 0 0 0

#Transform 427
Transform: AffineTransform_float_3_3
Parameters: 0.999997 0.000925795 -0.00224481 -0.000901315 0.999943 0.0106865 0.0022548 -0.0106845 0.999941 -0.0140688 -0.0674949 -0.166244
FixedParameters: 0 0 0

#Transform 428
Transform: AffineTransform_float_3_3
Parameters: 0.999997 0.000826279 -0.00220354 -0.000802526 0.999941 0.0108431 0.00221298 -0.0108409 0.999938 -0.0143828 -0.0457135 -0.209508
FixedParameters: 0 0 0

#Transform 429
Transform: AffineTransform_float_3_3
Parameters: 0.999997 0.000885629 -0.00222934 -0.00086285 0.999948 0.0100894 0.00223797 -0.0100876 0.999946 -0.0195023 0.00166977 -0.210226
FixedParameters: 0 0 0

#Transform 430
Transform: AffineTransform_float_3_3
Parameters: 0.999998 0.00100625 -0.00199621 -0.000986554 0.999952 0.00980394 0.00200556 -0.00980206 0.99995 -0.0284583 -0.0140431 -0.168475
FixedParameters: 0 0 0

#Transform 431
Transform: AffineTransform_float_3_3
Parameters: 0.999998 0.000731729 -0.00216548 -0.000708514 0.999947 0.0103092 0.00217316 -0.0103068 0.999945 -0.0170736 -0.0704534 -0.135377
FixedParameters: 0 0 0

#Transform 432
Transform: AffineTransform_float_3_3
Parameters: 0.999997 0.00101853 -0.00216487 -0.0009958 0.999947 0.0102516 0.0021752 -0.0102494 0.999945 -0.0129966 -0.026971 -0.174106
FixedParameters: 0 0 0
