#Insight Transform File V1.0
#Transform 0
Transform: AffineTransform_float_3_3
Parameters: 1 0 0 0 1 0.000146 0 -0.000146 1 0 -0.0297978 0.0121506
FixedParameters: 0 0 0

#Transform 1
Transform: AffineTransform_float_3_3
Parameters: 1 -6.62574e-05 2.81772e-05 6.62953e-05 1 -0.000672998 -2.8088e-05 0.000673002 1 0.00861577 0.0275082 -0.0419548
FixedParameters: 0 0 0

#Transform 2
Transform: AffineTransform_float_3_3
Parameters: 1 -6.02388e-05 -0.00014173 6.01064e-05 1 -0.000467008 0.000141786 0.000466991 1 0.00708569 0.0188632 -0.0356625
FixedParameters: 0 0 0

#Transform 3
Transform: AffineTransform_float_3_3
Parameters: 1 0 0 0 1 0.000271 0 -0.000271 1 0.008195 -0.0374477 -0.00368509
FixedParameters: 0 0 0

#Transform 4
Transform: AffineTransform_float_3_3
Parameters: 1 -3.12513e-05 -7.36434e-05 3.12656e-05 1 9.69977e-05 7.36374e-05 -9.70023e-05 1 0.0121688 -0.00275347 -0.0550935
FixedParameters: 0 0 0

#Transform 5
Transform: AffineTransform_float_3_3
Parameters: 1 8.00686e-05 -3.40297e-05 -8.00992e-05 1 -0.000450997 3.39575e-05 0.000451003 1 0.0177949 0.0678512 -0.0833272
FixedParameters: 0 0 0

#Transform 6
Transform: AffineTransform_float_3_3
Parameters: 1 -7.36366e-05 3.12674e-05 7.36442e-05 1 -0.000120998 -3.12496e-05 0.000121002 1 0.0172474 -0.00538768 -0.0317811
FixedParameters: 0 0 0

#Transform 7
Transform: AffineTransform_float_3_3
Parameters: 1 0 0 0 1 0.000234 0 -0.000234 1 0.017507 -0.0266987 -0.0369062
FixedParameters: 0 0 0

#Transform 8
Transform: AffineTransform_float_3_3
Parameters: 1 0 0 0 1 3.5e-05 0 -3.5e-05 1 0.017507 0.0139689 -0.0724346
FixedParameters: 0 0 0

#Transform 9
Transform: AffineTransform_float_3_3
Parameters: 1 5.3376e-05 -2.26937e-05 -5.34025e-05 1 -0.000585999 2.26311e-05 0.000586001 1 0.0177388 0.0706816 -0.088167
FixedParameters: 0 0 0

#Transform 10
Transform: AffineTransform_float_3_3
Parameters: 1 0 0 0 1 -0.000406 0 0.000406 1 0.017507 0.0198063 -0.0566972
FixedParameters: 0 0 0

#Transform 11
Transform: AffineTransform_float_3_3
Parameters: 1 0 0 0 1 3.3e-05 0 -3.3e-05 1 0.017507 -0.0149488 -0.0352333
FixedParameters: 0 0 0

#Transform 12
Transform: AffineTransform_float_3_3
Parameters: 1 0 0 0 1 -0.000488 0 0.000488 1 0.017507 0.0278477 -0.0749819
FixedParameters: 0 0 0

#Transform 13
Transform: AffineTransform_float_3_3
Parameters: 1 -0.000193241 8.22069e-05 0.000193371 0.999999 -0.000793984 -8.19e-05 0.000794015 0.999999 0.0270717 0.0779602 -0.108052
FixedParameters: 0 0 0

#Transform 14
Transform: AffineTransform_float_3_3
Parameters: 1 -0.000234719 9.96592e-05 0.000234738 1 -9.69766e-05 -9.96136e-05 9.70234e-05 1 0.0251782 0.0058317 -0.040295
FixedParameters: 0 0 0

#Transform 15
Transform: AffineTransform_float_3_3
Parameters: 1 -0.000236571 0.000100414 0.000236568 1 1.60238e-05 -0.000100422 -1.59762e-05 1 0.0166467 -0.000804872 -0.0555472
FixedParameters: 0 0 0

#Transform 16
Transform: AffineTransform_float_3_3
Parameters: 1 -0.000146194 0.000111068 0.000146339 1 -0.000652983 -0.000110877 0.000653016 1 0.0167631 0.0430828 -0.0975384
FixedParameters: 0 0 0

#Transform 17
Transform: AffineTransform_float_3_3
Parameters: 1 1.95666e-05 4.60125e-05 -1.95065e-05 1 -0.000653001 -4.6038e-05 0.000652999 1 0.0174188 0.0625913 -0.0835108
FixedParameters: 0 0 0

#Transform 18
Transform: AffineTransform_float_3_3
Parameters: 1 2.34516e-06 5.5227e-06 -2.34361e-06 1 -0.000141 -5.52336e-06 0.000141 1 0.0175492 -0.0203464 -0.0293235
FixedParameters: 0 0 0

#Transform 19
Transform: AffineTransform_float_3_3
Parameters: 1 -0.000188682 0.00015945 0.00018875 1 -0.00021497 -0.000159369 0.00021503 1 0.0165924 0.00846624 -0.0598075
FixedParameters: 0 0 0

#Transform 20
Transform: AffineTransform_float_3_3
Parameters: 1 -0.000232293 0.000105362 0.000232476 0.999999 -0.000870975 -0.000104957 0.000871024 0.999999 0.0258879 0.076134 -0.107501
FixedParameters: 0 0 0

#Transform 21
Transform: AffineTransform_float_3_3
Parameters: 1 -0.000330777 0.000147195 0.000330979 0.999999 -0.000685951 -0.000146741 0.000686048 1 0.030505 0.0355642 -0.0547336
FixedParameters: 0 0 0

#Transform 22
Transform: AffineTransform_float_3_3
Parameters: 1 -0.000187285 8.60022e-05 0.000187274 1 6.10161e-05 -8.6025e-05 -6.09839e-05 1 0.025628 -0.00904229 -0.0305191
FixedParameters: 0 0 0

#Transform 23
Transform: AffineTransform_float_3_3
Parameters: 1 0.000100102 0.000235617 -9.99522e-05 1 -0.000318024 -0.000235681 0.000317976 1 0.0171771 0.0423004 -0.0709465
FixedParameters: 0 0 0

#Transform 24
Transform: AffineTransform_float_3_3
Parameters: 1 2.3494e-06 5.5209e-06 -2.33937e-06 0.999999 -0.000907999 -5.52515e-06 0.000907999 0.999999 0.017556 0.0783216 -0.0964107
FixedParameters: 0 0 0

#Transform 25
Transform: AffineTransform_float_3_3
Parameters: 1 -6.72827e-05 -0.000158294 6.71288e-05 1 -0.000486011 0.000158359 0.000485989 1 0.02665 0.0224568 -0.0432352
FixedParameters: 0 0 0

#Transform 26
Transform: AffineTransform_float_3_3
Parameters: 1 -0.000329017 0.000146232 0.000329058 1 -0.000137952 -0.000146141 0.000138048 1 0.0246661 -0.00375001 -0.0507097
FixedParameters: 0 0 0

#Transform 27
Transform: AffineTransform_float_3_3
Parameters: 1 -0.000271915 0.000122075 0.000272017 1 -0.000417967 -0.000121847 0.000418033 1 0.0164881 0.064269 -0.103392
FixedParameters: 0 0 0

#Transform 28
Transform: AffineTransform_float_3_3
Parameters: 1 -0.00023688 0.000107349 0.000237094 1 -0.000996334 -0.000106877 0.000995666 0.999999 0.0249229 0.0624951 -0.0848547
FixedParameters: 0 0 0

#Transform 29
Transform: AffineTransform_float_3_3
Parameters: 1 -0.000283879 0.000127161 0.000283986 1 -0.000423964 -0.00012692 0.000424036 1 0.0233763 -0.0154244 -0.0344725
FixedParameters: 0 0 0

#Transform 30
Transform: AffineTransform_float_3_3
Parameters: 1 -0.000296805 0.000132543 0.000296834 1 -0.000109961 -0.000132478 0.000110039 1 0.0164866 0.00532071 -0.0675454
FixedParameters: 0 0 0

#Transform 31
Transform: AffineTransform_float_3_3
Parameters: 1 -0.000323446 0.000143996 0.000323583 1 -0.000475953 -0.000143688 0.000476046 1 0.0162937 0.0480703 -0.0998916
FixedParameters: 0 0 0

#Transform 32
Transform: AffineTransform_float_3_3
Parameters: 1 -0.000446306 -0.000203507 0.000445566 0.999999 -0.00085909 0.000203353 0.000858909 0.999999 0.016921 0.0785511 -0.109999
FixedParameters: 0 0 0

#Transform 33
Transform: AffineTransform_float_3_3
Parameters: 1 -0.000222689 -0.000196513 0.000223312 0.999999 -0.000756043 0.00019646 0.000755956 0.999999 0.0174262 0.0277531 -0.0739657
FixedParameters: 0 0 0

#Transform 34
Transform: AffineTransform_float_3_3
Parameters: 1 2.34642e-06 5.52217e-06 -2.34235e-06 1 -0.000368 -5.52389e-06 0.000368 1 0.0175491 -0.0114075 -0.0488153
FixedParameters: 0 0 0

#Transform 35
Transform: AffineTransform_float_3_3
Parameters: 1 -0.000336386 0.000149347 0.000336417 1 -0.00010295 -0.000149277 0.00010305 1 0.0162481 0.0259401 -0.084727
FixedParameters: 0 0 0

#Transform 36
Transform: AffineTransform_float_3_3
Parameters: 1 -0.000286627 0.000128362 0.000286761 1 -0.000521963 -0.000128063 0.000522037 1 0.0164346 0.0624757 -0.109844
FixedParameters: 0 0 0

#Transform 37
Transform: AffineTransform_float_3_3
Parameters: 1 -0.000417224 0.000184108 0.000416666 1 -0.000987283 -0.000182895 0.000986717 0.999999 0.0160468 0.0704733 -0.100283
FixedParameters: 0 0 0

#Transform 38
Transform: AffineTransform_float_3_3
Parameters: 1 -0.000386955 0.000170969 0.000387103 1 -0.000431934 -0.000170635 0.000432066 1 0.0161181 0.00735508 -0.0476115
FixedParameters: 0 0 0

#Transform 39
Transform: AffineTransform_float_3_3
Parameters: 1 -0.000261857 0.000117626 0.000261824 1 0.000139031 -0.000117699 -0.000138969 1 0.0166025 0.0310085 -0.0597907
FixedParameters: 0 0 0

#Transform 40
Transform: AffineTransform_float_3_3
Parameters: 1 -0.000241552 0.000109149 0.000241627 1 -0.000341974 -0.000108984 0.000342026 1 0.0166314 0.0624666 -0.0932929
FixedParameters: 0 0 0

#Transform 41
Transform: AffineTransform_float_3_3
Parameters: 1 -0.00018721 8.61652e-05 0.000187349 0.999999 -0.000809983 -8.58619e-05 0.000810016 0.999999 0.0168115 0.0929943 -0.104543
FixedParameters: 0 0 0

#Transform 42
Transform: AffineTransform_float_3_3
Parameters: 1 -0.00026362 0.000118581 0.000263743 1 -0.000519969 -0.000118307 0.000520031 1 0.0138831 0.00543044 -0.0400541
FixedParameters: 0 0 0

#Transform 43
Transform: AffineTransform_float_3_3
Parameters: 1 -0.000156747 -5.18393e-05 0.000156717 1 -0.000288008 5.19295e-05 0.000287992 1 0.0171972 0.0125562 -0.0577178
FixedParameters: 0 0 0

#Transform 44
Transform: AffineTransform_float_3_3
Parameters: 1 -0.000269123 0.000120969 0.000269285 0.999999 -0.000670967 -0.000120608 0.000671032 1 0.0130546 0.0627862 -0.102908
FixedParameters: 0 0 0

#Transform 45
Transform: AffineTransform_float_3_3
Parameters: 1 -0.000121862 5.84003e-05 0.000121985 1 -0.00105499 -5.81431e-05 0.00105501 1 0.0126687 0.0775491 -0.0990314
FixedParameters: 0 0 0

#Transform 46
Transform: AffineTransform_float_3_3
Parameters: 1 2.34691e-06 5.52195e-06 -2.34186e-06 1 -0.000458 -5.5241e-06 0.000458 1 0.0175492 0.0256254 -0.0405174
FixedParameters: 0 0 0

#Transform 47
Transform: AffineTransform_float_3_3
Parameters: 1 -0.000241556 0.00010914 0.000241623 1 -0.000303974 -0.000108993 0.000304026 1 0.0165936 0.0243765 -0.0566838
FixedParameters: 0 0 0

#Transform 48
Transform: AffineTransform_float_3_3
Parameters: 1 -0.000292594 1.4662e-05 0.000292612 1 -0.000621995 -1.4298e-05 0.000622004 1 0.0117411 0.0636868 -0.0825727
FixedParameters: 0 0 0

#Transform 49
Transform: AffineTransform_float_3_3
Parameters: 1 -0.00023598 -4.62525e-05 0.000235878 1 -0.00110301 4.67729e-05 0.00110299 1 0.0144673 0.0949204 -0.0939385
FixedParameters: 0 0 0

#Transform 50
Transform: AffineTransform_float_3_3
Parameters: 1 -0.000236028 0.000106807 0.000236104 1 -0.000356975 -0.000106638 0.000357025 1 0.016663 0.0260731 -0.0268764
FixedParameters: 0 0 0

#Transform 51
Transform: AffineTransform_float_3_3
Parameters: 1 -0.000266456 0.000119587 0.00026643 1 0.000110032 -0.000119646 -0.000109968 1 0.016587 0.0329323 -0.0571321
FixedParameters: 0 0 0

#Transform 52
Transform: AffineTransform_float_3_3
Parameters: 1 -0.000253523 0.00011422 0.000253589 1 -0.000289971 -0.000114073 0.000290029 1 0.0166136 0.0706279 -0.089839
FixedParameters: 0 0 0

#Transform 53
Transform: AffineTransform_float_3_3
Parameters: 1 -3.87897e-05 -9.10844e-05 3.8575e-05 1 -0.001178 9.11755e-05 0.001178 1 0.0176715 0.10468 -0.100622
FixedParameters: 0 0 0

#Transform 54
Transform: AffineTransform_float_3_3
Parameters: 1 -0.000245729 -0.000192216 0.000245602 1 -0.000330047 0.000192378 0.000329953 1 0.0128403 0.0235988 -0.0291644
FixedParameters: 0 0 0

#Transform 55
Transform: AffineTransform_float_3_3
Parameters: 1 -0.000188208 8.6387e-05 0.000188192 1 9.20163e-05 -8.64217e-05 -9.19837e-05 1 0.0132219 0.01864 -0.0503109
FixedParameters: 0 0 0

#Transform 56
Transform: AffineTransform_float_3_3
Parameters: 1 -0.000191843 8.80521e-05 0.000191921 1 -0.000441983 -8.78824e-05 0.000442017 1 0.0134565 0.0796291 -0.0799592
FixedParameters: 0 0 0

#Transform 57
Transform: AffineTransform_float_3_3
Parameters: 1 -0.000196418 9.00663e-05 0.000196551 0.999999 -0.000739982 -8.97755e-05 0.000740017 0.999999 0.0168172 0.102922 -0.0923575
FixedParameters: 0 0 0

#Transform 58
Transform: AffineTransform_float_3_3
Parameters: 1 -0.000430289 0.000189175 0.000430297 1 -1.99186e-05 -0.000189158 2.00814e-05 1 0.0159849 0.0284442 -0.0284114
FixedParameters: 0 0 0

#Transform 59
Transform: AffineTransform_float_3_3
Parameters: 1 -0.000430307 0.000189135 0.000430279 1 7.40814e-05 -0.000189198 -7.39186e-05 1 0.0159791 0.0345907 -0.0450297
FixedParameters: 0 0 0

#Transform 60
Transform: AffineTransform_float_3_3
Parameters: 1 -0.000523292 -2.98131e-05 0.000523281 1 -0.000192016 3.0014e-05 0.000191984 1 0.0122158 0.0632477 -0.0639559
FixedParameters: 0 0 0

#Transform 61
Transform: AffineTransform_float_3_3
Parameters: 1 -0.000261426 -9.85353e-05 0.000261279 0.999999 -0.000744025 9.89242e-05 0.000743974 0.999999 0.013202 0.115835 -0.0908735
FixedParameters: 0 0 0

#Transform 62
Transform: AffineTransform_float_3_3
Parameters: 1 -0.000430196 0.000189387 0.00043039 1 -0.000512918 -0.000188946 0.000513081 1 0.0106424 0.0605476 -0.0421826
FixedParameters: 0 0 0

#Transform 63
Transform: AffineTransform_float_3_3
Parameters: 1 -0.000506483 9.80994e-06 0.000506098 1 -0.000279995 -1.04469e-05 0.000280005 1 0.0162158 -0.000364829 -0.0255573
FixedParameters: 0 0 0

#Transform 64
Transform: AffineTransform_float_3_3
Parameters: 1 -0.00058436 -0.000173111 0.000583731 1 -0.000686253 0.000172993 0.000686746 0.999999 0.0164693 0.0714794 -0.0616599
FixedParameters: 0 0 0

#Transform 65
Transform: AffineTransform_float_3_3
Parameters: 1 -0.000526056 -3.58666e-05 0.000525988 1 -0.000932379 3.68471e-05 0.000931621 0.999999 0.0162972 0.0965636 -0.0718089
FixedParameters: 0 0 0

#Transform 66
Transform: AffineTransform_float_3_3
Parameters: 1 -0.000311502 0.000138866 0.000311594 1 -0.000332957 -0.000138659 0.000333043 1 0.0163991 0.0316445 -0.0329727
FixedParameters: 0 0 0

#Transform 67
Transform: AffineTransform_float_3_3
Parameters: 1 -0.000430277 0.000189203 0.000430309 1 -8.49186e-05 -0.00018913 8.50814e-05 1 0.0159696 0.0558346 -0.0465943
FixedParameters: 0 0 0

#Transform 68
Transform: AffineTransform_float_3_3
Parameters: 1 -0.000505694 1.19387e-05 0.000505714 1 -0.000849507 -1.10795e-05 0.000849494 0.999999 0.0161989 0.0897393 -0.0874076
FixedParameters: 0 0 0

#Transform 69
Transform: AffineTransform_float_3_3
Parameters: 1 -0.000536613 -6.08426e-05 0.000536529 0.999999 -0.000686032 6.15788e-05 0.000685967 1 0.0163199 0.0677755 -0.0492513
FixedParameters: 0 0 0

#Transform 70
Transform: AffineTransform_float_3_3
Parameters: 1 -0.000349274 0.000154816 0.000349303 1 -9.59459e-05 -0.000154749 9.6054e-05 1 0.0162231 0.0233679 -0.0261009
FixedParameters: 0 0 0

#Transform 71
Transform: AffineTransform_float_3_3
Parameters: 1 -0.00032071 0.000142766 0.000320796 1 -0.000301954 -0.000142573 0.000302046 1 0.0213109 0.0715491 -0.0728351
FixedParameters: 0 0 0

#Transform 72
Transform: AffineTransform_float_3_3
Parameters: 1 -0.000361145 0.000160109 0.000361364 0.999999 -0.000685942 -0.000159614 0.000686057 1 0.0322692 0.110474 -0.09563
FixedParameters: 0 0 0

#Transform 73
Transform: AffineTransform_float_3_3
Parameters: 1 -0.000430249 0.000189267 0.000430337 1 -0.000233919 -0.000189066 0.000234081 1 0.0256154 0.0421318 -0.0365802
FixedParameters: 0 0 0

#Transform 74
Transform: AffineTransform_float_3_3
Parameters: 1 -0.000329035 0.000146192 0.00032904 1 -1.69519e-05 -0.000146181 1.70481e-05 1 0.0160599 0.0167498 -0.0465748
FixedParameters: 0 0 0

#Transform 75
Transform: AffineTransform_float_3_3
Parameters: 1 -0.000308722 0.000137733 0.00030885 1 -0.000462957 -0.000137447 0.000463042 1 0.0211465 0.0706959 -0.0720656
FixedParameters: 0 0 0

#Transform 76
Transform: AffineTransform_float_3_3
Parameters: 1 -0.000430107 0.000189589 0.000430479 1 -0.000982278 -0.000188744 0.000981722 0.999999 0.0216803 0.112953 -0.0876902
FixedParameters: 0 0 0

#Transform 77
Transform: AffineTransform_float_3_3
Parameters: 1 -0.000498669 2.81086e-05 0.000498672 1 -6.0986e-05 -2.80478e-05 6.1014e-05 1 0.0159486 0.0340768 -0.0310512
FixedParameters: 0 0 0

#Transform 78
Transform: AffineTransform_float_3_3
Parameters: 1 -0.000435565 4.36682e-05 0.000435567 1 -1.91337e-05 -4.36512e-05 1.98663e-05 1 0.016034 0.0537367 -0.0615722
FixedParameters: 0 0 0

#Transform 79
Transform: AffineTransform_float_3_3
Parameters: 1 -0.000430113 0.000189575 0.000430473 1 -0.000950278 -0.000188758 0.000949722 0.999999 0.0283658 0.0957169 -0.0978025
FixedParameters: 0 0 0

#Transform 80
Transform: AffineTransform_float_3_3
Parameters: 1 -0.000374052 0.000165536 0.000374232 1 -0.000544938 -0.000165128 0.000545062 1 0.0260861 0.0880575 -0.0676113
FixedParameters: 0 0 0

#Transform 81
Transform: AffineTransform_float_3_3
Parameters: 1 -0.000506092 1.07415e-05 0.000506098 1 -0.000302147 -1.04354e-05 0.000302853 1 0.0159765 0.018153 -0.0382769
FixedParameters: 0 0 0

#Transform 82
Transform: AffineTransform_float_3_3
Parameters: 1 -0.00043019 0.000189401 0.000430396 1 -0.000544918 -0.000188932 0.000545081 1 0.0156817 0.061352 -0.0706912
FixedParameters: 0 0 0

#Transform 83
Transform: AffineTransform_float_3_3
Parameters: 1 -0.000430103 0.000189599 0.000430483 1 -0.00100428 -0.000188735 0.00100372 0.999999 0.0156537 0.115253 -0.0963131
FixedParameters: 0 0 0

#Transform 84
Transform: AffineTransform_float_3_3
Parameters: 1 -0.000355667 0.000157663 0.000355796 1 -0.000409944 -0.000157371 0.000410056 1 0.0181296 0.0559009 -0.0460383
FixedParameters: 0 0 0

#Transform 85
Transform: AffineTransform_float_3_3
Parameters: 1 -0.000406484 -1.31563e-05 0.000406479 1 -0.000173005 1.32969e-05 0.000172995 1 0.0162601 0.0221055 -0.0241665
FixedParameters: 0 0 0

#Transform 86
Transform: AffineTransform_float_3_3
Parameters: 1 -0.000370399 0.000163908 0.000370521 1 -0.000374939 -0.00016363 0.000375061 1 0.0208296 0.0844143 -0.0627803
FixedParameters: 0 0 0

#Transform 87
Transform: AffineTransform_float_3_3
Parameters: 1 -0.000430111 0.00018958 0.000430475 1 -0.000962278 -0.000188753 0.000961722 0.999999 0.0309454 0.117181 -0.0880634
FixedParameters: 0 0 0

#Transform 88
Transform: AffineTransform_float_3_3
Parameters: 1 -0.000410704 0.000235284 0.000410809 1 -0.000223903 -0.0002351 0.000224097 1 0.0330538 0.0474246 -0.0325039
FixedParameters: 0 0 0

#Transform 89
Transform: AffineTransform_float_3_3
Parameters: 1 -0.000430276 0.000189205 0.00043031 1 -8.89186e-05 -0.000189128 8.90814e-05 1 0.0331677 0.0509287 -0.0522448
FixedParameters: 0 0 0

#Transform 90
Transform: AffineTransform_float_3_3
Parameters: 1 -0.000430212 0.00018935 0.000430373 1 -0.000425918 -0.000188983 0.000426081 1 0.015875 0.0966671 -0.0787121
FixedParameters: 0 0 0

#Transform 91
Transform: AffineTransform_float_3_3
Parameters: 1 -0.000432036 -9.32269e-05 0.000431841 1 -0.00103704 9.41228e-05 0.00103696 1 0.0240362 0.102547 -0.0770319
FixedParameters: 0 0 0

#Transform 92
Transform: AffineTransform_float_3_3
Parameters: 1 -0.000430222 0.000189328 0.000430364 1 -0.000375918 -0.000189005 0.000376081 1 0.015911 0.0386421 -0.020156
FixedParameters: 0 0 0

#Transform 93
Transform: AffineTransform_float_3_3
Parameters: 1 -0.00037261 7.69116e-05 0.000372696 1 -0.000554971 -7.64979e-05 0.000555028 1 0.0162955 0.0548151 -0.049766
FixedParameters: 0 0 0

#Transform 94
Transform: AffineTransform_float_3_3
Parameters: 1 -0.000430104 0.000189595 0.000430481 1 -0.000996278 -0.000188738 0.000995722 0.999999 0.0158653 0.114774 -0.088944
FixedParameters: 0 0 0

#Transform 95
Transform: AffineTransform_float_3_3
Parameters: 1 -0.000506482 9.84236e-06 0.000506489 1 -0.000343995 -9.4939e-06 0.000344005 1 0.0161767 0.0570099 -0.0273667
FixedParameters: 0 0 0

#Transform 96
Transform: AffineTransform_float_3_3
Parameters: 1 -0.000430268 0.000189223 0.000430318 1 -0.000131919 -0.00018911 0.000132081 1 0.0158978 0.0599487 -0.0417811
FixedParameters: 0 0 0

#Transform 97
Transform: AffineTransform_float_3_3
Parameters: 1 -0.000430193 0.000189394 0.000430393 1 -0.000528918 -0.000188939 0.000529081 1 0.0158741 0.085653 -0.0447431
FixedParameters: 0 0 0

#Transform 98
Transform: AffineTransform_float_3_3
Parameters: 1 -0.000430048 0.000189722 0.000430537 0.999999 -0.00129092 -0.000188611 0.00129108 0.999999 0.0158599 0.124432 -0.0691039
FixedParameters: 0 0 0

#Transform 99
Transform: AffineTransform_float_3_3
Parameters: 1 -0.000430206 0.000189365 0.00043038 1 -0.000460918 -0.000188968 0.000461081 1 0.0201652 0.0606396 -0.00640532
FixedParameters: 0 0 0

#Transform 100
Transform: AffineTransform_float_3_3
Parameters: 1 -0.000430286 0.000189183 0.0004303 1 -3.79186e-05 -0.00018915 3.80814e-05 1 0.0242538 0.0689762 -0.0421037
FixedParameters: 0 0 0

#Transform 101
Transform: AffineTransform_float_3_3
Parameters: 1 -0.000493708 0.000216355 0.000493907 1 -0.000461893 -0.000215899 0.000462106 1 0.0155941 0.105439 -0.0681248
FixedParameters: 0 0 0

#Transform 102
Transform: AffineTransform_float_3_3
Parameters: 1 -0.000614769 9.52772e-05 0.000614534 1 -0.000819301 -9.51909e-05 0.000818699 0.999999 0.0155643 0.115623 -0.070573
FixedParameters: 0 0 0

#Transform 103
Transform: AffineTransform_float_3_3
Parameters: 1 -0.00050609 1.0783e-05 0.000506099 1 -0.000383994 -1.03943e-05 0.000384005 1 0.0161674 0.0442735 -0.0241207
FixedParameters: 0 0 0

#Transform 104
Transform: AffineTransform_float_3_3
Parameters: 1 -0.000458803 0.000122021 0.00045883 1 -0.000111944 -0.000121918 0.000112056 1 0.0159817 0.0627642 -0.0511186
FixedParameters: 0 0 0

#Transform 105
Transform: AffineTransform_float_3_3
Parameters: 1 -0.000492787 0.000215964 0.000492987 1 -0.000461893 -0.000215508 0.000462106 1 0.0224029 0.100993 -0.0900896
FixedParameters: 0 0 0

#Transform 106
Transform: AffineTransform_float_3_3
Parameters: 1 -0.000430128 0.00018954 0.000430457 0.999999 -0.000867918 -0.000188793 0.000868081 0.999999 0.0158691 0.122349 -0.0881486
FixedParameters: 0 0 0

#Transform 107
Transform: AffineTransform_float_3_3
Parameters: 1 -0.000528119 0.00031442 0.000528194 1 -0.000119834 -0.000314294 0.000120166 1 0.0153127 0.0607154 -0.0507249
FixedParameters: 0 0 0

#Transform 108
Transform: AffineTransform_float_3_3
Parameters: 1 -0.000484571 0.000212291 0.000484634 1 -0.000147897 -0.000212148 0.000148103 1 0.0156791 0.0704124 -0.0608057
FixedParameters: 0 0 0

#Transform 109
Transform: AffineTransform_float_3_3
Parameters: 1 -0.000408236 0.000241012 0.000408587 0.999999 -0.000727901 -0.000240417 0.000728098 0.999999 0.026558 0.123074 -0.095556
FixedParameters: 0 0 0

#Transform 110
Transform: AffineTransform_float_3_3
Parameters: 1 -0.000502859 0.000220384 0.000503166 0.999999 -0.000695889 -0.000219684 0.00069611 0.999999 0.0226931 0.105667 -0.0789312
FixedParameters: 0 0 0

#Transform 111
Transform: AffineTransform_float_3_3
Parameters: 1 -0.000455664 0.000129427 0.000455717 1 -0.000204941 -0.00012924 0.000205059 1 0.0159451 0.0456741 -0.0518068
FixedParameters: 0 0 0

#Transform 112
Transform: AffineTransform_float_3_3
Parameters: 1 -0.000525066 0.000229501 0.000525144 1 -0.000168879 -0.000229323 0.00016912 1 0.0217132 0.0638523 -0.0632816
FixedParameters: 0 0 0

#Transform 113
Transform: AffineTransform_float_3_3
Parameters: 1 -0.000477961 0.000209936 0.000478357 1 -0.000945259 -0.000209033 0.00094474 0.999999 0.0157099 0.116887 -0.0859455
FixedParameters: 0 0 0

#Transform 114
Transform: AffineTransform_float_3_3
Parameters: 1 -0.000430209 0.000189358 0.000430377 1 -0.000444918 -0.000188975 0.000445081 1 0.0158882 0.0777246 -0.0519708
FixedParameters: 0 0 0

#Transform 115
Transform: AffineTransform_float_3_3
Parameters: 1 -0.00043029 0.000189173 0.000430296 1 -1.49186e-05 -0.00018916 1.50814e-05 1 0.0111704 0.0507867 -0.048813
FixedParameters: 0 0 0

#Transform 116
Transform: AffineTransform_float_3_3
Parameters: 1 -0.000481098 6.94326e-05 0.000481078 1 0.000142033 -6.95692e-05 -0.000141967 1 0.00224278 0.0889521 -0.0597031
FixedParameters: 0 0 0

#Transform 117
Transform: AffineTransform_float_3_3
Parameters: 1 -0.000430136 0.000189523 0.000430449 0.999999 -0.000828918 -0.00018881 0.000829081 0.999999 0.0158597 0.119554 -0.0965906
FixedParameters: 0 0 0

#Transform 118
Transform: AffineTransform_float_3_3
Parameters: 1 -0.000430213 0.000189349 0.000430373 1 -0.000422918 -0.000188985 0.000423081 1 0.00870145 0.111379 -0.0480383
FixedParameters: 0 0 0

#Transform 119
Transform: AffineTransform_float_3_3
Parameters: 1 -0.000430244 0.000189278 0.000430342 1 -0.000257919 -0.000189056 0.000258081 1 0.0033731 0.049894 -0.0364305
FixedParameters: 0 0 0

#Transform 120
Transform: AffineTransform_float_3_3
Parameters: 1 -0.0003373 0.000149753 0.000337344 1 -0.000148949 -0.000149652 0.00014905 1 0.00266685 0.087476 -0.052545
FixedParameters: 0 0 0

#Transform 121
Transform: AffineTransform_float_3_3
Parameters: 1 -0.000430156 0.000189477 0.000430429 0.999999 -0.000720918 -0.000188856 0.000721081 0.999999 0.00687079 0.116168 -0.0829498
FixedParameters: 0 0 0

#Transform 122
Transform: AffineTransform_float_3_3
Parameters: 1 -0.000430195 0.00018939 0.000430391 1 -0.000518918 -0.000188943 0.000519081 1 0.00901946 0.103629 -0.0656015
FixedParameters: 0 0 0

#Transform 123
Transform: AffineTransform_float_3_3
Parameters: 1 -0.000397825 0.000265625 0.000397509 1 -0.000140894 -0.000266433 0.000141106 1 0.00433659 0.0382262 -0.0250519
FixedParameters: 0 0 0

#Transform 124
Transform: AffineTransform_float_3_3
Parameters: 1 -0.000430248 0.000189269 0.000430338 1 -0.000237919 -0.000189064 0.000238081 1 0.00432009 0.0800929 -0.0471157
FixedParameters: 0 0 0

#Transform 125
Transform: AffineTransform_float_3_3
Parameters: 1 -0.000274611 0.000123392 0.000274843 0.999999 -0.000941965 -0.000122874 0.000942033 0.999999 0.00883776 0.148491 -0.0811754
FixedParameters: 0 0 0

#Transform 126
Transform: AffineTransform_float_3_3
Parameters: 1 -0.00022129 0.000100577 0.000221386 1 -0.000479978 -0.000100364 0.000480022 1 0.00121363 0.0893682 -0.0318785
FixedParameters: 0 0 0

#Transform 127
Transform: AffineTransform_float_3_3
Parameters: 1 -5.93783e-06 9.04114e-06 5.94249e-06 1 -0.000258 -9.03808e-06 0.000258 1 -0.00551829 0.0557767 -0.033664
FixedParameters: 0 0 0

#Transform 128
Transform: AffineTransform_float_3_3
Parameters: 1 -3.99923e-05 2.35078e-05 4.00054e-05 1 -0.000277999 -2.34855e-05 0.000278001 1 -0.00218776 0.0895861 -0.0503517
FixedParameters: 0 0 0

#Transform 129
Transform: AffineTransform_float_3_3
Parameters: 1 -7.21783e-05 3.72465e-05 7.22548e-05 1 -0.001029 -3.70979e-05 0.001029 1 -0.00182943 0.149941 -0.0731077
FixedParameters: 0 0 0

#Transform 130
Transform: AffineTransform_float_3_3
Parameters: 1 2.44347e-05 -3.86617e-06 -2.44383e-05 1 -0.000477 3.84286e-06 0.000477 1 -0.00542184 0.0938221 -0.0231104
FixedParameters: 0 0 0

#Transform 131
Transform: AffineTransform_float_3_3
Parameters: 1 -3.7236e-05 2.23267e-05 3.72387e-05 1 -5.99992e-05 -2.23222e-05 6.00008e-05 1 -0.00615961 0.0676752 -0.0347784
FixedParameters: 0 0 0

#Transform 132
Transform: AffineTransform_float_3_3
Parameters: 1 -0.00010718 5.20532e-05 0.000107212 1 -0.000309994 -5.19868e-05 0.000310006 1 -0.0171664 0.116929 -0.0667259
FixedParameters: 0 0 0

#Transform 133
Transform: AffineTransform_float_3_3
Parameters: 1 -0.000177761 -0.000118874 0.00017844 1 -0.00101917 0.000118846 0.00101983 1 -0.00957097 0.147647 -0.0804137
FixedParameters: 0 0 0

#Transform 134
Transform: AffineTransform_float_3_3
Parameters: 1 -0.000294926 0.000131847 0.000295031 1 -0.000400961 -0.000131611 0.000401039 1 -0.0112048 0.072533 -0.00781144
FixedParameters: 0 0 0

#Transform 135
Transform: AffineTransform_float_3_3
Parameters: 1 -9.33676e-05 4.62006e-05 9.34086e-05 1 -0.000444996 -4.61175e-05 0.000445004 1 -0.00869954 0.0891737 -0.0248871
FixedParameters: 0 0 0

#Transform 136
Transform: AffineTransform_float_3_3
Parameters: 1 -4.88072e-05 -6.61729e-05 4.86888e-05 0.999999 -0.000894002 6.626e-05 0.000893996 0.999999 -0.00902522 0.135206 -0.0747372
FixedParameters: 0 0 0

#Transform 137
Transform: AffineTransform_float_3_3
Parameters: 1 -0.000171313 -0.000142337 0.0001712 1 -0.000397024 0.000142473 0.000396976 1 -0.0124751 0.106934 -0.0318189
FixedParameters: 0 0 0

#Transform 138
Transform: AffineTransform_float_3_3
Parameters: 1 -0.000122948 -0.000105322 0.000122917 1 -0.000149013 0.000105359 0.000148987 1 -0.0140593 0.0816993 -0.0299379
FixedParameters: 0 0 0

#Transform 139
Transform: AffineTransform_float_3_3
Parameters: 1 -0.000159655 -4.84064e-05 0.00015961 1 -0.000464008 4.85545e-05 0.000463992 1 -0.0153674 0.118246 -0.0568686
FixedParameters: 0 0 0

#Transform 140
Transform: AffineTransform_float_3_3
Parameters: 1 -0.00026125 -2.13639e-05 0.000261202 1 -0.00110301 2.19401e-05 0.001103 1 -0.0244699 0.15673 -0.0559784
FixedParameters: 0 0 0

#Transform 141
Transform: AffineTransform_float_3_3
Parameters: 1 -0.000162416 7.54858e-05 0.000162436 1 -0.000134988 -7.54419e-05 0.000135012 1 -0.0089974 0.0835908 -0.0113884
FixedParameters: 0 0 0

#Transform 142
Transform: AffineTransform_float_3_3
Parameters: 1 -0.000215809 9.81409e-05 0.000215822 1 -6.79788e-05 -9.81116e-05 6.80212e-05 1 -0.0166265 0.0985786 -0.0424626
FixedParameters: 0 0 0

#Transform 143
Transform: AffineTransform_float_3_3
Parameters: 1 -0.000122824 5.87053e-05 0.000122865 1 -0.000348993 -5.86196e-05 0.000349007 1 -0.0139086 0.137426 -0.0752745
FixedParameters: 0 0 0

#Transform 144
Transform: AffineTransform_float_3_3
Parameters: 1 -0.000237461 -2.93506e-05 0.000237404 0.999999 -0.000963159 2.98081e-05 0.000963839 0.999999 -0.00879666 0.172111 -0.0778701
FixedParameters: 0 0 0

#Transform 145
Transform: AffineTransform_float_3_3
Parameters: 1 -0.00018263 8.41613e-05 0.000182724 1 -0.000554984 -8.39585e-05 0.000555015 1 -0.00887835 0.113979 -0.0191099
FixedParameters: 0 0 0

#Transform 146
Transform: AffineTransform_float_3_3
Parameters: 1 -0.000194663 8.90966e-05 0.000195015 1 0.000220017 -8.82619e-05 -0.000219983 1 -0.0121684 0.0859993 -0.0313873
FixedParameters: 0 0 0

#Transform 147
Transform: AffineTransform_float_3_3
Parameters: 1 -0.000114545 5.51758e-05 0.000114574 1 -0.000260994 -5.5116e-05 0.000261006 1 -0.0116847 0.109509 -0.0532144
FixedParameters: 0 0 0

#Transform 148
Transform: AffineTransform_float_3_3
Parameters: 1 -0.000178009 8.22476e-05 0.00017814 0.999999 -0.000793985 -8.19649e-05 0.000794014 0.999999 -0.00890498 0.151393 -0.0879874
FixedParameters: 0 0 0

#Transform 149
Transform: AffineTransform_float_3_3
Parameters: 1 -0.000309641 0.000138128 0.000309772 1 -0.000475957 -0.000137833 0.000476043 1 -0.00730076 0.125216 -0.057739
FixedParameters: 0 0 0

#Transform 150
Transform: AffineTransform_float_3_3
Parameters: 1 -0.000221215 0.000185192 0.000221261 1 -0.000124959 -0.000185136 0.000125041 1 -0.00862398 0.0708069 -0.050419
FixedParameters: 0 0 0

#Transform 151
Transform: AffineTransform_float_3_3
Parameters: 1 -0.000396193 0.000269406 0.000396015 1 -0.000392893 -0.000270015 0.000393107 1 -0.00616984 0.117437 -0.069314
FixedParameters: 0 0 0

#Transform 152
Transform: AffineTransform_float_3_3
Parameters: 1 -0.000163102 0.000168329 0.000163443 1 -0.00101397 -0.000167998 0.00101403 1 -0.00167406 0.152595 -0.10281
FixedParameters: 0 0 0

#Transform 153
Transform: AffineTransform_float_3_3
Parameters: 1 -0.00019645 8.99962e-05 0.000196519 1 -0.000382982 -8.98457e-05 0.000383018 1 -0.00387908 0.0926854 -0.0508335
FixedParameters: 0 0 0

#Transform 154
Transform: AffineTransform_float_3_3
Parameters: 1 -0.000232398 0.000105129 0.000232371 1 0.000129024 -0.000105189 -0.000128976 1 -0.0038443 0.0755152 -0.0538192
FixedParameters: 0 0 0

#Transform 155
Transform: AffineTransform_float_3_3
Parameters: 1 -0.00026726 0.000120238 0.000267467 0.999999 -0.000864967 -0.000119776 0.000865031 0.999999 -0.00288043 0.126475 -0.108066
FixedParameters: 0 0 0

#Transform 156
Transform: AffineTransform_float_3_3
Parameters: 1 -0.00023689 0.000107327 0.000237083 0.999999 -0.000901974 -0.000106899 0.000902025 0.999999 0.000429407 0.124152 -0.074273
FixedParameters: 0 0 0

#Transform 157
Transform: AffineTransform_float_3_3
Parameters: 1 -0.000430253 0.000189258 0.000430333 1 -0.000212919 -0.000189075 0.000213081 1 0.00559105 0.0684507 -0.0420757
FixedParameters: 0 0 0

#Transform 158
Transform: AffineTransform_float_3_3
Parameters: 1 6.40125e-05 -2.06737e-05 -6.4024e-05 1 -0.000277999 2.06381e-05 0.000278001 1 0.00933474 0.0892688 -0.0753896
FixedParameters: 0 0 0

#Transform 159
Transform: AffineTransform_float_3_3
Parameters: 1 -0.000248853 0.000112414 0.000249053 0.999999 -0.000890971 -0.000111971 0.000891027 0.999999 0.00641813 0.143642 -0.115599
FixedParameters: 0 0 0

#Transform 160
Transform: AffineTransform_float_3_3
Parameters: 1 -0.00038191 -0.00011362 0.000381771 0.999999 -0.000611043 0.000114087 0.000610956 1 0.000427061 0.096596 -0.063491
FixedParameters: 0 0 0

#Transform 161
Transform: AffineTransform_float_3_3
Parameters: 1 -0.000430239 0.000189289 0.000430347 1 -0.000283919 -0.000189044 0.000284081 1 0.00706176 0.0468871 -0.0609223
FixedParameters: 0 0 0

#Transform 162
Transform: AffineTransform_float_3_3
Parameters: 1 -0.000343694 0.000152598 0.000343837 1 -0.000466947 -0.000152277 0.000467052 1 -0.000231115 0.0878037 -0.0759472
FixedParameters: 0 0 0

#Transform 163
Transform: AffineTransform_float_3_3
Parameters: 1 -0.000430111 0.00018958 0.000430475 1 -0.000961278 -0.000188753 0.000960722 0.999999 0.0128914 0.142686 -0.0987504
FixedParameters: 0 0 0

#Transform 164
Transform: AffineTransform_float_3_3
Parameters: 1 -0.000482992 6.5265e-05 0.00048309 0.999999 -0.000758968 -6.45317e-05 0.000759031 0.999999 0.0113236 0.117639 -0.0642795
FixedParameters: 0 0 0

#Transform 165
Transform: AffineTransform_float_3_3
Parameters: 1 -0.000430273 0.000189213 0.000430313 1 -0.000106919 -0.000189121 0.000107081 1 0.010212 0.0619751 -0.0304183
FixedParameters: 0 0 0

#Transform 166
Transform: AffineTransform_float_3_3
Parameters: 1 -0.000430221 0.00018933 0.000430364 1 -0.000378918 -0.000189003 0.000379081 1 0.0157815 0.0995773 -0.0695386
FixedParameters: 0 0 0

#Transform 167
Transform: AffineTransform_float_3_3
Parameters: 1 -0.000386611 0.000291755 0.000387232 0.999999 -0.00106574 -0.000290931 0.00106527 1 0.0202593 0.162823 -0.118636
FixedParameters: 0 0 0

#Transform 168
Transform: AffineTransform_float_3_3
Parameters: 1 -0.000382096 0.000302562 0.00038237 1 -0.000453884 -0.000302215 0.000454115 1 0.015609 0.104552 -0.0615563
FixedParameters: 0 0 0

#Transform 169
Transform: AffineTransform_float_3_3
Parameters: 1 -0.00031918 0.000297363 0.000319196 1 -2.57524e-05 -0.000297347 2.52476e-05 1 0.0157372 0.0830424 -0.0673004
FixedParameters: 0 0 0

#Transform 170
Transform: AffineTransform_float_3_3
Parameters: 1 -0.000309872 0.000293564 0.000310094 1 -0.000376909 -0.000293331 0.000377091 1 0.0157413 0.107285 -0.089924
FixedParameters: 0 0 0

#Transform 171
Transform: AffineTransform_float_3_3
Parameters: 1 -0.000394445 0.000273353 0.000395027 0.999999 -0.00106574 -0.000272512 0.00106526 1 0.0195354 0.144931 -0.123345
FixedParameters: 0 0 0

#Transform 172
Transform: AffineTransform_float_3_3
Parameters: 1 -0.000456728 0.000127059 0.000456997 1 -0.00106594 -0.000126085 0.00106606 1 0.0215831 0.13169 -0.0917489
FixedParameters: 0 0 0

#Transform 173
Transform: AffineTransform_float_3_3
Parameters: 1 -0.000374341 0.000320889 0.000374495 0.999999 -0.000240727 -0.000320709 0.000240273 1 0.0155764 0.0714881 -0.0529982
FixedParameters: 0 0 0

#Transform 174
Transform: AffineTransform_float_3_3
Parameters: 1 -0.000276583 0.000551001 0.000276888 1 -0.000275847 -0.000550848 0.000276152 1 0.0151737 0.107978 -0.0775774
FixedParameters: 0 0 0

#Transform 175
Transform: AffineTransform_float_3_3
Parameters: 1 -0.00037412 0.000321147 0.000374717 1 -0.000931239 -0.00032045 0.00093076 0.999999 0.0194235 0.145315 -0.122366
FixedParameters: 0 0 0

#Transform 176
Transform: AffineTransform_float_3_3
Parameters: 1 -0.00037416 0.0003211 0.000374676 0.999999 -0.000803879 -0.000320497 0.000804119 0.999999 0.0155438 0.127787 -0.0890804
FixedParameters: 0 0 0

#Transform 177
Transform: AffineTransform_float_3_3
Parameters: 1 -0.000374248 0.000320997 0.000374588 1 -0.00052988 -0.0003206 0.00053012 1 0.0155769 0.0798081 -0.076147
FixedParameters: 0 0 0

#Transform 178
Transform: AffineTransform_float_3_3
Parameters: 1 -0.000374287 0.000320952 0.000374549 1 -0.00040888 -0.000320646 0.00040912 1 0.0223601 0.11126 -0.0917934
FixedParameters: 0 0 0

#Transform 179
Transform: AffineTransform_float_3_3
Parameters: 1 -0.000376861 0.000102729 0.000377026 0.999999 -0.000803961 -0.000102123 0.000804038 0.999999 0.0160819 0.158846 -0.11632
FixedParameters: 0 0 0

#Transform 180
Transform: AffineTransform_float_3_3
Parameters: 1 -0.000451671 0.000138902 0.000451894 0.999999 -0.000803937 -0.000138175 0.000804062 0.999999 0.0158767 0.110633 -0.0738785
FixedParameters: 0 0 0

#Transform 181
Transform: AffineTransform_float_3_3
Parameters: 1 -0.000423953 0.000204078 0.000423739 1 -0.000431913 -0.000204632 0.000432087 1 0.0102181 0.0864046 -0.0756777
FixedParameters: 0 0 0

#Transform 182
Transform: AffineTransform_float_3_3
Parameters: 1 -0.00037416 0.0003211 0.000374676 0.999999 -0.000803879 -0.000320497 0.000804119 0.999999 0.015533 0.130127 -0.119873
FixedParameters: 0 0 0

#Transform 183
Transform: AffineTransform_float_3_3
Parameters: 1 -0.000373973 0.000321318 0.000374473 0.999999 -0.00138688 -0.0003212 0.00138712 0.999999 0.0155296 0.161409 -0.106449
FixedParameters: 0 0 0

#Transform 184
Transform: AffineTransform_float_3_3
Parameters: 1 -0.000475962 8.17369e-05 0.000476054 0.999999 -0.000565961 -8.11981e-05 0.000566038 1 0.0159388 0.0903077 -0.0729334
FixedParameters: 0 0 0

#Transform 185
Transform: AffineTransform_float_3_3
Parameters: 1 -0.000498572 0.0003737 0.000498801 1 -0.000306814 -0.000373394 0.000307186 1 0.00859162 0.111872 -0.070533
FixedParameters: 0 0 0

#Transform 186
Transform: AffineTransform_float_3_3
Parameters: 1 -0.000440745 0.000164574 0.00044094 0.999999 -0.000591927 -0.000164052 0.000592072 1 0.0158076 0.133318 -0.10309
FixedParameters: 0 0 0

#Transform 187
Transform: AffineTransform_float_3_3
Parameters: 1 -0.000374097 0.000321173 0.00037435 1 -0.00100124 -0.000321345 0.00100076 0.999999 0.0155161 0.175029 -0.120042
FixedParameters: 0 0 0

#Transform 188
Transform: AffineTransform_float_3_3
Parameters: 1 -0.000374154 0.000321107 0.000374682 0.999999 -0.000822879 -0.00032049 0.000823119 0.999999 0.0155591 0.0968628 -0.0522734
FixedParameters: 0 0 0

#Transform 189
Transform: AffineTransform_float_3_3
Parameters: 1 -0.000577981 0.000202135 0.000577744 1 -0.000378883 -0.000202618 0.000379117 1 0.00698099 0.100517 -0.0548603
FixedParameters: 0 0 0

#Transform 190
Transform: AffineTransform_float_3_3
Parameters: 1 -0.000374097 0.000321173 0.00037435 1 -0.00100124 -0.000321345 0.00100076 0.999999 0.0123508 0.132807 -0.0985406
FixedParameters: 0 0 0

#Transform 191
Transform: AffineTransform_float_3_3
Parameters: 1 -0.000373966 0.000321326 0.000374481 0.999999 -0.00140888 -0.000321192 0.00140912 0.999999 0.0125243 0.16627 -0.111118
FixedParameters: 0 0 0

#Transform 192
Transform: AffineTransform_float_3_3
Parameters: 1 -0.000679678 0.000167518 0.000679593 1 -0.000911246 -0.0001672 0.000910754 0.999999 0.00518524 0.0931034 -0.0547568
FixedParameters: 0 0 0

#Transform 193
Transform: AffineTransform_float_3_3
Parameters: 1 -0.000504901 0.000376589 0.000505358 0.999999 -0.000607809 -0.000375975 0.00060819 0.999999 0.00319668 0.0927061 -0.0629196
FixedParameters: 0 0 0

#Transform 194
Transform: AffineTransform_float_3_3
Parameters: 1 -0.000467299 0.000102238 0.000467525 1 -0.00111195 -0.000101199 0.00111205 1 -0.000245561 0.137859 -0.0870645
FixedParameters: 0 0 0

#Transform 195
Transform: AffineTransform_float_3_3
Parameters: 1 -0.000500046 0.000374972 0.000500619 0.999999 -0.00128581 -0.000374606 0.00128619 0.999999 0.00565877 0.164664 -0.0938278
FixedParameters: 0 0 0

#Transform 196
Transform: AffineTransform_float_3_3
Parameters: 1 -0.000374168 0.00032109 0.000374668 0.999999 -0.000777879 -0.000320507 0.000778119 0.999999 -0.000592671 0.105177 -0.0544513
FixedParameters: 0 0 0

#Transform 197
Transform: AffineTransform_float_3_3
Parameters: 1 -0.000436463 0.000174643 0.000436236 1 -0.000467924 -0.000175155 0.000468076 1 0.00401968 0.103049 -0.0581213
FixedParameters: 0 0 0

#Transform 198
Transform: AffineTransform_float_3_3
Parameters: 1 -0.000563091 0.000232075 0.000563554 1 -0.00100123 -0.000230948 0.00100077 0.999999 -0.00089517 0.148727 -0.0887977
FixedParameters: 0 0 0

#Transform 199
Transform: AffineTransform_float_3_3
Parameters: 1 -0.000419429 0.000214635 0.000419667 0.999999 -0.00146591 -0.000214326 0.00146609 0.999999 -0.000468336 0.18333 -0.0982413
FixedParameters: 0 0 0

#Transform 200
Transform: AffineTransform_float_3_3
Parameters: 1 -0.000374214 0.000321037 0.000374622 0.999999 -0.000635879 -0.00032056 0.00063612 0.999999 -0.000591492 0.107395 -0.0481892
FixedParameters: 0 0 0

#Transform 201
Transform: AffineTransform_float_3_3
Parameters: 1 -0.000374286 0.000320953 0.000374551 1 -0.00041288 -0.000320644 0.00041312 1 -0.00060213 0.115431 -0.0719711
FixedParameters: 0 0 0

#Transform 202
Transform: AffineTransform_float_3_3
Parameters: 1 -0.000405759 0.000246746 0.000405986 0.999999 -0.0012519 -0.00024665 0.0012521 0.999999 0.00701072 0.161068 -0.123959
FixedParameters: 0 0 0

#Transform 203
Transform: AffineTransform_float_3_3
Parameters: 1 -0.00062592 0.000212146 0.000625989 1 -0.00108502 -0.000211707 0.00108598 0.999999 0.00513895 0.140693 -0.0899712
FixedParameters: 0 0 0

#Transform 204
Transform: AffineTransform_float_3_3
Parameters: 1 -0.000432911 0.000183001 0.000433145 0.999999 -0.00064092 -0.000182445 0.000641079 1 -0.000323946 0.0914536 -0.0449167
FixedParameters: 0 0 0

#Transform 205
Transform: AffineTransform_float_3_3
Parameters: 1 -0.000374168 0.00032109 0.000374668 0.999999 -0.000777879 -0.000320507 0.000778119 0.999999 0.005647 0.123912 -0.0679025
FixedParameters: 0 0 0

#Transform 206
Transform: AffineTransform_float_3_3
Parameters: 1 -0.000373997 0.000321291 0.00037445 0.999999 -0.00131373 -0.000321228 0.00131327 1 -0.000636043 0.172944 -0.119909
FixedParameters: 0 0 0

#Transform 207
Transform: AffineTransform_float_3_3
Parameters: 1 -0.000525026 0.000385363 0.000525346 1 -0.000922157 -0.000385315 0.000921843 0.999999 0.00796396 0.128501 -0.0798919
FixedParameters: 0 0 0

#Transform 208
Transform: AffineTransform_float_3_3
Parameters: 0.999999 -0.000757948 0.000484237 0.0007582 1 -0.000663993 -0.000484151 0.000664008 0.999999 -0.00211828 0.0980535 -0.0623076
FixedParameters: 0 0 0

#Transform 209
Transform: AffineTransform_float_3_3
Parameters: 0.999999 -0.000720234 0.000468167 0.000720432 1 -0.000629023 -0.000468181 0.000628978 1 0.00605991 0.121993 -0.0804755
FixedParameters: 0 0 0

#Transform 210
Transform: AffineTransform_float_3_3
Parameters: 0.999999 -0.000687336 0.00024147 0.000687417 0.999999 -0.000978194 -0.000241046 0.000977806 0.999999 0.00785187 0.158398 -0.106497
FixedParameters: 0 0 0

#Transform 211
Transform: AffineTransform_float_3_3
Parameters: 0.999999 -0.00065281 0.000439964 0.000652541 0.999999 -0.00118471 -0.000438947 0.00118529 0.999999 0.0108327 0.141941 -0.092135
FixedParameters: 0 0 0

#Transform 212
Transform: AffineTransform_float_3_3
Parameters: 0.999999 -0.000762641 0.000268751 0.000762907 0.999999 -0.000494795 -0.000267996 0.000495204 1 0.00404018 0.0886357 -0.0547569
FixedParameters: 0 0 0

#Transform 213
Transform: AffineTransform_float_3_3
Parameters: 0.999999 -0.000711039 0.000464241 0.000711217 1 -0.00061203 -0.000464292 0.000611971 1 0.0040303 0.118351 -0.0802434
FixedParameters: 0 0 0

#Transform 214
Transform: AffineTransform_float_3_3
Parameters: 1 -0.000415992 0.000222743 0.000416071 1 -0.00105291 -0.000222787 0.00105309 1 -0.000489218 0.162974 -0.126329
FixedParameters: 0 0 0

#Transform 215
Transform: AffineTransform_float_3_3
Parameters: 1 -0.000476303 8.11115e-05 0.000476494 0.999999 -0.00118496 -7.99824e-05 0.00118504 1 -0.000219097 0.143094 -0.0918414
FixedParameters: 0 0 0

#Transform 216
Transform: AffineTransform_float_3_3
Parameters: 0.999999 -0.000712955 0.000464907 0.000713372 0.999999 -0.000447668 -0.000464268 0.000448331 1 -0.00193526 0.0861866 -0.0689838
FixedParameters: 0 0 0

#Transform 217
Transform: AffineTransform_float_3_3
Parameters: 0.999999 -0.000786954 0.000387919 0.000787479 1 -0.000678055 -0.000386851 0.000677945 1 -0.00191652 0.121685 -0.081418
FixedParameters: 0 0 0

#Transform 218
Transform: AffineTransform_float_3_3
Parameters: 0.999999 -0.00076875 0.00048931 0.000768567 0.999999 -0.00115362 -0.000488065 0.00115438 0.999999 0.0102532 0.170085 -0.127877
FixedParameters: 0 0 0

#Transform 219
Transform: AffineTransform_float_3_3
Parameters: 0.999999 -0.000772431 0.000490877 0.000773172 0.999999 -0.00115362 -0.000490014 0.00115438 0.999999 0.00461255 0.123573 -0.0929414
FixedParameters: 0 0 0

#Transform 220
Transform: AffineTransform_float_3_3
Parameters: 0.999999 -0.000749798 0.000480506 0.000750169 0.999999 -0.000385639 -0.000479927 0.00038636 1 0.00826367 0.0839631 -0.0658003
FixedParameters: 0 0 0

#Transform 221
Transform: AffineTransform_float_3_3
Parameters: 0.999999 -0.000751575 0.000481389 0.000751685 1 -0.000519998 -0.000481528 0.000520003 1 -0.00210543 0.10186 -0.0907179
FixedParameters: 0 0 0

#Transform 222
Transform: AffineTransform_float_3_3
Parameters: 0.999999 -0.000751215 0.00048195 0.000752044 0.999999 -0.00126664 -0.000480966 0.00126736 0.999999 0.0058743 0.138342 -0.111187
FixedParameters: 0 0 0

#Transform 223
Transform: AffineTransform_float_3_3
Parameters: 0.999999 -0.000868372 0.000206951 0.000869465 0.999998 -0.00136282 -0.000205894 0.00136318 0.999999 -0.001684 0.160937 -0.0952155
FixedParameters: 0 0 0

#Transform 224
Transform: AffineTransform_float_3_3
Parameters: 0.999999 -0.000881052 0.000176836 0.000881262 1 -0.000595204 -0.000175787 0.000594796 1 -0.00157592 0.0947391 -0.0596129
FixedParameters: 0 0 0

#Transform 225
Transform: AffineTransform_float_3_3
Parameters: 0.999999 -0.000878695 0.000182405 0.000878541 1 -0.000649352 -0.000182184 0.000649648 0.999999 -0.00163563 0.113376 -0.0848751
FixedParameters: 0 0 0

#Transform 226
Transform: AffineTransform_float_3_3
Parameters: 0.999999 -0.000751147 0.000482056 0.000752112 0.999998 -0.00140764 -0.00048086 0.00140836 0.999999 0.00418372 0.146096 -0.108585
FixedParameters: 0 0 0

#Transform 227
Transform: AffineTransform_float_3_3
Parameters: 0.999999 -0.000859404 0.000227931 0.000859539 0.999999 -0.00115396 -0.000226867 0.00115504 0.999999 -0.00170354 0.148631 -0.0855605
FixedParameters: 0 0 0

#Transform 228
Transform: AffineTransform_float_3_3
Parameters: 0.999999 -0.000929555 6.29564e-05 0.000930191 0.999999 -0.000847301 -6.26924e-05 0.000846699 0.999999 -0.00144062 0.0960954 -0.0481553
FixedParameters: 0 0 0

#Transform 229
Transform: AffineTransform_float_3_3
Parameters: 0.999999 -0.00081337 0.000336022 0.000813362 1 -0.000569087 -0.000336017 0.000568914 1 -0.00190372 0.130908 -0.0889907
FixedParameters: 0 0 0

#Transform 230
Transform: AffineTransform_float_3_3
Parameters: 0.999999 -0.000863665 0.000218004 0.000864794 0.999998 -0.00137781 -0.000216933 0.00137819 0.999999 0.00198213 0.177117 -0.119838
FixedParameters: 0 0 0

#Transform 231
Transform: AffineTransform_float_3_3
Parameters: 0.999999 -0.000751438 0.000481603 0.000751822 1 -0.000804998 -0.000481314 0.000805002 0.999999 -0.0020916 0.103513 -0.0593877
FixedParameters: 0 0 0

#Transform 232
Transform: AffineTransform_float_3_3
Parameters: 0.999999 -0.000751538 0.000481448 0.000751723 1 -0.000597998 -0.000481469 0.000598003 1 -0.00209373 0.100244 -0.0689284
FixedParameters: 0 0 0

#Transform 233
Transform: AffineTransform_float_3_3
Parameters: 0.999999 -0.000771318 0.000434824 0.000771796 0.999999 -0.00100002 -0.000434201 0.000999975 0.999999 -0.00206286 0.135056 -0.0938845
FixedParameters: 0 0 0

#Transform 234
Transform: AffineTransform_float_3_3
Parameters: 0.999999 -0.000751269 0.000481866 0.00075199 0.999999 -0.00115364 -0.000481051 0.00115436 0.999999 0.0093764 0.180504 -0.124089
FixedParameters: 0 0 0

#Transform 235
Transform: AffineTransform_float_3_3
Parameters: 0.999999 -0.000994935 0.000333328 0.000995231 0.999999 -0.00103018 -0.000332197 0.00103082 0.999999 0.00837694 0.127176 -0.0806368
FixedParameters: 0 0 0

#Transform 236
Transform: AffineTransform_float_3_3
Parameters: 1 -0.00112139 0.000447289 0.00112142 0.999999 -0.000472858 -0.000447149 0.000473142 1 0.00645825 0.0878348 -0.0583745
FixedParameters: 0 0 0

#Transform 237
Transform: AffineTransform_float_3_3
Parameters: 1 -0.00101625 0.000594702 0.00101723 0.999999 -0.0011534 -0.000593276 0.0011546 0.999999 0.0116468 0.146826 -0.099083
FixedParameters: 0 0 0

#Transform 238
Transform: AffineTransform_float_3_3
Parameters: 0.999999 -0.000751056 0.000482199 0.000752204 0.999999 -0.001598 -0.000480717 0.001598 0.999998 0.0145008 0.180906 -0.101922
FixedParameters: 0 0 0

#Transform 239
Transform: AffineTransform_float_3_3
Parameters: 1 -0.00104321 0.000605577 0.00104365 0.999999 -0.000686728 -0.000605064 0.000687272 0.999999 0.0135855 0.115002 -0.0774874
FixedParameters: 0 0 0

#Transform 240
Transform: AffineTransform_float_3_3
Parameters: 1 -0.000913581 0.00055019 0.000913699 1 -0.000461857 -0.000550266 0.000462143 1 0.0221268 0.119524 -0.0801905
FixedParameters: 0 0 0

#Transform 241
Transform: AffineTransform_float_3_3
Parameters: 1 -0.000748254 0.000938164 0.000749107 0.999999 -0.0011533 -0.000936966 0.0011547 0.999999 0.0261505 0.161757 -0.118157
FixedParameters: 0 0 0

#Transform 242
Transform: AffineTransform_float_3_3
Parameters: 1 -0.00092148 0.000554348 0.000922367 0.999999 -0.00115349 -0.00055314 0.00115451 0.999999 0.0228543 0.159424 -0.108172
FixedParameters: 0 0 0

#Transform 243
Transform: AffineTransform_float_3_3
Parameters: 0.999999 -0.000832555 0.000515827 0.000832714 1 -0.000533778 -0.000515859 0.000533223 1 0.0142998 0.118059 -0.0792509
FixedParameters: 0 0 0

#Transform 244
Transform: AffineTransform_float_3_3
Parameters: 0.999999 -0.000800385 0.000366551 0.000800948 1 -0.000769066 -0.00036532 0.000768933 0.999999 0.0147567 0.12114 -0.0968842
FixedParameters: 0 0 0

#Transform 245
Transform: AffineTransform_float_3_3
Parameters: 0.999999 -0.000751163 0.000482031 0.000752096 0.999999 -0.00137464 -0.000480885 0.00137536 0.999999 0.0120365 0.176103 -0.132801
FixedParameters: 0 0 0

#Transform 246
Transform: AffineTransform_float_3_3
Parameters: 0.999999 -0.000751269 0.000481866 0.00075199 0.999999 -0.00115364 -0.000481051 0.00115436 0.999999 0.0145416 0.131895 -0.0935455
FixedParameters: 0 0 0

#Transform 247
Transform: AffineTransform_float_3_3
Parameters: 1 -0.000977838 0.000577851 0.000978312 0.999999 -0.000748795 -0.000577306 0.000749205 0.999999 0.0138507 0.108961 -0.0746066
FixedParameters: 0 0 0

#Transform 248
Transform: AffineTransform_float_3_3
Parameters: 0.999999 -0.000751365 0.000481717 0.000751895 0.999999 -0.000955998 -0.0004812 0.000956002 0.999999 0.0121437 0.138199 -0.102264
FixedParameters: 0 0 0

#Transform 249
Transform: AffineTransform_float_3_3
Parameters: 1 -0.00093696 0.000561278 0.000937796 0.999999 -0.00144183 -0.000560416 0.00144217 0.999999 0.0138886 0.17771 -0.135807
FixedParameters: 0 0 0

#Transform 250
Transform: AffineTransform_float_3_3
Parameters: 0.999999 -0.000751454 0.000481578 0.000751806 1 -0.000770998 -0.000481339 0.000771002 0.999999 0.00382653 0.122401 -0.0711754
FixedParameters: 0 0 0

#Transform 251
Transform: AffineTransform_float_3_3
Parameters: 0.999999 -0.000808539 0.000505796 0.000808864 1 -0.000707951 -0.000505572 0.000708049 0.999999 0.00481955 0.10957 -0.0705455
FixedParameters: 0 0 0

#Transform 252
Transform: AffineTransform_float_3_3
Parameters: 0.999999 -0.000751269 0.000481866 0.00075199 0.999999 -0.00115364 -0.000481051 0.00115436 0.999999 0.00314079 0.157494 -0.109335
FixedParameters: 0 0 0

#Transform 253
Transform: AffineTransform_float_3_3
Parameters: 0.999999 -0.000751078 0.000482165 0.000752182 0.999999 -0.001552 -0.000480752 0.001552 0.999999 0.00522341 0.185152 -0.110561
FixedParameters: 0 0 0

#Transform 254
Transform: AffineTransform_float_3_3
Parameters: 0.999999 -0.000751412 0.000481644 0.000751848 0.999999 -0.000858845 -0.000481274 0.000858155 1 0.00693944 0.111881 -0.0566296
FixedParameters: 0 0 0

#Transform 255
Transform: AffineTransform_float_3_3
Parameters: 0.999999 -0.000751613 0.00048133 0.000752038 1 -0.000440998 -0.000480667 0.000441002 1 0.00926003 0.124592 -0.0667186
FixedParameters: 0 0 0

#Transform 256
Transform: AffineTransform_float_3_3
Parameters: 0.999999 -0.000825017 0.000308654 0.000825548 0.999999 -0.000861105 -0.000307233 0.000860894 0.999999 0.00952659 0.171227 -0.106786
FixedParameters: 0 0 0

#Transform 257
Transform: AffineTransform_float_3_3
Parameters: 0.999999 -0.000839738 0.000274168 0.000840131 0.999998 -0.00143277 -0.000272681 0.00143323 0.999999 0.00953834 0.176901 -0.0957396
FixedParameters: 0 0 0

#Transform 258
Transform: AffineTransform_float_3_3
Parameters: 0.999999 -0.000832431 0.000291242 0.000832981 0.999999 -0.000946117 -0.000289666 0.000945882 0.999999 0.00563672 0.109131 -0.0442051
FixedParameters: 0 0 0

#Transform 259
Transform: AffineTransform_float_3_3
Parameters: 0.999999 -0.000751415 0.000481639 0.000751845 1 -0.000851998 -0.000481278 0.000852002 0.999999 0.00926808 0.133602 -0.0359012
FixedParameters: 0 0 0

#Transform 260
Transform: AffineTransform_float_3_3
Parameters: 0.999999 -0.000772056 0.000433065 0.000772621 0.999999 -0.00110467 -0.000432279 0.00110533 1 0.00930534 0.166064 -0.0949471
FixedParameters: 0 0 0

#Transform 261
Transform: AffineTransform_float_3_3
Parameters: 0.999999 -0.000942577 0.000234404 0.000942515 0.999999 -0.00153914 -0.000233344 0.00153886 0.999999 0.00945494 0.172435 -0.082176
FixedParameters: 0 0 0

#Transform 262
Transform: AffineTransform_float_3_3
Parameters: 1 -0.000974771 0.000245372 0.00097487 0.999999 -0.00100012 -0.000244343 0.000999879 0.999999 0.00742905 0.107566 -0.0434977
FixedParameters: 0 0 0

#Transform 263
Transform: AffineTransform_float_3_3
Parameters: 1 -0.00105399 0.000278712 0.00105398 1 -0.000675219 -0.000278208 0.000675781 0.999999 0.00704118 0.12905 -0.0538215
FixedParameters: 0 0 0

#Transform 264
Transform: AffineTransform_float_3_3
Parameters: 0.999999 -0.000857457 0.000232489 0.000857579 0.999999 -0.0011048 -0.000231515 0.0011052 1 0.00961646 0.163773 -0.103084
FixedParameters: 0 0 0

#Transform 265
Transform: AffineTransform_float_3_3
Parameters: 0.999999 -0.000804503 0.000356851 0.000805035 0.999999 -0.00129371 -0.000355689 0.00129429 0.999999 0.00622403 0.16843 -0.0929493
FixedParameters: 0 0 0

#Transform 266
Transform: AffineTransform_float_3_3
Parameters: 0.999999 -0.000751458 0.000481573 0.000751803 1 -0.000763998 -0.000481345 0.000764002 0.999999 0.0040652 0.102835 -0.0463115
FixedParameters: 0 0 0

#Transform 267
Transform: AffineTransform_float_3_3
Parameters: 1 -0.00108057 0.000259705 0.00108058 0.999999 -0.000774079 -0.000258953 0.00077392 0.999999 0.000309859 0.129167 -0.0675321
FixedParameters: 0 0 0

#Transform 268
Transform: AffineTransform_float_3_3
Parameters: 0.999999 -0.000882159 0.000174415 0.00088303 0.999999 -0.000980206 -0.000173996 0.000979794 0.999999 0.00326592 0.1499 -0.0875894
FixedParameters: 0 0 0

#Transform 269
Transform: AffineTransform_float_3_3
Parameters: 0.999999 -0.000861285 0.000223636 0.000862487 0.999999 -0.00150832 -0.000222347 0.00150868 0.999998 0.00961486 0.193766 -0.120084
FixedParameters: 0 0 0

#Transform 270
Transform: AffineTransform_float_3_3
Parameters: 0.999999 -0.000862924 0.000219677 0.000863052 0.999999 -0.00118481 -0.000218552 0.00118519 1 0.00104064 0.143655 -0.0638201
FixedParameters: 0 0 0

#Transform 271
Transform: AffineTransform_float_3_3
Parameters: 0.999999 -0.000751419 0.000481633 0.000751842 1 -0.000844998 -0.000481284 0.000845002 0.999999 0.00330359 0.112616 -0.0530866
FixedParameters: 0 0 0

#Transform 272
Transform: AffineTransform_float_3_3
Parameters: 0.999999 -0.000844156 0.000263711 0.00084431 0.999999 -0.00103278 -0.000262887 0.00103322 1 -0.00567399 0.148776 -0.0720152
FixedParameters: 0 0 0

#Transform 273
Transform: AffineTransform_float_3_3
Parameters: 0.999999 -0.000851523 0.000246489 0.00085179 0.999998 -0.00133779 -0.00024513 0.00133821 0.999999 0.00165932 0.193962 -0.088384
FixedParameters: 0 0 0

#Transform 274
Transform: AffineTransform_float_3_3
Parameters: 0.999999 -0.000870008 0.000202983 0.000870425 1 -0.00103198 -0.000201186 0.00103302 1 -0.00464135 0.146786 -0.0449752
FixedParameters: 0 0 0

#Transform 275
Transform: AffineTransform_float_3_3
Parameters: 0.999999 -0.000884553 0.000168662 0.000884404 1 -0.000718211 -0.000168313 0.00071779 1 -0.000661621 0.109697 -0.0511018
FixedParameters: 0 0 0

#Transform 276
Transform: AffineTransform_float_3_3
Parameters: 0.999999 -0.000751293 0.000481829 0.000751966 0.999999 -0.00110464 -0.000481088 0.00110536 1 0.00153203 0.153283 -0.0842441
FixedParameters: 0 0 0

#Transform 277
Transform: AffineTransform_float_3_3
Parameters: 0.999999 -0.000751051 0.000482207 0.000752208 0.999998 -0.00160784 -0.000480711 0.00160715 0.999999 -0.00715751 0.191736 -0.11465
FixedParameters: 0 0 0

#Transform 278
Transform: AffineTransform_float_3_3
Parameters: 1 -0.00108514 0.00016738 0.00108508 0.999999 -0.00101297 -0.000166101 0.00101403 1 -0.00690341 0.125597 -0.0561458
FixedParameters: 0 0 0

#Transform 279
Transform: AffineTransform_float_3_3
Parameters: 0.999999 -0.00083917 0.000275353 0.000839528 1 -0.000653129 -0.000274257 0.000652871 1 -0.0067119 0.106677 -0.0615135
FixedParameters: 0 0 0

#Transform 280
Transform: AffineTransform_float_3_3
Parameters: 0.999999 -0.000751159 0.000482037 0.000752099 0.999999 -0.00138164 -0.00048088 0.00138236 0.999999 -0.00713568 0.173512 -0.106062
FixedParameters: 0 0 0

#Transform 281
Transform: AffineTransform_float_3_3
Parameters: 0.999999 -0.000880517 0.000178466 0.000881545 0.999998 -0.00140084 -0.000177308 0.00140116 0.999999 -0.00658749 0.149111 -0.0702699
FixedParameters: 0 0 0

#Transform 282
Transform: AffineTransform_float_3_3
Parameters: 0.999999 -0.000886485 0.000164195 0.0008873 0.999999 -0.000869214 -0.000163965 0.000868786 0.999999 -0.00349068 0.0999354 -0.0363718
FixedParameters: 0 0 0

#Transform 283
Transform: AffineTransform_float_3_3
Parameters: 0.999999 -0.000751507 0.000481495 0.000751753 1 -0.000660998 -0.000481422 0.000661003 0.999999 -0.00709542 0.13536 -0.0736771
FixedParameters: 0 0 0

#Transform 284
Transform: AffineTransform_float_3_3
Parameters: 0.999999 -0.000901714 0.00012859 0.000902547 0.999999 -0.00118088 -0.00012777 0.00118112 1 -0.00440485 0.181922 -0.12332
FixedParameters: 0 0 0

#Transform 285
Transform: AffineTransform_float_3_3
Parameters: 0.999999 -0.000887235 0.000162534 0.000888112 0.999999 -0.00107086 -0.000161943 0.00107114 1 -0.00659163 0.148954 -0.0672117
FixedParameters: 0 0 0

#Transform 286
Transform: AffineTransform_float_3_3
Parameters: 0.999999 -0.000913522 0.000100511 0.000914184 1 -0.000658268 -0.000100619 0.000657733 1 -0.00648339 0.108508 -0.0534992
FixedParameters: 0 0 0

#Transform 287
Transform: AffineTransform_float_3_3
Parameters: 0.999999 -0.000911148 0.000106255 0.000912259 0.999999 -0.000902263 -0.000105001 0.000901736 0.999999 -0.00646667 0.140391 -0.0682852
FixedParameters: 0 0 0

#Transform 288
Transform: AffineTransform_float_3_3
Parameters: 0.999999 -0.00078815 2.27883e-05 0.000787821 0.999999 -0.00139213 -2.15143e-05 0.00139286 0.999999 -0.00588914 0.183486 -0.103171
FixedParameters: 0 0 0

#Transform 289
Transform: AffineTransform_float_3_3
Parameters: 0.999999 -0.000922877 7.88612e-05 0.000923584 0.999999 -0.00113108 -7.80832e-05 0.00113192 0.999999 -0.00643435 0.152091 -0.0587021
FixedParameters: 0 0 0

#Transform 290
Transform: AffineTransform_float_3_3
Parameters: 0.999999 -0.000900224 0.000131748 0.000899992 1 -0.000601241 -0.000131586 0.000600759 1 -0.00173086 0.120496 -0.0475223
FixedParameters: 0 0 0

#Transform 291
Transform: AffineTransform_float_3_3
Parameters: 0.999999 -0.000891222 0.000321634 0.0008914 0.999999 -0.000885073 -0.000320976 0.000884927 0.999999 -0.00696109 0.150171 -0.0714483
FixedParameters: 0 0 0

#Transform 292
Transform: AffineTransform_float_3_3
Parameters: 0.999999 -0.000832992 0.000290042 0.000833203 0.999998 -0.00171512 -0.000289025 0.00171488 0.999998 -0.00682799 0.199355 -0.0859448
FixedParameters: 0 0 0

#Transform 293
Transform: AffineTransform_float_3_3
Parameters: 0.999999 -0.000863329 0.000218704 0.000863428 0.999999 -0.00112281 -0.000217685 0.00112319 1 -0.00221072 0.135736 -0.0315382
FixedParameters: 0 0 0

#Transform 294
Transform: AffineTransform_float_3_3
Parameters: 1 -0.000674853 2.28389e-05 0.000674877 0.999999 -0.000534984 -2.21168e-05 0.000535015 1 -0.00561405 0.126548 -0.0488836
FixedParameters: 0 0 0

#Transform 295
Transform: AffineTransform_float_3_3
Parameters: 0.999999 -0.000889238 0.000157685 0.000889097 0.999999 -0.00079222 -0.000157197 0.00079178 1 -0.00660001 0.173919 -0.0802689
FixedParameters: 0 0 0

#Transform 296
Transform: AffineTransform_float_3_3
Parameters: 0.999999 -0.000836263 0.000113964 0.000836193 0.999998 -0.0014129 -0.000112521 0.00141309 0.999999 -0.0063134 0.205999 -0.0945522
FixedParameters: 0 0 0

#Transform 297
Transform: AffineTransform_float_3_3
Parameters: 1 -0.000977388 0.000118994 0.000977548 0.999999 -0.000675244 -0.000117674 0.000674756 1 -0.006479 0.137503 -0.0420126
FixedParameters: 0 0 0

#Transform 298
Transform: AffineTransform_float_3_3
Parameters: 0.999999 -0.000917442 9.1246e-05 0.000917158 1 -0.000590276 -9.10841e-05 0.000589724 1 -0.00648645 0.135198 -0.0463427
FixedParameters: 0 0 0

#Transform 299
Transform: AffineTransform_float_3_3
Parameters: 0.999999 -0.000849336 6.23656e-05 0.000849029 1 -0.000677307 -6.21363e-05 0.000676693 1 -0.00621916 0.185605 -0.0967843
FixedParameters: 0 0 0

#Transform 300
Transform: AffineTransform_float_3_3
Parameters: 1 -0.000917372 9.19439e-05 0.000917759 0.999998 -0.00135092 -9.16964e-05 0.00135108 0.999999 -0.0064363 0.188022 -0.0945929
FixedParameters: 0 0 0

#Transform 301
Transform: AffineTransform_float_3_3
Parameters: 0.999999 -0.000917414 9.15166e-05 0.000918106 0.999999 -0.000885276 -9.12034e-05 0.000884724 0.999999 -0.00647072 0.118495 -0.041901
FixedParameters: 0 0 0

#Transform 302
Transform: AffineTransform_float_3_3
Parameters: 0.999999 -0.000917434 9.13258e-05 0.000918087 1 -0.000677276 -9.13944e-05 0.000676725 1 -0.00649203 0.140086 -0.0584356
FixedParameters: 0 0 0

#Transform 303
Transform: AffineTransform_float_3_3
Parameters: 0.999999 -0.000886869 0.000163314 0.000887697 0.999999 -0.000913215 -0.000163005 0.000912785 0.999999 -0.00660869 0.171544 -0.0994873
FixedParameters: 0 0 0

#Transform 304
Transform: AffineTransform_float_3_3
Parameters: 0.999999 -0.00091738 9.18586e-05 0.00091775 0.999999 -0.00125807 -9.17808e-05 0.00125893 0.999999 -0.00655217 0.20224 -0.0927202
FixedParameters: 0 0 0

#Transform 305
Transform: AffineTransform_float_3_3
Parameters: 0.999999 -0.000917434 9.13258e-05 0.000918087 1 -0.000677276 -9.13944e-05 0.000676725 1 -0.0064751 0.122879 -0.0457904
FixedParameters: 0 0 0

#Transform 306
Transform: AffineTransform_float_3_3
Parameters: 0.999999 -0.000917403 9.16311e-05 0.000918118 0.999999 -0.00101007 -9.10876e-05 0.00101093 1 -0.0152858 0.127643 0.0273664
FixedParameters: 0 0 0

#Transform 307
Transform: AffineTransform_float_3_3
Parameters: 1 -0.000917402 9.16504e-05 0.00091812 0.999999 -0.00103092 -9.10692e-05 0.00103108 1 -0.0141213 0.156437 -0.00643003
FixedParameters: 0 0 0

#Transform 308
Transform: AffineTransform_float_3_3
Parameters: 0.999999 -0.000917373 9.19264e-05 0.000917757 0.999998 -0.00133192 -9.17137e-05 0.00133208 0.999999 -0.00655313 0.211929 -0.0604043
FixedParameters: 0 0 0

#Transform 309
Transform: AffineTransform_float_3_3
Parameters: 1 -0.001015 -0.000136931 0.0010151 0.999999 -0.00154765 0.000138761 0.00154735 0.999998 -0.00604588 0.194957 -0.0514782
FixedParameters: 0 0 0

#Transform 310
Transform: AffineTransform_float_3_3
Parameters: 1 -0.000917407 9.16027e-05 0.000918115 0.999999 -0.000978917 -9.11169e-05 0.000979085 1 -0.00637484 0.125721 -0.0251614
FixedParameters: 0 0 0

#Transform 311
Transform: AffineTransform_float_3_3
Parameters: 0.999999 -0.000917445 9.12129e-05 0.000917155 1 -0.000554276 -9.11171e-05 0.000553724 1 -0.0165558 0.139912 -0.0137569
FixedParameters: 0 0 0

#Transform 312
Transform: AffineTransform_float_3_3
Parameters: 0.999999 -0.000849328 6.24743e-05 0.000849037 0.999999 -0.000805307 -6.20276e-05 0.000804693 1 -0.0162298 0.178461 -0.0439253
FixedParameters: 0 0 0

#Transform 313
Transform: AffineTransform_float_3_3
Parameters: 0.999999 -0.000860328 6.7699e-05 0.000859738 0.999998 -0.00141794 -6.7101e-05 0.00141806 0.999999 -0.0137793 0.212591 -0.0779096
FixedParameters: 0 0 0

#Transform 314
Transform: AffineTransform_float_3_3
Parameters: 0.999999 -0.000917437 9.12955e-05 0.000918084 1 -0.000644276 -9.14247e-05 0.000643725 1 -0.0163639 0.151541 -0.0177805
FixedParameters: 0 0 0

#Transform 315
Transform: AffineTransform_float_3_3
Parameters: 0.999999 -0.000990706 0.000238221 0.000990793 0.999999 -0.000182764 -0.000237858 0.000183236 1 -0.0134477 0.137376 -0.0154457
FixedParameters: 0 0 0

#Transform 316
Transform: AffineTransform_float_3_3
Parameters: 0.999999 -0.000917429 9.13735e-05 0.000918092 0.999999 -0.000729276 -9.13466e-05 0.000728724 1 -0.0189611 0.180994 -0.041808
FixedParameters: 0 0 0

#Transform 317
Transform: AffineTransform_float_3_3
Parameters: 0.999999 -0.000868611 7.11936e-05 0.000868025 0.999999 -0.00137909 -7.06389e-05 0.00137991 0.999999 -0.016658 0.219093 -0.0630082
FixedParameters: 0 0 0

#Transform 318
Transform: AffineTransform_float_3_3
Parameters: 0.999999 -0.000863144 6.81772e-05 0.000862836 1 -0.000609301 -6.80466e-05 0.000608699 1 -0.0165523 0.144544 -0.00859755
FixedParameters: 0 0 0

#Transform 319
Transform: AffineTransform_float_3_3
Parameters: 1 -0.0010132 0.000131526 0.00101286 0.999999 -0.000183019 -0.000132075 0.000183981 1 -0.0161577 0.146182 -0.0377296
FixedParameters: 0 0 0

#Transform 320
Transform: AffineTransform_float_3_3
Parameters: 0.999999 -0.000917478 9.08723e-05 0.000917121 0.999999 -0.000183069 -9.14562e-05 0.000183931 1 -0.0158636 0.174064 -0.0733817
FixedParameters: 0 0 0

#Transform 321
Transform: AffineTransform_float_3_3
Parameters: 1 -0.000917416 9.15075e-05 0.000918106 0.999999 -0.000875276 -9.12127e-05 0.000874724 0.999999 -0.0064601 0.22069 -0.0706821
FixedParameters: 0 0 0

#Transform 322
Transform: AffineTransform_float_3_3
Parameters: 1 -0.00080829 0.000347973 0.000808284 1 -0.000553079 -0.000347999 0.000552922 1 -0.0109614 0.158923 -0.0330985
FixedParameters: 0 0 0

#Transform 323
Transform: AffineTransform_float_3_3
Parameters: 0.999999 -0.000892826 0.000149014 0.000892931 0.999999 -0.000355867 -0.000148378 0.000356132 1 -0.0153256 0.149497 -0.0289909
FixedParameters: 0 0 0

#Transform 324
Transform: AffineTransform_float_3_3
Parameters: 0.999999 -0.000917468 9.09695e-05 0.00091713 0.999999 -0.000288917 -9.13598e-05 0.000289084 1 -0.0169584 0.172858 -0.0613146
FixedParameters: 0 0 0

#Transform 325
Transform: AffineTransform_float_3_3
Parameters: 0.999999 -0.000917433 9.13304e-05 0.000918087 1 -0.000682276 -9.13898e-05 0.000681725 1 -0.0147959 0.218013 -0.0957021
FixedParameters: 0 0 0

#Transform 326
Transform: AffineTransform_float_3_3
Parameters: 0.999999 -0.000917439 9.12745e-05 0.000918082 1 -0.000621429 -9.1445e-05 0.000621572 0.999999 -0.0136464 0.180253 -0.0530545
FixedParameters: 0 0 0

#Transform 327
Transform: AffineTransform_float_3_3
Parameters: 1 -0.00107672 0.000158451 0.00107637 1 -0.000139189 -0.000159072 0.000138812 1 -0.0196572 0.12889 -0.033047
FixedParameters: 0 0 0

#Transform 328
Transform: AffineTransform_float_3_3
Parameters: 1 -0.00112362 0.000178679 0.00112429 0.999999 -0.000401159 -0.000179089 0.000400842 1 -0.0145908 0.183414 -0.0728079
FixedParameters: 0 0 0

#Transform 329
Transform: AffineTransform_float_3_3
Parameters: 1 -0.00112542 0.000179675 0.00112525 0.999999 -0.000591158 -0.000179265 0.000590842 1 -0.0238051 0.221469 -0.0705672
FixedParameters: 0 0 0

#Transform 330
Transform: AffineTransform_float_3_3
Parameters: 0.999999 -0.000917476 9.0898e-05 0.000917123 0.999999 -0.000211069 -9.14305e-05 0.000211931 1 -0.023148 0.14932 -0.0415
FixedParameters: 0 0 0

#Transform 331
Transform: AffineTransform_float_3_3
Parameters: 0.999999 -0.000917517 9.04795e-05 0.000917472 0.999999 0.000245083 -9.09291e-05 -0.000244917 1 -0.023164 0.165893 -0.0500827
FixedParameters: 0 0 0

#Transform 332
Transform: AffineTransform_float_3_3
Parameters: 0.999999 -0.00124934 5.85301e-05 0.0012484 0.999999 0.000238714 -5.87364e-05 -0.000239287 1 -0.023751 0.180189 -0.0725439
FixedParameters: 0 0 0

#Transform 333
Transform: AffineTransform_float_3_3
Parameters: 1 -0.00104456 -0.000208081 0.00104494 0.999999 -0.00036237 0.000207527 0.000362631 0.999999 -0.0151593 0.219412 -0.0694872
FixedParameters: 0 0 0

#Transform 334
Transform: AffineTransform_float_3_3
Parameters: 1 -0.00101516 -0.000139585 0.0010152 0.999999 0.000160706 0.000139259 -0.000160294 1 -0.0226303 0.151005 -0.0241453
FixedParameters: 0 0 0

#Transform 335
Transform: AffineTransform_float_3_3
Parameters: 1 -0.000997926 -9.95338e-05 0.000998048 1 0.000615389 9.83053e-05 -0.000615611 0.999999 -0.0227299 0.156457 -0.0259953
FixedParameters: 0 0 0

#Transform 336
Transform: AffineTransform_float_3_3
Parameters: 0.999999 -0.00123451 -7.83217e-05 0.00123366 1 0.000413391 7.76918e-05 -0.000413609 1 -0.0233449 0.175909 -0.0540894
FixedParameters: 0 0 0

#Transform 337
Transform: AffineTransform_float_3_3
Parameters: 1 -0.00103119 -0.000177206 0.00103121 0.999999 4.18173e-05 0.000177119 -4.21826e-05 1 -0.022671 0.223984 -0.0834041
FixedParameters: 0 0 0

#Transform 338
Transform: AffineTransform_float_3_3
Parameters: 0.999999 -0.00128641 -0.000172529 0.00128655 0.999999 0.000405266 0.000171485 -0.000405733 1 -0.023365 0.196173 -0.0309161
FixedParameters: 0 0 0

#Transform 339
Transform: AffineTransform_float_3_3
Parameters: 1 -0.00110253 -0.000346175 0.00110288 1 0.000508106 0.000345054 -0.000508893 0.999999 -0.0223231 0.140714 -0.0253484
FixedParameters: 0 0 0

#Transform 340
Transform: AffineTransform_float_3_3
Parameters: 0.999999 -0.00139396 -0.000244101 0.00139411 0.999999 0.000302148 0.000243258 -0.000302852 1 -0.0234517 0.206691 -0.0578387
FixedParameters: 0 0 0

#Transform 341
Transform: AffineTransform_float_3_3
Parameters: 0.999999 -0.00137145 -0.000239232 0.00137148 0.999999 6.91596e-05 0.000239042 -6.98402e-05 1 -0.0233684 0.232248 -0.0479386
FixedParameters: 0 0 0

#Transform 342
Transform: AffineTransform_float_3_3
Parameters: 0.999999 -0.00151091 -0.000413463 0.00151102 0.999998 0.000775224 0.00041243 -0.000775777 1 -0.0231381 0.154842 0.00487836
FixedParameters: 0 0 0

#Transform 343
Transform: AffineTransform_float_3_3
Parameters: 1 -0.00111636 -0.000379969 0.00111665 0.999999 0.00108842 0.000378849 -0.00108858 0.999999 -0.0222776 0.169429 -0.0251295
FixedParameters: 0 0 0

#Transform 344
Transform: AffineTransform_float_3_3
Parameters: 0.999999 -0.00132278 -0.000292059 0.00132354 0.999999 0.000627101 0.000291319 -0.000627898 0.999999 -0.0230517 0.202577 -0.0536471
FixedParameters: 0 0 0

#Transform 345
Transform: AffineTransform_float_3_3
Parameters: 0.999999 -0.00134409 -0.000282457 0.00134418 0.999999 0.000159261 0.000282027 -0.000160739 1 -0.0231331 0.228947 -0.0433051
FixedParameters: 0 0 0

#Transform 346
Transform: AffineTransform_float_3_3
Parameters: 0.999999 -0.00142447 -0.000468702 0.0014248 0.999998 0.000911181 0.000467416 -0.00091182 1 -0.0281778 0.162864 0.00327173
FixedParameters: 0 0 0

#Transform 347
Transform: AffineTransform_float_3_3
Parameters: 0.999999 -0.00132079 -0.000293506 0.00132092 0.999998 0.00113146 0.000291828 -0.00113154 0.999999 -0.0284453 0.182714 -0.020487
FixedParameters: 0 0 0

#Transform 348
Transform: AffineTransform_float_3_3
Parameters: 0.999999 -0.0013657 -0.000472459 0.00136563 0.999999 0.000486203 0.000472442 -0.000486799 1 -0.025877 0.219848 -0.0604424
FixedParameters: 0 0 0

#Transform 349
Transform: AffineTransform_float_3_3
Parameters: 0.999998 -0.0015601 -0.000450271 0.00156032 0.999998 0.000837146 0.000448969 -0.000837854 1 -0.0232701 0.205162 -0.0249824
FixedParameters: 0 0 0

#Transform 350
Transform: AffineTransform_float_3_3
Parameters: 0.999999 -0.00148843 -0.000222393 0.00148834 0.999998 0.00100452 0.000220714 -0.00100448 1 -0.023606 0.16079 -0.0105833
FixedParameters: 0 0 0

#Transform 351
Transform: AffineTransform_float_3_3
Parameters: 0.999999 -0.00154282 -0.000198934 0.00154349 0.999998 0.000705541 0.000197677 -0.000705459 1 -0.0239217 0.200741 -0.0415531
FixedParameters: 0 0 0

#Transform 352
Transform: AffineTransform_float_3_3
Parameters: 0.999999 -0.00153293 -0.000336137 0.00153352 0.999999 0.000295972 0.000336148 -0.000297028 1 -0.0235077 0.234591 -0.0361358
FixedParameters: 0 0 0

#Transform 353
Transform: AffineTransform_float_3_3
Parameters: 0.999998 -0.00162991 -0.000408022 0.00162973 0.999998 0.00107482 0.000407139 -0.00107618 0.999999 -0.030159 0.16294 0.00395906
FixedParameters: 0 0 0

#Transform 354
Transform: AffineTransform_float_3_3
Parameters: 0.999998 -0.00160522 -0.000350631 0.00160518 0.999998 0.00146529 0.000348548 -0.00146571 0.999999 -0.0337738 0.176009 -0.00329075
FixedParameters: 0 0 0

#Transform 355
Transform: AffineTransform_float_3_3
Parameters: 0.999999 -0.00154178 -0.00020027 0.00154217 0.999998 0.00131918 0.000198432 -0.00131982 0.999999 -0.0320967 0.213571 -0.0282256
FixedParameters: 0 0 0

#Transform 356
Transform: AffineTransform_float_3_3
Parameters: 0.999999 -0.00154189 -0.000199422 0.00154166 0.999998 0.000769541 0.000198361 -0.00076946 1 -0.0239476 0.25105 -0.0478444
FixedParameters: 0 0 0

#Transform 357
Transform: AffineTransform_float_3_3
Parameters: 0.999998 -0.00158859 -0.000310438 0.00158913 0.999998 0.00109635 0.000309185 -0.00109664 0.999999 -0.0329727 0.206206 0.0052488
FixedParameters: 0 0 0

#Transform 358
Transform: AffineTransform_float_3_3
Parameters: 0.999998 -0.00160405 -0.000347879 0.00160401 0.999998 0.00147278 0.000345776 -0.00147322 0.999998 -0.0359614 0.181234 0.00578872
FixedParameters: 0 0 0

#Transform 359
Transform: AffineTransform_float_3_3
Parameters: 0.999999 -0.00154173 -0.000200612 0.00154129 0.999997 0.00154118 0.000198482 -0.00154182 0.999998 -0.0238791 0.204776 -0.0135987
FixedParameters: 0 0 0

#Transform 360
Transform: AffineTransform_float_3_3
Parameters: 0.999999 -0.00145998 -5.97564e-06 0.00145946 0.999998 0.000716632 5.19362e-06 -0.000717368 1 -0.0300951 0.225582 -0.0517498
FixedParameters: 0 0 0

#Transform 361
Transform: AffineTransform_float_3_3
Parameters: 0.999999 -0.00148485 -0.000223283 0.00148456 0.999999 0.000553517 0.000222951 -0.000553485 1 -0.0237636 0.250139 -0.0444591
FixedParameters: 0 0 0

#Transform 362
Transform: AffineTransform_float_3_3
Parameters: 0.999999 -0.00154177 -0.000200341 0.00154217 0.999998 0.00136518 0.000198361 -0.00136582 0.999999 -0.0238004 0.150058 0.0153625
FixedParameters: 0 0 0

#Transform 363
Transform: AffineTransform_float_3_3
Parameters: 0.999999 -0.00154177 -0.000200341 0.00154217 0.999998 0.00136518 0.000198361 -0.00136582 0.999999 -0.0360014 0.176109 -0.0160812
FixedParameters: 0 0 0

#Transform 364
Transform: AffineTransform_float_3_3
Parameters: 0.999999 -0.00150676 -0.000116917 0.00150646 0.999998 0.00101367 0.000115175 -0.00101333 1 -0.0336061 0.199309 -0.0317773
FixedParameters: 0 0 0

#Transform 365
Transform: AffineTransform_float_3_3
Parameters: 0.999999 -0.00154194 -0.000199041 0.00154162 0.999999 0.000522181 0.000198741 -0.000522819 0.999999 -0.0239096 0.235908 -0.0414324
FixedParameters: 0 0 0

#Transform 366
Transform: AffineTransform_float_3_3
Parameters: 0.999999 -0.00154176 -0.000200387 0.00154126 0.999998 0.00139518 0.000198707 -0.00139582 0.999999 -0.0368038 0.171906 0.00357232
FixedParameters: 0 0 0

#Transform 367
Transform: AffineTransform_float_3_3
Parameters: 0.999999 -0.00154175 -0.000200504 0.00154128 0.999998 0.00147118 0.00019859 -0.00147182 0.999999 -0.037256 0.166989 -0.00764677
FixedParameters: 0 0 0

#Transform 368
Transform: AffineTransform_float_3_3
Parameters: 0.999999 -0.00154189 -0.000199411 0.00154166 0.999998 0.000762541 0.000198371 -0.00076246 1 -0.0238942 0.219593 -0.0528024
FixedParameters: 0 0 0

#Transform 369
Transform: AffineTransform_float_3_3
Parameters: 0.999999 -0.00154189 -0.000199411 0.00154166 0.999998 0.000762541 0.000198371 -0.00076246 1 -0.0238911 0.214539 -0.0288009
FixedParameters: 0 0 0

#Transform 370
Transform: AffineTransform_float_3_3
Parameters: 0.999998 -0.00157868 -0.000288329 0.00157897 0.999997 0.00167539 0.000286581 -0.00167561 0.999999 -0.0236569 0.155565 0.0122805
FixedParameters: 0 0 0

#Transform 371
Transform: AffineTransform_float_3_3
Parameters: 0.999999 -0.00155656 -0.000235391 0.00155616 0.999998 0.00139812 0.000233661 -0.00139888 0.999999 -0.0237945 0.193322 -0.0220924
FixedParameters: 0 0 0

#Transform 372
Transform: AffineTransform_float_3_3
Parameters: 0.999999 -0.00153993 -0.000194895 0.00153972 0.999998 0.000819548 0.000193683 -0.000819452 1 -0.0239922 0.245124 -0.0421614
FixedParameters: 0 0 0

#Transform 373
Transform: AffineTransform_float_3_3
Parameters: 0.999999 -0.00153982 -0.000195757 0.00153891 0.999998 0.00137919 0.000193212 -0.00137981 0.999999 -0.0239304 0.203087 0.014297
FixedParameters: 0 0 0

#Transform 374
Transform: AffineTransform_float_3_3
Parameters: 0.999999 -0.00153975 -0.00019629 0.00153936 0.999997 0.00172555 0.0001936 -0.00172545 0.999999 -0.0238873 0.175134 0.00390045
FixedParameters: 0 0 0

#Transform 375
Transform: AffineTransform_float_3_3
Parameters: 0.999998 -0.00197766 -9.69612e-05 0.00197731 0.999996 0.0016743 9.38816e-05 -0.0016747 0.999999 -0.0252797 0.212247 -0.0171103
FixedParameters: 0 0 0

#Transform 376
Transform: AffineTransform_float_3_3
Parameters: 0.999998 -0.00156294 -0.000249213 0.0015632 0.999998 0.000812459 0.000248905 -0.000812543 1 -0.0238606 0.253189 -0.0302438
FixedParameters: 0 0 0

#Transform 377
Transform: AffineTransform_float_3_3
Parameters: 0.999999 -0.00155112 -0.000222442 0.00155066 0.999998 0.00136314 0.000220835 -0.00136386 0.999999 -0.0136711 0.207141 0.0104327
FixedParameters: 0 0 0

#Transform 378
Transform: AffineTransform_float_3_3
Parameters: 0.999998 -0.00173731 -5.71491e-05 0.00173774 0.999997 0.00153939 5.49515e-05 -0.00153961 0.999998 -0.024854 0.188669 0.0147757
FixedParameters: 0 0 0

#Transform 379
Transform: AffineTransform_float_3_3
Parameters: 0.999999 -0.00151996 -0.000148759 0.00152022 0.999998 0.00136326 0.000146846 -0.00136374 0.999999 -0.0239998 0.235292 -0.0206739
FixedParameters: 0 0 0

#Transform 380
Transform: AffineTransform_float_3_3
Parameters: 0.999999 -0.00152004 -0.000147888 0.00151975 0.999998 0.000789624 0.000146799 -0.000789377 1 -0.0240266 0.253425 -0.0262577
FixedParameters: 0 0 0

#Transform 381
Transform: AffineTransform_float_3_3
Parameters: 0.999998 -0.00160949 -0.000360817 0.00160951 0.999998 0.00149927 0.000358613 -0.00149973 0.999999 -0.0281972 0.187097 0.0310451
FixedParameters: 0 0 0

#Transform 382
Transform: AffineTransform_float_3_3
Parameters: 0.999999 -0.00151994 -0.000148959 0.00151932 0.999998 0.00149426 0.000147039 -0.00149474 0.999999 -0.0239596 0.203529 0.00713555
FixedParameters: 0 0 0

#Transform 383
Transform: AffineTransform_float_3_3
Parameters: 0.999999 -0.00152002 -0.000148146 0.00151977 0.999998 0.000959623 0.000146541 -0.000959376 1 -0.028355 0.255897 -0.0487564
FixedParameters: 0 0 0

#Transform 384
Transform: AffineTransform_float_3_3
Parameters: 0.999998 -0.00158132 -0.000292194 0.00158116 0.999998 0.000624386 0.00029153 -0.000624615 1 -0.0237941 0.244739 -0.0241596
FixedParameters: 0 0 0

#Transform 385
Transform: AffineTransform_float_3_3
Parameters: 0.999999 -0.00151995 -0.000148893 0.00152024 0.999998 0.00145126 0.000146712 -0.00145174 0.999999 -0.0277507 0.163093 0.0379186
FixedParameters: 0 0 0

#Transform 386
Transform: AffineTransform_float_3_3
Parameters: 0.999999 -0.00152001 -0.000148262 0.00152017 0.999998 0.00103562 0.000147345 -0.00103538 1 -0.0239651 0.212481 0.00634213
FixedParameters: 0 0 0

#Transform 387
Transform: AffineTransform_float_3_3
Parameters: 0.999999 -0.00152007 -0.000147626 0.00151972 0.999999 0.000617264 0.00014706 -0.000617736 0.999999 -0.0240251 0.256366 -0.0395497
FixedParameters: 0 0 0

#Transform 388
Transform: AffineTransform_float_3_3
Parameters: 0.999999 -0.00151995 -0.000148814 0.00152023 0.999998 0.00139926 0.000146791 -0.00139974 0.999999 -0.0239771 0.218894 0.00790897
FixedParameters: 0 0 0

#Transform 389
Transform: AffineTransform_float_3_3
Parameters: 0.999998 -0.00159889 -0.000336342 0.0015994 0.999997 0.00174616 0.000334301 -0.00174584 0.999998 -0.0236275 0.190918 0.0284339
FixedParameters: 0 0 0

#Transform 390
Transform: AffineTransform_float_3_3
Parameters: 0.999999 -0.00151996 -0.000148741 0.00152022 0.999998 0.00135126 0.000146864 -0.00135174 0.999999 -0.0121774 0.221287 -0.000831446
FixedParameters: 0 0 0

#Transform 391
Transform: AffineTransform_float_3_3
Parameters: 0.999999 -0.00152005 -0.00014779 0.00151974 0.999998 0.000725263 0.000146896 -0.000725736 0.999999 -0.0189934 0.268335 -0.0186966
FixedParameters: 0 0 0

#Transform 392
Transform: AffineTransform_float_3_3
Parameters: 0.999999 -0.00149464 -8.88638e-05 0.00149474 0.999998 0.00134436 8.70763e-05 -0.00134464 0.999999 -0.0156086 0.200048 0.0263036
FixedParameters: 0 0 0

#Transform 393
Transform: AffineTransform_float_3_3
Parameters: 0.999999 -0.0015706 -0.000127535 0.00157084 0.999998 0.00148829 0.00012509 -0.00148871 0.999999 -0.00702741 0.19324 0.0103708
FixedParameters: 0 0 0

#Transform 394
Transform: AffineTransform_float_3_3
Parameters: 0.999999 -0.00151685 -0.000141311 0.00151708 0.999998 0.00131027 0.000139567 -0.00131073 0.999999 -0.0142511 0.23329 -0.0154382
FixedParameters: 0 0 0

#Transform 395
Transform: AffineTransform_float_3_3
Parameters: 0.999999 -0.00139562 0.000145961 0.00139488 0.999999 0.000711692 -0.000146635 -0.000711308 0.999999 -0.00734902 0.25422 -0.0139351
FixedParameters: 0 0 0

#Transform 396
Transform: AffineTransform_float_3_3
Parameters: 0.999998 -0.00162328 -0.000123637 0.00162349 0.999998 0.00143429 0.000121212 -0.00143471 0.999999 -0.0175879 0.186942 0.0383984
FixedParameters: 0 0 0

#Transform 397
Transform: AffineTransform_float_3_3
Parameters: 0.999999 -0.00152462 -0.00015992 0.00152494 0.999998 0.00143425 0.000157777 -0.00143475 0.999999 -0.0153339 0.213141 0.0251264
FixedParameters: 0 0 0

#Transform 398
Transform: AffineTransform_float_3_3
Parameters: 0.999999 -0.00146544 -1.91981e-05 0.00146495 0.999998 0.00094282 1.77474e-05 -0.00094218 1 -0.00712184 0.259289 -0.0162227
FixedParameters: 0 0 0

#Transform 399
Transform: AffineTransform_float_3_3
Parameters: 0.999999 -0.0018009 0.000119436 0.00180143 0.999998 0.0010117 -0.000121239 -0.0010113 1 -0.00835716 0.249001 0.00717683
FixedParameters: 0 0 0

#Transform 400
Transform: AffineTransform_float_3_3
Parameters: 0.999998 -0.00189497 4.00989e-05 0.00189511 0.999997 0.00142721 -4.2357e-05 -0.00142779 0.999999 -0.0104541 0.175189 0.0483872
FixedParameters: 0 0 0

#Transform 401
Transform: AffineTransform_float_3_3
Parameters: 0.999999 -0.00175368 6.6218e-05 0.00175374 0.999997 0.00137861 -6.79008e-05 -0.00137839 0.999999 -0.00801975 0.225122 0.0161267
FixedParameters: 0 0 0

#Transform 402
Transform: AffineTransform_float_3_3
Parameters: 0.999998 -0.00159067 7.04214e-05 0.001591 0.999998 0.0004706 -7.09979e-05 -0.0004704 1 -0.00777102 0.267393 -0.0181815
FixedParameters: 0 0 0

#Transform 403
Transform: AffineTransform_float_3_3
Parameters: 0.999999 -0.00182339 0.000176275 0.0018228 0.999997 0.00125381 -0.000178614 -0.00125319 0.999999 -0.00847321 0.208007 0.0240103
FixedParameters: 0 0 0

#Transform 404
Transform: AffineTransform_float_3_3
Parameters: 0.999999 -0.00181459 0.000260643 0.00181393 0.999997 0.00174596 -0.000263825 -0.00174504 0.999999 -0.00131585 0.201295 0.0244733
FixedParameters: 0 0 0

#Transform 405
Transform: AffineTransform_float_3_3
Parameters: 0.999999 -0.00168262 0.000575763 0.00168219 0.999998 0.0013861 -0.000577663 -0.0013849 0.999999 -0.00920071 0.219803 -0.00291108
FixedParameters: 0 0 0

#Transform 406
Transform: AffineTransform_float_3_3
Parameters: 0.999999 -0.00168235 0.000576555 0.00168207 0.999998 0.000915252 -0.000577792 -0.000914748 0.999999 -0.000487087 0.259325 -0.00969954
FixedParameters: 0 0 0

#Transform 407
Transform: AffineTransform_float_3_3
Parameters: 0.999999 -0.00168282 0.000575179 0.00168199 0.999997 0.00173325 -0.000578248 -0.00173275 0.999998 0.00838752 0.199648 0.039118
FixedParameters: 0 0 0

#Transform 408
Transform: AffineTransform_float_3_3
Parameters: 0.999999 -0.00168282 0.000575179 0.00168199 0.999997 0.00173325 -0.000578248 -0.00173275 0.999998 0.00834731 0.214848 0.0137835
FixedParameters: 0 0 0

#Transform 409
Transform: AffineTransform_float_3_3
Parameters: 0.999999 -0.00168246 0.00057621 0.00168195 0.999998 0.00112061 -0.000578137 -0.00111939 1 0.00191275 0.264548 -0.0345755
FixedParameters: 0 0 0

#Transform 410
Transform: AffineTransform_float_3_3
Parameters: 0.999999 -0.00168234 0.000576577 0.00168208 0.999998 0.000902252 -0.000577771 -0.000901748 0.999999 -0.00672159 0.230764 -0.000239263
FixedParameters: 0 0 0

#Transform 411
Transform: AffineTransform_float_3_3
Parameters: 0.999999 -0.0015048 5.64242e-05 0.0015045 0.999997 0.00144573 -5.85439e-05 -0.00144627 0.999999 -0.00820859 0.188886 0.0523741
FixedParameters: 0 0 0

#Transform 412
Transform: AffineTransform_float_3_3
Parameters: 0.999999 -0.00132627 0.000424738 0.00132567 0.999997 0.0016162 -0.000427183 -0.00161579 0.999998 -0.0108961 0.186486 0.0474516
FixedParameters: 0 0 0

#Transform 413
Transform: AffineTransform_float_3_3
Parameters: 0.999999 -0.00168546 0.000433185 0.00168532 0.999998 0.00105222 -0.000434889 -0.00105078 0.999999 -0.0100318 0.23686 -0.0180773
FixedParameters: 0 0 0

#Transform 414
Transform: AffineTransform_float_3_3
Parameters: 0.999999 -0.00168248 0.000430062 0.00168158 0.999998 0.000886852 -0.000430813 -0.000886148 0.999999 -0.00978629 0.248853 -0.00068973
FixedParameters: 0 0 0

#Transform 415
Transform: AffineTransform_float_3_3
Parameters: 0.999999 -0.00178475 0.000333935 0.00178388 0.999997 0.00167388 -0.000336757 -0.00167412 0.999998 -0.0151373 0.176593 0.0685696
FixedParameters: 0 0 0

#Transform 416
Transform: AffineTransform_float_3_3
Parameters: 0.999999 -0.00132449 0.000423765 0.00132417 0.999998 0.0017632 -0.000425673 -0.0017628 0.999999 -0.014331 0.20303 0.0573103
FixedParameters: 0 0 0

#Transform 417
Transform: AffineTransform_float_3_3
Parameters: 0.999998 -0.00160224 0.000542618 0.00160109 0.999998 0.00092515 -0.00054335 -0.00092485 0.999999 -0.0160138 0.246541 0.0217936
FixedParameters: 0 0 0

#Transform 418
Transform: AffineTransform_float_3_3
Parameters: 0.999998 -0.00168901 0.000263168 0.00168886 0.999998 0.00102693 -0.000265715 -0.00102607 1 -0.00957494 0.249055 0.0280505
FixedParameters: 0 0 0

#Transform 419
Transform: AffineTransform_float_3_3
Parameters: 0.999999 -0.00176028 0.000391748 0.00175912 0.999997 0.00179918 -0.000394925 -0.00179782 0.999998 -0.0109804 0.186782 0.058614
FixedParameters: 0 0 0

#Transform 420
Transform: AffineTransform_float_3_3
Parameters: 0.999999 -0.00142728 0.000329563 0.00142608 0.999998 0.00160796 -0.000331918 -0.00160704 0.999998 -0.0154978 0.202022 0.0519943
FixedParameters: 0 0 0

#Transform 421
Transform: AffineTransform_float_3_3
Parameters: 0.999998 -0.00158578 0.000535253 0.00158533 0.999998 0.00114449 -0.00053704 -0.00114351 1 -0.0127057 0.232616 0.0236284
FixedParameters: 0 0 0

#Transform 422
Transform: AffineTransform_float_3_3
Parameters: 0.999999 -0.00139229 0.000453687 0.00139221 0.999999 0.000952913 -0.0004545 -0.000953088 0.999999 -0.00538348 0.254969 0.00387945
FixedParameters: 0 0 0

#Transform 423
Transform: AffineTransform_float_3_3
Parameters: 0.999999 -0.00176144 0.000389033 0.0017603 0.999997 0.00177133 -0.000392118 -0.00177067 0.999999 -0.0109436 0.19886 0.0512768
FixedParameters: 0 0 0

#Transform 424
Transform: AffineTransform_float_3_3
Parameters: 0.999998 -0.00157964 0.000531619 0.00157898 0.999997 0.00171812 -0.000534284 -0.00171788 0.999998 -0.0102033 0.199876 0.0306959
FixedParameters: 0 0 0

#Transform 425
Transform: AffineTransform_float_3_3
Parameters: 0.999998 -0.00168254 0.000575972 0.00168187 0.999998 0.00126146 -0.000578372 -0.00125954 0.999999 -0.0108693 0.236208 -0.00127034
FixedParameters: 0 0 0

#Transform 426
Transform: AffineTransform_float_3_3
Parameters: 0.999999 -0.00157411 0.000832263 0.00157306 0.999998 0.00110095 -0.000833884 -0.00109905 0.999999 -0.00521432 0.250231 0.00731118
FixedParameters: 0 0 0

#Transform 427
Transform: AffineTransform_float_3_3
Parameters: 0.999999 -0.00171944 0.000488443 0.00171791 0.999997 0.00181748 -0.000491536 -0.00181652 0.999999 -0.010295 0.191426 0.0484323
FixedParameters: 0 0 0

#Transform 428
Transform: AffineTransform_float_3_3
Parameters: 0.999998 -0.00159262 0.000536799 0.00159176 0.999997 0.0018865 -0.000540043 -0.0018855 0.999998 -0.0144824 0.207806 0.0233905
FixedParameters: 0 0 0

#Transform 429
Transform: AffineTransform_float_3_3
Parameters: 0.999999 -0.00165805 0.000633856 0.00165752 0.999997 0.00134569 -0.000635554 -0.00134431 0.999999 -0.0196772 0.252767 -0.0194469
FixedParameters: 0 0 0

#Transform 430
Transform: AffineTransform_float_3_3
Parameters: 0.999998 -0.00160655 0.000380811 0.0016063 0.999997 0.00134525 -0.000383291 -0.00134475 0.999999 -0.0148861 0.241797 0.0131408
FixedParameters: 0 0 0

#Transform 431
Transform: AffineTransform_float_3_3
Parameters: 0.999999 -0.0017465 0.000288056 0.00174658 0.999997 0.00189199 -0.000291901 -0.00189101 0.999998 -0.0110022 0.190849 0.0532529
FixedParameters: 0 0 0

#Transform 432
Transform: AffineTransform_float_3_3
Parameters: 0.999999 -0.00175007 0.000351736 0.00174909 0.999997 0.00173311 -0.000354647 -0.0017319 0.999999 -0.005465 0.19146 0.0330929
FixedParameters: 0 0 0
