#!ascii label  , from subject sub-v2s5x29576_ses-1 vox2ras=TkReg
1588
59935  -31.585  -53.544  -13.576 0.5000000000
59957  -31.989  -53.524  -16.708 0.8000000119
61551  -31.837  -50.069  -19.041 0.8000000119
261892  -31.998  -52.686  -16.937 0.8000000119
59953  -31.609  -53.267  -16.253 0.8000000119
59923  -32.136  -53.897  -12.633 0.5000000000
58396  -31.724  -54.157  -15.303 0.5000000000
59943  -31.240  -53.439  -14.488 0.6000000238
63026  -30.531  -48.955  -18.293 0.6999999881
63027  -30.990  -50.797  -17.111 0.6999999881
61537  -31.127  -52.612  -15.210 0.8000000119
297199  -31.088  -52.663  -14.073 0.6999999881
62976  -32.654  -51.926  -11.646 0.6000000238
267990  -32.291  -51.678  -11.952 0.5000000000
62987  -31.874  -51.938  -12.295 0.6000000238
63024  -28.059  -49.209  -19.055 0.6999999881
61518  -31.340  -52.636  -12.974 0.6000000238
67461  -32.360  -50.424  -12.323 0.6000000238
63025  -30.187  -48.691  -18.810 0.6999999881
61549  -29.645  -48.561  -19.805 0.6999999881
63012  -31.007  -51.884  -15.455 0.6999999881
64524  -31.715  -51.479  -12.617 0.6000000238
68918  -32.563  -50.024  -12.524 0.6000000238
274071  -30.959  -51.775  -14.310 0.8000000119
64531  -31.083  -51.592  -13.773 0.8000000119
67474  -31.979  -50.495  -12.827 0.6999999881
252519  -33.448  -49.074  -10.911 0.4000000060
68898  -33.011  -49.462  -11.533 0.6000000238
66071  -29.140  -49.386  -18.412 0.6999999881
71808  -34.558  -47.997  -12.423 0.6000000238
64547  -29.908  -49.348  -18.220 0.6999999881
63017  -30.487  -49.142  -18.125 0.6999999881
63018  -30.675  -50.331  -16.906 0.6999999881
63019  -30.956  -51.343  -16.210 0.6999999881
64536  -30.905  -51.234  -14.439 0.6000000238
68934  -32.750  -49.950  -13.293 0.6999999881
71833  -36.075  -49.408  -14.309 0.5000000000
254409  -30.747  -50.778  -15.208 0.6000000238
66054  -30.813  -50.595  -14.544 0.6000000238
67488  -31.662  -50.055  -13.531 0.6000000238
68951  -34.337  -49.130  -13.814 0.6000000238
264098  -32.280  -49.710  -13.715 0.6000000238
70414  -35.251  -50.112  -15.092 0.5000000000
74796  -35.148  -45.840  -11.292 0.4000000060
71788  -33.770  -47.899  -11.539 0.5000000000
68973  -28.893  -48.160  -19.880 0.6999999881
73273  -35.199  -46.885  -11.905 0.6000000238
74814  -35.768  -46.676  -12.163 0.6000000238
67513  -30.859  -49.607  -17.413 0.6999999881
73300  -35.721  -47.695  -12.987 0.6000000238
66061  -30.662  -50.236  -16.406 0.6999999881
73301  -36.463  -47.746  -13.236 0.5000000000
299147  -36.476  -48.543  -13.821 0.6000000238
67502  -30.869  -49.916  -14.570 0.6999999881
68947  -31.209  -49.707  -13.919 0.6000000238
70400  -36.233  -50.235  -15.468 0.5000000000
71834  -36.751  -49.229  -14.661 0.5000000000
70412  -34.322  -48.845  -14.303 0.5000000000
274075  -27.723  -46.151  -18.148 0.6000000238
74871  -28.136  -45.686  -18.966 0.6000000238
77739  -36.581  -44.662  -10.662 0.5000000000
76268  -38.329  -45.483  -10.875 0.5000000000
71865  -28.788  -47.053  -20.209 0.6999999881
70426  -28.103  -47.935  -19.438 0.6999999881
76274  -36.444  -45.747  -11.532 0.5000000000
74807  -36.727  -46.119  -11.932 0.5000000000
74808  -39.092  -46.246  -11.669 0.4000000060
68974  -30.379  -47.949  -19.697 0.6999999881
76284  -37.880  -45.924  -12.071 0.5000000000
254952  -31.172  -48.844  -17.815 0.6999999881
68975  -31.012  -48.862  -17.840 0.6999999881
74817  -38.250  -46.196  -12.564 0.5000000000
70410  -31.007  -48.563  -14.561 0.6999999881
68965  -30.942  -49.222  -14.543 0.6000000238
261917  -37.202  -47.574  -13.319 0.5000000000
70395  -31.697  -48.984  -13.648 0.6000000238
73317  -37.740  -48.146  -14.135 0.5000000000
71831  -33.242  -48.063  -14.039 0.5000000000
71853  -34.315  -48.552  -14.578 0.5000000000
71855  -35.239  -49.570  -15.665 0.5000000000
70416  -37.165  -50.336  -15.979 0.5000000000
70432  -36.460  -50.395  -16.122 0.5000000000
71835  -39.425  -49.263  -16.834 0.3000000119
70337  -41.476  -49.152  -10.770 0.3000000119
291971  -27.854  -46.001  -17.014 0.6000000238
74798  -39.524  -46.559  -10.597 0.4000000060
71790  -40.571  -47.695  -11.153 0.4000000060
73340  -30.929  -46.112  -19.649 0.6000000238
73274  -39.659  -46.682  -11.602 0.5000000000
71850  -31.367  -46.746  -19.057 0.6999999881
71867  -31.484  -47.381  -18.480 0.6999999881
74831  -38.071  -46.816  -12.982 0.5000000000
71852  -31.009  -47.913  -14.693 0.5000000000
74832  -38.771  -46.622  -13.148 0.5000000000
257470  -31.335  -48.412  -13.855 0.5000000000
74852  -39.679  -47.363  -14.162 0.4000000060
295418  -38.318  -48.847  -15.363 0.3000000119
73318  -40.254  -48.557  -15.817 0.4000000060
71869  -36.585  -50.068  -16.460 0.5000000000
73358  -37.877  -49.718  -16.839 0.4000000060
76313  -27.839  -44.964  -15.976 0.6000000238
76314  -27.830  -43.983  -18.850 0.6000000238
74843  -29.016  -45.345  -19.244 0.6000000238
76315  -30.398  -44.410  -19.441 0.6000000238
74844  -31.010  -45.391  -19.366 0.6000000238
70378  -41.329  -48.435  -11.909 0.3000000119
74820  -39.966  -46.816  -12.144 0.4000000060
70389  -41.414  -48.295  -12.767 0.3000000119
73341  -31.094  -46.725  -17.119 0.6000000238
70430  -30.791  -48.008  -15.790 0.6999999881
71823  -41.157  -47.770  -13.236 0.3000000119
276968  -39.791  -46.643  -12.717 0.3000000119
73342  -31.017  -47.284  -15.001 0.6000000238
73305  -40.752  -47.344  -13.618 0.3000000119
74834  -39.935  -46.813  -13.383 0.3000000119
272097  -31.485  -46.782  -13.714 0.5000000000
270236  -31.850  -47.446  -13.559 0.5000000000
73312  -32.770  -47.393  -13.566 0.5000000000
73348  -40.736  -47.545  -15.066 0.3000000119
74854  -40.194  -47.109  -14.073 0.3000000119
73314  -34.068  -47.106  -14.230 0.5000000000
73344  -34.402  -47.826  -14.718 0.5000000000
73347  -40.518  -48.359  -17.371 0.3000000119
261647  -38.391  -48.689  -17.566 0.4000000060
73346  -39.471  -48.570  -17.902 0.3000000119
77793  -27.519  -43.486  -16.589 0.5000000000
261877  -27.549  -42.299  -18.282 0.6000000238
77794  -29.786  -42.663  -19.063 0.5000000000
74845  -31.189  -45.809  -17.035 0.6000000238
279301  -31.678  -44.768  -18.602 0.5000000000
73322  -41.564  -47.832  -15.320 0.3000000119
74874  -31.039  -46.623  -15.679 0.6000000238
272929  -41.464  -47.431  -16.270 0.3000000119
73321  -40.770  -47.230  -15.098 0.3000000119
269245  -31.199  -46.305  -14.535 0.6000000238
74848  -33.002  -46.642  -13.549 0.5000000000
74851  -34.710  -46.129  -14.617 0.5000000000
74885  -36.392  -47.383  -16.476 0.4000000060
76360  -36.460  -46.362  -16.165 0.4000000060
79379  -28.413  -41.010  -17.881 0.5000000000
79380  -30.956  -41.369  -18.018 0.5000000000
77795  -32.117  -42.595  -18.887 0.5000000000
267670  -42.646  -48.565  -18.331 0.3000000119
73323  -41.757  -48.018  -16.729 0.3000000119
76316  -31.121  -45.386  -15.568 0.6000000238
76317  -31.295  -45.746  -14.177 0.6000000238
74846  -31.664  -46.206  -13.513 0.5000000000
74850  -34.225  -46.373  -14.213 0.5000000000
273087  -39.964  -47.204  -18.248 0.4000000060
76342  -37.586  -45.610  -16.097 0.4000000060
80979  -29.700  -40.201  -16.660 0.5000000000
80980  -32.047  -41.091  -16.726 0.5000000000
79381  -32.475  -42.233  -17.432 0.5000000000
271248  -44.199  -48.084  -19.507 0.4000000060
276695  -44.240  -46.227  -18.084 0.4000000060
268806  -32.095  -43.807  -17.723 0.5000000000
268177  -31.257  -44.973  -14.689 0.5000000000
73324  -42.511  -47.301  -17.647 0.4000000060
271466  -41.850  -47.392  -17.015 0.3000000119
258658  -31.646  -43.919  -15.307 0.4000000060
273053  -41.443  -46.751  -16.405 0.3000000119
76318  -31.671  -45.465  -13.637 0.5000000000
74829  -32.363  -45.748  -13.091 0.4000000060
77797  -33.579  -45.566  -13.445 0.4000000060
77834  -36.681  -45.353  -15.451 0.4000000060
80960  -30.577  -40.191  -15.160 0.5000000000
303619  -31.484  -41.164  -14.680 0.5000000000
298796  -32.023  -41.117  -14.946 0.5000000000
73325  -44.983  -46.632  -18.864 0.4000000060
80981  -32.015  -42.758  -14.554 0.4000000060
76327  -44.425  -45.233  -16.924 0.4000000060
76326  -43.393  -45.511  -15.973 0.4000000060
297041  -31.874  -43.602  -13.930 0.4000000060
77796  -31.646  -44.638  -13.969 0.4000000060
77803  -42.479  -45.471  -15.368 0.4000000060
77779  -32.781  -45.176  -12.862 0.4000000060
77780  -33.426  -45.041  -13.009 0.4000000060
77799  -34.535  -45.044  -13.813 0.4000000060
77820  -35.402  -45.290  -14.709 0.4000000060
77800  -35.129  -44.923  -14.123 0.4000000060
79409  -36.949  -44.516  -14.837 0.4000000060
77823  -38.119  -45.267  -16.077 0.4000000060
77822  -37.344  -45.032  -15.453 0.4000000060
84052  -30.096  -40.723  -14.043 0.5000000000
82581  -31.412  -41.342  -14.428 0.4000000060
74835  -44.730  -45.072  -16.764 0.4000000060
74859  -44.895  -45.175  -17.236 0.4000000060
85489  -31.495  -41.659  -13.963 0.5000000000
84053  -32.116  -42.187  -14.041 0.4000000060
79383  -31.989  -44.305  -13.571 0.4000000060
258086  -43.217  -44.749  -14.958 0.4000000060
80964  -33.351  -43.897  -12.831 0.4000000060
288434  -33.925  -44.184  -12.954 0.4000000060
77824  -39.059  -45.256  -16.161 0.3000000119
77821  -35.941  -45.100  -14.911 0.4000000060
87025  -30.661  -40.896  -14.091 0.4000000060
87026  -31.759  -40.100  -15.225 0.5000000000
85490  -32.392  -41.272  -14.355 0.4000000060
79359  -45.393  -43.904  -16.608 0.4000000060
85491  -32.184  -42.029  -15.028 0.4000000060
82583  -32.208  -42.776  -13.547 0.4000000060
84055  -32.639  -42.406  -13.133 0.4000000060
288975  -32.474  -43.257  -13.123 0.4000000060
273390  -32.849  -43.295  -12.757 0.4000000060
80965  -33.991  -43.720  -12.815 0.4000000060
79358  -34.434  -44.131  -13.092 0.4000000060
80984  -35.474  -43.889  -13.696 0.4000000060
79411  -38.215  -44.622  -14.992 0.4000000060
79388  -36.481  -44.021  -14.369 0.4000000060
80998  -37.493  -44.270  -14.538 0.4000000060
272653  -31.615  -40.564  -16.313 0.4000000060
87027  -32.644  -41.704  -15.998 0.4000000060
85499  -33.133  -41.410  -14.810 0.4000000060
84056  -33.297  -42.210  -12.574 0.4000000060
82564  -33.632  -42.575  -12.340 0.4000000060
79391  -39.283  -44.380  -14.429 0.4000000060
82565  -34.401  -42.571  -12.298 0.4000000060
80967  -35.235  -43.555  -13.012 0.4000000060
82566  -35.051  -42.643  -12.342 0.4000000060
80968  -35.888  -43.438  -13.268 0.4000000060
80969  -36.537  -43.332  -13.503 0.4000000060
88659  -31.677  -39.739  -16.829 0.4000000060
87035  -32.737  -40.700  -16.388 0.4000000060
88668  -33.962  -41.333  -16.439 0.4000000060
87036  -33.590  -41.763  -15.890 0.4000000060
85500  -33.443  -41.370  -13.619 0.4000000060
87028  -34.007  -41.006  -14.085 0.4000000060
85493  -33.624  -41.722  -12.685 0.4000000060
85474  -34.125  -41.539  -12.403 0.4000000060
84038  -34.815  -42.130  -12.136 0.4000000060
80971  -37.885  -43.538  -13.580 0.3000000119
82568  -36.709  -42.718  -12.523 0.4000000060
80987  -37.363  -43.735  -14.066 0.4000000060
88660  -32.892  -40.086  -16.733 0.4000000060
90180  -31.134  -39.298  -17.231 0.4000000060
88669  -34.042  -41.668  -16.838 0.4000000060
87018  -34.328  -41.074  -12.729 0.4000000060
87019  -34.998  -40.950  -12.457 0.4000000060
80990  -39.567  -44.115  -13.736 0.4000000060
80989  -38.905  -44.003  -13.760 0.3000000119
84039  -35.594  -42.364  -12.171 0.4000000060
82591  -37.588  -43.068  -13.087 0.5000000000
82592  -38.249  -43.183  -13.001 0.4000000060
84040  -36.367  -42.316  -12.149 0.5000000000
91671  -30.899  -38.453  -16.869 0.4000000060
90181  -32.895  -39.957  -17.103 0.4000000060
292827  -34.152  -40.682  -17.677 0.4000000060
88661  -34.112  -40.721  -17.137 0.4000000060
85460  -35.699  -41.368  -11.706 0.4000000060
84041  -37.006  -42.411  -12.101 0.5000000000
273026  -32.388  -38.976  -16.983 0.4000000060
275796  -33.456  -39.771  -17.389 0.4000000060
85461  -36.285  -41.340  -11.546 0.4000000060
85462  -36.982  -41.378  -11.344 0.5000000000
91664  -29.592  -36.445  -16.999 0.4000000060
93107  -31.576  -37.087  -16.406 0.4000000060
289605  -33.358  -38.702  -16.378 0.4000000060
88641  -36.424  -40.440  -11.173 0.5000000000
94557  -32.097  -33.617  -16.791 0.4000000060
93102  -30.052  -35.231  -16.738 0.4000000060
93103  -31.466  -34.683  -16.724 0.4000000060
94560  -32.801  -36.627  -15.988 0.4000000060
252575  -30.246  -33.722  -16.440 0.4000000060
73315  -34.620  -46.906  -14.664 0.5000000000
76359  -35.774  -46.463  -15.696 0.5000000000
74886  -37.388  -47.407  -17.012 0.4000000060
58381  -32.308  -54.490  -14.314 0.5000000000
59963  -32.246  -51.643  -18.754 0.8000000119
61558  -31.958  -48.078  -20.979 0.8000000119
61557  -29.885  -47.443  -21.145 0.6999999881
59891  -33.118  -52.931  -11.764 0.5000000000
63037  -27.782  -49.442  -19.513 0.6999999881
64487  -33.438  -51.169  -10.884 0.5000000000
64555  -27.908  -49.572  -18.580 0.6999999881
305673  -34.600  -46.197  -10.973 0.4000000060
66000  -33.284  -50.456  -10.942 0.4000000060
66070  -28.148  -49.544  -18.556 0.6999999881
71848  -28.111  -46.567  -19.077 0.6999999881
77737  -35.465  -45.079  -10.603 0.4000000060
76259  -38.842  -45.948  -9.885 0.4000000060
73338  -28.059  -47.217  -15.859 0.6000000238
272137  -40.814  -48.372  -10.218 0.4000000060
79377  -27.709  -43.433  -14.897 0.5000000000
79378  -27.356  -41.796  -16.812 0.5000000000
80978  -28.007  -40.609  -16.025 0.5000000000
80959  -29.020  -40.129  -14.526 0.4000000060
87024  -29.045  -39.699  -14.212 0.4000000060
88657  -28.293  -39.642  -15.416 0.4000000060
289346  -29.994  -39.981  -14.933 0.4000000060
90178  -28.275  -39.316  -16.584 0.4000000060
90179  -29.706  -38.975  -17.203 0.4000000060
91670  -29.493  -39.091  -17.428 0.4000000060
93101  -29.580  -36.293  -16.523 0.4000000060
59964  -32.390  -52.661  -17.621 0.8000000119
61542  -31.582  -52.132  -16.712 0.8000000119
67447  -32.918  -50.058  -11.399 0.5000000000
61550  -31.006  -48.054  -19.916 0.6999999881
71807  -33.987  -48.239  -12.117 0.6000000238
70386  -34.031  -49.446  -13.183 0.6999999881
66045  -31.654  -50.514  -13.306 0.6999999881
73287  -36.071  -47.065  -12.697 0.6000000238
70388  -34.866  -49.335  -13.666 0.6000000238
68936  -33.855  -49.732  -13.515 0.6000000238
71866  -30.723  -47.161  -19.819 0.6999999881
73288  -36.735  -46.993  -12.827 0.5000000000
74872  -29.970  -45.735  -19.758 0.6000000238
74784  -39.129  -46.326  -10.245 0.5000000000
76277  -38.626  -45.972  -11.257 0.5000000000
71791  -40.929  -48.087  -11.525 0.3000000119
73355  -35.644  -48.337  -15.698 0.5000000000
76320  -33.320  -46.060  -13.500 0.5000000000
277744  -35.805  -47.388  -15.592 0.5000000000
76341  -35.888  -45.725  -15.274 0.4000000060
306070  -34.279  -45.399  -14.049 0.4000000060
270937  -39.110  -45.973  -17.046 0.4000000060
79387  -35.899  -44.151  -14.230 0.4000000060
80966  -34.614  -43.624  -12.876 0.4000000060
88658  -30.292  -40.031  -16.283 0.4000000060
82567  -36.107  -42.746  -12.387 0.4000000060
42276  -28.497  -61.272  -19.312 0.4000000060
44070  -29.169  -60.489  -19.916 0.4000000060
47564  -30.236  -59.611  -19.297 0.4000000060
45877  -31.022  -59.977  -19.383 0.4000000060
45849  -29.116  -59.474  -18.503 0.4000000060
47553  -30.054  -59.038  -18.819 0.4000000060
47565  -31.122  -59.190  -19.222 0.4000000060
50803  -30.891  -58.623  -19.035 0.4000000060
251753  -32.887  -57.822  -19.654 0.5000000000
49181  -29.189  -58.440  -18.061 0.4000000060
49187  -30.106  -58.389  -18.667 0.4000000060
296993  -30.120  -57.161  -18.987 0.5000000000
52427  -31.568  -57.161  -19.133 0.5000000000
52444  -32.035  -56.741  -20.012 0.6000000238
49170  -28.013  -58.297  -17.889 0.4000000060
50791  -28.934  -57.954  -18.319 0.4000000060
52423  -28.473  -56.777  -19.649 0.4000000060
52429  -32.609  -57.247  -19.691 0.5000000000
71755  -33.529  -47.579  -10.489 0.3000000119
73246  -33.744  -46.890  -10.339 0.4000000060
74770  -39.598  -46.490  -9.419 0.3000000119
50822  -33.520  -57.212  -20.474 0.5000000000
53877  -34.138  -56.069  -14.020 0.5000000000
59892  -34.172  -52.623  -11.553 0.4000000060
50811  -26.327  -57.681  -20.799 0.4000000060
52425  -29.707  -56.770  -19.125 0.5000000000
52443  -30.766  -56.206  -19.573 0.5000000000
50788  -26.627  -57.724  -18.724 0.4000000060
50798  -27.629  -57.468  -18.862 0.4000000060
53999  -33.447  -56.814  -20.925 0.6000000238
52430  -35.556  -56.700  -21.562 0.6000000238
53955  -35.478  -55.340  -19.850 0.6999999881
56825  -33.335  -55.133  -12.961 0.5000000000
53966  -35.635  -55.522  -20.042 0.6999999881
55436  -35.762  -56.009  -18.278 0.6999999881
53906  -34.212  -56.263  -15.018 0.6999999881
55445  -35.472  -55.412  -18.735 0.6999999881
55434  -34.929  -55.290  -17.598 0.6999999881
52441  -28.914  -56.432  -20.101 0.5000000000
257598  -30.391  -55.861  -20.555 0.6000000238
53983  -32.072  -56.068  -21.255 0.6000000238
53961  -32.963  -56.061  -23.476 0.6000000238
50812  -27.036  -57.423  -21.060 0.4000000060
52439  -27.790  -56.848  -20.789 0.5000000000
53981  -29.600  -55.732  -21.551 0.6000000238
53962  -33.957  -55.992  -23.995 0.6000000238
55457  -35.183  -54.456  -22.992 0.6000000238
55442  -35.988  -54.469  -21.865 0.6000000238
71742  -40.489  -48.157  -9.702 0.3000000119
53963  -36.011  -56.039  -22.481 0.6000000238
56934  -34.547  -55.138  -18.656 0.6999999881
55389  -33.323  -55.830  -14.654 0.6000000238
56824  -32.760  -54.878  -13.286 0.5000000000
53997  -25.749  -56.665  -22.847 0.6000000238
53998  -26.211  -56.224  -23.061 0.6000000238
53978  -27.228  -55.856  -23.596 0.6999999881
55476  -29.659  -55.639  -24.302 0.6000000238
299165  -31.036  -55.622  -23.518 0.6000000238
56956  -34.861  -53.214  -22.356 0.6000000238
52459  -26.241  -57.223  -22.133 0.5000000000
52440  -28.333  -56.357  -21.252 0.6000000238
56933  -35.070  -53.588  -21.019 0.6000000238
274687  -34.031  -55.009  -18.064 0.6999999881
56899  -33.447  -54.773  -16.937 0.6999999881
56901  -34.426  -55.175  -17.376 0.6999999881
56841  -32.647  -54.939  -13.935 0.6000000238
56876  -33.696  -55.247  -15.960 0.6999999881
272846  -26.422  -55.574  -23.503 0.6000000238
291116  -26.610  -55.551  -23.866 0.6999999881
278586  -27.751  -55.196  -24.295 0.6999999881
55475  -28.488  -55.988  -23.997 0.6999999881
56955  -32.798  -53.968  -24.166 0.6000000238
58397  -32.328  -54.470  -15.672 0.5000000000
56932  -35.141  -52.734  -21.435 0.6999999881
58424  -33.250  -54.250  -18.342 0.6999999881
56874  -32.837  -54.799  -15.546 0.6000000238
58440  -29.071  -52.428  -24.011 0.6999999881
58420  -33.816  -49.914  -22.190 0.6999999881
56966  -27.306  -54.634  -23.584 0.6999999881
56929  -30.776  -52.289  -24.064 0.6000000238
58432  -34.085  -51.022  -22.468 0.5000000000
56953  -29.933  -53.795  -24.508 0.6999999881
56954  -31.436  -53.893  -24.519 0.6000000238
58434  -34.180  -52.689  -20.738 0.6999999881
58406  -32.273  -54.175  -16.569 0.5000000000
263463  -34.713  -52.353  -21.426 0.6000000238
59965  -32.899  -53.950  -17.947 0.6999999881
58407  -32.962  -54.492  -16.737 0.6000000238
58430  -29.675  -51.055  -23.489 0.6999999881
59970  -32.471  -48.846  -22.462 0.6999999881
297044  -30.663  -48.223  -22.189 0.6999999881
59973  -32.752  -53.255  -18.179 0.6000000238
59972  -32.735  -52.100  -19.235 0.6999999881
56816  -33.669  -54.683  -12.500 0.5000000000
58422  -33.557  -52.455  -19.980 0.6000000238
44057  -29.060  -60.276  -19.478 0.4000000060
50804  -31.805  -57.785  -19.134 0.4000000060
253043  -27.166  -57.715  -18.602 0.4000000060
50800  -29.021  -57.432  -18.926 0.4000000060
52421  -27.404  -57.196  -19.723 0.4000000060
53942  -34.872  -56.184  -16.858 0.6999999881
55405  -33.846  -55.907  -15.723 0.6999999881
55477  -32.079  -55.852  -23.355 0.6000000238
55455  -32.739  -55.502  -24.139 0.6000000238
52460  -27.123  -56.632  -22.134 0.6999999881
52461  -27.480  -56.263  -22.935 0.6000000238
56968  -30.628  -55.120  -24.976 0.6000000238
269096  -28.372  -53.825  -24.583 0.6999999881
56931  -33.856  -52.578  -22.328 0.6000000238
58431  -32.135  -50.444  -23.343 0.6000000238
56965  -27.291  -54.743  -22.168 0.5000000000
52456  -24.816  -57.110  -21.147 0.4000000060
53976  -25.265  -55.876  -21.955 0.5000000000
56950  -27.438  -54.472  -20.495 0.6000000238
52437  -24.210  -56.801  -20.149 0.4000000060
53960  -24.024  -56.407  -19.653 0.5000000000
53994  -24.200  -56.040  -21.226 0.5000000000
55470  -25.355  -55.434  -21.267 0.5000000000
56949  -26.947  -54.700  -20.028 0.5000000000
58426  -27.456  -54.467  -19.403 0.5000000000
55471  -25.930  -55.367  -22.342 0.5000000000
58439  -28.645  -53.333  -21.811 0.6000000238
58438  -28.415  -53.889  -20.390 0.5000000000
58437  -27.913  -54.200  -19.931 0.5000000000
59977  -29.089  -52.407  -20.112 0.6999999881
59976  -28.666  -53.428  -18.838 0.6000000238
59967  -28.944  -52.437  -18.955 0.6000000238
270211  -23.731  -56.250  -18.326 0.5000000000
55440  -24.590  -55.567  -18.820 0.5000000000
56926  -25.682  -55.148  -18.804 0.5000000000
56927  -26.429  -55.135  -18.656 0.5000000000
56948  -26.323  -55.071  -19.602 0.5000000000
59978  -28.502  -50.364  -22.602 0.6000000238
58419  -27.959  -54.095  -18.167 0.6000000238
276845  -28.418  -53.431  -17.941 0.5000000000
63036  -28.244  -50.948  -18.519 0.6000000238
55433  -24.523  -55.255  -18.009 0.5000000000
56925  -25.036  -55.147  -18.463 0.5000000000
56897  -25.807  -54.987  -17.369 0.5000000000
56912  -25.997  -55.103  -18.062 0.5000000000
264248  -27.228  -54.512  -17.666 0.5000000000
59968  -27.940  -50.129  -21.011 0.6000000238
59962  -28.256  -53.474  -17.302 0.5000000000
61545  -28.301  -51.741  -17.495 0.6000000238
56894  -24.226  -55.179  -16.901 0.5000000000
56895  -24.548  -55.078  -17.345 0.5000000000
58402  -26.046  -54.964  -16.306 0.5000000000
58394  -26.880  -54.651  -15.522 0.5000000000
264485  -27.316  -54.004  -14.770 0.6000000238
58403  -26.964  -54.831  -16.433 0.4000000060
257646  -27.797  -52.684  -14.391 0.4000000060
59946  -27.319  -54.088  -15.375 0.5000000000
264763  -27.928  -53.776  -16.315 0.5000000000
58412  -26.903  -54.730  -17.089 0.4000000060
276136  -27.557  -50.808  -14.080 0.4000000060
270840  -27.624  -50.692  -14.913 0.5000000000
61540  -28.162  -52.632  -15.673 0.5000000000
68946  -27.422  -49.257  -14.204 0.4000000060
59951  -28.277  -52.822  -16.379 0.6000000238
59956  -28.315  -53.119  -16.939 0.6000000238
63022  -28.048  -50.707  -17.144 0.6000000238
67522  -27.936  -49.766  -17.890 0.6000000238
61536  -27.956  -52.762  -14.906 0.5000000000
299520  -27.450  -49.554  -14.794 0.5000000000
67501  -27.588  -49.885  -15.474 0.5000000000
66059  -27.691  -50.893  -15.545 0.5000000000
71827  -27.752  -47.820  -14.252 0.4000000060
70393  -27.833  -47.930  -15.072 0.5000000000
66060  -27.741  -50.186  -16.277 0.6000000238
63014  -28.082  -51.652  -16.083 0.6000000238
67510  -27.837  -49.437  -16.977 0.6000000238
70408  -27.656  -48.392  -15.237 0.5000000000
77792  -28.035  -44.677  -14.411 0.3000000119
76312  -27.996  -45.584  -14.091 0.4000000060
73310  -27.843  -47.223  -14.180 0.4000000060
73337  -27.945  -46.655  -15.466 0.5000000000
264745  -27.810  -48.523  -16.649 0.5000000000
68972  -27.966  -48.909  -18.330 0.6000000238
84037  -29.232  -40.901  -13.560 0.3000000119
82579  -28.516  -41.038  -13.463 0.3000000119
80958  -28.006  -41.282  -14.178 0.4000000060
80977  -27.636  -42.321  -14.833 0.4000000060
88648  -27.993  -40.199  -14.912 0.3000000119
90170  -29.000  -38.885  -16.893 0.3000000119
91663  -29.148  -37.488  -17.097 0.3000000119
94556  -29.773  -35.222  -15.580 0.3000000119
74841  -27.931  -45.966  -15.280 0.5000000000
58429  -28.672  -51.934  -22.551 0.5000000000
55454  -25.255  -55.410  -20.195 0.5000000000
59955  -27.958  -53.952  -16.848 0.5000000000
64544  -27.894  -50.844  -16.527 0.6000000238
56827  -34.966  -54.746  -13.405 0.3000000119
53944  -35.936  -56.752  -17.285 0.6000000238
53920  -35.331  -56.359  -15.747 0.6000000238
74743  -33.066  -46.082  -8.878 0.3000000119
71727  -32.893  -47.857  -9.106 0.3000000119
68853  -33.981  -49.773  -9.721 0.3000000119
73245  -33.397  -47.479  -9.969 0.3000000119
64458  -34.090  -51.377  -9.763 0.3000000119
64469  -34.020  -51.443  -10.266 0.3000000119
66001  -34.286  -50.692  -10.319 0.3000000119
53933  -36.321  -56.682  -16.070 0.6000000238
53897  -35.142  -55.821  -14.642 0.5000000000
76187  -33.888  -45.182  -7.991 0.3000000119
77695  -35.226  -45.085  -8.781 0.3000000119
76245  -33.908  -45.756  -9.495 0.3000000119
77726  -35.017  -45.251  -9.733 0.3000000119
61494  -34.955  -51.686  -11.347 0.3000000119
58325  -35.488  -53.016  -12.430 0.3000000119
55375  -35.597  -55.237  -14.225 0.4000000060
50820  -25.104  -58.162  -21.604 0.4000000060
76156  -35.872  -45.709  -7.266 0.3000000119
77669  -35.702  -45.200  -8.280 0.3000000119
76226  -37.890  -45.657  -8.781 0.3000000119
77697  -36.514  -44.903  -8.944 0.3000000119
257977  -33.854  -59.937  -19.753 0.5000000000
301742  -34.927  -59.757  -20.243 0.5000000000
45896  -30.191  -60.421  -20.063 0.4000000060
45898  -31.417  -60.410  -19.503 0.4000000060
45878  -32.673  -60.236  -19.336 0.4000000060
42288  -33.934  -60.703  -19.938 0.5000000000
52467  -38.004  -55.924  -23.583 0.5000000000
50826  -36.260  -57.775  -20.798 0.5000000000
47569  -34.134  -59.206  -19.838 0.5000000000
49199  -35.095  -58.942  -20.105 0.5000000000
47567  -32.469  -59.650  -19.270 0.4000000060
247124  -38.578  -56.594  -20.566 0.6000000238
52452  -38.112  -54.797  -22.583 0.6000000238
52466  -36.965  -56.471  -22.829 0.5000000000
50831  -35.714  -57.269  -22.884 0.5000000000
252263  -32.259  -59.002  -19.194 0.3000000119
259272  -33.587  -58.919  -19.780 0.4000000060
49202  -35.098  -58.315  -20.194 0.5000000000
287120  -37.738  -56.687  -18.007 0.6000000238
53988  -37.488  -55.084  -21.313 0.6000000238
52450  -36.599  -55.326  -22.164 0.6000000238
257917  -34.418  -57.575  -20.367 0.4000000060
50830  -35.431  -57.368  -21.706 0.5000000000
52397  -37.284  -56.755  -16.549 0.6000000238
59894  -35.453  -52.513  -11.401 0.3000000119
55377  -36.998  -54.918  -14.356 0.4000000060
287125  -36.837  -56.330  -18.709 0.6000000238
52449  -35.986  -57.148  -20.958 0.4000000060
61442  -33.994  -52.509  -9.900 0.3000000119
68841  -33.011  -49.175  -8.866 0.3000000119
275181  -35.718  -54.077  -13.028 0.3000000119
53910  -36.575  -56.078  -15.155 0.5000000000
55458  -36.172  -55.659  -19.896 0.6000000238
52408  -36.553  -56.864  -17.510 0.6000000238
280819  -37.363  -56.447  -19.160 0.6000000238
56860  -37.534  -54.397  -13.926 0.3000000119
286903  -39.245  -56.604  -19.624 0.5000000000
287123  -38.945  -57.009  -17.505 0.5000000000
287470  -38.311  -56.887  -17.774 0.5000000000
287469  -39.617  -57.171  -17.203 0.4000000060
53936  -38.528  -56.452  -16.266 0.5000000000
287122  -40.269  -57.420  -18.418 0.5000000000
287468  -40.610  -56.140  -20.627 0.5000000000
287119  -40.143  -57.395  -16.853 0.4000000060
52383  -39.480  -56.674  -14.881 0.4000000060
53913  -39.126  -55.657  -15.069 0.4000000060
53923  -37.607  -56.210  -15.698 0.5000000000
281602  -38.699  -55.590  -22.260 0.5000000000
287121  -40.079  -56.078  -21.083 0.5000000000
55393  -37.964  -55.206  -14.885 0.4000000060
40615  -28.765  -62.282  -27.885 0.3000000119
40634  -28.459  -61.978  -28.726 0.3000000119
38772  -30.030  -62.605  -27.573 0.3000000119
38765  -31.142  -63.177  -26.624 0.3000000119
38767  -32.034  -63.646  -26.497 0.4000000060
38763  -30.096  -62.543  -26.867 0.3000000119
40581  -30.727  -62.783  -25.446 0.3000000119
37032  -33.248  -63.783  -26.291 0.4000000060
38754  -32.905  -63.841  -25.319 0.4000000060
38751  -31.129  -63.180  -25.868 0.3000000119
273830  -30.904  -62.555  -24.581 0.3000000119
38757  -34.840  -63.165  -24.954 0.4000000060
38710  -35.609  -63.412  -23.596 0.4000000060
38727  -33.221  -63.949  -24.321 0.4000000060
38725  -31.949  -63.151  -24.268 0.4000000060
40539  -31.489  -62.802  -23.840 0.4000000060
38705  -32.138  -63.113  -23.622 0.4000000060
35387  -39.060  -63.990  -21.275 0.3000000119
36998  -37.091  -63.785  -22.977 0.4000000060
301153  -37.498  -63.018  -22.280 0.4000000060
38696  -36.532  -63.355  -22.615 0.4000000060
301043  -35.413  -63.369  -21.981 0.4000000060
38693  -33.774  -63.963  -22.416 0.4000000060
294661  -32.434  -63.191  -22.548 0.4000000060
253549  -41.103  -63.028  -18.989 0.3000000119
38660  -39.004  -62.703  -21.297 0.4000000060
40444  -38.788  -61.624  -21.136 0.4000000060
40492  -38.166  -62.415  -21.876 0.4000000060
40465  -37.117  -62.214  -21.202 0.4000000060
42305  -37.686  -61.289  -20.566 0.4000000060
275564  -35.828  -62.528  -21.014 0.4000000060
40440  -36.020  -61.928  -20.599 0.4000000060
40487  -34.293  -62.920  -21.294 0.4000000060
40486  -33.656  -62.841  -21.429 0.4000000060
283621  -40.734  -61.062  -19.838 0.4000000060
244513  -40.235  -61.007  -20.444 0.4000000060
254082  -37.718  -60.228  -20.359 0.4000000060
295667  -36.408  -60.896  -20.302 0.4000000060
40460  -33.317  -62.227  -21.156 0.4000000060
40439  -34.983  -62.047  -20.344 0.4000000060
40484  -32.330  -62.596  -21.768 0.4000000060
284990  -40.933  -59.573  -20.079 0.4000000060
285094  -39.183  -59.484  -20.144 0.4000000060
45901  -37.751  -59.483  -20.268 0.4000000060
45900  -36.645  -59.912  -20.371 0.4000000060
40437  -33.575  -61.808  -20.654 0.4000000060
301555  -35.249  -60.218  -20.205 0.4000000060
249407  -40.391  -58.833  -20.311 0.4000000060
283714  -39.083  -57.839  -21.372 0.4000000060
49209  -37.714  -57.568  -21.641 0.4000000060
248270  -41.775  -57.642  -19.182 0.4000000060
244512  -41.268  -57.177  -21.473 0.4000000060
280818  -40.710  -56.422  -21.566 0.4000000060
50767  -40.264  -57.787  -15.431 0.3000000119
52378  -39.326  -56.949  -14.163 0.3000000119
47581  -36.561  -59.226  -20.383 0.4000000060
285805  -41.423  -56.460  -21.080 0.4000000060
53899  -38.803  -55.572  -14.048 0.3000000119
248055  -39.093  -57.285  -22.333 0.4000000060
38742  -34.206  -63.551  -24.982 0.4000000060
38728  -34.188  -63.705  -24.505 0.4000000060
38709  -34.683  -63.838  -22.987 0.4000000060
38708  -33.862  -64.122  -23.156 0.4000000060
36962  -39.805  -63.312  -20.427 0.4000000060
36979  -38.422  -63.386  -22.078 0.4000000060
35365  -39.643  -64.019  -19.580 0.3000000119
40490  -36.961  -62.732  -21.698 0.4000000060
249152  -41.156  -61.694  -18.568 0.3000000119
38655  -39.787  -62.229  -20.220 0.4000000060
249973  -39.869  -61.490  -20.658 0.4000000060
251432  -38.804  -60.863  -20.416 0.4000000060
244510  -41.366  -59.855  -19.798 0.4000000060
47583  -38.593  -58.994  -20.275 0.4000000060
42301  -34.792  -61.344  -20.294 0.4000000060
47582  -37.622  -58.768  -20.436 0.4000000060
281278  -41.844  -57.138  -21.058 0.4000000060
32275  -35.795  -65.148  -24.559 0.3000000119
32317  -33.003  -64.881  -27.580 0.3000000119
35481  -32.333  -64.324  -28.107 0.3000000119
35466  -33.523  -64.285  -26.725 0.3000000119
35447  -35.301  -64.229  -25.286 0.3000000119
35464  -32.467  -63.949  -27.340 0.3000000119
37034  -34.332  -63.488  -25.822 0.3000000119
33867  -36.864  -64.541  -23.705 0.3000000119
35434  -36.119  -64.056  -24.172 0.3000000119
35414  -37.970  -64.026  -22.997 0.3000000119
244508  -41.542  -60.698  -18.554 0.3000000119
248599  -42.238  -59.334  -18.086 0.3000000119
280885  -42.402  -58.342  -18.807 0.3000000119
283150  -41.369  -58.032  -17.228 0.3000000119
33832  -37.950  -64.866  -21.989 0.3000000119
248175  -42.350  -58.856  -19.853 0.3000000119
32217  -37.498  -64.888  -22.464 0.3000000119
32261  -35.894  -65.295  -24.031 0.3000000119
32274  -35.399  -65.368  -24.771 0.3000000119
32307  -33.347  -65.114  -27.124 0.3000000119
32308  -33.699  -64.892  -26.784 0.3000000119
33816  -38.795  -64.405  -21.434 0.3000000119
33833  -38.190  -64.267  -22.175 0.3000000119
33834  -38.543  -64.216  -21.857 0.3000000119
33850  -37.561  -64.415  -23.038 0.3000000119
33851  -37.857  -64.378  -22.693 0.3000000119
33866  -36.436  -64.951  -23.897 0.3000000119
33868  -37.236  -64.445  -23.374 0.3000000119
33880  -36.083  -64.733  -24.370 0.3000000119
33881  -36.535  -64.537  -24.028 0.3000000119
33888  -35.659  -64.762  -25.047 0.3000000119
33894  -35.235  -64.776  -25.510 0.3000000119
33900  -33.940  -64.530  -26.400 0.3000000119
33901  -34.296  -64.547  -26.133 0.3000000119
33910  -33.253  -64.688  -27.238 0.3000000119
33917  -32.678  -64.629  -27.925 0.3000000119
35356  -39.517  -63.855  -19.145 0.3000000119
35357  -39.919  -63.623  -19.238 0.3000000119
35374  -39.306  -64.240  -20.642 0.3000000119
35375  -39.620  -63.864  -20.215 0.3000000119
35399  -38.417  -63.780  -22.263 0.3000000119
35400  -38.740  -63.867  -21.792 0.3000000119
35415  -38.122  -63.783  -22.723 0.3000000119
35425  -37.025  -64.057  -23.383 0.3000000119
35426  -37.475  -64.021  -23.084 0.3000000119
35435  -36.559  -64.021  -23.751 0.3000000119
35441  -35.399  -64.110  -25.110 0.3000000119
35442  -35.826  -64.187  -24.612 0.3000000119
35446  -34.964  -64.166  -25.577 0.3000000119
35454  -33.361  -63.827  -26.510 0.3000000119
35455  -33.968  -63.959  -26.127 0.3000000119
35456  -34.444  -64.111  -25.938 0.3000000119
35465  -33.004  -64.119  -27.115 0.3000000119
35472  -32.439  -64.111  -27.760 0.3000000119
35473  -32.879  -64.412  -27.639 0.3000000119
35480  -31.864  -64.097  -28.194 0.3000000119
36949  -40.010  -63.477  -18.841 0.3000000119
36950  -40.465  -63.308  -19.080 0.3000000119
36954  -40.110  -63.480  -19.750 0.3000000119
36961  -39.337  -63.521  -20.953 0.4000000060
36963  -40.249  -62.996  -20.130 0.4000000060
36971  -38.831  -63.370  -21.587 0.4000000060
36978  -38.164  -63.508  -22.546 0.4000000060
36987  -37.689  -63.687  -22.866 0.4000000060
36988  -37.984  -63.572  -22.722 0.4000000060
36996  -36.034  -63.396  -23.432 0.4000000060
36997  -36.582  -63.595  -23.353 0.4000000060
37008  -35.583  -63.393  -23.963 0.4000000060
37009  -36.080  -63.529  -23.838 0.3000000119
37014  -35.551  -63.598  -24.376 0.3000000119
37020  -32.838  -63.775  -25.927 0.4000000060
37021  -33.650  -63.662  -25.726 0.4000000060
37022  -34.895  -63.941  -25.545 0.3000000119
37023  -35.169  -63.685  -25.076 0.3000000119
37031  -32.614  -63.717  -26.494 0.4000000060
37033  -33.846  -63.688  -25.987 0.4000000060
37035  -34.636  -63.241  -25.404 0.3000000119
37045  -32.771  -63.802  -26.828 0.3000000119
37055  -32.113  -63.701  -27.495 0.3000000119
38661  -39.536  -62.701  -20.632 0.4000000060
38669  -38.549  -62.282  -21.858 0.4000000060
38670  -39.354  -62.034  -20.999 0.4000000060
38676  -32.716  -62.985  -22.132 0.4000000060
38677  -33.394  -63.050  -22.048 0.4000000060
38678  -34.069  -63.380  -21.742 0.4000000060
38679  -34.870  -63.336  -21.743 0.4000000060
38680  -35.982  -63.334  -22.171 0.4000000060
38681  -36.708  -63.146  -22.106 0.4000000060
38682  -37.836  -62.856  -22.202 0.4000000060
38683  -38.061  -63.161  -22.311 0.4000000060
38684  -38.386  -62.912  -21.828 0.4000000060
38692  -32.954  -63.631  -22.473 0.4000000060
38694  -34.569  -63.791  -22.195 0.4000000060
38695  -35.294  -63.572  -22.482 0.4000000060
38697  -36.965  -63.143  -22.366 0.4000000060
38698  -37.640  -63.283  -22.529 0.4000000060
38706  -32.444  -63.543  -23.023 0.4000000060
38707  -33.495  -64.105  -23.683 0.4000000060
38711  -35.993  -63.387  -23.049 0.4000000060
38712  -36.645  -63.369  -22.951 0.4000000060
38713  -37.242  -63.494  -22.683 0.4000000060
38724  -31.379  -62.863  -24.431 0.3000000119
38726  -32.455  -63.662  -24.290 0.4000000060
38729  -35.266  -63.422  -23.801 0.4000000060
38738  -31.190  -62.914  -25.090 0.3000000119
38739  -31.785  -63.294  -24.841 0.4000000060
38740  -32.374  -63.638  -24.718 0.4000000060
38741  -33.074  -63.776  -24.781 0.4000000060
38743  -34.821  -63.276  -24.929 0.4000000060
38744  -35.167  -63.406  -24.549 0.4000000060
38750  -30.622  -62.850  -26.026 0.3000000119
38752  -31.703  -63.528  -25.672 0.3000000119
38753  -32.373  -63.815  -25.850 0.4000000060
38755  -33.824  -63.528  -25.289 0.4000000060
38756  -34.713  -63.233  -25.215 0.4000000060
38764  -30.594  -62.874  -26.698 0.3000000119
38766  -31.579  -63.447  -26.551 0.3000000119
38768  -34.362  -63.572  -25.637 0.4000000060
38771  -29.469  -62.388  -27.895 0.3000000119
38773  -30.568  -62.861  -27.337 0.3000000119
38775  -31.704  -63.227  -26.970 0.4000000060
38776  -31.838  -63.307  -26.924 0.4000000060
40438  -34.282  -61.836  -20.426 0.4000000060
40441  -36.666  -61.809  -20.666 0.4000000060
40442  -37.364  -61.769  -20.722 0.4000000060
40443  -38.047  -61.688  -20.887 0.4000000060
40445  -39.323  -61.674  -21.028 0.4000000060
40461  -33.927  -62.422  -20.930 0.4000000060
40462  -34.559  -62.540  -20.748 0.4000000060
40463  -35.207  -62.623  -20.807 0.4000000060
40464  -36.454  -62.330  -21.168 0.4000000060
40466  -37.796  -62.082  -21.262 0.4000000060
40467  -38.463  -62.006  -21.475 0.4000000060
40483  -31.722  -62.417  -22.068 0.4000000060
40485  -33.011  -62.686  -21.618 0.4000000060
40488  -35.501  -63.095  -21.467 0.4000000060
40489  -36.257  -62.948  -21.596 0.4000000060
40491  -37.583  -62.515  -21.810 0.4000000060
40525  -31.978  -63.060  -22.893 0.4000000060
40538  -30.993  -62.429  -24.075 0.4000000060
40561  -30.584  -62.452  -24.966 0.3000000119
40595  -30.151  -62.442  -26.176 0.3000000119
40603  -29.028  -62.423  -27.278 0.3000000119
40604  -29.540  -62.460  -27.070 0.3000000119
40614  -28.149  -62.036  -27.850 0.3000000119
40635  -29.118  -62.142  -28.646 0.3000000119
42275  -27.964  -61.550  -19.208 0.4000000060
42287  -33.392  -61.035  -19.909 0.5000000000
42300  -33.776  -61.326  -20.223 0.4000000060
42302  -35.514  -61.528  -20.332 0.4000000060
42303  -36.225  -61.359  -20.405 0.4000000060
42304  -36.923  -61.247  -20.449 0.4000000060
42306  -38.411  -61.226  -20.672 0.4000000060
42307  -39.132  -61.277  -20.788 0.4000000060
44056  -28.698  -60.709  -19.096 0.4000000060
44058  -32.102  -60.280  -19.296 0.4000000060
44069  -28.874  -60.901  -19.778 0.4000000060
44071  -29.607  -60.467  -20.149 0.4000000060
44072  -31.957  -60.700  -19.549 0.4000000060
44073  -32.490  -60.724  -19.445 0.4000000060
44074  -33.193  -60.530  -19.578 0.5000000000
44075  -34.376  -60.238  -19.971 0.5000000000
44076  -34.883  -60.144  -20.192 0.5000000000
44093  -34.583  -60.718  -20.139 0.4000000060
44094  -36.221  -60.358  -20.319 0.4000000060
44095  -36.801  -60.536  -20.434 0.4000000060
44096  -37.406  -60.743  -20.440 0.4000000060
44097  -38.173  -60.691  -20.367 0.4000000060
45858  -28.944  -60.103  -18.811 0.4000000060
45859  -29.348  -59.792  -19.119 0.4000000060
45860  -29.772  -59.684  -19.240 0.4000000060
45874  -29.428  -60.047  -19.661 0.4000000060
45875  -29.945  -60.085  -19.673 0.4000000060
45876  -30.451  -60.011  -19.588 0.4000000060
45879  -33.141  -59.794  -19.470 0.5000000000
45880  -34.560  -59.705  -20.029 0.5000000000
45881  -35.278  -59.816  -20.256 0.5000000000
45897  -30.753  -60.400  -19.874 0.4000000060
45899  -35.985  -59.712  -20.275 0.4000000060
45902  -38.336  -59.962  -20.137 0.4000000060
47525  -28.978  -58.956  -18.021 0.4000000060
47539  -29.360  -58.928  -18.348 0.4000000060
47540  -29.738  -58.623  -18.437 0.4000000060
47552  -29.623  -59.275  -18.819 0.4000000060
47554  -30.594  -59.139  -19.124 0.4000000060
47566  -31.612  -59.658  -19.192 0.4000000060
47568  -33.007  -59.061  -19.479 0.4000000060
47570  -34.675  -59.214  -20.030 0.5000000000
47571  -34.992  -59.477  -20.277 0.5000000000
47580  -35.504  -59.291  -20.323 0.5000000000
49132  -40.131  -58.052  -15.107 0.3000000119
49159  -27.852  -58.628  -17.461 0.4000000060
49172  -28.768  -58.690  -17.882 0.4000000060
49180  -28.611  -58.336  -17.989 0.4000000060
49182  -29.549  -58.006  -18.346 0.4000000060
49188  -30.464  -58.708  -18.872 0.4000000060
49189  -31.462  -58.529  -19.174 0.4000000060
49190  -32.042  -58.404  -19.243 0.4000000060
49194  -31.663  -58.920  -19.213 0.3000000119
49195  -32.645  -58.409  -19.415 0.3000000119
49196  -33.345  -58.355  -19.689 0.4000000060
49197  -34.021  -58.559  -19.830 0.4000000060
49198  -34.602  -58.737  -19.935 0.5000000000
49203  -35.642  -58.546  -20.333 0.5000000000
49204  -36.130  -58.927  -20.499 0.5000000000
49205  -36.904  -58.209  -20.845 0.4000000060
49206  -37.515  -58.323  -20.897 0.4000000060
50760  -39.695  -57.318  -14.534 0.3000000119
50761  -40.075  -57.417  -15.051 0.3000000119
50772  -40.209  -57.776  -16.043 0.3000000119
50789  -27.585  -57.932  -18.220 0.4000000060
50790  -28.213  -57.882  -18.310 0.4000000060
50796  -26.255  -57.624  -19.550 0.4000000060
50797  -26.977  -57.487  -19.194 0.4000000060
50799  -28.364  -57.397  -18.877 0.4000000060
50801  -29.728  -57.544  -18.901 0.4000000060
50802  -30.443  -58.008  -18.954 0.4000000060
50805  -32.363  -57.790  -19.319 0.4000000060
50810  -25.388  -57.901  -20.690 0.4000000060
50813  -33.379  -57.700  -19.945 0.5000000000
50814  -33.929  -57.967  -19.907 0.4000000060
50815  -34.532  -58.121  -19.998 0.5000000000
50819  -24.948  -58.059  -21.535 0.4000000060
50821  -25.578  -57.978  -21.642 0.5000000000
50823  -33.877  -57.388  -20.421 0.5000000000
50824  -35.068  -57.688  -20.630 0.4000000060
50825  -35.581  -57.940  -20.655 0.5000000000
50829  -35.318  -57.430  -21.206 0.5000000000
50832  -36.968  -57.410  -22.926 0.5000000000
50833  -37.891  -57.123  -23.616 0.5000000000
50834  -38.533  -57.265  -22.770 0.4000000060
52377  -38.807  -56.561  -13.732 0.3000000119
52389  -39.604  -57.037  -16.215 0.4000000060
52390  -40.113  -57.345  -15.701 0.4000000060
52396  -36.569  -56.826  -16.748 0.6000000238
52420  -24.549  -57.375  -19.953 0.4000000060
52422  -27.905  -57.047  -19.464 0.4000000060
52424  -29.170  -56.713  -19.234 0.5000000000
52426  -30.767  -57.071  -19.091 0.5000000000
52428  -32.153  -57.208  -19.298 0.5000000000
52431  -35.799  -56.660  -20.595 0.6000000238
52432  -36.050  -56.247  -21.060 0.6999999881
52438  -24.621  -57.197  -20.553 0.4000000060
52442  -29.562  -56.309  -19.951 0.5000000000
52445  -32.482  -56.892  -20.043 0.5000000000
52446  -33.090  -57.221  -20.109 0.5000000000
52447  -34.594  -57.011  -21.185 0.6000000238
52448  -34.919  -57.164  -21.132 0.4000000060
52451  -37.133  -54.874  -22.483 0.5000000000
52455  -24.314  -56.508  -20.944 0.4000000060
52457  -25.316  -57.314  -21.687 0.6000000238
52458  -25.664  -57.323  -21.999 0.6000000238
52462  -32.967  -56.798  -20.670 0.6000000238
52463  -34.965  -57.333  -20.857 0.4000000060
52464  -35.402  -57.339  -21.708 0.5000000000
52465  -35.735  -57.300  -22.655 0.5000000000
52471  -24.953  -57.027  -21.703 0.4000000060
52472  -36.952  -56.685  -23.764 0.5000000000
53878  -38.350  -55.844  -13.506 0.3000000119
53895  -34.020  -56.283  -14.560 0.6999999881
53896  -34.477  -56.186  -14.545 0.5000000000
53898  -35.786  -55.626  -14.694 0.5000000000
53900  -39.232  -56.048  -14.365 0.3000000119
53907  -34.778  -56.123  -14.998 0.6000000238
53908  -35.289  -56.067  -15.140 0.5000000000
53909  -35.881  -56.005  -15.131 0.5000000000
53911  -37.347  -55.847  -15.233 0.5000000000
53912  -38.811  -55.640  -15.372 0.4000000060
53918  -34.092  -56.201  -15.482 0.6999999881
53919  -34.598  -56.210  -15.595 0.6999999881
53921  -36.096  -56.518  -15.522 0.6000000238
53922  -36.801  -56.430  -15.565 0.5000000000
53924  -38.426  -56.000  -15.812 0.5000000000
53925  -39.164  -55.985  -15.770 0.4000000060
53930  -34.211  -56.140  -16.034 0.6999999881
53931  -34.720  -56.237  -16.282 0.6999999881
53932  -35.267  -56.466  -16.475 0.6000000238
53934  -37.038  -56.730  -16.072 0.6000000238
53935  -37.774  -56.575  -16.166 0.5000000000
53937  -38.974  -56.776  -16.278 0.4000000060
53943  -35.368  -56.457  -17.091 0.6999999881
53948  -35.548  -56.325  -17.666 0.6999999881
53949  -36.093  -56.538  -17.883 0.6000000238
53950  -36.666  -56.647  -18.111 0.6000000238
53953  -23.741  -56.535  -18.849 0.5000000000
53954  -36.063  -54.969  -21.145 0.6999999881
53956  -35.396  -55.382  -19.461 0.6999999881
53957  -36.292  -56.187  -18.508 0.6000000238
53964  -35.141  -56.970  -21.671 0.6000000238
53965  -35.847  -55.599  -20.629 0.6999999881
53967  -36.046  -55.534  -20.688 0.6999999881
53974  -24.148  -56.307  -20.480 0.5000000000
53975  -24.541  -56.104  -21.722 0.5000000000
53977  -25.904  -56.185  -22.904 0.6000000238
53979  -27.732  -56.043  -23.564 0.6999999881
53980  -28.818  -56.103  -21.570 0.6000000238
53982  -31.254  -55.798  -20.738 0.6000000238
53984  -32.952  -56.405  -22.261 0.6000000238
53985  -33.939  -56.532  -22.860 0.6000000238
53986  -34.194  -56.493  -21.669 0.6000000238
53987  -36.920  -55.469  -21.004 0.6000000238
53995  -24.504  -56.359  -21.690 0.4000000060
53996  -25.234  -56.510  -22.160 0.6000000238
54000  -34.111  -56.958  -21.017 0.5000000000
55333  -33.592  -55.525  -13.304 0.5000000000
55334  -34.064  -55.566  -13.517 0.5000000000
55346  -33.614  -55.911  -13.724 0.5000000000
55347  -34.598  -55.544  -13.748 0.3000000119
55348  -35.842  -54.719  -13.803 0.4000000060
55349  -36.202  -54.734  -13.964 0.4000000060
55372  -33.324  -55.835  -14.055 0.6000000238
55373  -33.667  -56.167  -14.291 0.6999999881
55374  -34.836  -55.693  -14.165 0.5000000000
55376  -36.282  -55.054  -14.357 0.4000000060
55378  -37.842  -54.736  -14.321 0.4000000060
55380  -38.982  -55.370  -14.584 0.4000000060
55390  -33.764  -56.220  -15.000 0.6999999881
55391  -36.413  -55.402  -14.820 0.5000000000
55392  -37.164  -55.337  -14.832 0.4000000060
55394  -38.714  -55.206  -14.890 0.4000000060
55404  -33.455  -55.559  -15.371 0.6999999881
55406  -38.211  -55.613  -15.341 0.4000000060
55414  -24.048  -55.359  -16.571 0.5000000000
55415  -34.048  -55.686  -16.268 0.6999999881
55416  -34.402  -55.995  -16.575 0.6999999881
55423  -23.885  -55.686  -17.259 0.5000000000
55424  -24.234  -55.324  -17.462 0.5000000000
55425  -34.288  -55.321  -16.800 0.6999999881
55426  -34.704  -55.549  -17.096 0.6999999881
55427  -35.100  -55.978  -17.389 0.6999999881
55432  -23.962  -55.724  -17.852 0.5000000000
55435  -35.303  -55.561  -17.982 0.6999999881
55439  -23.977  -56.149  -18.883 0.5000000000
55441  -35.696  -53.229  -22.001 0.6000000238
55443  -35.305  -54.975  -19.904 0.6000000238
55444  -35.117  -55.246  -19.068 0.6999999881
55446  -35.983  -55.652  -18.979 0.6000000238
55447  -36.515  -55.851  -19.230 0.6000000238
55452  -24.319  -55.984  -19.490 0.5000000000
55453  -24.730  -55.668  -19.818 0.5000000000
55456  -33.863  -55.011  -23.561 0.6000000238
55459  -36.901  -55.612  -20.100 0.6000000238
55460  -37.465  -55.651  -20.169 0.6000000238
55468  -24.220  -55.950  -20.397 0.5000000000
55469  -24.538  -55.661  -21.105 0.5000000000
55472  -26.439  -55.121  -23.129 0.6000000238
55473  -27.108  -55.051  -22.996 0.6999999881
55474  -27.153  -55.338  -23.942 0.6999999881
56826  -34.071  -54.918  -12.990 0.5000000000
56828  -36.374  -53.748  -13.007 0.3000000119
56842  -33.161  -55.457  -13.579 0.6000000238
56843  -35.845  -54.361  -13.450 0.3000000119
56844  -36.565  -54.219  -13.483 0.3000000119
56845  -37.360  -54.360  -13.470 0.3000000119
56857  -32.665  -54.807  -14.633 0.6000000238
56858  -32.982  -55.313  -14.322 0.6000000238
56859  -36.860  -54.503  -13.916 0.3000000119
56865  -32.646  -54.728  -15.174 0.6000000238
56866  -33.043  -55.096  -15.071 0.6999999881
56867  -38.419  -54.882  -14.463 0.4000000060
56875  -33.236  -55.016  -15.721 0.6000000238
56886  -33.362  -54.873  -16.308 0.6999999881
56887  -33.837  -55.094  -16.538 0.6999999881
56896  -25.090  -55.048  -17.109 0.5000000000
56898  -26.567  -55.004  -17.521 0.5000000000
56900  -33.935  -54.978  -17.176 0.6999999881
56911  -25.117  -55.036  -17.818 0.5000000000
56913  -26.790  -54.997  -18.196 0.5000000000
56914  -33.777  -54.573  -18.858 0.6999999881
56915  -34.568  -55.154  -17.896 0.6999999881
56928  -26.917  -54.921  -18.959 0.5000000000
56930  -32.745  -52.252  -23.853 0.6000000238
56935  -35.004  -55.217  -18.237 0.6999999881
56946  -25.195  -55.364  -19.212 0.5000000000
56947  -25.673  -55.237  -19.618 0.5000000000
56951  -28.088  -54.383  -21.079 0.6000000238
56952  -28.250  -54.002  -22.105 0.6999999881
56962  -25.769  -55.116  -20.720 0.5000000000
56963  -26.547  -54.987  -21.081 0.5000000000
56964  -27.094  -54.836  -21.373 0.5000000000
56967  -28.427  -54.971  -24.227 0.6999999881
56969  -31.795  -55.357  -24.601 0.6000000238
58323  -32.760  -54.156  -12.395 0.5000000000
58324  -34.123  -53.905  -12.237 0.4000000060
58326  -36.370  -53.031  -12.299 0.3000000119
58327  -36.577  -53.417  -12.623 0.3000000119
58341  -31.804  -53.565  -13.056 0.5000000000
58342  -32.376  -54.329  -13.015 0.5000000000
58343  -33.010  -54.698  -12.652 0.5000000000
58344  -34.415  -54.229  -12.557 0.3000000119
58345  -35.268  -53.987  -12.863 0.3000000119
58346  -36.247  -53.171  -12.737 0.3000000119
58364  -31.909  -54.012  -13.485 0.5000000000
58365  -32.321  -54.457  -13.690 0.5000000000
58380  -31.956  -54.211  -14.032 0.5000000000
58388  -31.840  -54.183  -14.589 0.5000000000
58389  -32.280  -54.472  -14.935 0.5000000000
58395  -27.372  -54.552  -15.911 0.5000000000
58398  -32.827  -54.663  -16.100 0.6000000238
58401  -25.140  -55.070  -16.495 0.5000000000
58404  -27.541  -54.354  -16.462 0.5000000000
58405  -31.721  -53.966  -16.053 0.8000000119
58410  -25.677  -54.922  -16.858 0.5000000000
58411  -26.346  -54.877  -16.933 0.5000000000
58413  -27.399  -54.386  -16.980 0.4000000060
58414  -32.663  -54.016  -17.287 0.6999999881
58415  -33.124  -54.363  -17.392 0.6000000238
58416  -33.552  -54.688  -17.664 0.6999999881
58418  -27.380  -54.503  -18.534 0.6000000238
58421  -34.104  -51.017  -21.200 0.6999999881
58423  -33.301  -53.445  -19.011 0.6999999881
58427  -28.116  -54.015  -19.173 0.6000000238
58428  -28.903  -53.348  -20.053 0.5000000000
58433  -34.251  -51.848  -21.293 0.6000000238
58435  -33.977  -53.635  -19.832 0.6999999881
59880  -36.036  -53.087  -10.882 0.3000000119
59893  -35.214  -51.965  -11.682 0.3000000119
59895  -36.167  -52.822  -11.708 0.3000000119
59906  -31.978  -53.291  -12.509 0.5000000000
59907  -32.578  -53.497  -12.183 0.6000000238
59908  -33.507  -53.624  -11.912 0.5000000000
59909  -35.022  -52.520  -12.043 0.3000000119
59910  -35.627  -52.303  -12.167 0.3000000119
59934  -31.243  -53.192  -13.923 0.6000000238
59944  -31.568  -53.798  -14.127 0.5000000000
59947  -27.783  -53.415  -15.133 0.5000000000
59948  -31.194  -53.285  -15.056 0.8000000119
59949  -31.414  -53.800  -14.850 0.5000000000
59950  -27.862  -53.571  -15.755 0.5000000000
59952  -31.344  -52.909  -15.764 0.8000000119
59958  -32.361  -53.610  -17.211 0.6000000238
59961  -27.895  -54.067  -17.405 0.5000000000
59969  -28.588  -48.701  -22.284 0.6999999881
59971  -33.146  -49.926  -20.905 0.8000000119
59979  -30.188  -49.467  -22.953 0.6999999881
61458  -34.579  -52.463  -10.214 0.3000000119
61475  -33.941  -51.974  -11.017 0.3000000119
61476  -35.073  -51.696  -11.060 0.3000000119
61477  -35.070  -52.497  -10.759 0.3000000119
61491  -32.786  -52.441  -11.688 0.6000000238
61492  -33.583  -52.433  -11.274 0.5000000000
61493  -34.876  -51.702  -11.257 0.3000000119
61507  -31.761  -52.617  -12.447 0.5000000000
61508  -32.341  -52.866  -12.083 0.5000000000
61526  -31.165  -52.669  -13.531 0.6000000238
61527  -31.426  -53.109  -13.298 0.6000000238
61534  -31.096  -52.940  -14.542 0.6999999881
61541  -31.184  -52.035  -16.031 0.8000000119
61548  -28.567  -52.452  -17.916 0.6000000238
61552  -31.887  -51.882  -17.713 0.8000000119
61555  -28.183  -50.788  -19.335 0.6000000238
61556  -27.889  -48.788  -20.617 0.6999999881
62932  -33.869  -52.057  -9.622 0.3000000119
62946  -34.019  -52.080  -9.918 0.3000000119
62963  -33.550  -51.749  -10.894 0.4000000060
62964  -33.965  -51.947  -10.534 0.3000000119
62977  -33.182  -52.071  -11.308 0.5000000000
62988  -32.222  -52.268  -11.989 0.5000000000
62994  -31.170  -52.157  -13.290 0.6000000238
62995  -31.478  -52.090  -12.758 0.6000000238
63003  -31.042  -52.198  -13.893 0.8000000119
63007  -27.714  -52.134  -14.119 0.4000000060
63008  -31.000  -52.254  -14.611 0.8000000119
63011  -27.896  -52.136  -14.805 0.5000000000
63015  -28.196  -51.782  -16.698 0.6000000238
63016  -29.043  -49.372  -18.583 0.6999999881
63023  -28.040  -50.329  -17.974 0.6999999881
63030  -27.898  -49.708  -19.029 0.6000000238
63031  -28.148  -48.936  -19.613 0.6999999881
63032  -30.678  -48.529  -18.736 0.6999999881
63033  -31.015  -48.760  -18.405 0.6999999881
64457  -33.780  -51.606  -9.496 0.3000000119
64502  -32.633  -51.432  -11.645 0.5000000000
64503  -33.024  -51.558  -11.313 0.4000000060
64512  -32.036  -51.400  -12.240 0.6000000238
64513  -32.411  -51.024  -11.968 0.6000000238
64523  -31.369  -51.563  -13.124 0.6999999881
64530  -27.630  -51.363  -14.141 0.4000000060
64535  -27.737  -51.444  -14.821 0.5000000000
64538  -27.825  -51.422  -15.596 0.5000000000
64539  -30.876  -51.466  -15.042 0.6000000238
64545  -27.947  -49.976  -17.687 0.6000000238
64546  -28.348  -49.553  -18.516 0.6999999881
64548  -30.954  -50.263  -16.798 0.6999999881
64549  -30.812  -51.112  -15.960 0.6999999881
65970  -33.916  -50.592  -9.502 0.3000000119
65971  -34.522  -50.714  -9.796 0.3000000119
65984  -34.475  -50.833  -9.949 0.3000000119
66018  -32.869  -50.934  -11.406 0.6000000238
66027  -31.994  -50.937  -12.460 0.6000000238
66036  -31.677  -50.988  -12.963 0.6999999881
66044  -31.314  -51.015  -13.493 0.6999999881
66053  -27.513  -50.223  -14.427 0.4000000060
66068  -27.808  -50.567  -16.402 0.6000000238
66069  -27.914  -50.012  -17.329 0.6000000238
66072  -30.817  -49.549  -17.561 0.6999999881
67403  -33.143  -49.792  -8.887 0.3000000119
67408  -33.705  -50.036  -9.445 0.3000000119
67409  -34.525  -50.223  -9.753 0.3000000119
67419  -34.577  -50.343  -10.023 0.3000000119
67427  -33.354  -49.767  -10.919 0.4000000060
67446  -32.657  -50.439  -11.730 0.6000000238
67475  -32.245  -50.112  -12.866 0.6999999881
67486  -27.342  -49.858  -13.937 0.4000000060
67487  -31.210  -50.408  -13.865 0.6000000238
67489  -32.194  -49.909  -13.399 0.6000000238
67511  -27.914  -48.910  -19.154 0.6000000238
67512  -29.350  -48.984  -18.786 0.6999999881
67514  -30.676  -49.345  -15.591 0.6999999881
67523  -28.890  -49.195  -18.791 0.6999999881
67524  -30.389  -49.454  -17.812 0.6999999881
68852  -33.522  -49.483  -9.240 0.3000000119
68865  -33.883  -49.486  -10.009 0.3000000119
68866  -34.379  -50.042  -9.938 0.3000000119
68878  -34.068  -49.709  -10.277 0.3000000119
68879  -42.283  -49.318  -11.077 0.3000000119
68897  -32.690  -49.974  -11.897 0.6000000238
68919  -33.016  -49.837  -12.901 0.6000000238
68920  -33.588  -49.714  -13.109 0.6999999881
68935  -33.303  -49.859  -13.525 0.6999999881
68937  -34.263  -49.292  -13.506 0.6000000238
68948  -31.661  -49.622  -13.649 0.6000000238
68949  -32.824  -49.866  -13.709 0.6000000238
68950  -33.422  -49.560  -13.811 0.6000000238
68952  -34.680  -49.469  -13.916 0.6000000238
68953  -34.862  -50.013  -14.470 0.6000000238
68964  -27.512  -48.937  -15.122 0.5000000000
68966  -34.510  -49.350  -14.124 0.5000000000
68976  -30.694  -48.640  -15.592 0.6999999881
70297  -32.830  -48.474  -8.832 0.3000000119
70310  -33.372  -48.824  -9.284 0.3000000119
70324  -33.687  -48.791  -9.800 0.3000000119
70325  -41.357  -49.132  -10.107 0.4000000060
70335  -33.720  -48.820  -10.360 0.3000000119
70336  -41.051  -48.937  -10.428 0.3000000119
70353  -33.242  -48.782  -11.418 0.5000000000
70354  -33.446  -48.511  -11.769 0.6000000238
70375  -33.132  -49.237  -12.123 0.6000000238
70376  -33.718  -48.980  -12.471 0.6000000238
70377  -34.242  -48.703  -12.769 0.6000000238
70387  -34.449  -49.205  -13.391 0.6000000238
70394  -31.257  -49.057  -13.889 0.6000000238
70396  -32.430  -49.108  -13.738 0.6000000238
70397  -33.222  -48.869  -14.105 0.6000000238
70398  -34.713  -49.695  -14.640 0.6000000238
70399  -35.555  -50.186  -14.919 0.5000000000
70409  -28.165  -47.638  -16.917 0.5000000000
70411  -33.724  -48.532  -14.380 0.5000000000
70413  -34.539  -49.553  -14.656 0.5000000000
70415  -35.857  -50.430  -15.839 0.5000000000
70417  -37.303  -50.121  -16.319 0.5000000000
70427  -29.729  -47.731  -20.236 0.6999999881
70428  -31.387  -47.787  -18.976 0.6999999881
70429  -30.900  -48.120  -17.000 0.6999999881
70431  -35.761  -50.410  -16.084 0.5000000000
71754  -33.476  -48.143  -10.115 0.3000000119
71756  -40.964  -48.683  -9.858 0.4000000060
71771  -33.381  -48.119  -10.714 0.4000000060
71772  -33.622  -47.700  -11.011 0.4000000060
71773  -40.597  -47.843  -10.440 0.4000000060
71774  -40.866  -48.272  -10.812 0.4000000060
71787  -33.368  -48.234  -11.216 0.4000000060
71789  -34.308  -47.620  -11.860 0.6000000238
71809  -35.127  -47.804  -12.720 0.6000000238
71810  -41.027  -47.906  -12.295 0.3000000119
71819  -34.760  -48.506  -13.050 0.6999999881
71820  -35.291  -48.415  -13.316 0.6999999881
71821  -35.907  -48.410  -13.577 0.6000000238
71822  -37.045  -48.319  -13.844 0.6000000238
71828  -31.262  -47.736  -13.924 0.5000000000
71829  -31.825  -48.275  -13.583 0.5000000000
71830  -32.496  -48.172  -13.570 0.5000000000
71832  -35.431  -49.491  -13.947 0.5000000000
71836  -41.183  -47.544  -14.741 0.3000000119
71837  -41.805  -48.353  -15.221 0.3000000119
71839  -43.223  -47.435  -18.661 0.4000000060
71849  -29.851  -46.383  -20.096 0.6000000238
71851  -30.978  -47.343  -16.267 0.6999999881
71854  -34.760  -49.006  -14.953 0.5000000000
71856  -38.148  -49.883  -16.590 0.5000000000
71868  -35.801  -49.596  -16.221 0.5000000000
73208  -32.687  -47.155  -8.948 0.3000000119
73228  -33.426  -46.789  -9.736 0.3000000119
73229  -39.946  -46.944  -9.672 0.3000000119
73247  -39.857  -47.002  -10.329 0.5000000000
73248  -40.151  -47.537  -10.024 0.4000000060
73262  -34.059  -47.264  -11.323 0.4000000060
73263  -34.437  -46.770  -11.278 0.4000000060
73264  -39.794  -46.898  -10.992 0.4000000060
73265  -40.173  -47.366  -10.744 0.4000000060
73272  -34.601  -47.054  -11.690 0.5000000000
73275  -40.176  -47.159  -11.504 0.3000000119
73276  -40.693  -47.499  -11.853 0.3000000119
73285  -34.871  -47.393  -12.166 0.6000000238
73286  -35.452  -47.202  -12.451 0.6000000238
73289  -40.272  -47.010  -12.846 0.3000000119
73290  -40.721  -47.425  -12.611 0.3000000119
73302  -37.892  -47.429  -13.535 0.5000000000
73303  -38.713  -47.382  -13.913 0.4000000060
73304  -40.362  -47.131  -13.850 0.3000000119
73306  -45.122  -45.675  -17.697 0.4000000060
73311  -31.217  -47.067  -14.196 0.5000000000
73313  -33.476  -47.260  -13.874 0.5000000000
73316  -35.175  -46.616  -15.161 0.5000000000
73319  -40.893  -47.967  -16.097 0.3000000119
73320  -40.534  -47.269  -14.893 0.3000000119
73339  -28.730  -45.984  -19.453 0.6000000238
73343  -33.848  -47.909  -14.373 0.5000000000
73345  -35.170  -47.820  -15.114 0.5000000000
73356  -36.226  -48.618  -16.402 0.5000000000
73357  -37.235  -48.771  -16.886 0.4000000060
74709  -39.245  -45.922  -8.652 0.3000000119
74742  -32.602  -46.512  -8.692 0.3000000119
74767  -33.450  -46.184  -9.390 0.3000000119
74768  -33.833  -46.295  -9.906 0.3000000119
74769  -39.093  -46.372  -9.593 0.3000000119
74782  -34.180  -46.295  -10.438 0.4000000060
74783  -34.613  -45.791  -10.431 0.4000000060
74785  -39.534  -46.604  -9.958 0.5000000000
74795  -34.110  -46.767  -10.891 0.4000000060
74797  -39.096  -46.273  -10.906 0.5000000000
74804  -34.888  -46.511  -11.512 0.4000000060
74805  -35.474  -46.318  -11.728 0.5000000000
74806  -36.096  -46.187  -11.861 0.5000000000
74815  -37.030  -46.473  -12.403 0.6000000238
74816  -37.658  -46.346  -12.473 0.5000000000
74818  -38.869  -46.186  -12.518 0.4000000060
74819  -39.450  -46.448  -12.282 0.4000000060
74830  -37.407  -46.928  -12.881 0.5000000000
74833  -39.426  -46.556  -13.149 0.3000000119
74840  -27.837  -46.653  -14.007 0.4000000060
74842  -27.836  -45.237  -18.177 0.6000000238
74847  -32.407  -46.323  -13.312 0.5000000000
74849  -33.703  -46.570  -13.812 0.5000000000
74853  -40.018  -47.124  -14.132 0.3000000119
74857  -41.838  -47.013  -16.670 0.3000000119
74858  -43.212  -46.406  -17.142 0.4000000060
74873  -31.184  -46.007  -18.637 0.6000000238
74875  -38.665  -47.426  -18.099 0.4000000060
76153  -33.793  -45.332  -7.328 0.3000000119
76154  -34.533  -45.483  -7.194 0.3000000119
76155  -35.212  -45.690  -7.242 0.3000000119
76157  -36.612  -45.789  -7.319 0.3000000119
76186  -33.256  -45.457  -7.975 0.3000000119
76188  -34.834  -45.356  -7.687 0.3000000119
76189  -35.482  -45.457  -7.739 0.3000000119
76191  -36.851  -45.585  -7.957 0.3000000119
76192  -37.574  -45.688  -8.252 0.3000000119
76223  -33.483  -45.585  -9.016 0.3000000119
76224  -33.628  -45.293  -8.513 0.3000000119
76225  -36.978  -45.343  -8.586 0.3000000119
76246  -34.468  -45.489  -9.553 0.3000000119
76255  -34.272  -45.867  -9.982 0.3000000119
76256  -34.691  -45.576  -9.993 0.3000000119
76257  -35.046  -45.330  -10.309 0.4000000060
76258  -38.508  -45.304  -10.146 0.4000000060
76265  -35.024  -45.506  -10.839 0.4000000060
76266  -36.206  -45.269  -11.086 0.5000000000
76267  -37.729  -45.454  -11.120 0.5000000000
76269  -38.763  -45.933  -10.564 0.5000000000
76273  -35.809  -45.788  -11.465 0.4000000060
76275  -37.570  -45.680  -11.610 0.5000000000
76276  -38.085  -45.749  -11.504 0.5000000000
76283  -37.316  -46.047  -11.993 0.5000000000
76285  -38.424  -46.068  -11.933 0.5000000000
76300  -32.148  -45.052  -13.184 0.4000000060
76301  -33.024  -45.621  -12.961 0.4000000060
76319  -32.843  -46.078  -13.230 0.5000000000
76321  -34.010  -45.557  -13.850 0.4000000060
76322  -34.731  -45.459  -14.432 0.4000000060
76325  -42.339  -46.339  -16.008 0.3000000119
76340  -35.238  -45.908  -15.004 0.5000000000
76343  -38.561  -46.378  -17.552 0.4000000060
76361  -37.426  -46.274  -16.832 0.4000000060
77646  -34.271  -45.213  -7.639 0.3000000119
77667  -34.431  -45.130  -8.095 0.3000000119
77668  -35.048  -45.215  -8.200 0.3000000119
77670  -36.354  -45.168  -8.383 0.3000000119
77693  -34.085  -45.123  -8.445 0.3000000119
77694  -34.577  -45.101  -8.629 0.3000000119
77696  -35.900  -44.983  -8.855 0.3000000119
77698  -37.033  -45.063  -9.080 0.3000000119
77714  -34.073  -45.283  -8.987 0.3000000119
77715  -34.793  -45.148  -9.164 0.3000000119
77716  -35.452  -44.996  -9.333 0.3000000119
77717  -36.093  -44.767  -9.493 0.3000000119
77718  -36.741  -44.819  -9.524 0.3000000119
77720  -38.062  -45.188  -9.947 0.4000000060
77729  -36.679  -44.558  -10.506 0.4000000060
77730  -37.367  -45.035  -10.245 0.4000000060
77738  -36.145  -44.648  -10.601 0.4000000060
77740  -37.185  -45.113  -10.795 0.5000000000
77741  -37.907  -45.273  -10.530 0.5000000000
77748  -36.807  -45.283  -11.182 0.5000000000
77781  -44.929  -44.152  -16.303 0.4000000060
77798  -33.986  -45.219  -13.580 0.4000000060
77804  -43.579  -44.975  -15.549 0.4000000060
79291  -36.432  -44.498  -10.553 0.4000000060
79356  -33.053  -44.527  -12.857 0.4000000060
79357  -33.590  -44.480  -12.908 0.4000000060
79382  -31.783  -43.642  -14.446 0.4000000060
79384  -32.475  -44.539  -13.066 0.4000000060
79385  -34.121  -44.660  -13.241 0.4000000060
79386  -34.866  -44.437  -13.603 0.4000000060
79389  -36.987  -44.002  -14.343 0.4000000060
79390  -38.598  -44.336  -14.293 0.4000000060
79396  -43.906  -44.028  -15.279 0.4000000060
79408  -35.652  -44.722  -14.468 0.4000000060
79410  -37.572  -44.689  -15.129 0.4000000060
79412  -39.127  -44.723  -15.255 0.3000000119
80961  -31.968  -42.166  -14.152 0.5000000000
80962  -31.902  -43.108  -14.009 0.4000000060
80963  -32.617  -43.871  -13.037 0.4000000060
80970  -37.180  -43.402  -13.532 0.4000000060
80972  -38.586  -43.455  -13.486 0.3000000119
80973  -39.211  -43.614  -13.308 0.3000000119
80974  -39.938  -43.710  -13.251 0.4000000060
80982  -32.156  -43.920  -13.465 0.4000000060
80983  -34.925  -43.934  -13.279 0.4000000060
80985  -36.167  -43.697  -13.904 0.4000000060
80986  -36.762  -43.629  -14.009 0.4000000060
80988  -37.970  -44.012  -14.194 0.3000000119
82569  -37.359  -42.664  -12.662 0.5000000000
82580  -29.021  -40.301  -14.215 0.4000000060
82582  -31.918  -41.942  -14.201 0.4000000060
82584  -32.538  -42.827  -13.036 0.4000000060
82585  -33.444  -43.221  -12.592 0.4000000060
82586  -34.164  -43.158  -12.562 0.4000000060
82587  -34.848  -43.121  -12.558 0.4000000060
82588  -35.579  -43.035  -12.577 0.4000000060
82589  -36.309  -43.077  -12.855 0.4000000060
82590  -36.958  -43.038  -13.035 0.4000000060
82598  -32.249  -42.462  -13.667 0.4000000060
84051  -29.182  -40.895  -13.617 0.3000000119
84054  -32.132  -42.740  -14.309 0.4000000060
85473  -29.324  -40.881  -13.337 0.3000000119
85475  -34.701  -41.573  -12.171 0.4000000060
85476  -35.273  -41.405  -11.954 0.4000000060
85477  -35.975  -41.798  -11.924 0.4000000060
85478  -36.668  -41.875  -11.803 0.5000000000
85479  -37.310  -42.090  -11.591 0.5000000000
85488  -30.291  -40.772  -14.005 0.5000000000
85492  -32.973  -41.744  -13.343 0.4000000060
87003  -35.584  -41.047  -11.868 0.4000000060
87017  -33.903  -41.275  -12.888 0.4000000060
90177  -28.051  -39.823  -15.603 0.3000000119
244507  -40.938  -62.711  -18.556 0.3000000119
244509  -41.924  -59.173  -19.956 0.3000000119
244514  -39.044  -60.355  -20.103 0.4000000060
244515  -41.603  -58.260  -17.123 0.3000000119
244516  -37.878  -56.868  -16.709 0.5000000000
244517  -37.222  -56.749  -17.116 0.6000000238
247028  -38.386  -56.883  -17.119 0.5000000000
247347  -41.076  -57.713  -18.067 0.4000000060
247779  -39.823  -59.833  -20.086 0.4000000060
247805  -39.761  -55.841  -21.799 0.5000000000
247927  -41.158  -62.471  -18.690 0.3000000119
248214  -41.095  -61.867  -19.129 0.3000000119
248520  -38.265  -57.894  -21.371 0.4000000060
249035  -41.223  -60.404  -19.386 0.4000000060
249757  -36.972  -56.005  -19.404 0.6000000238
249816  -41.776  -58.287  -20.372 0.3000000119
250032  -40.840  -58.123  -16.655 0.3000000119
250195  -39.706  -58.137  -20.584 0.4000000060
250198  -40.576  -63.117  -18.683 0.3000000119
250343  -40.733  -60.374  -20.010 0.4000000060
250722  -40.659  -62.985  -19.478 0.3000000119
251086  -42.091  -59.662  -19.323 0.4000000060
251105  -37.164  -56.755  -17.759 0.6000000238
251377  -39.535  -60.904  -20.487 0.4000000060
251878  -33.005  -46.656  -9.207 0.3000000119
252135  -35.643  -60.269  -20.161 0.4000000060
253183  -39.694  -61.366  -20.701 0.4000000060
253383  -37.215  -60.085  -20.489 0.4000000060
253574  -28.037  -52.163  -15.343 0.5000000000
253737  -32.752  -64.024  -23.640 0.4000000060
253894  -33.540  -59.370  -19.716 0.5000000000
254358  -30.670  -50.056  -15.646 0.6999999881
254379  -27.588  -48.353  -14.286 0.4000000060
254548  -30.751  -50.795  -15.765 0.6000000238
255002  -33.601  -63.615  -25.132 0.4000000060
255036  -36.264  -44.630  -14.679 0.4000000060
255079  -33.691  -63.691  -24.772 0.4000000060
255369  -37.127  -59.391  -20.252 0.4000000060
255866  -33.113  -47.329  -9.476 0.3000000119
255950  -35.203  -60.704  -20.300 0.4000000060
255972  -32.730  -45.958  -8.372 0.3000000119
256398  -38.661  -48.176  -14.728 0.3000000119
256453  -35.830  -56.710  -16.629 0.6000000238
256868  -35.590  -45.295  -10.979 0.5000000000
257127  -31.151  -41.521  -13.891 0.5000000000
257464  -32.975  -42.742  -12.538 0.4000000060
258207  -32.818  -49.700  -12.086 0.6000000238
258636  -35.860  -60.842  -20.325 0.4000000060
258716  -34.517  -54.708  -19.379 0.6000000238
259535  -34.220  -52.155  -10.299 0.3000000119
259770  -32.185  -63.766  -25.202 0.4000000060
259816  -27.495  -48.770  -14.443 0.5000000000
259881  -33.222  -45.656  -8.550 0.3000000119
260184  -38.924  -62.034  -21.369 0.4000000060
260407  -34.002  -51.108  -9.594 0.3000000119
260552  -36.372  -46.497  -12.384 0.6000000238
262326  -38.394  -64.699  -21.606 0.3000000119
263381  -35.209  -55.804  -23.133 0.6000000238
263611  -35.754  -56.630  -16.043 0.6000000238
263969  -37.489  -48.895  -15.007 0.5000000000
264305  -32.229  -46.814  -13.470 0.5000000000
264361  -39.000  -64.510  -20.949 0.3000000119
265292  -33.323  -48.519  -10.971 0.4000000060
265947  -32.321  -41.851  -14.207 0.4000000060
266516  -38.367  -43.776  -13.858 0.3000000119
266642  -33.821  -47.229  -10.826 0.4000000060
266776  -40.374  -47.167  -12.157 0.4000000060
268863  -30.772  -49.417  -16.814 0.6999999881
269046  -33.661  -53.970  -23.490 0.6000000238
269400  -26.686  -55.023  -15.870 0.5000000000
269428  -34.368  -63.931  -23.746 0.4000000060
269833  -37.582  -45.514  -8.955 0.3000000119
270425  -24.122  -55.744  -18.364 0.5000000000
270497  -36.399  -57.094  -21.421 0.6000000238
270539  -34.868  -63.556  -24.316 0.4000000060
270585  -33.876  -45.980  -13.816 0.5000000000
270650  -35.080  -63.656  -23.705 0.4000000060
270659  -34.324  -57.192  -20.812 0.5000000000
270777  -30.195  -56.466  -19.290 0.5000000000
271282  -30.646  -59.600  -19.311 0.4000000060
271470  -33.689  -49.279  -9.609 0.3000000119
271969  -35.250  -55.044  -13.824 0.4000000060
273170  -39.444  -46.531  -11.147 0.5000000000
274261  -35.336  -41.772  -12.012 0.4000000060
274648  -40.088  -47.721  -9.395 0.3000000119
275149  -31.055  -51.032  -14.062 0.6000000238
275155  -30.118  -41.178  -13.633 0.5000000000
275565  -34.860  -63.019  -21.142 0.4000000060
275726  -31.408  -53.643  -15.555 0.8000000119
275777  -35.151  -55.880  -20.540 0.6000000238
275908  -37.051  -45.688  -11.586 0.5000000000
276034  -26.856  -57.455  -19.942 0.4000000060
276322  -42.991  -46.218  -16.363 0.4000000060
276519  -39.549  -56.865  -15.673 0.4000000060
276597  -32.229  -43.406  -13.369 0.4000000060
277626  -35.180  -63.360  -24.814 0.4000000060
277662  -37.347  -62.943  -22.114 0.4000000060
277785  -26.887  -55.963  -23.683 0.6000000238
277787  -33.140  -64.145  -23.037 0.4000000060
278563  -36.502  -40.933  -11.288 0.5000000000
278842  -37.505  -55.312  -23.460 0.5000000000
279956  -39.874  -56.931  -19.046 0.5000000000
280622  -39.738  -57.178  -16.648 0.4000000060
280817  -39.598  -57.145  -17.974 0.5000000000
281279  -38.271  -56.874  -18.510 0.6000000238
281280  -40.742  -57.715  -17.060 0.4000000060
281816  -40.426  -56.839  -22.031 0.4000000060
282037  -40.953  -62.568  -19.245 0.4000000060
282267  -40.108  -60.442  -20.205 0.4000000060
282743  -38.830  -55.207  -21.773 0.6000000238
282744  -38.268  -57.342  -22.441 0.5000000000
283051  -40.375  -61.875  -19.857 0.4000000060
283151  -42.413  -59.065  -19.195 0.3000000119
283152  -41.907  -58.178  -17.810 0.3000000119
283470  -37.938  -56.595  -20.190 0.6000000238
283732  -42.280  -58.266  -20.023 0.3000000119
284917  -38.080  -55.130  -21.239 0.6000000238
284951  -40.991  -62.211  -18.410 0.3000000119
285103  -40.265  -57.731  -16.541 0.3000000119
285119  -39.741  -56.670  -21.985 0.4000000060
285196  -40.574  -62.663  -19.809 0.4000000060
285802  -40.237  -57.458  -17.588 0.4000000060
285803  -37.696  -56.740  -18.598 0.6000000238
285804  -38.959  -56.968  -18.324 0.5000000000
286900  -39.056  -57.017  -16.796 0.4000000060
286901  -37.779  -56.687  -17.409 0.6000000238
286902  -41.119  -56.811  -19.715 0.4000000060
286904  -40.038  -57.341  -16.315 0.4000000060
287124  -41.261  -56.733  -21.626 0.4000000060
287204  -42.102  -60.003  -18.368 0.3000000119
287466  -38.000  -56.849  -19.468 0.6000000238
287467  -37.193  -56.719  -18.363 0.6000000238
288981  -31.660  -53.043  -12.856 0.5000000000
289453  -35.662  -55.629  -19.479 0.6999999881
289696  -34.295  -45.755  -14.202 0.4000000060
289917  -35.362  -63.584  -23.198 0.4000000060
290099  -23.696  -56.465  -18.314 0.5000000000
290220  -37.111  -58.822  -20.397 0.4000000060
290911  -33.799  -48.904  -14.169 0.5000000000
291007  -32.063  -64.003  -28.006 0.3000000119
291089  -34.005  -42.004  -12.205 0.4000000060
292734  -31.144  -57.923  -19.055 0.4000000060
293660  -32.575  -42.413  -15.990 0.4000000060
293918  -33.374  -54.347  -12.268 0.5000000000
293928  -41.838  -56.898  -20.448 0.4000000060
293977  -31.384  -56.473  -19.729 0.5000000000
294265  -27.621  -49.182  -16.036 0.5000000000
294429  -32.892  -50.462  -11.373 0.5000000000
295314  -34.232  -50.171  -10.417 0.5000000000
295478  -38.126  -62.686  -22.013 0.4000000060
295822  -31.778  -43.769  -19.300 0.5000000000
296416  -38.545  -56.762  -16.674 0.5000000000
297167  -38.195  -58.606  -20.578 0.4000000060
297639  -29.295  -54.851  -25.177 0.6999999881
298401  -33.347  -48.143  -9.553 0.3000000119
298440  -36.024  -52.753  -12.275 0.3000000119
298473  -41.172  -61.162  -19.039 0.4000000060
298759  -35.504  -62.140  -20.538 0.4000000060
298781  -31.420  -50.951  -17.754 0.8000000119
299114  -38.730  -49.272  -17.067 0.4000000060
299166  -28.348  -61.692  -19.475 0.4000000060
299590  -35.397  -44.404  -14.047 0.4000000060
300038  -41.583  -60.598  -17.968 0.3000000119
300183  -39.334  -62.984  -20.719 0.4000000060
300189  -40.306  -61.208  -20.352 0.4000000060
300319  -42.128  -48.108  -17.729 0.3000000119
301335  -36.956  -64.730  -23.375 0.3000000119
301451  -33.154  -48.337  -9.178 0.3000000119
301464  -34.926  -56.499  -23.150 0.6000000238
301972  -36.163  -57.052  -23.201 0.5000000000
302007  -32.023  -50.170  -13.166 0.6999999881
302028  -30.189  -55.594  -22.182 0.6000000238
303427  -29.686  -41.169  -14.367 0.4000000060
304217  -25.365  -55.073  -18.283 0.5000000000
304557  -35.921  -55.608  -20.021 0.6999999881
304790  -34.269  -61.203  -20.180 0.4000000060
305249  -42.021  -57.697  -19.974 0.4000000060
305255  -26.083  -54.980  -15.866 0.5000000000
305262  -32.018  -53.978  -13.019 0.5000000000
305370  -27.601  -54.546  -24.325 0.6999999881
306449  -37.280  -45.400  -11.297 0.5000000000
306528  -36.083  -50.427  -16.187 0.5000000000
