#!ascii label  , from subject sub-v2s5x29576_ses-1 vox2ras=TkReg
1635
97786  27.439  -36.863  -8.428 0.8999999762
97795  27.121  -37.018  -9.029 0.8000000119
99481  27.419  -36.377  -9.694 0.8000000119
99515  26.866  -36.385  -10.671 0.6999999881
99498  26.784  -35.750  -10.526 0.8000000119
96105  27.056  -37.386  -8.380 0.8999999762
99471  27.484  -36.367  -9.025 1.0000000000
99480  27.537  -35.813  -9.482 1.0000000000
294820  27.181  -35.766  -9.967 0.8999999762
101231  26.022  -35.398  -10.894 0.8000000119
101217  26.862  -35.160  -10.140 0.8999999762
283706  25.068  -34.787  -11.368 0.6999999881
291535  24.501  -34.884  -12.070 0.6999999881
96106  26.155  -37.443  -8.133 0.8000000119
314772  26.776  -37.446  -8.085 0.8999999762
97758  26.851  -36.754  -7.300 0.8999999762
97772  26.442  -37.085  -7.708 0.8999999762
97774  24.918  -36.981  -7.753 0.8999999762
97785  27.653  -36.289  -8.534 0.8999999762
99470  27.807  -35.840  -8.940 1.0000000000
101204  27.289  -35.207  -9.721 0.8999999762
102861  27.343  -34.598  -9.492 1.0000000000
102862  26.919  -34.550  -9.892 0.8999999762
101218  26.372  -35.045  -10.553 0.8999999762
321602  25.761  -34.831  -10.889 0.8000000119
102894  24.006  -33.541  -12.242 0.6999999881
99446  27.238  -36.467  -6.968 0.8999999762
97759  26.024  -36.579  -7.414 0.8999999762
97760  25.245  -36.484  -7.466 0.8999999762
97761  24.428  -36.487  -7.441 0.8999999762
97757  27.405  -36.702  -7.400 0.8999999762
97770  27.598  -36.523  -7.962 0.8999999762
101203  27.659  -35.263  -9.239 1.0000000000
102878  25.942  -34.297  -10.762 0.8000000119
102893  25.053  -34.152  -11.163 0.8000000119
104543  23.783  -32.784  -12.449 0.8000000119
104531  25.283  -32.256  -12.697 0.8000000119
104541  26.036  -32.940  -13.252 0.8000000119
104540  27.305  -33.543  -12.981 0.8000000119
99448  25.559  -36.062  -7.154 0.8999999762
99449  24.871  -36.026  -7.210 0.8999999762
99450  24.291  -35.915  -7.299 0.8999999762
99438  26.886  -35.977  -6.710 0.8999999762
101170  24.600  -35.634  -6.903 0.8999999762
101171  24.112  -35.328  -7.213 0.8000000119
99451  23.834  -35.615  -7.685 0.8000000119
99445  27.838  -36.194  -7.433 0.8999999762
102820  24.238  -34.516  -6.511 0.6999999881
291954  23.539  -35.199  -7.334 0.6999999881
99444  28.251  -35.637  -7.754 0.8999999762
102832  23.304  -34.686  -6.962 0.6999999881
102833  22.798  -34.858  -7.065 0.6999999881
101182  28.415  -35.288  -8.172 1.0000000000
104453  22.882  -33.674  -6.948 0.6000000238
101194  28.132  -35.293  -8.729 1.0000000000
102851  27.831  -34.679  -9.024 1.0000000000
104488  26.964  -33.927  -9.733 1.0000000000
104504  26.546  -33.945  -10.079 0.8999999762
104487  27.470  -33.964  -9.323 1.0000000000
106090  26.218  -33.169  -9.977 0.8999999762
104505  25.660  -33.444  -10.532 0.8000000119
292102  24.483  -31.910  -12.083 0.8000000119
106118  26.359  -32.191  -12.584 0.8000000119
104530  26.743  -32.694  -12.942 0.8000000119
104528  28.240  -33.516  -11.621 0.8000000119
269950  27.311  -32.531  -12.650 0.8000000119
295532  28.824  -34.123  -10.772 0.8000000119
99447  26.382  -36.174  -6.951 0.8999999762
101157  26.500  -35.674  -6.461 0.8999999762
99439  25.768  -35.614  -6.647 0.8999999762
101169  25.191  -35.683  -6.966 0.8999999762
102819  24.825  -34.793  -6.385 0.8999999762
101168  27.528  -35.822  -6.885 0.8999999762
102831  23.941  -34.770  -7.022 0.6999999881
101167  28.172  -35.536  -7.329 0.8999999762
102821  23.664  -34.201  -6.708 0.6000000238
104464  23.004  -34.254  -6.864 0.6000000238
317918  28.499  -34.798  -7.608 1.0000000000
106041  22.789  -33.233  -6.980 0.5000000000
102850  28.318  -34.742  -8.553 1.0000000000
276479  22.817  -32.253  -6.363 0.5000000000
104475  28.282  -34.162  -8.379 1.0000000000
104476  27.972  -34.053  -8.854 1.0000000000
106075  27.522  -33.251  -9.133 1.0000000000
296133  26.966  -33.234  -9.526 1.0000000000
106106  24.816  -32.294  -11.355 0.8000000119
288441  25.459  -31.952  -10.091 0.8999999762
107505  25.015  -31.448  -11.033 0.8000000119
106119  25.285  -31.838  -11.991 0.8000000119
108918  25.414  -30.847  -11.099 0.8999999762
107517  25.585  -31.274  -11.731 0.8000000119
108925  26.967  -31.295  -11.420 0.8999999762
107525  28.555  -32.330  -11.753 0.8000000119
104503  29.019  -33.586  -10.378 0.8000000119
323829  29.890  -33.470  -9.711 0.8000000119
104501  30.207  -34.206  -10.030 0.8000000119
102818  25.522  -34.970  -6.368 0.8999999762
101156  27.112  -35.628  -6.382 0.8999999762
101141  26.783  -35.298  -6.057 0.8999999762
102807  24.635  -34.220  -6.119 0.6999999881
104436  24.094  -33.962  -6.229 0.8000000119
102817  27.894  -34.569  -6.628 0.8999999762
101140  27.274  -35.259  -6.069 0.8999999762
104437  23.608  -33.655  -6.309 0.6999999881
106028  23.603  -33.179  -6.114 0.6000000238
106040  23.155  -33.245  -6.614 0.6000000238
107445  23.912  -32.629  -5.790 0.6999999881
107446  23.255  -32.575  -6.171 0.6000000238
104470  28.286  -34.206  -7.750 1.0000000000
108863  23.150  -31.876  -6.068 0.5000000000
108864  22.724  -31.694  -6.412 0.5000000000
291027  28.064  -33.519  -7.946 1.0000000000
106061  27.877  -33.247  -8.592 1.0000000000
107479  27.402  -32.449  -8.837 1.0000000000
107492  25.707  -31.497  -9.644 0.8999999762
106060  28.081  -32.893  -8.207 1.0000000000
107491  26.704  -32.230  -9.224 0.8999999762
108904  25.710  -30.769  -9.909 0.8999999762
108903  26.228  -31.017  -9.432 0.8999999762
110366  26.096  -30.409  -10.320 0.8999999762
291212  28.741  -31.575  -11.409 0.8999999762
272476  28.913  -32.152  -11.213 0.8999999762
110353  26.179  -30.323  -9.740 0.8999999762
108924  28.616  -31.255  -11.140 0.8999999762
106089  29.061  -32.921  -10.452 0.8999999762
108916  29.098  -31.547  -10.883 0.8999999762
102804  26.486  -34.880  -5.734 0.8999999762
102805  25.896  -34.701  -5.911 0.8999999762
102806  25.327  -34.373  -6.144 0.8999999762
104434  25.691  -34.159  -5.664 0.8999999762
104435  25.041  -33.849  -5.736 1.0000000000
106026  24.637  -33.419  -5.635 0.8000000119
102785  26.761  -34.489  -5.233 0.8999999762
106027  24.070  -33.401  -5.916 0.6999999881
102830  28.269  -35.000  -7.219 0.8999999762
102802  27.534  -34.768  -6.009 0.8999999762
311155  24.474  -32.871  -5.767 0.6999999881
321086  24.104  -32.119  -5.383 0.6999999881
279156  23.661  -31.975  -5.781 0.5000000000
104463  28.150  -34.268  -7.141 1.0000000000
108850  23.039  -31.245  -6.067 0.5000000000
292284  28.104  -33.654  -7.378 1.0000000000
106052  28.278  -33.054  -7.734 1.0000000000
107463  28.624  -32.680  -7.381 1.0000000000
107478  27.798  -32.129  -8.618 1.0000000000
293696  28.421  -32.350  -8.133 1.0000000000
108870  28.716  -32.017  -7.548 1.0000000000
108891  27.264  -30.896  -8.798 0.8999999762
110352  26.696  -30.299  -9.366 0.8999999762
319646  27.211  -29.866  -9.607 0.8999999762
106149  31.845  -33.202  -16.032 0.6999999881
107545  31.826  -32.394  -15.857 0.8000000119
107546  32.785  -32.632  -13.829 0.8000000119
107536  33.043  -32.189  -13.147 0.8000000119
102784  27.448  -34.494  -5.448 0.8999999762
104397  26.637  -33.932  -4.726 1.0000000000
104414  26.133  -34.080  -5.168 1.0000000000
106012  25.451  -33.067  -5.091 1.0000000000
104416  25.099  -33.409  -5.417 0.6999999881
106013  24.896  -32.910  -5.440 0.6999999881
104451  27.819  -34.277  -6.223 0.8999999762
104412  28.087  -34.118  -5.300 0.8999999762
108835  24.435  -31.945  -5.161 0.6999999881
108849  23.502  -31.388  -5.696 0.6000000238
283502  28.093  -33.717  -6.919 1.0000000000
106039  28.352  -33.472  -6.370 0.8999999762
325097  28.444  -33.894  -5.477 0.8999999762
110310  22.956  -30.722  -6.043 0.4000000060
106045  28.264  -33.211  -7.079 1.0000000000
269634  28.082  -30.815  -8.692 1.0000000000
325257  28.665  -31.276  -7.676 1.0000000000
288916  33.896  -32.352  -10.482 0.8999999762
104592  34.698  -32.851  -17.497 0.6000000238
106148  31.703  -32.858  -17.412 0.6000000238
283351  32.501  -31.891  -14.448 0.8000000119
106114  33.775  -32.907  -11.687 0.8999999762
107501  33.809  -32.947  -10.568 0.8999999762
106010  27.916  -33.806  -4.816 0.8999999762
106011  27.267  -33.674  -4.781 0.8999999762
107431  25.025  -32.509  -4.941 0.8000000119
108834  24.836  -32.091  -4.831 0.6999999881
288820  24.732  -31.269  -5.380 0.6999999881
111750  24.203  -30.702  -5.246 0.6000000238
113258  23.506  -29.865  -5.332 0.4000000060
106024  28.605  -32.960  -6.056 1.0000000000
106025  28.606  -33.665  -5.647 0.8999999762
107457  28.587  -32.835  -6.700 1.0000000000
107456  28.954  -32.400  -6.407 1.0000000000
107462  29.015  -32.320  -6.993 1.0000000000
297420  28.960  -31.639  -7.150 1.0000000000
110318  29.033  -30.717  -7.401 1.0000000000
107486  32.563  -32.545  -9.280 0.8999999762
108898  33.352  -31.633  -9.546 0.8999999762
108914  33.681  -32.004  -9.997 0.8999999762
108934  33.822  -31.892  -11.749 0.8999999762
108923  34.011  -32.017  -10.999 0.8999999762
106158  37.013  -33.008  -18.361 0.6000000238
104591  36.765  -33.412  -18.320 0.6000000238
274405  32.625  -32.271  -17.586 0.6000000238
107555  31.522  -31.720  -17.279 0.8000000119
107535  33.539  -32.299  -12.193 0.8999999762
326772  26.374  -33.406  -4.555 0.8999999762
105995  26.002  -33.561  -4.838 0.8999999762
318487  25.489  -32.620  -4.736 0.6999999881
107401  26.915  -32.261  -4.076 0.8999999762
107418  26.409  -32.372  -4.352 0.8999999762
108824  25.113  -31.444  -5.419 0.6000000238
106009  28.420  -33.640  -5.195 1.0000000000
105992  28.112  -33.294  -4.639 1.0000000000
107417  27.738  -32.935  -4.116 1.0000000000
110272  24.911  -31.067  -5.275 0.6000000238
110283  24.539  -31.008  -5.353 0.6000000238
113257  24.030  -30.232  -5.132 0.5000000000
106008  28.677  -33.094  -5.489 1.0000000000
107430  28.539  -32.943  -5.008 1.0000000000
107415  28.842  -32.535  -4.710 1.0000000000
107444  28.873  -32.538  -5.754 1.0000000000
108848  29.160  -31.933  -5.945 1.0000000000
110295  29.336  -31.284  -6.204 1.0000000000
276315  29.177  -31.277  -6.791 1.0000000000
110309  29.307  -30.661  -6.680 1.0000000000
111791  28.234  -29.156  -7.510 1.0000000000
111792  27.935  -28.833  -8.263 1.0000000000
113324  28.143  -28.509  -8.665 1.0000000000
111806  28.327  -28.742  -9.085 1.0000000000
111805  29.729  -29.803  -9.169 1.0000000000
110337  30.302  -30.440  -9.363 0.8999999762
110350  28.864  -30.050  -9.777 0.8999999762
108900  32.157  -32.146  -8.932 0.8999999762
312120  33.904  -31.376  -10.848 0.8999999762
110390  33.517  -31.247  -12.172 0.8999999762
106156  37.214  -32.929  -15.602 0.6000000238
106157  37.157  -32.884  -17.225 0.6000000238
107566  36.272  -32.203  -18.012 0.6000000238
107567  34.420  -32.103  -17.332 0.6000000238
108952  31.581  -31.350  -16.159 0.8000000119
108945  32.716  -31.535  -13.692 0.8000000119
293103  27.062  -32.928  -4.054 0.8999999762
108822  26.024  -31.594  -4.735 0.6999999881
108823  25.558  -31.468  -5.077 0.6000000238
110271  25.305  -31.063  -4.989 0.6000000238
107399  28.151  -32.448  -3.990 0.8999999762
111735  25.065  -30.658  -4.810 0.6000000238
111736  24.599  -30.613  -5.104 0.5000000000
107429  28.785  -32.643  -5.288 1.0000000000
108802  29.281  -32.390  -3.749 0.8999999762
108833  29.056  -32.121  -5.179 1.0000000000
108847  29.409  -31.525  -5.579 1.0000000000
324688  29.859  -31.183  -5.875 1.0000000000
110308  29.692  -30.755  -6.172 1.0000000000
111761  30.039  -30.359  -6.021 1.0000000000
111780  28.784  -29.551  -6.885 1.0000000000
113295  28.622  -28.799  -7.339 1.0000000000
113322  29.851  -29.398  -8.602 1.0000000000
111803  31.178  -30.323  -8.748 1.0000000000
111819  33.268  -30.588  -9.109 0.8999999762
110346  33.586  -31.012  -9.449 0.8999999762
110361  33.933  -30.988  -10.294 0.8999999762
110380  33.528  -30.702  -11.930 0.8999999762
107565  37.599  -32.234  -18.506 0.6000000238
108971  35.000  -31.318  -17.169 0.6000000238
108958  33.962  -30.754  -16.790 0.6999999881
108960  31.173  -30.604  -16.265 0.6999999881
108953  31.750  -31.014  -15.129 0.6999999881
110391  32.776  -31.034  -13.162 0.8000000119
110381  32.820  -30.496  -12.933 0.8999999762
104567  37.263  -33.474  -14.581 0.6000000238
110398  31.589  -29.906  -16.074 0.6999999881
110399  31.319  -30.307  -15.336 0.8000000119
111848  31.773  -29.614  -14.202 0.8999999762
110270  25.904  -31.139  -4.939 0.6999999881
111721  25.342  -30.213  -4.574 0.6000000238
108804  27.851  -31.947  -3.725 0.8999999762
108805  27.137  -31.924  -3.737 0.8000000119
110254  26.404  -31.049  -4.139 0.6999999881
107398  28.999  -32.531  -3.934 0.8999999762
108821  29.339  -32.433  -4.154 1.0000000000
108790  28.948  -31.486  -3.506 0.8000000119
108801  30.141  -31.594  -4.039 0.8999999762
318771  29.497  -31.608  -3.836 0.8000000119
110268  30.147  -31.431  -4.718 1.0000000000
110282  30.217  -31.249  -5.438 1.0000000000
110293  30.387  -30.898  -5.485 1.0000000000
111749  30.470  -30.407  -5.225 1.0000000000
113267  30.297  -29.920  -5.728 1.0000000000
113268  29.865  -29.741  -6.240 1.0000000000
113294  29.427  -28.716  -7.226 1.0000000000
113309  29.135  -28.493  -7.896 1.0000000000
111790  30.869  -29.770  -8.569 1.0000000000
111802  32.095  -30.799  -8.368 0.8999999762
111818  33.776  -30.377  -9.422 0.8999999762
110345  33.837  -30.843  -9.752 0.8999999762
111839  33.482  -30.194  -11.568 0.8999999762
108970  36.743  -31.393  -18.135 0.6000000238
110411  32.992  -30.288  -16.394 0.6999999881
111840  32.988  -29.926  -12.695 0.8999999762
107563  37.767  -32.074  -15.005 0.6000000238
107564  37.702  -32.156  -16.826 0.6000000238
111860  30.907  -29.639  -15.301 0.6999999881
110269  26.164  -31.208  -4.560 0.6999999881
111720  25.766  -30.078  -4.284 0.6000000238
110252  27.474  -31.572  -3.388 0.8000000119
110253  26.866  -31.427  -3.646 0.8000000119
110238  26.581  -30.974  -3.351 0.6999999881
111719  26.169  -30.537  -3.907 0.6999999881
110235  28.545  -31.156  -3.175 0.6999999881
110236  27.860  -31.144  -3.193 0.8000000119
110234  29.219  -31.139  -3.142 0.6999999881
108789  29.643  -31.277  -3.533 0.6999999881
111718  30.535  -30.766  -3.806 0.8000000119
111734  30.527  -30.618  -4.462 0.8000000119
113238  30.628  -30.156  -4.013 0.8000000119
310745  30.547  -29.828  -4.677 0.8999999762
114765  29.931  -28.849  -6.873 1.0000000000
113307  31.213  -29.542  -7.969 1.0000000000
113306  31.810  -29.880  -7.934 1.0000000000
114764  30.331  -28.921  -6.909 1.0000000000
114795  30.943  -29.038  -7.586 1.0000000000
111788  31.967  -30.347  -8.106 1.0000000000
113320  33.287  -29.668  -8.829 1.0000000000
320238  33.526  -30.125  -9.047 0.8999999762
113339  33.918  -29.866  -9.721 0.8999999762
113344  33.922  -29.832  -10.323 0.8999999762
113353  33.741  -29.688  -11.145 0.8999999762
108969  38.177  -31.597  -18.606 0.6000000238
108957  35.446  -30.555  -17.259 0.6000000238
110410  34.476  -29.949  -16.914 0.6999999881
113354  33.213  -29.434  -12.198 0.8999999762
111859  32.048  -29.128  -15.978 0.6999999881
113362  31.900  -28.865  -13.982 0.8999999762
110237  27.129  -31.214  -3.121 0.6999999881
111703  26.853  -30.790  -2.791 0.6000000238
111704  26.339  -30.453  -3.108 0.6000000238
316019  25.788  -29.655  -4.022 0.6000000238
111701  28.227  -30.821  -2.885 0.6999999881
111686  27.198  -30.500  -2.287 0.6000000238
111700  29.002  -30.845  -2.804 0.6999999881
111699  29.727  -30.873  -3.059 0.6999999881
113221  30.029  -30.150  -2.925 0.6999999881
113219  31.222  -29.875  -3.107 0.8000000119
114698  30.656  -29.507  -4.310 0.8000000119
114712  31.128  -29.051  -4.149 0.8000000119
113256  30.446  -29.651  -5.204 0.8000000119
114743  30.080  -29.129  -6.059 1.0000000000
114727  30.263  -29.101  -5.495 0.8000000119
114780  31.583  -28.987  -7.402 1.0000000000
114794  31.562  -29.355  -7.707 1.0000000000
113321  32.668  -29.436  -8.489 1.0000000000
116219  31.993  -28.717  -7.937 1.0000000000
114812  32.621  -28.881  -8.299 1.0000000000
114810  33.700  -29.181  -9.116 1.0000000000
116248  33.840  -28.685  -9.520 1.0000000000
114833  33.942  -28.972  -10.040 1.0000000000
114840  33.902  -29.230  -10.615 0.8999999762
108956  37.075  -30.574  -18.292 0.6000000238
114846  33.556  -29.092  -11.567 0.8999999762
108968  38.358  -31.559  -16.887 0.6000000238
110409  35.850  -29.811  -17.475 0.6999999881
111870  34.992  -29.173  -17.059 0.6999999881
113372  32.575  -28.387  -15.876 0.6999999881
282134  31.233  -28.001  -15.237 0.8999999762
113222  26.130  -29.840  -2.917 0.5000000000
111685  27.936  -30.483  -2.316 0.6000000238
113202  26.921  -29.947  -2.022 0.5000000000
111684  28.670  -30.482  -2.405 0.6999999881
111683  29.341  -30.387  -2.591 0.6999999881
113198  29.702  -29.843  -2.344 0.6999999881
113196  31.018  -29.708  -2.557 0.6999999881
114679  31.485  -29.360  -2.933 0.6999999881
282104  31.566  -29.375  -3.422 0.8000000119
116134  31.478  -28.694  -3.728 0.8000000119
288791  31.342  -28.448  -4.308 0.8000000119
116142  30.856  -28.492  -4.823 0.8000000119
116151  30.971  -28.078  -5.344 0.8000000119
117584  31.231  -28.034  -6.060 0.8999999762
116179  31.142  -28.577  -6.539 1.0000000000
116178  31.631  -28.173  -6.739 0.8999999762
116196  31.833  -28.387  -7.454 1.0000000000
116238  33.039  -28.536  -8.459 1.0000000000
114811  33.229  -28.957  -8.715 1.0000000000
116264  33.930  -28.438  -10.096 1.0000000000
294644  33.947  -28.741  -10.463 0.8999999762
294134  33.856  -28.722  -11.025 0.8999999762
116285  33.474  -28.435  -11.896 0.8999999762
110416  38.593  -30.833  -18.246 0.6000000238
111858  34.067  -28.681  -16.575 0.6999999881
114854  31.634  -27.872  -14.181 0.8999999762
110415  38.775  -30.983  -16.688 0.6000000238
296260  35.544  -28.409  -17.606 0.6999999881
113371  33.987  -28.125  -16.328 0.6999999881
309940  32.577  -27.995  -12.952 0.8999999762
113360  33.005  -27.741  -15.887 0.6999999881
325111  31.589  -27.207  -13.263 0.8999999762
113201  27.618  -30.012  -1.999 0.5000000000
114663  26.728  -29.406  -1.851 0.5000000000
113180  28.667  -29.415  -1.971 0.6999999881
113182  27.315  -29.432  -1.835 0.5000000000
113199  28.994  -29.882  -2.214 0.6999999881
114661  30.012  -29.380  -1.895 0.6999999881
114662  29.435  -29.414  -1.840 0.6999999881
114660  30.583  -29.401  -2.164 0.6999999881
309943  31.264  -28.605  -2.407 0.6999999881
116133  31.716  -28.357  -3.401 0.8000000119
117554  31.588  -28.025  -3.978 0.8000000119
117561  31.310  -27.913  -4.766 0.8000000119
117575  31.177  -27.668  -5.783 0.8000000119
117594  32.117  -27.798  -7.286 0.8999999762
117609  32.289  -28.146  -7.745 1.0000000000
117611  33.400  -27.877  -8.814 1.0000000000
116236  33.628  -28.218  -9.193 1.0000000000
117567  31.451  -27.333  -5.081 0.8000000119
118971  31.736  -27.071  -6.565 0.8000000119
117607  33.172  -27.569  -8.404 0.8999999762
117617  33.572  -27.657  -9.320 1.0000000000
117628  33.827  -28.059  -9.698 1.0000000000
117640  33.908  -27.887  -10.288 1.0000000000
116277  33.903  -28.273  -10.753 1.0000000000
117641  33.707  -27.629  -11.026 1.0000000000
116296  33.150  -27.649  -12.428 0.8999999762
111869  36.395  -28.967  -17.940 0.6999999881
116278  33.582  -27.978  -11.540 0.8999999762
110408  37.482  -29.790  -18.274 0.6000000238
321870  35.915  -27.974  -17.828 0.6999999881
114864  34.498  -27.416  -16.587 0.6999999881
114853  31.681  -27.369  -15.153 0.6999999881
116295  31.092  -27.056  -13.958 0.8000000119
116294  33.537  -27.111  -16.042 0.6999999881
117671  31.423  -26.897  -13.380 0.8000000119
117655  33.200  -27.186  -12.251 0.8999999762
285782  32.872  -26.703  -15.256 0.6999999881
113200  28.295  -30.006  -2.056 0.6000000238
113181  27.949  -29.476  -1.784 0.5000000000
114649  29.033  -28.939  -1.672 0.5000000000
116103  30.423  -28.108  -1.831 0.6999999881
114647  30.106  -28.757  -1.919 0.6999999881
116115  30.673  -28.664  -2.156 0.6999999881
290211  30.066  -27.434  -1.639 0.6999999881
116102  31.051  -28.048  -2.090 0.6999999881
117537  31.604  -27.660  -2.317 0.6999999881
116114  31.704  -28.257  -2.541 0.6999999881
118934  32.091  -27.278  -2.490 0.6999999881
116123  31.943  -28.404  -2.856 0.6999999881
117553  31.906  -27.829  -3.361 0.8000000119
322206  31.781  -27.601  -3.843 0.8000000119
308012  32.165  -27.324  -3.678 0.8000000119
117560  31.507  -27.264  -4.280 0.8000000119
118962  31.451  -27.063  -5.987 0.8000000119
291704  31.928  -26.794  -4.153 0.8000000119
120351  32.001  -26.441  -5.289 0.8000000119
118984  32.087  -27.164  -7.094 0.8000000119
118996  33.013  -27.324  -8.002 0.8999999762
117629  33.709  -27.474  -9.911 1.0000000000
120364  32.268  -26.213  -6.346 0.8000000119
118970  32.199  -26.674  -6.815 0.8000000119
311910  33.797  -27.353  -10.532 1.0000000000
111868  38.090  -29.028  -18.352 0.6000000238
113370  35.167  -27.883  -17.191 0.6999999881
119019  33.406  -26.770  -11.413 1.0000000000
320933  34.425  -26.927  -16.533 0.6999999881
117670  31.417  -26.074  -14.605 0.8000000119
117527  30.560  -27.557  -1.638 0.6999999881
118921  30.165  -27.068  -1.057 0.6999999881
117526  31.135  -27.525  -1.869 0.6999999881
117525  31.545  -27.167  -1.975 0.6999999881
120322  32.087  -26.764  -2.066 0.6999999881
118941  32.387  -27.309  -3.142 0.6999999881
120321  32.486  -26.302  -2.236 0.6999999881
118940  32.567  -26.724  -3.192 0.8000000119
295058  32.482  -26.847  -3.597 0.8000000119
120345  32.249  -26.353  -4.639 0.8000000119
293976  32.769  -25.953  -3.923 0.8000000119
120350  32.383  -25.989  -5.051 0.8000000119
118995  33.211  -26.962  -8.373 0.8999999762
118998  33.366  -27.313  -8.887 0.8999999762
120374  32.896  -26.384  -7.349 0.8000000119
120382  33.315  -26.358  -8.665 0.8999999762
119004  33.498  -26.942  -9.530 0.8999999762
111857  36.917  -28.162  -18.217 0.6000000238
120388  33.417  -26.331  -9.306 0.8999999762
113369  38.083  -27.436  -17.878 0.6000000238
116304  35.194  -26.508  -17.240 0.6999999881
117654  31.333  -26.066  -13.619 0.8999999762
119031  31.837  -26.151  -12.853 0.8000000119
118920  30.834  -27.160  -1.297 0.6999999881
283483  31.523  -26.682  -1.545 0.6999999881
120305  32.118  -26.182  -1.631 0.6999999881
120330  32.625  -26.294  -2.858 0.6999999881
121677  32.656  -25.768  -1.940 0.6999999881
121689  32.786  -25.833  -2.530 0.6999999881
275096  32.490  -26.108  -6.882 0.8000000119
120378  33.176  -26.387  -8.031 0.8000000119
282278  32.816  -25.689  -7.216 0.8000000119
120379  33.071  -25.707  -7.802 0.8000000119
119010  33.588  -26.819  -10.393 0.8999999762
279175  36.416  -27.458  -17.941 0.6000000238
121742  33.234  -25.681  -8.393 0.8000000119
121747  33.282  -25.694  -9.059 0.8999999762
120397  33.469  -26.247  -10.100 0.8999999762
114862  37.539  -26.738  -17.431 0.6000000238
114863  35.813  -26.990  -17.542 0.6999999881
120407  33.114  -25.936  -11.308 0.8999999762
116293  34.382  -26.216  -16.504 0.6999999881
119018  32.744  -25.953  -12.157 0.8000000119
117653  32.540  -25.342  -15.104 0.6999999881
119030  31.600  -25.372  -14.394 0.8000000119
121662  31.465  -26.099  -1.095 0.6999999881
121661  32.437  -25.601  -1.413 0.6999999881
297740  32.835  -25.120  -1.439 0.6999999881
121718  32.345  -25.537  -5.450 0.8000000119
121725  32.407  -25.594  -6.023 0.8000000119
289911  32.855  -25.192  -7.124 0.8000000119
121755  33.342  -25.688  -9.850 0.8999999762
116303  36.712  -26.133  -17.288 0.6000000238
116292  35.886  -25.592  -17.162 0.6999999881
117668  35.071  -25.211  -16.649 0.6999999881
121767  33.190  -25.526  -10.717 0.8999999762
117652  34.181  -24.739  -16.308 0.6999999881
120406  31.614  -25.149  -12.897 0.8000000119
119029  33.348  -24.639  -15.521 0.6999999881
119017  31.334  -25.232  -13.662 0.8000000119
120416  32.677  -24.634  -14.891 0.8000000119
325632  32.933  -24.941  -0.239 0.6999999881
124555  33.947  -24.563  -0.167 0.6000000238
121748  33.110  -25.092  -8.865 0.8000000119
292050  33.026  -24.974  -9.708 0.8999999762
121776  32.528  -25.013  -11.803 0.8999999762
120415  34.186  -23.881  -15.934 0.6999999881
120405  32.297  -24.466  -14.234 0.8000000119
121775  31.430  -24.145  -13.632 0.8000000119
119028  35.984  -24.405  -16.488 0.5000000000
294629  35.105  -23.995  -16.303 0.6999999881
121766  32.872  -24.829  -11.335 0.8000000119
121774  33.381  -23.417  -14.952 0.6000000238
123156  32.546  -24.108  -10.529 0.8000000119
123169  32.948  -24.894  -10.566 0.8999999762
298221  36.399  -24.733  -15.204 0.6000000238
121765  31.342  -24.013  -12.607 0.8000000119
123168  31.829  -23.976  -11.600 0.8000000119
121764  32.639  -23.369  -13.791 0.6000000238
123157  32.936  -24.485  -9.449 0.8000000119
120414  35.999  -24.026  -15.348 0.6000000238
120404  34.932  -23.364  -15.814 0.6000000238
123155  31.877  -23.221  -11.686 0.8000000119
123167  31.704  -23.070  -12.852 0.6999999881
123178  34.237  -22.663  -15.016 0.6000000238
124660  32.549  -22.630  -12.797 0.6000000238
121773  35.570  -22.938  -15.447 0.6000000238
126193  32.766  -23.253  -8.666 0.8000000119
124662  33.017  -23.884  -9.853 0.8000000119
126206  33.095  -23.587  -9.238 0.8000000119
120413  36.862  -24.813  -13.366 0.5000000000
124661  32.214  -23.175  -10.764 0.8000000119
120403  36.174  -23.688  -14.941 0.6000000238
276725  32.478  -22.718  -11.846 0.6000000238
123177  35.978  -22.942  -14.715 0.6000000238
123166  33.232  -22.603  -14.005 0.6000000238
124681  35.042  -22.329  -14.895 0.6000000238
124672  34.268  -22.493  -13.707 0.6000000238
124659  33.693  -22.208  -12.963 0.6000000238
127826  32.945  -23.017  -8.942 0.8000000119
126205  33.205  -23.295  -9.978 0.8000000119
127809  32.418  -22.541  -8.680 0.8000000119
127808  32.913  -22.713  -8.902 0.6999999881
127825  33.388  -23.093  -9.527 0.6999999881
121772  36.642  -24.073  -13.455 0.6000000238
126203  33.113  -22.243  -11.901 0.6000000238
313453  33.217  -22.181  -11.114 0.6000000238
126204  32.571  -22.632  -10.947 0.6999999881
123176  36.717  -23.860  -12.730 0.5000000000
124680  36.175  -22.757  -14.265 0.5000000000
272718  35.713  -22.153  -14.705 0.6000000238
124679  36.686  -23.331  -12.749 0.5000000000
129466  32.326  -21.782  -8.111 0.6999999881
127807  33.662  -22.637  -9.451 0.6000000238
127824  33.496  -22.766  -10.044 0.6000000238
127806  33.385  -21.470  -10.618 0.6000000238
124671  36.394  -22.417  -13.775 0.5000000000
126216  35.572  -21.767  -14.182 0.6000000238
126202  35.038  -21.398  -13.357 0.6000000238
127823  33.405  -21.589  -11.684 0.6000000238
320992  36.467  -21.752  -14.020 0.6000000238
291755  35.615  -20.954  -12.890 0.6000000238
126214  36.756  -22.254  -12.858 0.5000000000
127837  37.254  -21.442  -12.449 0.4000000060
127821  36.814  -20.863  -12.884 0.5000000000
129478  32.395  -22.381  -8.627 0.6000000238
129491  33.416  -22.437  -8.806 0.6000000238
127822  34.282  -21.169  -12.157 0.6000000238
127805  33.684  -21.257  -11.240 0.6000000238
129490  33.816  -22.020  -8.968 0.6000000238
126215  36.415  -21.276  -13.712 0.5000000000
129504  36.137  -20.878  -12.128 0.5000000000
127820  37.356  -21.361  -11.956 0.4000000060
129503  36.865  -20.847  -11.899 0.4000000060
129489  33.690  -20.972  -10.347 0.6000000238
131118  34.185  -21.454  -7.947 0.5000000000
129465  33.177  -21.309  -7.896 0.5000000000
129488  34.258  -20.899  -11.073 0.6000000238
131124  34.117  -20.566  -9.404 0.5000000000
129505  35.181  -20.922  -11.625 0.6000000238
292831  36.077  -20.822  -10.934 0.5000000000
131110  33.569  -20.677  -7.600 0.4000000060
131123  34.334  -20.871  -10.108 0.5000000000
132578  35.707  -20.879  -9.748 0.4000000060
131133  35.060  -20.901  -10.454 0.6000000238
132571  34.912  -20.325  -9.866 0.6000000238
132563  34.915  -20.698  -7.475 0.4000000060
321062  35.862  -20.534  -9.305 0.4000000060
133947  35.299  -20.807  -6.403 0.4000000060
276098  35.203  -20.254  -9.309 0.4000000060
282550  34.632  -20.206  -9.243 0.4000000060
132577  36.357  -20.826  -9.736 0.4000000060
132562  35.104  -19.930  -8.500 0.4000000060
269645  34.108  -19.726  -5.806 0.4000000060
133939  35.114  -21.060  -6.192 0.4000000060
132570  35.714  -20.098  -8.818 0.4000000060
133946  35.560  -19.494  -8.276 0.4000000060
292953  35.255  -19.757  -7.620 0.4000000060
135342  34.605  -19.982  -5.905 0.4000000060
135341  35.474  -20.270  -5.917 0.4000000060
133938  35.549  -20.667  -6.017 0.4000000060
135353  35.951  -19.244  -7.901 0.3000000119
135355  35.694  -20.297  -6.283 0.4000000060
136571  34.883  -19.229  -6.057 0.4000000060
311803  35.703  -20.359  -5.996 0.4000000060
288426  33.650  -33.391  -12.221 0.8000000119
106102  33.838  -33.132  -11.062 0.8999999762
106086  32.637  -33.422  -9.984 0.8999999762
106085  33.253  -33.300  -10.287 0.8999999762
104500  31.779  -33.675  -9.770 0.8999999762
110338  27.937  -29.694  -8.966 1.0000000000
110326  28.248  -30.316  -8.037 1.0000000000
107504  29.229  -32.447  -10.158 0.8999999762
110365  26.725  -29.928  -9.916 0.8999999762
110364  27.736  -29.967  -9.958 0.8999999762
111807  28.085  -28.830  -9.027 1.0000000000
282535  30.151  -32.535  -9.546 0.8999999762
110370  28.504  -30.907  -10.513 0.8999999762
108902  30.029  -31.283  -9.907 0.8999999762
110351  27.914  -29.521  -9.507 1.0000000000
107488  31.210  -32.684  -9.335 0.8999999762
108890  30.488  -31.453  -9.368 0.8999999762
131125  34.139  -21.598  -8.059 0.4000000060
132572  34.487  -20.866  -8.154 0.4000000060
132565  34.670  -21.181  -7.155 0.4000000060
280332  33.651  -20.284  -6.589 0.4000000060
97773  25.680  -36.985  -7.773 0.8999999762
99459  27.951  -35.885  -8.205 1.0000000000
310590  24.582  -32.977  -11.127 0.8000000119
101155  27.727  -35.251  -6.631 0.8999999762
106091  25.219  -32.366  -10.523 0.8000000119
296666  27.150  -32.170  -12.318 0.8000000119
106116  28.445  -33.026  -11.558 0.8000000119
107526  27.867  -31.989  -11.878 0.8999999762
106104  28.836  -32.861  -11.190 0.8000000119
106073  30.323  -33.216  -9.506 0.8999999762
104485  30.810  -33.671  -9.580 0.8000000119
108892  26.947  -31.326  -8.999 0.8999999762
107490  29.795  -32.142  -9.878 0.8999999762
104433  26.193  -34.483  -5.511 0.8999999762
104415  25.559  -33.708  -5.279 1.0000000000
108836  24.081  -31.460  -5.416 0.6000000238
323962  23.202  -30.557  -5.756 0.4000000060
110284  23.854  -30.975  -5.385 0.4000000060
324571  28.212  -31.679  -8.586 1.0000000000
110339  27.356  -30.044  -9.162 0.8999999762
284797  33.241  -33.272  -13.136 0.6999999881
105994  26.883  -33.387  -4.495 0.8999999762
107503  32.906  -32.868  -9.815 0.8999999762
104582  32.737  -33.125  -17.707 0.6000000238
107524  33.957  -32.384  -11.480 0.8999999762
111751  23.570  -30.462  -5.451 0.4000000060
107477  30.733  -32.126  -9.174 0.8999999762
290596  33.794  -31.344  -11.433 0.8999999762
107568  33.457  -31.488  -16.970 0.6999999881
108959  31.997  -31.038  -16.724 0.6999999881
108806  26.537  -31.650  -4.239 0.8000000119
107400  27.434  -32.486  -3.845 0.8999999762
113278  28.999  -29.237  -6.913 1.0000000000
110362  29.418  -30.900  -10.064 0.8999999762
110335  31.430  -31.103  -8.647 0.8999999762
108888  31.752  -31.650  -8.748 0.8999999762
110369  33.771  -30.808  -11.136 0.8999999762
108803  28.881  -32.379  -3.592 0.8000000119
113239  25.276  -29.821  -4.325 0.5000000000
108820  29.696  -31.784  -4.347 1.0000000000
111831  33.884  -30.310  -10.660 0.8999999762
110250  30.216  -31.100  -3.667 0.8000000119
321421  30.221  -31.622  -4.259 0.8999999762
108800  30.403  -31.283  -4.252 0.8999999762
110397  33.501  -29.516  -16.434 0.6999999881
113361  30.965  -28.795  -15.271 0.8000000119
111705  25.923  -30.102  -3.521 0.6000000238
111687  26.529  -30.311  -2.417 0.6000000238
113220  30.882  -30.206  -2.837 0.6999999881
111697  30.846  -30.302  -3.316 0.6999999881
116164  30.158  -28.779  -6.373 1.0000000000
114825  33.887  -29.327  -9.584 1.0000000000
114847  32.984  -28.709  -12.690 0.8999999762
113203  26.365  -29.666  -2.218 0.6000000238
113223  25.771  -29.463  -3.622 0.5000000000
113197  30.435  -29.805  -2.413 0.6999999881
288556  30.733  -28.278  -5.754 0.8999999762
114664  26.331  -29.072  -1.979 0.5000000000
114659  31.151  -29.172  -2.454 0.6999999881
116124  31.719  -28.864  -3.131 0.8000000119
114650  28.305  -28.941  -1.653 0.6000000238
116107  27.965  -28.419  -1.515 0.5000000000
114648  29.707  -28.933  -1.771 0.6999999881
118983  32.654  -27.371  -7.562 0.8999999762
118950  31.830  -26.864  -4.867 0.8000000119
120365  31.829  -26.755  -6.349 0.8000000119
278026  29.917  -27.695  -1.603 0.6999999881
120336  32.750  -26.274  -3.490 0.8000000119
118982  33.036  -26.897  -7.717 0.8999999762
297114  33.371  -26.797  -8.935 0.8999999762
117669  33.390  -25.660  -15.867 0.8000000119
121711  32.524  -25.507  -4.815 0.8000000119
320739  32.115  -25.775  -1.133 0.6999999881
316564  32.694  -24.794  -0.520 0.6000000238
297821  33.402  -23.875  -15.358 0.6999999881
324324  33.808  -21.854  -12.462 0.6000000238
133940  34.721  -20.943  -6.167 0.4000000060
132564  34.872  -21.231  -6.802 0.4000000060
286641  34.239  -19.176  -5.957 0.4000000060
136579  35.319  -19.061  -6.937 0.4000000060
106071  31.674  -33.150  -9.616 0.8999999762
93138  24.207  -38.199  -12.961 0.4000000060
93099  25.211  -38.863  -11.804 0.4000000060
91519  24.897  -39.459  -11.771 0.4000000060
94634  25.008  -38.283  -12.384 0.4000000060
91518  25.441  -39.370  -11.344 0.4000000060
325232  25.210  -39.742  -11.355 0.4000000060
94659  25.199  -37.777  -12.263 0.3000000119
96198  24.639  -36.965  -12.784 0.4000000060
97874  23.525  -35.676  -13.417 0.4000000060
99555  22.838  -34.726  -14.016 0.4000000060
99554  22.878  -34.245  -14.603 0.4000000060
93091  25.673  -39.236  -10.778 0.5000000000
91514  25.306  -39.795  -10.989 0.4000000060
284355  25.898  -38.235  -11.404 0.4000000060
93098  25.731  -38.826  -11.368 0.4000000060
96180  25.366  -37.330  -11.951 0.5000000000
97847  24.921  -36.602  -12.200 0.4000000060
97839  24.566  -35.903  -12.345 0.4000000060
101244  23.512  -34.599  -12.807 0.5000000000
101252  23.238  -33.469  -13.730 0.5000000000
101251  24.415  -33.725  -13.790 0.6000000238
101268  26.606  -34.813  -13.785 0.5000000000
102923  27.777  -34.783  -13.245 0.6000000238
101250  28.073  -35.506  -12.484 0.4000000060
91505  25.233  -39.675  -10.366 0.5000000000
91506  24.732  -39.962  -10.041 0.5000000000
89849  24.115  -40.013  -9.787 0.5000000000
94619  25.945  -38.557  -10.848 0.6000000238
94632  25.903  -37.637  -11.435 0.5000000000
96162  26.382  -37.369  -11.080 0.6000000238
296572  25.789  -36.950  -11.485 0.5000000000
97838  25.269  -36.352  -11.758 0.5000000000
99529  25.041  -35.802  -11.769 0.4000000060
99530  24.379  -35.363  -12.349 0.6000000238
102905  23.409  -33.895  -13.029 0.6000000238
102913  23.567  -33.122  -13.131 0.6000000238
102912  25.167  -33.225  -13.533 0.6000000238
102911  26.725  -33.736  -13.468 0.6000000238
102904  28.437  -34.523  -12.254 0.6000000238
102924  27.113  -34.558  -13.362 0.6000000238
102909  28.155  -34.705  -12.827 0.6000000238
101242  28.512  -35.125  -11.646 0.6000000238
99514  29.075  -35.786  -10.768 0.6000000238
91504  25.488  -39.149  -10.032 0.5000000000
91485  25.013  -39.460  -9.713 0.5000000000
91486  24.481  -39.678  -9.408 0.5000000000
94618  26.166  -37.946  -10.982 0.6000000238
296563  25.795  -38.760  -10.301 0.6000000238
96146  26.465  -37.668  -10.548 0.6000000238
97824  25.739  -36.276  -11.335 0.5000000000
96161  26.776  -37.192  -10.758 0.6000000238
101232  25.480  -35.578  -11.359 0.6000000238
104542  24.582  -32.707  -12.931 0.6000000238
101230  28.823  -35.204  -10.948 0.6000000238
101229  29.225  -35.349  -10.362 0.6999999881
93061  25.280  -38.989  -9.412 0.6000000238
286518  23.825  -39.725  -9.109 0.5000000000
94605  26.105  -38.245  -10.288 0.6000000238
94606  25.749  -38.637  -9.717 0.6000000238
91476  23.351  -39.437  -8.275 0.5000000000
91477  22.945  -39.445  -8.347 0.5000000000
275915  26.144  -38.263  -9.677 0.6000000238
99516  26.275  -36.057  -10.912 0.6000000238
102892  28.992  -34.741  -10.496 0.6999999881
93049  25.519  -38.621  -9.186 0.6000000238
93050  25.066  -38.721  -8.899 0.6000000238
91475  24.127  -39.315  -8.787 0.6000000238
94591  25.928  -38.301  -9.265 0.6000000238
284407  24.462  -38.838  -8.552 0.6000000238
93051  23.820  -38.970  -8.212 0.6000000238
93052  23.257  -39.129  -8.112 0.6000000238
93063  22.442  -39.189  -9.014 0.5000000000
96134  26.495  -37.914  -9.897 0.6000000238
94581  22.617  -38.201  -8.725 0.6000000238
102875  30.067  -34.689  -10.139 0.6999999881
94578  25.555  -38.310  -8.813 0.6000000238
323849  24.228  -38.599  -8.199 0.6000000238
94579  24.851  -38.447  -8.403 0.6000000238
93042  23.698  -38.598  -8.133 0.6000000238
94580  23.072  -38.291  -8.388 0.6000000238
94590  26.530  -38.138  -9.267 0.6000000238
96133  26.895  -37.697  -9.374 0.6000000238
99497  27.166  -36.340  -10.286 0.6000000238
293859  30.560  -34.676  -9.737 0.6999999881
102874  31.482  -34.737  -9.693 0.6999999881
94577  26.351  -38.091  -8.913 0.6000000238
96124  24.314  -37.840  -8.412 0.6999999881
96120  26.911  -37.649  -8.755 0.6000000238
104498  32.847  -33.878  -10.297 0.6999999881
96123  25.150  -37.914  -8.441 0.6999999881
96121  26.665  -37.769  -8.527 0.6999999881
96122  25.863  -37.825  -8.605 0.6999999881
96108  24.602  -37.471  -8.165 0.6999999881
96109  23.709  -37.035  -8.055 0.6999999881
96125  23.419  -37.688  -8.369 0.6000000238
96110  23.134  -36.971  -8.383 0.6000000238
96126  22.729  -37.509  -8.647 0.5000000000
106115  33.677  -33.535  -11.455 0.8000000119
96107  25.379  -37.447  -8.120 0.6999999881
292822  24.272  -36.920  -7.798 0.6999999881
97787  22.955  -36.519  -9.145 0.5000000000
97775  23.776  -36.508  -7.796 0.6999999881
97776  23.380  -36.457  -8.530 0.6000000238
99462  23.169  -36.177  -8.602 0.6000000238
121740  33.009  -25.168  -7.542 0.6999999881
123094  32.988  -25.318  -3.011 0.6999999881
121704  32.725  -25.436  -4.132 0.6999999881
123117  32.352  -25.015  -5.207 0.6999999881
123086  32.994  -25.295  -2.243 0.6000000238
123093  33.209  -24.734  -2.661 0.6000000238
123124  32.335  -25.001  -5.716 0.6999999881
316553  32.738  -24.556  -6.521 0.6999999881
121743  33.121  -25.011  -8.119 0.6999999881
123148  33.106  -24.506  -8.636 0.6999999881
123076  33.248  -24.668  -1.104 0.6000000238
279363  32.927  -25.182  -3.637 0.6999999881
124607  32.483  -24.255  -4.459 0.6999999881
124563  33.498  -24.084  -0.953 0.6000000238
272615  32.902  -24.336  -7.468 0.6999999881
123143  32.986  -24.296  -8.032 0.6999999881
124663  33.027  -24.133  -9.118 0.6999999881
124573  33.310  -24.162  -1.683 0.6000000238
124582  33.364  -24.224  -2.366 0.6000000238
287262  33.659  -23.048  -2.883 0.6000000238
124599  32.982  -24.311  -3.971 0.6999999881
123118  32.073  -24.459  -5.430 0.6999999881
124640  32.676  -23.936  -7.102 0.6999999881
124644  32.511  -23.803  -7.751 0.6999999881
271827  32.756  -23.662  -8.194 0.6999999881
126104  33.500  -23.408  -1.435 0.6000000238
127721  33.729  -22.470  -2.419 0.5000000000
126121  33.480  -23.523  -3.258 0.6000000238
126141  33.103  -23.197  -4.265 0.5000000000
126153  31.976  -23.212  -5.449 0.6999999881
127772  31.717  -22.498  -6.092 0.6999999881
288103  31.607  -22.619  -7.837 0.6999999881
133944  37.715  -20.065  -8.168 0.3000000119
135356  37.000  -19.576  -8.561 0.3000000119
316832  36.307  -20.170  -9.122 0.3000000119
93122  24.751  -38.859  -12.413 0.4000000060
91536  24.349  -39.364  -12.381 0.3000000119
91520  24.378  -39.883  -11.855 0.4000000060
94660  24.320  -37.524  -12.965 0.3000000119
89878  24.884  -40.078  -11.286 0.4000000060
96199  22.709  -36.249  -13.883 0.4000000060
89864  24.894  -40.157  -10.668 0.4000000060
97873  22.545  -34.827  -14.528 0.4000000060
99553  24.751  -34.822  -14.552 0.4000000060
292603  23.663  -33.922  -14.358 0.5000000000
99550  27.850  -36.052  -12.870 0.4000000060
89865  24.323  -40.363  -10.352 0.4000000060
99527  28.656  -35.784  -11.230 0.5000000000
89866  23.560  -40.380  -10.030 0.5000000000
99512  30.435  -36.178  -10.657 0.6000000238
312695  23.557  -40.015  -9.480 0.5000000000
91487  23.201  -39.728  -8.979 0.5000000000
91488  22.655  -39.658  -9.127 0.5000000000
99495  30.670  -35.783  -10.350 0.6000000238
93064  21.933  -38.962  -9.378 0.4000000060
101214  31.043  -35.193  -10.003 0.6999999881
296730  33.004  -34.298  -10.570 0.6999999881
104527  33.351  -34.059  -11.117 0.8000000119
104538  33.739  -33.922  -11.917 0.6999999881
295432  22.578  -36.812  -8.956 0.5000000000
99472  23.111  -36.342  -9.123 0.6000000238
116104  29.949  -28.123  -1.725 0.6000000238
123054  33.878  -24.777  -0.394 0.6000000238
129358  33.784  -22.159  -1.299 0.5000000000
129373  33.759  -21.937  -1.913 0.5000000000
129391  33.826  -21.736  -2.661 0.5000000000
127741  33.547  -22.531  -3.767 0.5000000000
129417  33.301  -22.250  -4.625 0.5000000000
127763  32.895  -22.315  -5.118 0.5000000000
131099  32.311  -21.524  -6.173 0.5000000000
135345  37.973  -19.259  -7.186 0.3000000119
135351  37.275  -19.499  -7.910 0.3000000119
133945  36.232  -19.685  -8.556 0.3000000119
97807  27.081  -36.921  -9.841 0.6000000238
97822  27.017  -36.829  -10.555 0.6000000238
97823  26.509  -36.756  -10.988 0.6000000238
291571  28.362  -34.086  -11.954 0.6999999881
102876  29.364  -34.268  -10.079 0.6999999881
102859  31.234  -34.208  -9.518 0.6999999881
127781  31.301  -22.101  -7.689 0.6000000238
133951  36.805  -20.051  -8.877 0.3000000119
104517  33.204  -33.841  -10.571 0.8000000119
102908  33.709  -34.382  -12.301 0.6999999881
282764  32.773  -24.798  -4.053 0.6999999881
94633  25.514  -38.342  -11.838 0.4000000060
296037  25.614  -37.897  -11.763 0.5000000000
294421  26.124  -35.000  -14.222 0.3000000119
99536  28.264  -36.192  -12.232 0.4000000060
318590  23.190  -36.351  -9.092 0.6000000238
124622  32.142  -24.028  -5.737 0.6999999881
124651  32.965  -23.955  -8.606 0.6999999881
124591  33.386  -24.124  -3.032 0.6999999881
289579  33.558  -23.633  -2.680 0.6000000238
124598  33.309  -23.985  -3.624 0.6999999881
126131  32.979  -23.791  -4.140 0.6999999881
126112  33.698  -23.096  -2.200 0.6000000238
126130  33.316  -23.406  -3.793 0.6000000238
126142  32.498  -23.529  -4.663 0.6999999881
126164  31.934  -22.974  -6.118 0.6999999881
127789  31.589  -22.671  -7.293 0.6999999881
127711  33.774  -22.545  -1.632 0.5000000000
127729  33.706  -22.443  -3.143 0.5000000000
127754  32.828  -22.825  -4.751 0.5000000000
297276  32.409  -22.643  -5.211 0.5000000000
278925  32.979  -21.929  -5.435 0.5000000000
127782  31.484  -22.257  -6.858 0.6999999881
131025  33.016  -21.269  -1.455 0.5000000000
131054  33.866  -21.118  -3.153 0.5000000000
129404  33.789  -21.831  -3.597 0.5000000000
129430  33.348  -21.748  -5.013 0.5000000000
102890  33.207  -34.652  -11.010 0.6000000238
102902  33.571  -34.493  -11.597 0.6000000238
102934  32.425  -33.917  -15.757 0.5000000000
101265  33.691  -34.945  -13.358 0.6000000238
104571  33.247  -33.712  -13.668 0.6000000238
101295  35.242  -33.847  -18.054 0.5000000000
102944  33.021  -33.628  -17.099 0.5000000000
104570  32.706  -33.631  -14.879 0.6000000238
102834  22.337  -34.583  -7.244 0.5000000000
106139  32.681  -33.119  -14.474 0.6000000238
101284  35.938  -33.869  -17.988 0.5000000000
104581  34.065  -33.618  -17.547 0.5000000000
101283  37.205  -34.333  -17.355 0.5000000000
104465  22.584  -34.099  -7.022 0.4000000060
104466  22.106  -33.939  -7.390 0.4000000060
106047  22.115  -33.211  -7.344 0.4000000060
104580  36.001  -33.845  -18.030 0.5000000000
101282  36.765  -34.945  -15.227 0.5000000000
102942  36.784  -33.991  -17.738 0.5000000000
108871  22.390  -32.245  -6.666 0.4000000060
104568  36.869  -34.168  -14.681 0.5000000000
104579  37.196  -34.008  -17.674 0.5000000000
108865  22.330  -31.628  -6.738 0.4000000060
111722  24.897  -30.155  -4.702 0.4000000060
289765  24.350  -30.050  -4.802 0.4000000060
113246  23.962  -29.554  -4.887 0.4000000060
114652  26.894  -28.868  -1.704 0.4000000060
114653  26.372  -28.539  -1.921 0.4000000060
113224  25.632  -29.563  -4.070 0.4000000060
114699  25.076  -29.311  -4.079 0.4000000060
116109  26.736  -28.176  -1.935 0.4000000060
114681  25.285  -29.144  -3.674 0.4000000060
113240  24.516  -29.649  -4.344 0.4000000060
289870  25.016  -28.690  -3.197 0.4000000060
116135  24.699  -28.812  -3.783 0.4000000060
114714  24.081  -29.053  -4.429 0.4000000060
114665  25.924  -29.152  -2.653 0.4000000060
273870  25.876  -28.686  -2.109 0.4000000060
114680  25.456  -28.991  -3.119 0.4000000060
117531  27.106  -27.835  -1.395 0.4000000060
116116  26.275  -28.164  -2.082 0.4000000060
116117  25.638  -28.262  -2.194 0.4000000060
116125  25.437  -28.571  -2.678 0.4000000060
116118  25.291  -28.115  -2.532 0.4000000060
116126  24.922  -28.091  -2.962 0.4000000060
114700  24.526  -29.085  -4.107 0.4000000060
118936  24.752  -27.076  -2.724 0.4000000060
117555  23.967  -27.655  -3.523 0.4000000060
116143  24.165  -28.592  -4.088 0.4000000060
116106  28.673  -28.427  -1.501 0.4000000060
292690  26.903  -27.237  -1.291 0.4000000060
117532  26.484  -27.767  -1.841 0.4000000060
294600  25.772  -27.402  -1.794 0.4000000060
116105  29.494  -28.289  -1.570 0.5000000000
117513  28.771  -27.427  -1.238 0.4000000060
117529  28.293  -27.774  -1.439 0.4000000060
118923  27.759  -27.279  -1.448 0.4000000060
120311  26.427  -26.315  -1.448 0.4000000060
120312  25.740  -26.624  -1.776 0.4000000060
118935  25.256  -27.195  -2.192 0.4000000060
117540  25.001  -27.641  -2.541 0.4000000060
292314  25.281  -26.520  -2.414 0.4000000060
118942  24.418  -27.199  -3.062 0.4000000060
117511  29.876  -27.220  -1.492 0.5000000000
117512  29.367  -27.347  -1.300 0.5000000000
118907  29.026  -26.845  -1.042 0.5000000000
118922  28.358  -27.070  -1.338 0.4000000060
120299  28.018  -26.548  -1.283 0.4000000060
294436  27.267  -26.694  -1.197 0.4000000060
295830  26.799  -26.740  -1.291 0.4000000060
121666  28.264  -25.865  -1.226 0.4000000060
121667  27.514  -25.538  -1.197 0.4000000060
287486  26.780  -25.567  -1.352 0.4000000060
120297  29.448  -26.531  -0.796 0.4000000060
123068  28.540  -25.113  -1.404 0.4000000060
293402  28.427  -25.245  -1.554 0.4000000060
309320  28.146  -25.428  -1.430 0.4000000060
124567  27.171  -24.302  -1.131 0.4000000060
270341  29.263  -23.712  -0.650 0.4000000060
127702  28.754  -22.899  -0.833 0.4000000060
127703  28.178  -23.192  -1.025 0.4000000060
131010  28.050  -21.759  -1.458 0.4000000060
120295  30.557  -26.534  -0.305 0.5000000000
284405  30.379  -24.815  -0.135 0.5000000000
124559  29.576  -24.357  -0.242 0.4000000060
132467  28.709  -21.124  -1.277 0.4000000060
131009  28.505  -21.664  -1.164 0.4000000060
133878  28.024  -20.359  -2.136 0.3000000119
121663  31.780  -25.488  -0.690 0.5000000000
121652  29.384  -25.457  -0.484 0.5000000000
290214  28.723  -25.291  -1.331 0.4000000060
124565  28.197  -24.463  -0.771 0.4000000060
281492  28.244  -25.102  -1.513 0.4000000060
126100  27.233  -23.737  -1.130 0.4000000060
124564  28.690  -24.417  -0.410 0.4000000060
127704  27.748  -22.705  -1.183 0.4000000060
123057  31.391  -24.597  -0.366 0.5000000000
309972  29.926  -23.902  -0.297 0.5000000000
318674  29.321  -22.681  -1.105 0.4000000060
131008  29.137  -21.598  -1.186 0.4000000060
132491  28.343  -20.770  -1.635 0.3000000119
289644  32.480  -24.202  -0.149 0.5000000000
126088  30.534  -23.565  -0.227 0.5000000000
127701  29.946  -22.742  -1.140 0.4000000060
280013  29.568  -22.194  -1.224 0.4000000060
284409  28.837  -20.640  -1.406 0.4000000060
272091  28.564  -20.197  -1.672 0.3000000119
126087  31.928  -23.518  -0.175 0.5000000000
126086  32.974  -23.835  -0.255 0.4000000060
297848  33.779  -23.470  0.214 0.5000000000
132465  30.118  -21.023  -1.401 0.3000000119
131007  29.822  -21.573  -1.323 0.4000000060
132490  29.183  -20.256  -1.440 0.4000000060
133887  28.289  -19.636  -2.154 0.3000000119
135296  28.066  -18.771  -2.826 0.3000000119
135287  27.871  -19.206  -2.563 0.3000000119
129349  30.961  -22.117  -1.000 0.3000000119
127692  32.099  -23.090  -0.284 0.4000000060
127698  32.337  -22.441  -0.360 0.4000000060
129360  32.371  -21.679  -0.468 0.4000000060
127689  33.959  -23.293  -0.185 0.4000000060
127697  33.714  -23.015  -1.075 0.4000000060
132489  29.874  -20.430  -1.506 0.3000000119
132466  29.392  -20.946  -1.353 0.3000000119
133877  28.955  -19.739  -1.786 0.3000000119
133886  28.785  -19.245  -2.208 0.3000000119
315536  28.313  -19.075  -2.520 0.3000000119
136524  27.939  -18.655  -2.847 0.3000000119
135297  27.731  -18.868  -2.833 0.3000000119
131006  30.424  -21.572  -1.327 0.3000000119
136523  28.263  -18.529  -2.719 0.3000000119
297921  27.715  -17.968  -2.493 0.3000000119
131005  31.113  -21.505  -1.163 0.3000000119
127712  31.688  -21.801  -0.439 0.3000000119
131026  32.396  -21.045  -0.583 0.3000000119
129359  33.201  -21.895  -1.016 0.4000000060
129374  33.686  -21.599  -1.559 0.4000000060
131046  33.498  -21.119  -1.878 0.4000000060
131045  33.785  -21.054  -2.420 0.4000000060
129416  33.522  -22.191  -4.123 0.4000000060
137791  27.475  -18.417  -2.511 0.3000000119
132488  30.519  -20.574  -1.543 0.3000000119
132464  30.751  -21.070  -1.408 0.3000000119
132486  31.914  -20.661  -1.335 0.3000000119
290970  32.483  -20.838  -1.335 0.3000000119
132485  32.906  -20.746  -1.799 0.3000000119
132520  33.855  -20.581  -3.556 0.4000000060
271810  33.632  -21.764  -4.342 0.4000000060
131027  31.478  -20.979  -1.157 0.3000000119
132484  32.788  -20.202  -2.114 0.3000000119
132498  33.447  -20.591  -2.235 0.3000000119
132506  33.795  -20.485  -2.796 0.4000000060
131068  33.835  -21.197  -3.934 0.4000000060
132528  33.877  -20.711  -4.301 0.4000000060
327041  33.775  -20.957  -4.747 0.4000000060
132538  32.732  -21.124  -5.896 0.4000000060
282337  31.736  -21.176  -7.296 0.5000000000
135282  32.849  -19.465  -2.570 0.3000000119
133895  33.697  -19.953  -3.195 0.4000000060
133906  33.881  -20.100  -3.819 0.4000000060
133916  33.963  -20.162  -4.396 0.4000000060
133922  33.670  -20.276  -5.586 0.3000000119
131105  32.300  -20.789  -7.039 0.3000000119
131111  32.422  -21.090  -7.485 0.4000000060
132551  33.439  -20.105  -6.243 0.3000000119
131104  33.037  -20.591  -7.082 0.3000000119
135283  32.389  -19.357  -2.304 0.3000000119
135293  33.254  -19.431  -2.985 0.3000000119
135313  33.710  -19.446  -3.561 0.3000000119
274020  33.871  -19.218  -3.973 0.3000000119
135322  33.979  -19.636  -4.340 0.3000000119
284673  33.962  -20.031  -4.932 0.3000000119
135330  33.979  -19.458  -4.887 0.3000000119
135294  32.640  -19.006  -2.712 0.3000000119
318894  33.354  -19.036  -3.246 0.3000000119
318830  33.735  -19.004  -3.748 0.3000000119
293699  33.959  -19.265  -4.319 0.3000000119
133928  33.806  -19.976  -5.949 0.3000000119
319147  33.990  -19.103  -4.643 0.3000000119
135336  34.055  -19.405  -5.420 0.3000000119
137835  34.017  -18.583  -5.489 0.3000000119
118906  29.744  -26.955  -0.832 0.5000000000
120308  29.894  -27.085  -0.735 0.5000000000
296401  32.609  -35.151  -10.150 0.6000000238
101241  33.497  -35.131  -11.445 0.5000000000
101249  33.743  -34.885  -12.539 0.5000000000
101287  32.826  -34.625  -15.397 0.5000000000
101277  33.355  -34.889  -14.332 0.5000000000
99603  37.008  -34.915  -17.323 0.5000000000
99605  34.720  -33.986  -18.259 0.5000000000
101286  32.309  -33.818  -16.940 0.5000000000
101172  23.522  -35.605  -7.827 0.6000000238
101183  23.296  -35.799  -8.061 0.6000000238
101173  23.061  -35.428  -7.557 0.6000000238
102844  22.388  -35.196  -7.445 0.5000000000
295029  21.943  -35.053  -7.886 0.5000000000
102845  21.979  -34.603  -7.607 0.5000000000
102846  21.643  -34.696  -7.971 0.5000000000
104471  21.563  -34.172  -7.701 0.4000000060
106053  21.504  -33.480  -7.598 0.4000000060
108872  22.024  -31.915  -7.075 0.4000000060
111762  23.016  -30.149  -5.890 0.3000000119
114728  23.378  -29.219  -5.103 0.3000000119
114715  23.697  -28.925  -4.768 0.4000000060
116144  23.698  -28.400  -4.500 0.4000000060
118943  24.122  -27.109  -3.347 0.4000000060
296515  26.070  -25.760  -1.686 0.4000000060
296749  24.832  -26.553  -2.807 0.4000000060
121698  24.593  -25.470  -3.098 0.4000000060
121679  25.825  -25.216  -1.881 0.4000000060
120323  25.610  -25.908  -2.163 0.4000000060
309356  26.872  -24.555  -1.212 0.4000000060
123087  25.624  -24.771  -2.027 0.4000000060
129353  27.673  -22.047  -1.454 0.4000000060
132492  27.716  -20.968  -1.923 0.4000000060
127705  27.041  -23.080  -1.106 0.4000000060
127713  27.114  -22.485  -1.357 0.4000000060
133888  27.679  -19.865  -2.426 0.3000000119
135288  27.347  -19.394  -2.681 0.3000000119
101293  36.833  -34.963  -16.281 0.5000000000
111772  22.675  -30.477  -6.349 0.4000000060
118946  23.732  -27.091  -3.766 0.4000000060
120332  24.342  -26.091  -3.173 0.4000000060
123077  26.441  -24.573  -1.455 0.4000000060
123078  26.055  -24.674  -1.737 0.4000000060
110311  22.589  -31.038  -6.528 0.4000000060
104569  31.864  -33.351  -16.506 0.5000000000
116108  27.304  -28.422  -1.460 0.4000000060
120294  30.997  -25.986  -0.619 0.5000000000
127690  33.783  -23.118  0.142 0.5000000000
117530  27.645  -27.974  -1.415 0.4000000060
285208  31.906  -25.183  -0.402 0.5000000000
311349  33.722  -21.444  -2.059 0.4000000060
131087  33.030  -21.371  -5.515 0.4000000060
102935  33.200  -34.387  -14.317 0.6000000238
101285  33.721  -33.511  -17.576 0.5000000000
99604  36.053  -34.909  -18.045 0.5000000000
316858  24.627  -28.330  -3.335 0.4000000060
116127  24.430  -27.880  -3.268 0.4000000060
292196  24.234  -28.236  -3.639 0.4000000060
117562  23.890  -28.029  -4.070 0.4000000060
117528  29.061  -27.889  -1.390 0.5000000000
120324  25.155  -25.947  -2.556 0.4000000060
296484  24.459  -26.698  -3.124 0.4000000060
120298  28.617  -26.469  -0.998 0.4000000060
121664  29.608  -26.148  -0.326 0.5000000000
124566  27.844  -24.373  -1.002 0.4000000060
121650  31.263  -25.812  -0.302 0.5000000000
121651  30.626  -25.698  -0.327 0.5000000000
123058  30.050  -25.215  -0.314 0.5000000000
120285  30.267  -26.228  -0.178 0.5000000000
316202  31.058  -23.404  -0.164 0.5000000000
124557  31.599  -24.025  -0.202 0.5000000000
129350  30.172  -22.095  -1.212 0.4000000060
127700  30.718  -22.525  -0.965 0.4000000060
289981  31.858  -21.274  -0.449 0.3000000119
129348  33.022  -22.265  -0.466 0.4000000060
133874  31.039  -20.221  -1.640 0.3000000119
133885  32.698  -19.739  -2.325 0.3000000119
133884  33.294  -19.941  -2.579 0.3000000119
133905  33.917  -19.714  -3.956 0.3000000119
132536  33.817  -20.637  -4.958 0.4000000060
136561  34.042  -19.029  -4.991 0.3000000119
121691  24.948  -25.403  -2.727 0.4000000060
93054  22.330  -38.524  -9.109 0.4000000060
94582  22.188  -37.858  -8.914 0.4000000060
96136  21.739  -37.512  -9.360 0.4000000060
96135  22.238  -37.090  -8.980 0.4000000060
97796  21.887  -37.224  -9.207 0.3000000119
294869  31.235  -36.683  -10.645 0.5000000000
99463  22.292  -36.308  -8.167 0.5000000000
97777  21.633  -36.551  -8.171 0.3000000119
99510  31.617  -36.331  -10.519 0.5000000000
99492  32.710  -36.191  -10.217 0.5000000000
97819  32.392  -36.782  -10.562 0.5000000000
101184  22.828  -35.731  -7.953 0.5000000000
101185  22.059  -35.721  -7.676 0.4000000060
99493  32.090  -36.065  -10.118 0.5000000000
97834  33.109  -36.701  -11.237 0.5000000000
99534  33.753  -36.230  -12.097 0.3000000119
297001  33.159  -35.863  -10.436 0.5000000000
99526  33.471  -36.256  -11.446 0.4000000060
295106  33.791  -35.527  -12.545 0.4000000060
97893  33.837  -36.751  -13.742 0.3000000119
99549  33.880  -36.165  -12.823 0.3000000119
97909  33.555  -36.378  -15.153 0.3000000119
99570  33.847  -36.144  -13.592 0.3000000119
97920  31.786  -34.294  -17.825 0.3000000119
97921  32.885  -35.643  -16.371 0.3000000119
101298  33.028  -35.202  -15.435 0.4000000060
101264  33.809  -35.557  -13.444 0.4000000060
104472  21.123  -33.843  -8.007 0.3000000119
99622  36.271  -34.161  -18.256 0.4000000060
97919  33.512  -33.830  -18.416 0.4000000060
99607  32.403  -34.680  -16.715 0.4000000060
107468  21.640  -32.811  -7.471 0.3000000119
110319  22.048  -31.107  -7.119 0.3000000119
117563  23.565  -27.735  -4.463 0.3000000119
117556  23.680  -27.542  -4.025 0.3000000119
121699  24.081  -25.725  -3.390 0.3000000119
123088  25.086  -24.832  -2.486 0.3000000119
123095  24.741  -24.922  -2.959 0.3000000119
296748  24.333  -25.074  -3.276 0.3000000119
123102  23.552  -24.781  -3.603 0.3000000119
127714  26.452  -22.839  -1.366 0.3000000119
126106  26.227  -23.423  -1.678 0.3000000119
124584  25.449  -24.270  -2.226 0.3000000119
126114  25.469  -23.597  -2.429 0.3000000119
124585  24.913  -24.264  -2.733 0.3000000119
285973  26.642  -22.302  -1.535 0.3000000119
129375  26.670  -21.944  -2.017 0.3000000119
280853  25.771  -22.489  -2.226 0.3000000119
127722  25.546  -22.978  -2.413 0.3000000119
312966  25.390  -22.533  -2.601 0.3000000119
129376  26.092  -21.957  -2.196 0.3000000119
131048  25.814  -21.444  -2.420 0.3000000119
129377  25.538  -22.018  -2.456 0.3000000119
131030  27.197  -21.413  -1.973 0.3000000119
132493  27.220  -20.942  -2.316 0.3000000119
131047  26.643  -21.287  -2.315 0.3000000119
132501  26.167  -20.803  -2.528 0.3000000119
314442  30.178  -36.501  -11.253 0.5000000000
99606  32.381  -33.696  -18.083 0.4000000060
108879  21.807  -32.192  -7.498 0.3000000119
124583  25.804  -23.905  -1.956 0.3000000119
123101  24.043  -24.748  -3.368 0.3000000119
129362  26.251  -22.445  -1.910 0.3000000119
99473  21.313  -35.997  -8.283 0.3000000119
101186  21.577  -35.374  -7.977 0.3000000119
285382  21.304  -34.382  -8.068 0.3000000119
88252  23.847  -40.700  -10.585 0.4000000060
88253  23.124  -40.813  -10.360 0.4000000060
88237  22.339  -41.351  -9.429 0.4000000060
295854  22.060  -40.618  -9.887 0.3000000119
89867  22.871  -40.560  -10.002 0.4000000060
89851  22.471  -40.391  -9.804 0.4000000060
99552  26.941  -35.384  -13.854 0.3000000119
89850  22.965  -40.118  -9.521 0.4000000060
89852  21.902  -40.021  -9.788 0.3000000119
91490  21.573  -39.406  -9.537 0.3000000119
281593  22.436  -39.952  -9.485 0.4000000060
93065  21.292  -38.840  -9.424 0.3000000119
94593  21.060  -38.311  -9.429 0.3000000119
91489  22.136  -39.539  -9.421 0.4000000060
94592  21.748  -38.249  -9.382 0.3000000119
88254  22.694  -41.280  -9.714 0.4000000060
96137  21.389  -37.632  -9.651 0.3000000119
89876  24.338  -40.474  -10.946 0.3000000119
93066  20.698  -38.824  -9.448 0.3000000119
88255  22.563  -41.251  -9.535 0.4000000060
93053  22.763  -38.838  -8.559 0.6000000238
93062  24.753  -39.183  -9.132 0.6000000238
94576  26.741  -37.972  -8.926 0.6000000238
96145  26.843  -37.349  -10.208 0.6000000238
97771  27.084  -36.988  -7.852 0.8999999762
97806  32.158  -36.457  -10.300 0.5000000000
97818  32.928  -36.680  -10.615 0.5000000000
97820  31.750  -36.876  -10.662 0.5000000000
97821  30.761  -36.721  -10.738 0.5000000000
97835  32.609  -37.005  -11.079 0.5000000000
97843  33.543  -36.797  -11.782 0.5000000000
97870  33.799  -36.780  -12.383 0.3000000119
97908  33.774  -36.774  -14.410 0.3000000119
97930  37.010  -35.101  -18.109 0.4000000060
97931  34.949  -34.213  -18.628 0.4000000060
97932  32.365  -34.068  -18.634 0.3000000119
97933  32.078  -35.155  -17.488 0.3000000119
99460  23.915  -36.058  -7.641 0.6999999881
99461  23.525  -35.986  -8.062 0.6000000238
99464  21.721  -36.111  -7.928 0.3000000119
99491  32.916  -35.547  -10.174 0.5000000000
99494  31.420  -35.692  -10.637 0.6000000238
99496  30.201  -35.790  -10.296 0.6000000238
99509  33.196  -36.288  -10.734 0.5000000000
99511  30.986  -36.253  -10.569 0.5000000000
99513  29.736  -35.939  -10.629 0.6000000238
99528  28.319  -35.702  -11.813 0.4000000060
99535  28.719  -36.272  -11.725 0.4000000060
99537  23.499  -35.065  -13.013 0.5000000000
99551  27.486  -35.675  -13.435 0.3000000119
99571  33.469  -35.453  -14.381 0.3000000119
99588  33.656  -36.092  -14.523 0.3000000119
99608  33.196  -35.728  -15.496 0.4000000060
101142  26.168  -35.186  -6.209 0.8999999762
101158  25.082  -35.281  -6.708 0.8999999762
101159  24.450  -35.101  -6.738 0.8000000119
101166  28.490  -35.229  -7.688 1.0000000000
101212  32.457  -35.619  -10.006 0.5000000000
101213  31.855  -35.342  -10.067 0.6999999881
101215  30.402  -35.286  -10.090 0.6999999881
101216  29.870  -35.353  -10.156 0.6999999881
101228  33.219  -35.198  -10.827 0.5000000000
101243  28.312  -35.110  -12.210 0.6000000238
101253  23.261  -34.209  -13.732 0.5000000000
101266  27.821  -35.236  -13.143 0.6000000238
101267  27.520  -35.011  -13.650 0.6000000238
101294  36.933  -34.114  -17.712 0.5000000000
101296  33.161  -33.482  -18.028 0.5000000000
101297  32.250  -34.088  -16.801 0.4000000060
102803  27.047  -34.897  -5.730 0.8999999762
102843  28.482  -34.774  -8.011 1.0000000000
102860  30.821  -34.285  -9.513 0.6999999881
102871  32.938  -34.899  -10.374 0.6000000238
102872  32.466  -34.454  -10.296 0.6999999881
102873  31.886  -34.299  -9.970 0.6999999881
102877  26.407  -34.462  -10.254 0.8999999762
102891  29.412  -34.876  -10.067 0.6999999881
102903  28.684  -34.495  -11.430 0.6000000238
102910  27.650  -34.297  -13.040 0.6000000238
102922  33.559  -34.324  -13.222 0.6000000238
102925  26.082  -34.140  -13.704 0.6000000238
102941  36.854  -34.495  -16.082 0.5000000000
102943  34.846  -33.761  -17.706 0.5000000000
102945  32.581  -34.107  -15.628 0.5000000000
104413  27.392  -34.169  -4.987 0.8999999762
104431  28.305  -33.981  -5.794 0.8999999762
104432  27.824  -34.312  -5.749 0.8999999762
104450  28.036  -34.016  -6.528 0.8999999762
104452  23.278  -33.801  -6.671 0.6000000238
104484  31.326  -33.564  -9.506 0.8000000119
104486  30.338  -33.826  -9.809 0.8000000119
104499  32.275  -33.830  -10.142 0.8999999762
104502  29.693  -33.840  -9.908 0.8000000119
104518  28.684  -33.553  -11.120 0.8000000119
104519  24.943  -33.621  -10.801 0.8000000119
104520  24.316  -33.017  -11.644 0.8000000119
104529  27.732  -33.396  -12.305 0.8000000119
104532  24.189  -32.311  -12.305 0.8000000119
104539  28.120  -34.154  -12.653 0.6000000238
104558  33.633  -33.832  -12.690 0.6999999881
104578  37.182  -33.621  -16.448 0.6000000238
104590  37.199  -33.659  -18.010 0.6000000238
105993  27.507  -33.366  -4.465 1.0000000000
105996  25.946  -32.945  -4.495 0.8999999762
106046  22.549  -33.500  -7.206 0.5000000000
106070  32.343  -33.046  -9.537 0.8999999762
106072  30.987  -33.168  -9.439 0.8999999762
106074  29.697  -32.880  -9.656 0.8999999762
106076  26.210  -32.498  -9.619 0.8999999762
106087  32.151  -33.389  -9.871 0.8999999762
106088  29.310  -33.227  -9.918 0.8000000119
106103  33.537  -33.479  -10.804 0.8999999762
106105  26.190  -31.794  -12.209 0.8000000119
106117  28.009  -32.636  -12.151 0.8000000119
106120  24.472  -32.524  -11.706 0.8000000119
106127  33.360  -32.814  -12.640 0.8000000119
106159  35.434  -32.751  -17.848 0.6000000238
106160  33.357  -32.809  -17.838 0.6000000238
107416  28.415  -32.727  -4.484 1.0000000000
107419  25.751  -32.365  -4.476 0.6999999881
107420  25.277  -32.166  -4.532 0.8000000119
107432  24.458  -32.375  -5.206 0.6999999881
107458  22.781  -32.772  -6.700 0.5000000000
107485  33.142  -32.264  -9.650 0.8999999762
107487  31.947  -32.667  -9.246 0.8999999762
107489  30.255  -31.969  -9.655 0.8999999762
107502  33.495  -32.627  -10.120 0.8999999762
107513  33.979  -32.655  -10.985 0.8999999762
107514  28.551  -31.893  -11.653 0.8999999762
107515  28.088  -31.367  -11.401 0.8999999762
107516  26.667  -31.628  -11.927 0.8000000119
107554  37.559  -32.721  -14.564 0.6000000238
108832  29.449  -31.613  -4.990 1.0000000000
108862  29.112  -31.817  -6.567 1.0000000000
108878  28.520  -31.483  -8.248 1.0000000000
108887  32.289  -31.624  -8.642 0.8999999762
108889  31.084  -31.572  -8.990 0.8999999762
108897  33.785  -31.388  -9.880 0.8999999762
108899  32.713  -31.907  -9.202 0.8999999762
108901  31.470  -32.142  -9.165 0.8999999762
108913  33.925  -31.712  -10.379 0.8999999762
108915  29.702  -31.522  -10.437 0.8999999762
108917  25.581  -30.665  -10.538 0.8999999762
108926  25.990  -31.052  -11.506 0.8000000119
108944  33.270  -31.716  -12.583 0.8999999762
110251  28.235  -31.563  -3.430 0.8000000119
110255  26.034  -30.748  -4.504 0.6999999881
110256  25.554  -30.642  -4.665 0.6000000238
110281  30.375  -31.052  -4.961 0.8000000119
110294  30.211  -30.961  -5.784 1.0000000000
110296  23.328  -30.908  -5.666 0.5000000000
110325  31.701  -30.715  -8.332 1.0000000000
110333  32.650  -30.666  -8.817 0.8999999762
110334  31.924  -31.245  -8.390 0.8999999762
110336  30.839  -30.679  -9.325 0.8999999762
110347  32.791  -31.203  -9.158 0.8999999762
110348  30.335  -30.838  -9.611 0.8999999762
110349  29.688  -30.482  -9.620 0.8999999762
110363  28.671  -30.485  -10.132 0.8999999762
110367  25.975  -30.604  -11.019 0.8999999762
110371  27.792  -30.771  -10.593 0.8999999762
110372  26.918  -30.579  -10.822 0.8999999762
110400  32.188  -30.857  -14.210 0.8000000119
111698  30.421  -30.579  -3.300 0.6999999881
111702  27.532  -30.901  -2.735 0.6999999881
111760  30.346  -30.564  -5.674 1.0000000000
111771  29.370  -29.939  -6.516 1.0000000000
111789  31.545  -30.115  -8.202 1.0000000000
111800  32.992  -30.215  -8.829 0.8999999762
111801  32.464  -30.331  -8.486 1.0000000000
111804  30.569  -29.959  -9.102 1.0000000000
111820  28.903  -29.402  -9.361 1.0000000000
111821  28.330  -29.207  -9.442 1.0000000000
111829  33.915  -30.380  -9.975 0.8999999762
111830  28.265  -29.661  -9.774 0.8999999762
111861  31.963  -30.329  -14.165 0.8000000119
113237  31.128  -29.769  -3.684 0.8000000119
113277  29.685  -29.363  -6.748 1.0000000000
113293  30.231  -28.708  -7.323 1.0000000000
113305  32.269  -30.003  -8.042 1.0000000000
113308  30.312  -29.160  -8.055 1.0000000000
113310  28.259  -28.512  -8.042 1.0000000000
113323  28.725  -28.627  -8.743 1.0000000000
113337  33.754  -29.769  -9.252 1.0000000000
114651  27.626  -28.930  -1.628 0.5000000000
114658  31.650  -28.792  -2.685 0.6999999881
114713  30.505  -29.079  -4.857 0.8000000119
114744  29.945  -29.136  -6.514 1.0000000000
114763  31.073  -29.013  -6.949 1.0000000000
114793  32.131  -29.376  -8.028 1.0000000000
116152  30.378  -28.525  -5.375 0.8000000119
116162  30.585  -28.551  -6.113 1.0000000000
116163  30.226  -28.620  -5.847 0.8999999762
116180  30.607  -28.797  -6.540 1.0000000000
116197  31.538  -28.748  -6.958 1.0000000000
116217  33.119  -28.098  -8.403 0.8999999762
116218  32.665  -28.364  -8.116 1.0000000000
116237  33.357  -28.387  -8.781 1.0000000000
117538  25.842  -27.891  -1.954 0.4000000060
117539  25.402  -27.771  -2.134 0.4000000060
117546  32.108  -27.873  -2.773 0.6999999881
117547  24.594  -27.543  -2.973 0.4000000060
117548  24.300  -27.464  -3.205 0.4000000060
117568  31.243  -27.644  -5.346 0.8000000119
117583  31.494  -27.547  -6.304 0.8000000119
117608  32.847  -27.824  -7.931 1.0000000000
118933  32.407  -26.794  -2.666 0.6999999881
118955  31.499  -26.894  -5.496 0.8000000119
118956  31.260  -27.222  -5.587 0.8000000119
120284  30.831  -26.129  -0.242 0.5000000000
120296  29.874  -26.767  -0.369 0.5000000000
120306  30.889  -26.516  -0.936 0.6999999881
120307  30.202  -27.070  -0.601 0.5000000000
120309  27.659  -26.005  -1.159 0.4000000060
120310  27.040  -26.147  -1.224 0.4000000060
120331  24.715  -26.081  -2.905 0.4000000060
120337  32.471  -26.348  -4.040 0.8000000119
120344  32.585  -25.934  -4.425 0.6999999881
120358  32.172  -26.065  -5.701 0.8000000119
120359  31.822  -26.562  -5.893 0.8000000119
121665  28.934  -25.823  -1.009 0.4000000060
121668  26.855  -24.973  -1.280 0.4000000060
121678  26.326  -25.089  -1.576 0.4000000060
121690  25.445  -25.320  -2.319 0.4000000060
121697  32.881  -25.689  -3.551 0.8000000119
121733  32.617  -25.544  -6.671 0.8000000119
123055  33.527  -24.705  -0.531 0.6000000238
123056  32.494  -24.549  -0.223 0.5000000000
123064  33.465  -24.929  -0.576 0.6999999881
123065  32.737  -25.211  -0.924 0.6999999881
123066  29.650  -24.971  -0.341 0.5000000000
123067  29.054  -24.916  -0.524 0.4000000060
123069  27.533  -24.877  -1.165 0.4000000060
123085  33.191  -24.732  -1.926 0.6000000238
123096  24.459  -24.518  -3.157 0.3000000119
123100  33.196  -24.642  -3.436 0.6999999881
123109  32.512  -24.933  -4.603 0.6999999881
123125  32.426  -24.420  -5.988 0.6999999881
123132  32.791  -24.883  -6.801 0.6999999881
123140  32.943  -24.766  -7.284 0.6999999881
124556  33.342  -24.416  -0.029 0.6999999881
124558  30.629  -24.184  -0.213 0.5000000000
124574  26.530  -24.008  -1.364 0.3000000119
124575  26.172  -24.183  -1.711 0.3000000119
124576  25.826  -24.343  -1.875 0.4000000060
124608  32.189  -23.954  -4.887 0.6999999881
124614  32.118  -24.413  -4.994 0.6999999881
124615  32.114  -23.873  -5.369 0.6999999881
124629  32.278  -23.833  -6.137 0.6999999881
124630  32.337  -23.593  -6.708 0.6999999881
124639  32.864  -24.416  -6.944 0.6999999881
126084  34.033  -23.874  -0.254 0.6000000238
126085  33.941  -23.955  0.076 0.5000000000
126093  34.061  -23.542  -0.181 0.6000000238
126094  31.162  -22.986  -0.478 0.5000000000
126095  30.601  -23.205  -0.739 0.5000000000
126096  29.912  -23.374  -0.890 0.4000000060
126097  28.695  -23.459  -0.661 0.4000000060
126098  28.170  -23.796  -0.949 0.4000000060
126099  27.838  -23.686  -1.058 0.4000000060
126105  26.594  -23.420  -1.164 0.3000000119
126113  25.810  -23.411  -1.969 0.3000000119
126115  25.025  -23.653  -2.900 0.3000000119
126143  32.164  -23.528  -5.091 0.6999999881
126154  31.884  -22.889  -5.785 0.6999999881
126163  32.053  -23.436  -5.831 0.6999999881
126173  32.131  -23.315  -6.366 0.6999999881
126179  32.366  -23.015  -8.075 0.6999999881
126180  32.237  -23.255  -7.353 0.6999999881
126181  32.090  -23.146  -6.846 0.6999999881
127691  33.155  -23.226  -0.486 0.5000000000
127699  31.374  -22.540  -0.550 0.3000000119
127715  25.968  -22.945  -1.921 0.3000000119
127753  33.316  -22.681  -4.262 0.5000000000
127764  32.200  -23.087  -5.136 0.6999999881
127765  31.920  -22.670  -5.555 0.6999999881
127783  31.812  -22.823  -6.593 0.6999999881
127795  31.773  -22.190  -8.244 0.6000000238
129341  33.536  -22.463  -0.075 0.5000000000
129342  33.094  -22.573  -0.532 0.4000000060
129347  33.639  -22.507  -0.615 0.4000000060
129351  28.741  -22.180  -0.978 0.4000000060
129352  28.182  -22.205  -1.182 0.4000000060
129361  27.187  -21.880  -1.665 0.4000000060
129431  32.251  -22.205  -5.502 0.6999999881
129432  31.894  -22.233  -5.830 0.6999999881
129443  31.848  -21.202  -6.785 0.5000000000
129444  31.677  -21.859  -6.324 0.6999999881
129455  31.406  -21.599  -7.198 0.6000000238
129477  33.496  -22.074  -8.203 0.6000000238
131028  28.170  -21.305  -1.523 0.4000000060
131029  27.650  -21.539  -1.654 0.4000000060
131078  33.708  -21.260  -4.597 0.4000000060
131086  33.420  -21.108  -5.105 0.4000000060
131088  32.677  -21.737  -5.772 0.5000000000
131089  32.057  -21.954  -5.852 0.5000000000
131098  32.568  -20.971  -6.455 0.3000000119
131117  34.575  -21.271  -7.488 0.4000000060
131126  33.889  -22.018  -8.225 0.6000000238
132487  31.188  -20.652  -1.518 0.3000000119
132499  27.475  -20.483  -2.454 0.3000000119
132537  33.169  -20.767  -5.544 0.4000000060
132546  33.049  -20.584  -6.066 0.3000000119
132552  32.951  -20.568  -6.589 0.3000000119
132557  34.444  -21.094  -6.555 0.4000000060
133933  33.976  -20.018  -6.075 0.4000000060
135346  37.442  -19.330  -7.336 0.3000000119
135348  35.217  -20.790  -6.004 0.4000000060
135352  36.605  -19.357  -7.964 0.3000000119
135354  35.408  -19.055  -7.750 0.4000000060
136565  34.085  -18.950  -5.699 0.3000000119
272754  33.740  -34.838  -11.945 0.6000000238
273203  29.394  -23.135  -1.033 0.4000000060
273601  30.565  -32.660  -9.349 0.8999999762
274404  33.643  -35.695  -11.756 0.4000000060
275128  33.382  -35.773  -11.054 0.4000000060
277125  22.146  -32.591  -7.141 0.4000000060
277274  24.433  -33.806  -5.865 0.8000000119
278994  29.350  -36.288  -11.291 0.5000000000
279383  27.623  -23.260  -1.093 0.4000000060
279831  26.453  -20.174  -2.667 0.3000000119
280183  33.745  -35.220  -12.013 0.5000000000
280194  31.447  -21.509  -7.844 0.6999999881
280477  33.979  -19.906  -5.312 0.3000000119
280579  32.124  -34.967  -10.017 0.6999999881
280741  32.715  -29.918  -8.603 1.0000000000
281381  31.792  -27.523  -6.808 0.8000000119
283146  21.669  -36.878  -8.735 0.3000000119
285519  26.580  -32.912  -4.542 0.8999999762
285584  29.167  -31.147  -10.475 0.8999999762
286771  33.025  -24.704  -7.688 0.6999999881
287628  26.348  -27.055  -1.474 0.4000000060
288371  28.224  -25.171  -1.501 0.4000000060
288625  32.637  -24.130  -6.542 0.6999999881
289407  33.582  -28.673  -9.065 1.0000000000
289795  33.492  -22.982  -3.469 0.6000000238
291496  25.180  -34.262  -14.278 0.5000000000
291551  33.939  -29.455  -10.033 0.8999999762
291715  34.004  -23.597  -0.058 0.5000000000
291849  32.566  -25.007  -6.293 0.6999999881
293486  32.287  -33.749  -16.657 0.5000000000
296064  30.982  -25.212  -0.288 0.5000000000
296189  23.771  -25.296  -3.575 0.3000000119
297571  28.604  -34.011  -11.402 0.8000000119
298149  32.818  -25.879  -3.081 0.6999999881
308096  28.336  -22.627  -1.022 0.4000000060
309078  29.926  -25.747  -0.153 0.5000000000
309736  30.430  -29.694  -8.637 1.0000000000
310853  29.774  -28.530  -7.635 1.0000000000
311006  32.684  -26.873  -7.300 0.8999999762
313009  25.321  -31.103  -10.339 0.8999999762
314871  27.393  -25.189  -1.262 0.4000000060
316957  31.046  -34.550  -9.578 0.6999999881
317453  33.130  -34.018  -14.198 0.6000000238
317640  33.423  -23.690  -2.091 0.6000000238
317741  28.540  -23.945  -0.586 0.4000000060
317980  22.546  -33.024  -7.108 0.4000000060
318440  32.323  -31.166  -8.543 0.8999999762
319252  33.366  -22.962  -3.928 0.5000000000
321269  22.468  -32.672  -6.912 0.5000000000
322385  32.485  -27.795  -7.605 1.0000000000
326561  33.750  -28.385  -11.260 0.8999999762
326665  29.939  -31.652  -10.018 0.8999999762
327355  26.166  -23.782  -1.791 0.3000000119
