#!ascii label  , from subject sub-v2s5x29568_ses-1 vox2ras=TkReg
808
61146  57.735  -53.308  20.649 0.0000000000
38488  46.357  -64.393  12.135 0.0000000000
275980  57.316  -55.817  14.091 0.0000000000
56930  51.372  -55.664  14.917 0.0000000000
293728  52.718  -61.697  9.085 0.0000000000
54008  54.387  -57.152  10.063 0.0000000000
44778  55.704  -61.717  7.388 0.0000000000
50967  48.480  -58.790  11.753 0.0000000000
276422  47.704  -56.048  17.402 0.0000000000
59800  57.885  -54.542  18.011 0.0000000000
56954  54.132  -55.640  13.904 0.0000000000
52483  51.823  -58.066  10.992 0.0000000000
40061  49.501  -63.164  10.875 0.0000000000
32642  49.466  -67.491  10.379 0.0000000000
59587  58.936  -53.986  24.895 0.0000000000
59672  61.385  -54.685  21.013 0.0000000000
56838  60.732  -55.363  17.208 0.0000000000
59760  50.939  -54.403  19.519 0.0000000000
51049  56.786  -58.715  7.364 0.0000000000
44707  47.558  -61.123  11.493 0.0000000000
50952  46.993  -58.538  12.296 0.0000000000
56897  57.429  -55.709  15.995 0.0000000000
56952  55.854  -55.763  13.946 0.0000000000
49462  53.459  -59.174  9.179 0.0000000000
52481  53.071  -57.714  10.469 0.0000000000
47972  52.150  -60.073  9.630 0.0000000000
46344  50.531  -60.496  10.453 0.0000000000
41581  51.270  -62.728  9.926 0.0000000000
273191  47.822  -68.168  10.613 0.0000000000
55245  61.567  -55.725  20.939 0.0000000000
58315  61.296  -55.024  19.345 0.0000000000
291324  61.356  -55.954  18.643 0.0000000000
56876  52.737  -55.704  16.412 0.0000000000
56815  50.936  -55.601  17.774 0.0000000000
56757  45.954  -55.700  18.732 0.0000000000
58300  47.682  -55.009  19.748 0.0000000000
316551  57.612  -55.466  10.817 0.0000000000
57038  55.692  -55.610  11.396 0.0000000000
54020  55.882  -56.948  8.983 0.0000000000
49502  55.065  -59.419  7.835 0.0000000000
43166  53.988  -62.185  8.158 0.0000000000
295299  49.950  -57.111  13.552 0.0000000000
56909  49.193  -55.939  15.708 0.0000000000
53901  48.014  -57.327  14.477 0.0000000000
53883  46.822  -57.010  15.255 0.0000000000
32626  44.600  -67.132  11.954 0.0000000000
59750  57.684  -53.814  19.106 0.0000000000
285636  54.458  -55.720  16.007 0.0000000000
56956  52.839  -55.571  14.247 0.0000000000
57020  54.209  -55.727  12.180 0.0000000000
55468  52.997  -56.327  12.261 0.0000000000
53947  51.290  -56.944  12.871 0.0000000000
50965  50.005  -58.390  11.564 0.0000000000
46322  49.060  -60.623  11.163 0.0000000000
289871  47.831  -63.671  11.568 0.0000000000
38532  51.275  -64.763  9.726 0.0000000000
310591  50.090  -64.881  10.497 0.0000000000
35443  48.243  -65.512  11.347 0.0000000000
33973  46.166  -66.509  11.833 0.0000000000
317468  59.187  -53.611  24.941 0.0000000000
61093  59.149  -53.394  23.261 0.0000000000
282739  60.320  -54.410  23.734 0.0000000000
61144  59.578  -53.864  20.884 0.0000000000
272081  59.902  -54.200  19.505 0.0000000000
58379  59.238  -54.692  17.665 0.0000000000
56895  59.129  -55.440  15.425 0.0000000000
282122  59.689  -55.868  14.625 0.0000000000
58459  59.011  -55.600  13.092 0.0000000000
58356  48.971  -55.316  18.630 0.0000000000
62434  57.776  -53.089  21.615 0.0000000000
62428  57.292  -52.820  21.931 0.0000000000
62435  57.109  -52.883  21.261 0.0000000000
40046  46.837  -63.017  11.790 0.0000000000
297846  46.780  -61.536  11.722 0.0000000000
56924  57.329  -55.854  15.208 0.0000000000
56925  56.667  -55.824  15.316 0.0000000000
56976  56.294  -55.747  13.480 0.0000000000
44756  52.829  -60.849  9.070 0.0000000000
286059  52.785  -59.622  9.404 0.0000000000
44757  52.286  -61.119  9.422 0.0000000000
44758  51.774  -61.293  9.717 0.0000000000
43156  51.888  -62.238  9.559 0.0000000000
25325  46.711  -71.263  10.522 0.0000000000
301773  61.586  -55.968  19.754 0.0000000000
56905  51.945  -55.695  15.826 0.0000000000
275920  51.717  -55.726  16.777 0.0000000000
56879  50.758  -55.628  16.130 0.0000000000
58302  46.340  -54.974  19.823 0.0000000000
57065  56.305  -55.900  10.154 0.0000000000
54019  56.539  -56.737  8.759 0.0000000000
46390  56.526  -60.864  7.350 0.0000000000
51037  55.830  -58.947  7.521 0.0000000000
48008  55.147  -60.229  7.671 0.0000000000
46383  54.368  -60.321  8.074 0.0000000000
44779  54.826  -61.538  7.748 0.0000000000
52450  49.332  -57.990  12.319 0.0000000000
272499  49.070  -57.367  14.004 0.0000000000
52426  48.489  -57.818  12.912 0.0000000000
52369  46.967  -57.536  14.267 0.0000000000
52370  46.263  -57.519  14.142 0.0000000000
53869  45.928  -56.831  15.651 0.0000000000
59778  57.446  -54.195  18.556 0.0000000000
59779  56.790  -54.209  18.582 0.0000000000
58382  56.749  -54.944  17.732 0.0000000000
56903  53.384  -55.701  15.586 0.0000000000
56955  53.435  -55.576  14.059 0.0000000000
284792  54.962  -56.235  10.672 0.0000000000
311126  55.216  -55.565  11.873 0.0000000000
55490  54.407  -56.377  10.881 0.0000000000
52482  52.450  -57.815  10.849 0.0000000000
53979  52.952  -57.034  11.468 0.0000000000
53980  52.486  -57.357  11.373 0.0000000000
55469  52.447  -56.518  12.514 0.0000000000
53967  51.577  -57.167  12.354 0.0000000000
53968  50.977  -57.398  12.460 0.0000000000
52466  50.952  -58.013  11.555 0.0000000000
305043  50.243  -61.743  10.579 0.0000000000
46320  50.044  -60.533  10.717 0.0000000000
43130  49.395  -61.859  10.931 0.0000000000
41572  48.726  -62.479  11.155 0.0000000000
311904  48.718  -63.509  11.296 0.0000000000
27623  47.664  -70.069  11.597 0.0000000000
30031  49.385  -68.714  10.108 0.0000000000
278624  50.027  -68.169  10.145 0.0000000000
34007  50.917  -66.987  9.855 0.0000000000
35475  50.461  -66.111  10.133 0.0000000000
280014  50.563  -64.531  10.163 0.0000000000
33987  49.811  -66.136  10.529 0.0000000000
294724  46.753  -68.322  10.971 0.0000000000
32621  47.761  -66.720  11.283 0.0000000000
281985  47.112  -66.769  11.475 0.0000000000
283233  47.106  -65.774  11.726 0.0000000000
31255  46.060  -67.625  11.508 0.0000000000
61039  58.621  -53.476  25.801 0.0000000000
59586  59.612  -53.912  24.756 0.0000000000
61062  59.598  -53.625  24.201 0.0000000000
61061  59.855  -53.931  24.558 0.0000000000
58222  61.339  -55.209  22.465 0.0000000000
58204  60.587  -54.729  23.279 0.0000000000
59653  61.202  -54.775  22.434 0.0000000000
61112  59.964  -53.978  22.258 0.0000000000
282928  60.337  -54.179  21.039 0.0000000000
59698  59.549  -53.932  20.127 0.0000000000
59721  60.275  -54.283  20.025 0.0000000000
312174  61.129  -55.096  18.532 0.0000000000
324356  60.352  -54.659  18.159 0.0000000000
316860  60.006  -54.837  17.392 0.0000000000
58416  59.459  -55.073  16.344 0.0000000000
311256  59.905  -55.225  16.126 0.0000000000
53925  59.217  -57.062  13.433 0.0000000000
55430  59.580  -56.033  13.518 0.0000000000
56947  59.542  -55.794  13.996 0.0000000000
56882  48.461  -55.958  16.780 0.0000000000
56850  49.101  -55.745  17.037 0.0000000000
56818  48.370  -55.727  17.675 0.0000000000
59699  48.821  -54.169  20.429 0.0000000000
316695  48.188  -60.231  11.490 0.0000000000
49393  47.888  -58.780  11.993 0.0000000000
58406  57.537  -55.178  17.156 0.0000000000
58407  57.024  -55.231  17.236 0.0000000000
56871  56.608  -55.687  16.211 0.0000000000
276214  55.261  -55.723  13.725 0.0000000000
51011  54.144  -58.351  9.179 0.0000000000
54009  53.948  -57.306  10.215 0.0000000000
315427  53.292  -58.370  9.686 0.0000000000
49444  52.611  -58.946  9.772 0.0000000000
50999  51.826  -58.764  10.386 0.0000000000
312664  51.207  -59.172  10.580 0.0000000000
47948  51.346  -59.881  10.171 0.0000000000
44743  50.863  -61.022  10.242 0.0000000000
41583  50.259  -62.770  10.547 0.0000000000
32643  48.799  -67.551  10.547 0.0000000000
27633  47.445  -69.244  10.319 0.0000000000
28811  46.790  -69.246  10.629 0.0000000000
313582  61.982  -54.923  21.125 0.0000000000
59695  61.432  -54.739  20.281 0.0000000000
56726  61.762  -55.349  20.102 0.0000000000
56776  61.434  -55.533  18.936 0.0000000000
56807  61.215  -55.507  18.278 0.0000000000
56778  51.806  -55.291  18.346 0.0000000000
58354  50.872  -55.050  18.732 0.0000000000
56821  46.908  -55.973  17.841 0.0000000000
58359  47.578  -55.528  18.737 0.0000000000
58324  46.685  -55.382  19.354 0.0000000000
59702  47.024  -54.251  20.616 0.0000000000
57017  57.097  -55.527  12.185 0.0000000000
57018  56.333  -55.582  12.294 0.0000000000
57037  56.373  -55.533  11.164 0.0000000000
55489  55.556  -56.097  10.480 0.0000000000
54021  55.201  -57.199  9.285 0.0000000000
52520  55.179  -57.929  8.485 0.0000000000
52521  54.647  -58.131  8.887 0.0000000000
49484  54.364  -59.179  8.365 0.0000000000
46371  53.755  -60.321  8.485 0.0000000000
278827  50.369  -56.415  14.203 0.0000000000
56932  50.077  -55.806  15.209 0.0000000000
55390  49.722  -56.225  14.915 0.0000000000
55392  48.609  -56.531  15.359 0.0000000000
55371  48.001  -56.373  15.948 0.0000000000
52401  47.657  -57.723  13.503 0.0000000000
294419  47.467  -57.338  14.539 0.0000000000
55357  47.240  -56.381  16.434 0.0000000000
55345  46.362  -56.273  16.976 0.0000000000
56855  45.740  -56.121  17.601 0.0000000000
33952  45.091  -66.054  12.179 0.0000000000
61167  57.830  -53.454  20.096 0.0000000000
291346  56.993  -53.413  19.851 0.0000000000
61187  57.064  -53.646  19.347 0.0000000000
56904  52.844  -55.688  15.495 0.0000000000
56929  52.006  -55.585  14.903 0.0000000000
56979  54.208  -55.586  13.137 0.0000000000
55491  53.923  -56.691  10.991 0.0000000000
55467  53.529  -56.119  12.018 0.0000000000
56980  53.607  -55.580  13.388 0.0000000000
57009  52.616  -55.791  13.299 0.0000000000
55431  52.063  -55.941  13.569 0.0000000000
282551  51.147  -56.391  13.692 0.0000000000
53948  50.692  -57.166  12.966 0.0000000000
52449  49.988  -57.966  12.084 0.0000000000
50949  49.487  -58.332  11.852 0.0000000000
47925  50.446  -59.479  10.709 0.0000000000
49428  49.603  -59.627  11.000 0.0000000000
47904  48.758  -60.032  11.359 0.0000000000
44706  48.171  -61.215  11.379 0.0000000000
40044  47.812  -63.018  11.474 0.0000000000
38508  47.290  -64.038  11.710 0.0000000000
41610  53.430  -63.063  8.568 0.0000000000
28808  49.295  -68.926  10.221 0.0000000000
285269  52.470  -64.526  9.149 0.0000000000
301120  52.030  -63.944  9.380 0.0000000000
289372  51.349  -63.982  9.732 0.0000000000
38533  50.256  -63.847  10.455 0.0000000000
292363  49.725  -63.749  10.789 0.0000000000
33988  49.198  -66.145  10.818 0.0000000000
35460  48.823  -65.550  11.010 0.0000000000
36978  49.004  -64.636  11.117 0.0000000000
36964  48.121  -64.864  11.449 0.0000000000
35445  47.158  -65.210  11.779 0.0000000000
35429  45.995  -65.416  12.147 0.0000000000
32625  45.183  -67.066  11.907 0.0000000000
62361  58.978  -53.241  25.763 0.0000000000
61052  58.930  -53.381  25.521 0.0000000000
302965  58.852  -53.022  24.823 0.0000000000
62385  58.913  -53.108  24.005 0.0000000000
62418  58.444  -53.134  22.894 0.0000000000
61114  58.520  -53.367  21.983 0.0000000000
58206  58.976  -54.986  23.119 0.0000000000
59618  59.885  -54.220  24.335 0.0000000000
61074  60.162  -54.174  23.930 0.0000000000
61113  59.255  -53.675  22.106 0.0000000000
61145  58.850  -53.610  21.013 0.0000000000
61166  58.476  -53.592  20.028 0.0000000000
61185  58.739  -53.752  19.568 0.0000000000
310914  58.875  -54.178  18.632 0.0000000000
59747  60.429  -54.498  19.186 0.0000000000
303098  59.385  -54.402  18.221 0.0000000000
58380  58.480  -54.724  17.693 0.0000000000
326074  58.320  -55.128  17.016 0.0000000000
56896  58.337  -55.582  15.659 0.0000000000
278715  58.149  -55.726  13.933 0.0000000000
58438  59.588  -55.559  15.273 0.0000000000
297990  58.934  -55.536  13.736 0.0000000000
308852  58.273  -55.581  12.754 0.0000000000
56849  49.959  -55.675  17.127 0.0000000000
56781  49.900  -55.425  18.237 0.0000000000
58319  49.938  -54.906  19.185 0.0000000000
58321  48.584  -55.190  19.064 0.0000000000
59762  49.633  -54.671  19.668 0.0000000000
24192  46.745  -71.740  10.809 0.0000000000
26471  47.490  -70.434  11.964 0.0000000000
26490  47.060  -70.247  10.323 0.0000000000
27612  47.828  -69.582  11.788 0.0000000000
27634  47.154  -69.736  10.347 0.0000000000
28795  49.131  -68.941  10.768 0.0000000000
28796  48.841  -68.925  11.127 0.0000000000
28797  48.303  -69.235  11.355 0.0000000000
28810  47.846  -68.796  10.329 0.0000000000
28828  48.991  -69.045  10.084 0.0000000000
29993  46.737  -67.792  11.157 0.0000000000
30010  49.544  -68.638  10.157 0.0000000000
30013  47.264  -68.274  10.802 0.0000000000
30014  46.463  -68.704  10.948 0.0000000000
30030  50.443  -68.111  10.161 0.0000000000
30032  49.050  -68.938  10.063 0.0000000000
31254  47.159  -67.369  11.226 0.0000000000
31258  43.760  -67.703  11.615 0.0000000000
31274  49.374  -67.960  10.208 0.0000000000
31275  48.286  -67.942  10.421 0.0000000000
31291  50.317  -67.973  10.142 0.0000000000
32601  45.474  -66.556  12.006 0.0000000000
32602  44.823  -66.592  12.123 0.0000000000
32603  44.212  -66.642  12.108 0.0000000000
32622  47.551  -67.138  11.160 0.0000000000
32623  46.517  -67.108  11.541 0.0000000000
32624  45.806  -67.058  11.741 0.0000000000
32627  44.013  -67.203  11.895 0.0000000000
32644  48.078  -67.283  10.914 0.0000000000
32662  50.742  -67.664  9.984 0.0000000000
32663  50.049  -67.536  10.163 0.0000000000
33950  46.255  -65.950  11.952 0.0000000000
33951  45.735  -66.014  12.086 0.0000000000
33969  48.597  -66.134  11.052 0.0000000000
33970  48.012  -66.164  11.333 0.0000000000
33971  47.402  -66.220  11.538 0.0000000000
33972  46.744  -66.202  11.732 0.0000000000
33989  49.018  -66.810  10.793 0.0000000000
33990  48.370  -66.759  11.001 0.0000000000
34008  50.237  -66.887  10.134 0.0000000000
34009  49.628  -66.832  10.515 0.0000000000
35428  46.639  -65.594  11.937 0.0000000000
35430  45.348  -65.531  12.228 0.0000000000
35444  47.623  -65.674  11.539 0.0000000000
35458  50.468  -65.283  10.186 0.0000000000
35459  49.391  -65.529  10.812 0.0000000000
35474  50.955  -65.782  9.886 0.0000000000
36946  46.523  -64.997  12.072 0.0000000000
36947  45.925  -64.778  12.230 0.0000000000
36963  48.622  -65.025  11.205 0.0000000000
36965  47.525  -64.688  11.655 0.0000000000
36966  46.931  -64.568  11.869 0.0000000000
36977  49.553  -64.877  10.834 0.0000000000
36990  50.913  -65.154  9.923 0.0000000000
37003  52.001  -65.399  9.295 0.0000000000
38489  45.771  -64.184  12.239 0.0000000000
38506  48.521  -64.475  11.372 0.0000000000
38507  47.967  -64.285  11.541 0.0000000000
38509  46.800  -63.586  11.847 0.0000000000
38522  49.945  -64.350  10.660 0.0000000000
38523  49.383  -64.220  10.954 0.0000000000
40043  48.430  -62.973  11.276 0.0000000000
40045  47.301  -63.371  11.658 0.0000000000
40060  50.021  -63.279  10.653 0.0000000000
40062  48.984  -63.046  11.091 0.0000000000
40074  51.645  -63.241  9.609 0.0000000000
40075  51.047  -63.314  9.987 0.0000000000
40076  50.515  -63.312  10.335 0.0000000000
40088  52.344  -63.405  9.264 0.0000000000
41555  48.127  -62.419  11.356 0.0000000000
41556  47.489  -62.415  11.523 0.0000000000
41557  46.938  -62.487  11.702 0.0000000000
41570  49.807  -62.794  10.762 0.0000000000
41571  49.321  -62.518  10.939 0.0000000000
41582  50.764  -62.761  10.218 0.0000000000
41597  52.082  -62.772  9.429 0.0000000000
41598  51.651  -62.634  9.655 0.0000000000
41616  54.834  -62.715  7.925 0.0000000000
43110  48.512  -61.833  11.245 0.0000000000
43111  47.739  -61.777  11.439 0.0000000000
43112  47.121  -61.959  11.614 0.0000000000
43113  46.594  -62.069  11.806 0.0000000000
43129  49.915  -62.208  10.735 0.0000000000
43131  49.001  -61.636  11.078 0.0000000000
43140  51.466  -62.202  9.837 0.0000000000
43141  50.992  -62.194  10.118 0.0000000000
43142  50.483  -62.223  10.419 0.0000000000
43155  52.413  -62.286  9.315 0.0000000000
43170  56.033  -62.431  7.587 0.0000000000
43171  55.075  -61.991  7.702 0.0000000000
44708  47.026  -61.041  11.605 0.0000000000
44709  46.504  -61.040  11.802 0.0000000000
44728  49.819  -60.983  10.812 0.0000000000
44729  49.346  -61.197  10.982 0.0000000000
44730  48.771  -61.200  11.209 0.0000000000
44742  51.275  -61.583  10.006 0.0000000000
44744  50.290  -61.126  10.568 0.0000000000
44771  53.671  -61.560  8.328 0.0000000000
44780  54.367  -61.852  7.961 0.0000000000
44785  55.998  -61.093  7.308 0.0000000000
46295  48.481  -60.665  11.368 0.0000000000
46296  47.896  -60.651  11.482 0.0000000000
46321  49.566  -60.572  10.933 0.0000000000
46342  51.481  -60.376  9.990 0.0000000000
46343  51.054  -60.424  10.199 0.0000000000
46357  51.884  -60.622  9.720 0.0000000000
46382  55.567  -60.949  7.414 0.0000000000
46384  54.107  -61.034  8.090 0.0000000000
46391  55.963  -60.552  7.322 0.0000000000
47903  49.181  -59.625  11.242 0.0000000000
47905  47.703  -60.096  11.572 0.0000000000
47926  49.794  -60.070  10.859 0.0000000000
47927  49.333  -60.078  11.083 0.0000000000
47947  51.881  -59.647  9.945 0.0000000000
47949  50.759  -59.945  10.427 0.0000000000
47950  50.256  -60.021  10.657 0.0000000000
47970  53.107  -59.691  9.198 0.0000000000
47971  52.695  -60.076  9.326 0.0000000000
47973  51.741  -60.108  9.876 0.0000000000
47992  54.054  -59.761  8.444 0.0000000000
47993  53.559  -59.746  8.823 0.0000000000
47994  53.206  -60.256  8.903 0.0000000000
48007  55.877  -59.788  7.368 0.0000000000
48009  54.532  -59.749  8.059 0.0000000000
48020  56.510  -60.210  7.221 0.0000000000
49394  47.246  -58.980  12.021 0.0000000000
49406  49.981  -58.827  11.216 0.0000000000
49407  49.446  -59.143  11.295 0.0000000000
49408  48.734  -59.289  11.486 0.0000000000
49425  51.364  -58.888  10.629 0.0000000000
49426  50.867  -59.015  10.768 0.0000000000
49427  49.963  -59.290  10.979 0.0000000000
49445  52.099  -59.116  10.029 0.0000000000
49446  51.536  -59.269  10.323 0.0000000000
49447  51.024  -59.464  10.502 0.0000000000
49463  52.911  -59.271  9.458 0.0000000000
49464  52.429  -59.526  9.636 0.0000000000
49483  54.953  -58.773  8.122 0.0000000000
49485  53.882  -59.338  8.764 0.0000000000
49522  56.569  -59.481  7.334 0.0000000000
50937  47.383  -58.174  12.567 0.0000000000
50938  46.870  -58.178  12.725 0.0000000000
50950  48.974  -58.318  12.057 0.0000000000
50951  47.886  -58.230  12.376 0.0000000000
50964  51.267  -58.260  11.137 0.0000000000
50966  49.055  -58.703  11.651 0.0000000000
50981  52.114  -58.323  10.570 0.0000000000
50982  51.589  -58.486  10.767 0.0000000000
50983  50.606  -58.511  11.189 0.0000000000
50997  53.719  -58.035  9.624 0.0000000000
50998  52.867  -58.484  9.909 0.0000000000
51012  53.615  -58.577  9.367 0.0000000000
51013  53.109  -58.778  9.550 0.0000000000
51023  55.457  -58.336  8.025 0.0000000000
51024  54.468  -58.589  8.646 0.0000000000
51025  53.998  -58.865  8.946 0.0000000000
52368  47.533  -57.563  14.069 0.0000000000
52399  48.783  -57.611  13.454 0.0000000000
52400  48.192  -57.701  13.454 0.0000000000
52402  47.136  -57.737  13.632 0.0000000000
52403  46.580  -57.728  13.665 0.0000000000
52423  50.363  -57.583  12.571 0.0000000000
52424  49.714  -57.656  12.704 0.0000000000
52425  49.084  -57.739  12.853 0.0000000000
52427  47.872  -57.899  12.899 0.0000000000
52428  47.281  -57.911  13.071 0.0000000000
52429  46.760  -57.911  13.179 0.0000000000
52447  51.273  -57.612  11.943 0.0000000000
52448  50.651  -57.769  12.027 0.0000000000
52451  48.753  -57.989  12.434 0.0000000000
52452  48.273  -58.003  12.513 0.0000000000
52464  52.040  -57.694  11.280 0.0000000000
52465  51.536  -57.833  11.433 0.0000000000
52467  50.427  -58.109  11.662 0.0000000000
52496  54.094  -57.588  9.832 0.0000000000
52497  53.588  -57.652  10.109 0.0000000000
52498  52.666  -58.169  10.315 0.0000000000
52510  54.917  -57.673  9.052 0.0000000000
52511  54.340  -57.865  9.369 0.0000000000
53867  47.022  -56.763  15.643 0.0000000000
53868  46.547  -56.823  15.650 0.0000000000
53881  48.284  -56.866  15.085 0.0000000000
53882  47.328  -56.846  15.348 0.0000000000
53884  46.231  -57.051  15.188 0.0000000000
53898  59.240  -56.916  14.178 0.0000000000
53899  49.618  -57.110  13.974 0.0000000000
53900  48.741  -57.102  14.563 0.0000000000
53902  47.147  -57.175  14.862 0.0000000000
53903  46.568  -57.259  14.731 0.0000000000
53904  45.892  -57.269  14.624 0.0000000000
53926  50.430  -56.958  13.443 0.0000000000
53927  50.139  -56.814  13.900 0.0000000000
53928  49.451  -57.397  13.373 0.0000000000
53929  48.466  -57.523  14.016 0.0000000000
53930  47.965  -57.599  13.922 0.0000000000
53946  51.898  -56.731  12.756 0.0000000000
53949  50.096  -57.305  13.096 0.0000000000
53965  52.616  -56.912  11.944 0.0000000000
53966  52.107  -56.953  12.288 0.0000000000
53978  53.430  -56.900  11.235 0.0000000000
53981  51.944  -57.370  11.796 0.0000000000
53992  54.156  -56.913  10.529 0.0000000000
53993  53.582  -57.220  10.635 0.0000000000
53994  52.987  -57.343  10.989 0.0000000000
54006  55.516  -56.748  9.612 0.0000000000
54007  54.924  -56.971  9.869 0.0000000000
54022  54.617  -57.414  9.579 0.0000000000
54035  56.517  -57.137  8.347 0.0000000000
54036  55.667  -57.445  8.592 0.0000000000
55229  61.051  -56.167  21.321 0.0000000000
55244  61.798  -55.502  20.477 0.0000000000
55246  61.304  -56.024  20.704 0.0000000000
55258  61.438  -56.171  19.986 0.0000000000
55275  61.673  -55.676  19.993 0.0000000000
55276  61.422  -56.240  19.209 0.0000000000
55307  61.278  -56.563  18.615 0.0000000000
55331  61.130  -56.102  18.036 0.0000000000
55344  46.983  -56.277  16.934 0.0000000000
55346  45.686  -56.235  17.110 0.0000000000
55355  48.301  -56.169  16.312 0.0000000000
55356  47.783  -56.280  16.353 0.0000000000
55358  46.635  -56.424  16.503 0.0000000000
55359  46.003  -56.384  16.559 0.0000000000
55370  48.613  -56.233  15.784 0.0000000000
55372  47.448  -56.519  15.880 0.0000000000
55373  46.877  -56.578  16.032 0.0000000000
55374  46.284  -56.588  16.082 0.0000000000
55389  59.800  -56.068  14.909 0.0000000000
55391  49.094  -56.307  15.289 0.0000000000
55393  47.831  -56.666  15.462 0.0000000000
55406  59.682  -56.069  14.192 0.0000000000
55407  50.944  -56.180  14.150 0.0000000000
55408  50.155  -56.250  14.559 0.0000000000
55409  49.253  -56.716  14.809 0.0000000000
55410  48.841  -56.743  15.017 0.0000000000
55432  51.510  -56.029  13.851 0.0000000000
55433  50.665  -56.570  13.777 0.0000000000
55453  52.807  -56.046  12.775 0.0000000000
55454  52.247  -56.223  13.041 0.0000000000
55455  51.591  -56.408  13.304 0.0000000000
55456  50.976  -56.743  13.339 0.0000000000
55481  54.291  -56.061  11.351 0.0000000000
55482  53.788  -56.350  11.485 0.0000000000
55483  53.230  -56.609  11.751 0.0000000000
55503  56.443  -56.161  9.562 0.0000000000
55504  55.840  -56.283  9.893 0.0000000000
55505  55.231  -56.509  10.181 0.0000000000
55506  54.653  -56.666  10.356 0.0000000000
55517  56.172  -56.509  9.281 0.0000000000
56642  61.017  -55.154  22.821 0.0000000000
56655  61.589  -55.366  22.045 0.0000000000
56678  61.894  -55.373  21.003 0.0000000000
56679  61.688  -55.501  21.467 0.0000000000
56750  61.600  -55.565  19.603 0.0000000000
56779  51.202  -55.385  18.307 0.0000000000
56780  50.560  -55.413  18.290 0.0000000000
56782  48.675  -55.530  18.120 0.0000000000
56783  48.236  -55.627  18.135 0.0000000000
56784  47.782  -55.684  18.200 0.0000000000
56785  46.975  -55.587  18.829 0.0000000000
56808  60.906  -55.199  17.805 0.0000000000
56814  51.571  -55.577  17.816 0.0000000000
56816  50.277  -55.577  17.710 0.0000000000
56817  49.584  -55.618  17.647 0.0000000000
56819  47.958  -55.840  17.722 0.0000000000
56820  47.497  -55.931  17.795 0.0000000000
56822  46.205  -55.986  17.839 0.0000000000
56823  45.494  -55.916  18.021 0.0000000000
56837  60.965  -55.558  17.703 0.0000000000
56839  57.337  -55.436  16.758 0.0000000000
56840  56.792  -55.555  16.745 0.0000000000
56846  51.963  -55.670  17.329 0.0000000000
56847  51.316  -55.683  17.265 0.0000000000
56848  50.656  -55.641  17.196 0.0000000000
56851  48.552  -55.813  17.261 0.0000000000
56852  48.095  -55.972  17.199 0.0000000000
56853  47.250  -56.118  17.376 0.0000000000
56854  46.662  -56.159  17.393 0.0000000000
56856  45.200  -56.083  17.562 0.0000000000
56866  60.535  -55.536  16.667 0.0000000000
56868  58.218  -55.514  16.260 0.0000000000
56869  57.636  -55.574  16.342 0.0000000000
56870  57.123  -55.640  16.289 0.0000000000
56873  54.689  -55.734  16.529 0.0000000000
56874  53.992  -55.710  16.386 0.0000000000
56877  52.126  -55.718  16.328 0.0000000000
56878  51.472  -55.688  16.159 0.0000000000
56880  50.089  -55.657  16.094 0.0000000000
56881  49.672  -55.738  16.542 0.0000000000
56883  48.050  -56.134  16.704 0.0000000000
56898  57.016  -55.762  15.762 0.0000000000
56899  56.461  -55.753  15.763 0.0000000000
56902  53.996  -55.726  15.680 0.0000000000
56906  51.138  -55.640  15.578 0.0000000000
56907  50.426  -55.651  15.618 0.0000000000
56908  49.802  -55.741  15.633 0.0000000000
56910  48.916  -55.862  16.282 0.0000000000
56920  59.785  -55.789  15.227 0.0000000000
56921  59.165  -55.539  14.845 0.0000000000
56922  58.712  -55.512  15.099 0.0000000000
56923  58.054  -55.743  15.132 0.0000000000
56927  53.260  -55.619  14.672 0.0000000000
56928  52.660  -55.579  14.891 0.0000000000
56931  50.697  -55.724  15.114 0.0000000000
56933  49.552  -55.920  15.308 0.0000000000
56948  59.219  -55.585  14.129 0.0000000000
56949  58.643  -55.562  14.495 0.0000000000
56950  57.727  -55.835  14.624 0.0000000000
56951  56.965  -55.878  14.748 0.0000000000
56953  54.799  -55.739  14.157 0.0000000000
56957  52.269  -55.579  14.406 0.0000000000
56958  51.403  -55.802  14.356 0.0000000000
56959  50.874  -55.853  14.623 0.0000000000
56960  50.330  -55.939  14.793 0.0000000000
56973  59.235  -55.680  13.526 0.0000000000
56974  58.547  -55.587  13.230 0.0000000000
56975  56.940  -55.764  13.523 0.0000000000
56977  55.692  -55.685  13.241 0.0000000000
56981  53.013  -55.612  13.641 0.0000000000
56982  52.448  -55.653  13.867 0.0000000000
56983  51.907  -55.695  14.082 0.0000000000
57002  57.758  -55.566  12.535 0.0000000000
57003  57.218  -55.659  12.933 0.0000000000
57006  54.410  -55.625  12.586 0.0000000000
57007  53.799  -55.674  12.714 0.0000000000
57008  53.182  -55.700  13.034 0.0000000000
57019  55.968  -55.557  11.800 0.0000000000
57021  53.772  -55.831  12.241 0.0000000000
57022  53.335  -55.883  12.496 0.0000000000
57036  57.374  -55.424  11.409 0.0000000000
57039  55.181  -55.690  11.280 0.0000000000
57040  54.602  -55.716  11.653 0.0000000000
57041  54.020  -55.904  11.809 0.0000000000
57050  56.516  -55.692  10.613 0.0000000000
57051  55.813  -55.751  10.866 0.0000000000
57052  55.219  -55.903  10.886 0.0000000000
57053  54.751  -55.913  11.102 0.0000000000
58203  61.013  -54.844  22.819 0.0000000000
58205  59.949  -54.924  23.407 0.0000000000
58221  61.507  -55.132  22.214 0.0000000000
58241  61.824  -55.252  21.559 0.0000000000
58270  61.753  -55.014  20.670 0.0000000000
58292  61.900  -55.259  20.550 0.0000000000
58293  61.648  -55.024  20.066 0.0000000000
58298  48.943  -54.757  19.618 0.0000000000
58299  48.311  -54.902  19.641 0.0000000000
58301  47.029  -55.056  19.819 0.0000000000
58303  45.664  -54.869  19.850 0.0000000000
58314  61.565  -55.183  19.688 0.0000000000
58317  51.198  -54.661  19.100 0.0000000000
58318  50.590  -54.790  19.157 0.0000000000
58320  49.271  -55.025  19.157 0.0000000000
58322  47.944  -55.253  19.187 0.0000000000
58323  47.331  -55.342  19.295 0.0000000000
58325  45.971  -55.356  19.297 0.0000000000
58344  61.436  -55.274  19.153 0.0000000000
58345  61.082  -54.949  18.937 0.0000000000
58346  60.673  -54.770  18.455 0.0000000000
58355  50.233  -55.115  18.721 0.0000000000
58357  48.511  -55.435  18.508 0.0000000000
58358  48.113  -55.460  18.636 0.0000000000
58377  60.563  -54.876  17.931 0.0000000000
58378  59.972  -54.621  17.938 0.0000000000
58381  57.391  -54.944  17.634 0.0000000000
58402  60.467  -55.220  16.851 0.0000000000
58403  59.989  -55.011  16.785 0.0000000000
58404  59.373  -54.889  16.971 0.0000000000
58405  58.667  -54.931  17.222 0.0000000000
58408  56.453  -55.329  17.279 0.0000000000
58417  58.687  -55.156  16.652 0.0000000000
58418  57.966  -55.341  16.807 0.0000000000
58428  59.886  -55.492  15.742 0.0000000000
58429  59.580  -55.273  15.776 0.0000000000
58430  58.926  -55.319  16.009 0.0000000000
58447  59.563  -55.712  14.679 0.0000000000
58479  59.019  -55.613  12.614 0.0000000000
58480  58.833  -55.466  12.522 0.0000000000
59597  60.017  -54.058  24.347 0.0000000000
59598  59.883  -54.024  24.522 0.0000000000
59599  59.475  -54.113  24.680 0.0000000000
59617  60.107  -54.199  24.091 0.0000000000
59634  60.692  -54.571  23.144 0.0000000000
59654  60.642  -54.330  22.427 0.0000000000
59673  60.943  -54.442  21.677 0.0000000000
59674  60.129  -54.073  21.646 0.0000000000
59696  60.730  -54.409  20.538 0.0000000000
59697  60.050  -54.127  20.510 0.0000000000
59700  48.329  -54.266  20.517 0.0000000000
59719  61.314  -54.869  19.721 0.0000000000
59720  60.856  -54.560  20.060 0.0000000000
59722  51.287  -54.005  19.835 0.0000000000
59725  49.286  -54.296  20.151 0.0000000000
59726  48.632  -54.536  20.106 0.0000000000
59727  48.025  -54.677  20.187 0.0000000000
59728  47.369  -54.729  20.268 0.0000000000
59729  46.689  -54.682  20.300 0.0000000000
59730  46.006  -54.548  20.274 0.0000000000
59746  60.956  -54.813  19.245 0.0000000000
59748  59.218  -54.070  19.151 0.0000000000
59749  58.451  -53.892  19.094 0.0000000000
59751  56.511  -53.820  19.064 0.0000000000
59759  51.532  -54.273  19.436 0.0000000000
59761  50.317  -54.577  19.634 0.0000000000
59775  60.564  -54.635  18.833 0.0000000000
59776  59.486  -54.282  18.660 0.0000000000
59777  58.152  -54.140  18.569 0.0000000000
59798  60.069  -54.484  18.420 0.0000000000
59799  58.653  -54.425  18.128 0.0000000000
59801  57.107  -54.559  18.127 0.0000000000
61075  59.923  -53.838  23.984 0.0000000000
61076  59.273  -53.372  23.847 0.0000000000
61091  60.307  -54.196  23.449 0.0000000000
61092  59.850  -53.764  23.380 0.0000000000
61129  59.387  -53.793  21.551 0.0000000000
61130  58.814  -53.555  21.546 0.0000000000
61131  58.213  -53.364  21.195 0.0000000000
61147  57.308  -53.295  20.266 0.0000000000
61151  49.173  -53.807  20.587 0.0000000000
61154  47.367  -53.797  20.889 0.0000000000
61165  58.978  -53.736  19.960 0.0000000000
61184  59.261  -53.903  19.659 0.0000000000
61186  58.113  -53.622  19.576 0.0000000000
62375  59.433  -53.671  24.709 0.0000000000
62376  58.980  -53.419  25.309 0.0000000000
62403  58.651  -53.094  23.432 0.0000000000
62448  57.603  -53.133  21.078 0.0000000000
62449  57.207  -53.073  20.720 0.0000000000
272237  45.633  -68.069  11.462 0.0000000000
272430  47.677  -57.034  14.972 0.0000000000
272468  49.590  -58.670  11.499 0.0000000000
272641  47.227  -55.752  18.279 0.0000000000
273094  54.666  -55.604  12.921 0.0000000000
273116  47.107  -68.771  10.692 0.0000000000
273384  56.655  -55.669  12.899 0.0000000000
273634  53.192  -58.062  10.001 0.0000000000
273929  57.726  -55.730  13.319 0.0000000000
274576  45.638  -56.570  16.119 0.0000000000
274763  54.688  -55.634  13.451 0.0000000000
274960  56.665  -55.491  11.640 0.0000000000
275155  60.497  -55.098  17.286 0.0000000000
275725  52.997  -55.679  16.934 0.0000000000
275839  53.849  -55.693  14.562 0.0000000000
275858  52.363  -55.704  16.860 0.0000000000
275962  56.509  -55.822  14.204 0.0000000000
275981  51.049  -55.650  16.694 0.0000000000
275986  50.375  -55.653  16.633 0.0000000000
276177  54.918  -60.958  7.706 0.0000000000
276712  46.246  -63.763  12.119 0.0000000000
276838  58.945  -53.667  20.424 0.0000000000
277246  51.133  -58.625  10.896 0.0000000000
277494  51.791  -55.618  14.520 0.0000000000
277865  58.326  -53.486  20.565 0.0000000000
278503  59.948  -54.335  18.936 0.0000000000
278756  60.652  -54.559  19.588 0.0000000000
278865  47.502  -58.538  12.278 0.0000000000
279105  59.872  -53.826  22.805 0.0000000000
279351  48.896  -55.685  17.652 0.0000000000
279587  50.745  -67.961  10.091 0.0000000000
280053  48.424  -58.363  12.138 0.0000000000
280094  52.347  -58.619  10.142 0.0000000000
280422  61.569  -54.912  21.758 0.0000000000
281289  51.921  -64.615  9.392 0.0000000000
281394  46.448  -69.833  10.610 0.0000000000
282429  59.165  -53.718  24.969 0.0000000000
282480  48.391  -63.913  11.451 0.0000000000
283380  48.167  -59.702  11.541 0.0000000000
283385  53.428  -60.893  8.598 0.0000000000
283991  49.053  -65.115  10.985 0.0000000000
284624  46.523  -55.774  18.371 0.0000000000
284806  50.348  -59.008  10.937 0.0000000000
284869  47.601  -56.176  16.906 0.0000000000
285954  57.073  -55.569  10.682 0.0000000000
286958  50.538  -56.109  14.464 0.0000000000
288549  54.889  -58.331  8.432 0.0000000000
288609  49.470  -55.760  16.030 0.0000000000
288875  56.794  -56.349  9.048 0.0000000000
288891  60.385  -54.190  22.920 0.0000000000
288966  52.278  -55.672  15.401 0.0000000000
289227  53.161  -55.659  15.160 0.0000000000
289228  53.650  -55.707  15.126 0.0000000000
289283  53.066  -55.708  15.987 0.0000000000
291527  49.935  -67.895  10.136 0.0000000000
291841  56.755  -52.879  20.803 0.0000000000
291939  49.793  -56.692  14.426 0.0000000000
292104  46.953  -70.762  10.325 0.0000000000
292874  56.292  -55.819  14.895 0.0000000000
293675  51.712  -55.643  15.387 0.0000000000
295314  51.398  -60.887  9.999 0.0000000000
297549  47.705  -67.615  10.904 0.0000000000
298663  47.262  -62.854  11.625 0.0000000000
301014  47.754  -65.187  11.547 0.0000000000
301195  47.239  -61.484  11.564 0.0000000000
301807  55.411  -55.752  14.386 0.0000000000
302229  59.186  -53.547  22.665 0.0000000000
302992  48.155  -59.188  11.674 0.0000000000
303002  58.607  -53.311  22.603 0.0000000000
303316  57.515  -53.542  19.653 0.0000000000
303598  45.522  -65.078  12.269 0.0000000000
303977  50.686  -61.647  10.309 0.0000000000
304521  49.838  -61.518  10.786 0.0000000000
304794  50.774  -63.870  10.097 0.0000000000
305033  52.128  -61.738  9.475 0.0000000000
305564  59.507  -56.412  13.815 0.0000000000
305573  49.211  -63.625  11.063 0.0000000000
305586  52.503  -55.700  15.911 0.0000000000
305779  58.025  -54.991  17.371 0.0000000000
306753  45.941  -55.794  18.259 0.0000000000
306803  57.092  -53.902  18.934 0.0000000000
307027  49.581  -55.205  18.693 0.0000000000
307133  46.135  -56.187  17.392 0.0000000000
307581  54.389  -55.720  14.525 0.0000000000
308475  54.673  -55.634  12.146 0.0000000000
308919  57.004  -55.452  11.138 0.0000000000
310386  57.088  -55.688  10.094 0.0000000000
312020  50.002  -59.683  10.831 0.0000000000
312692  48.270  -56.541  15.549 0.0000000000
313029  49.244  -55.440  18.166 0.0000000000
313127  48.894  -64.070  11.256 0.0000000000
313846  57.827  -55.655  15.978 0.0000000000
313917  49.959  -65.447  10.537 0.0000000000
314124  49.297  -57.025  14.378 0.0000000000
315121  52.366  -60.541  9.430 0.0000000000
315728  48.735  -58.543  11.883 0.0000000000
317197  51.696  -61.813  9.704 0.0000000000
317363  57.638  -55.751  15.625 0.0000000000
317565  46.548  -70.414  10.441 0.0000000000
317621  46.420  -55.644  18.948 0.0000000000
317662  48.989  -62.069  11.067 0.0000000000
319996  50.966  -64.277  9.939 0.0000000000
320359  60.820  -54.403  21.048 0.0000000000
320437  46.618  -66.638  11.644 0.0000000000
320798  61.931  -54.759  21.097 0.0000000000
322928  47.325  -67.829  10.950 0.0000000000
323838  48.264  -63.426  11.432 0.0000000000
325624  44.942  -67.476  11.736 0.0000000000
325626  46.731  -64.072  11.932 0.0000000000
325940  54.117  -56.362  11.182 0.0000000000
326093  51.566  -55.667  15.741 0.0000000000
326396  59.035  -53.623  25.170 0.0000000000
326736  57.408  -53.422  19.966 0.0000000000
