#!ascii label  , from subject sub-v2s5x29562_ses-1 vox2ras=TkReg
2214
114897  -16.160  -13.784  6.876 0.5555555820
248727  -17.095  -13.448  6.069 0.6666666865
117277  -17.537  -12.782  5.245 0.7777777910
116130  -18.062  -13.158  4.934 0.7777777910
253733  -18.072  -11.645  4.585 0.8888888955
117311  -20.684  -12.172  3.929 0.8888888955
114895  -15.357  -13.809  7.776 0.5555555820
116104  -15.921  -13.145  7.149 0.5555555820
254578  -16.126  -12.475  6.352 0.6666666865
117275  -16.687  -12.231  5.779 0.8888888955
117286  -18.380  -12.656  4.605 0.8888888955
214321  -19.058  -11.882  4.023 0.8888888955
119706  -20.003  -11.094  3.322 1.0000000000
118476  -21.389  -11.733  3.582 0.8888888955
121001  -21.654  -10.635  3.432 1.0000000000
118427  -15.135  -11.445  6.771 0.7777777910
232210  -16.273  -10.762  5.026 1.0000000000
122202  -16.463  -9.483  4.574 1.0000000000
229463  -17.151  -10.596  4.451 1.0000000000
122214  -18.251  -9.716  3.213 1.0000000000
120988  -16.981  -9.991  4.446 1.0000000000
121015  -19.511  -10.232  2.783 1.0000000000
122225  -18.139  -9.312  2.767 1.0000000000
122227  -19.169  -9.680  2.727 1.0000000000
241526  -19.723  -9.810  2.492 1.0000000000
122231  -22.460  -9.598  3.239 1.0000000000
122249  -19.490  -9.197  2.500 1.0000000000
122251  -20.651  -9.366  2.296 1.0000000000
123317  -22.636  -9.083  2.794 1.0000000000
124496  -22.000  -8.137  2.241 1.0000000000
245396  -23.224  -8.132  2.442 0.7777777910
124446  -15.521  -8.176  5.083 0.8888888955
122203  -16.949  -9.256  4.098 1.0000000000
123335  -18.230  -8.637  2.570 1.0000000000
124465  -16.474  -8.175  3.877 1.0000000000
124491  -18.067  -8.028  2.530 1.0000000000
124511  -19.897  -7.816  1.788 1.0000000000
123356  -20.969  -8.255  1.900 1.0000000000
124514  -21.694  -7.700  1.970 1.0000000000
124515  -22.270  -7.636  2.028 1.0000000000
124498  -23.727  -8.016  2.297 0.8888888955
125628  -23.174  -7.161  1.949 1.0000000000
125609  -24.659  -7.549  2.447 0.7777777910
235877  -25.556  -7.705  2.856 0.7777777910
126641  -14.869  -6.673  4.658 0.5555555820
214881  -16.473  -5.582  3.166 0.7777777910
244224  -16.146  -6.473  3.654 0.8888888955
126673  -18.171  -7.000  1.835 1.0000000000
124509  -18.847  -7.731  1.924 1.0000000000
239672  -17.745  -6.571  1.972 0.8888888955
214765  -18.803  -6.707  1.716 1.0000000000
125623  -20.118  -7.112  1.690 1.0000000000
220401  -21.663  -6.769  1.728 1.0000000000
126691  -22.811  -6.657  1.783 0.8888888955
127809  -22.462  -6.136  1.631 1.0000000000
126693  -23.640  -6.280  1.882 0.8888888955
127780  -25.003  -6.143  3.057 0.7777777910
126648  -27.119  -6.925  3.680 0.6666666865
127782  -25.954  -6.216  3.544 0.6666666865
128862  -14.870  -4.873  4.666 0.4444444478
247920  -15.373  -5.153  4.017 0.7777777910
129979  -15.678  -4.079  3.612 0.6666666865
128904  -17.436  -5.022  1.632 0.7777777910
237435  -17.954  -5.720  1.311 0.8888888955
226064  -18.882  -5.711  1.233 0.8888888955
126688  -20.384  -6.479  1.568 1.0000000000
128920  -19.369  -5.080  0.748 1.0000000000
127820  -20.520  -5.403  1.392 1.0000000000
241726  -22.116  -5.516  1.453 1.0000000000
128910  -22.907  -5.151  1.404 0.8888888955
128892  -24.123  -5.313  2.100 0.7777777910
128893  -24.482  -5.223  2.596 0.7777777910
127768  -27.290  -6.321  3.712 0.5555555820
129982  -25.251  -4.669  3.297 0.7777777910
129968  -26.411  -4.746  3.784 0.6666666865
133420  -15.606  -2.924  3.010 0.6666666865
131039  -15.445  -3.667  3.641 0.6666666865
131069  -16.985  -3.904  2.115 0.7777777910
132192  -16.493  -3.254  2.249 0.7777777910
130023  -18.180  -4.386  0.921 0.8888888955
130025  -19.135  -4.750  0.416 0.8888888955
131099  -18.550  -4.051  0.556 1.0000000000
131101  -19.473  -4.267  0.276 1.0000000000
130028  -20.723  -4.543  0.866 1.0000000000
128924  -21.690  -4.969  1.226 0.8888888955
131088  -22.916  -4.104  1.418 0.8888888955
221118  -24.096  -4.072  2.248 0.8888888955
129995  -24.233  -4.652  2.255 0.7777777910
132231  -22.548  -3.607  1.278 0.8888888955
131070  -23.678  -3.687  2.074 0.7777777910
131055  -24.779  -3.566  2.795 0.7777777910
222817  -26.016  -4.322  3.618 0.7777777910
129970  -27.640  -4.433  3.761 0.6666666865
133418  -15.218  -2.317  3.309 0.6666666865
132165  -15.280  -3.214  3.656 0.5555555820
218331  -16.026  -2.797  2.664 0.7777777910
218330  -16.811  -2.743  1.762 0.8888888955
132226  -18.257  -3.419  0.638 0.8888888955
133464  -18.457  -3.002  0.177 1.0000000000
131109  -19.321  -3.762  -0.029 1.0000000000
132229  -21.421  -3.498  0.818 1.0000000000
130030  -21.932  -3.940  0.942 0.8888888955
132181  -24.464  -3.006  2.738 0.7777777910
133422  -24.824  -2.539  3.056 0.7777777910
132170  -26.483  -2.931  3.751 0.6666666865
132172  -27.695  -3.349  3.896 0.5555555820
131043  -27.929  -3.887  3.810 0.5555555820
133432  -16.072  -2.265  2.336 0.7777777910
135642  -15.478  -1.236  2.834 0.6666666865
133443  -16.510  -2.245  1.831 0.8888888955
239604  -18.249  -2.435  0.159 1.0000000000
133483  -19.299  -2.611  -0.145 1.0000000000
133467  -21.701  -2.331  1.045 0.8888888955
227162  -21.901  -2.885  1.002 0.8888888955
134588  -22.485  -1.720  1.506 0.8888888955
132193  -23.264  -3.000  2.164 0.8888888955
218629  -24.543  -1.962  3.096 0.7777777910
134554  -24.866  -1.424  3.312 0.7777777910
134556  -25.959  -1.971  3.770 0.7777777910
133411  -27.043  -2.636  3.914 0.5555555820
135643  -23.901  -0.859  2.891 0.7777777910
135632  -26.519  -1.357  4.127 0.5555555820
133413  -28.308  -2.394  3.742 0.5555555820
225813  -26.231  -0.957  4.138 0.6666666865
236102  -14.261  0.121  3.638 0.4444444478
224411  -14.989  -0.689  2.892 0.5555555820
223442  -16.362  -0.768  1.222 0.7777777910
134594  -17.546  -1.638  0.583 1.0000000000
135664  -16.711  -1.254  1.094 0.8888888955
236882  -18.158  -1.179  -0.076 1.0000000000
234510  -19.931  -1.520  0.098 0.8888888955
135692  -20.343  -1.084  0.343 0.8888888955
134596  -21.110  -1.912  0.669 0.8888888955
135678  -21.697  -1.290  1.045 0.8888888955
135667  -22.715  -1.211  1.806 0.8888888955
135645  -24.834  -0.893  3.476 0.6666666865
219061  -27.440  -0.766  4.103 0.5555555820
140130  -15.898  2.145  1.108 0.6666666865
236655  -15.738  0.785  1.740 0.6666666865
138001  -17.506  0.623  0.413 0.7777777910
229419  -19.266  -0.226  0.163 0.8888888955
138012  -18.555  0.635  -0.216 0.7777777910
136868  -20.165  0.077  0.400 0.7777777910
136869  -20.317  -0.472  0.318 0.8888888955
138003  -20.398  0.498  0.808 0.7777777910
135665  -21.637  -0.698  1.347 0.8888888955
247621  -22.071  0.145  1.832 0.7777777910
136838  -22.420  -0.063  2.138 0.7777777910
236518  -23.311  -0.062  2.560 0.6666666865
140119  -22.714  1.596  2.503 0.6666666865
139048  -23.712  0.714  3.278 0.6666666865
137966  -23.959  0.249  3.071 0.6666666865
234450  -24.897  -0.134  3.684 0.5555555820
141220  -24.383  2.317  3.518 0.6666666865
140096  -24.965  1.573  3.844 0.5555555820
139032  -25.898  0.848  4.089 0.5555555820
136811  -27.042  -0.283  4.299 0.4444444478
236545  -25.883  1.395  4.247 0.5555555820
253987  -16.771  5.010  1.578 0.3333333433
142350  -16.137  3.966  1.779 0.3333333433
212969  -17.455  2.814  0.540 0.5555555820
140143  -16.963  2.256  0.397 0.6666666865
141259  -17.991  2.993  0.096 0.5555555820
140152  -18.210  1.597  0.018 0.7777777910
139096  -18.956  1.199  0.053 0.7777777910
140131  -19.554  2.318  0.909 0.6666666865
139087  -20.393  1.125  1.000 0.6666666865
140132  -20.364  1.805  1.158 0.6666666865
139074  -21.395  1.188  1.746 0.6666666865
233431  -22.351  2.186  2.493 0.6666666865
141230  -23.280  2.690  2.784 0.6666666865
142331  -24.267  2.933  3.526 0.6666666865
141212  -25.497  2.327  4.878 0.5555555820
141213  -26.381  2.406  4.173 0.5555555820
251997  -25.449  2.838  4.064 0.6666666865
228195  -16.990  5.224  1.566 0.4444444478
142340  -16.780  5.354  1.876 0.4444444478
142352  -17.103  4.828  1.129 0.4444444478
142342  -17.967  5.182  1.052 0.5555555820
141242  -17.875  3.945  0.525 0.5555555820
141261  -19.018  3.206  0.292 0.6666666865
141260  -18.387  3.142  0.066 0.6666666865
141245  -20.152  2.630  1.471 0.6666666865
140133  -20.966  1.959  1.609 0.6666666865
141228  -22.174  2.757  2.032 0.6666666865
142344  -22.909  3.284  2.482 0.6666666865
143452  -24.839  3.938  3.682 0.6666666865
143454  -26.024  4.137  3.945 0.5555555820
254242  -26.214  3.303  4.032 0.6666666865
143475  -18.213  5.405  1.027 0.4444444478
226203  -20.080  4.146  1.088 0.6666666865
227962  -20.041  3.446  1.508 0.6666666865
142355  -20.551  3.731  1.638 0.6666666865
222491  -20.789  2.915  1.749 0.6666666865
142356  -21.265  3.456  1.715 0.6666666865
143462  -23.733  3.745  3.075 0.6666666865
118451  -17.731  -11.924  4.767 0.8888888955
118440  -16.286  -11.674  5.604 1.0000000000
120979  -16.618  -10.571  4.688 1.0000000000
119704  -18.264  -10.429  3.932 1.0000000000
119723  -20.972  -10.846  3.120 1.0000000000
129965  -15.033  -4.320  4.304 0.5555555820
130029  -22.021  -4.482  1.081 0.8888888955
134564  -15.108  -1.844  3.318 0.5555555820
246352  -14.361  0.717  3.509 0.5555555820
134585  -16.164  -1.769  1.910 0.7777777910
134612  -19.069  -1.974  -0.260 1.0000000000
134577  -23.422  -1.760  2.460 0.8888888955
139014  -13.618  1.300  4.714 0.2222222239
136810  -26.248  -0.381  4.215 0.6666666865
139097  -19.490  0.856  0.201 0.7777777910
137950  -26.674  0.205  4.339 0.4444444478
211936  -18.865  3.866  0.268 0.6666666865
248522  -20.141  4.812  1.035 0.6666666865
131023  -14.924  -3.861  4.386 0.4444444478
133401  -14.947  -2.211  3.643 0.4444444478
142322  -27.366  3.204  3.879 0.5555555820
141215  -27.613  2.725  3.896 0.5555555820
142329  -16.979  5.523  1.948 0.2222222239
142341  -17.221  5.332  1.867 0.3333333433
231309  -27.051  3.694  3.866 0.5555555820
112397  -16.292  -15.238  7.113 0.5555555820
112411  -16.652  -14.861  6.831 0.5555555820
114903  -16.752  -13.773  6.512 0.6666666865
114905  -17.733  -14.009  5.815 0.5555555820
114918  -18.226  -14.003  5.741 0.5555555820
116143  -20.660  -12.917  4.239 0.7777777910
117302  -20.917  -12.630  3.958 0.8888888955
112395  -15.457  -14.721  7.641 0.5555555820
114935  -18.521  -13.464  5.268 0.6666666865
221683  -18.945  -12.884  4.991 0.6666666865
117288  -19.520  -12.495  4.725 0.8888888955
117313  -21.794  -12.228  3.783 0.7777777910
118477  -22.022  -11.641  3.523 0.7777777910
238293  -22.666  -10.720  4.615 0.8888888955
113678  -14.856  -14.258  8.165 0.4444444478
117259  -14.944  -12.207  7.499 0.5555555820
122204  -22.602  -9.565  4.499 1.0000000000
119652  -14.822  -11.061  7.155 0.2222222239
119675  -15.480  -10.621  6.033 0.6666666865
122233  -23.664  -9.473  3.006 0.8888888955
123319  -24.584  -8.850  2.792 0.6666666865
124500  -24.860  -7.980  2.510 0.7777777910
124477  -25.432  -8.187  2.552 0.6666666865
122181  -15.047  -9.449  5.972 0.5555555820
211304  -26.544  -7.736  3.119 0.6666666865
124445  -15.104  -7.883  5.271 0.4444444478
125578  -27.049  -7.472  3.413 0.5555555820
126651  -28.833  -6.474  3.586 0.5555555820
127740  -13.586  -5.693  5.490 0.2222222239
231445  -28.003  -5.649  3.736 0.5555555820
129950  -14.846  -4.431  4.846 0.4444444478
129971  -28.161  -4.405  3.622 0.5555555820
133388  -14.413  -2.573  4.682 0.3333333433
131058  -28.749  -3.905  3.170 0.5555555820
136799  -14.140  -0.677  3.824 0.4444444478
132195  -29.238  -3.122  2.494 0.4444444478
137930  -13.553  0.529  4.823 0.3333333433
134569  -28.952  -1.940  3.156 0.5555555820
136813  -28.179  -0.643  3.857 0.4444444478
143469  -15.653  4.186  2.213 0.3333333433
142349  -15.619  3.654  1.935 0.3333333433
141227  -15.574  2.979  1.901 0.4444444478
236911  -27.699  0.912  4.178 0.4444444478
140107  -28.115  1.983  3.889 0.4444444478
142333  -28.247  3.246  3.321 0.2222222239
143470  -17.847  5.799  1.723 0.3333333433
143476  -19.246  4.881  0.840 0.6666666865
216120  -20.875  4.512  1.538 0.6666666865
143471  -22.122  3.856  1.744 0.6666666865
233059  -22.914  4.389  2.334 0.6666666865
244810  -23.157  4.835  2.539 0.6666666865
145663  -24.185  5.054  3.032 0.6666666865
144576  -24.518  4.463  3.349 0.6666666865
144564  -25.722  4.704  3.759 0.6666666865
144565  -26.319  4.569  3.840 0.4444444478
235244  -28.070  3.800  3.241 0.3333333433
242674  -19.636  5.139  1.005 0.5555555820
114896  -15.742  -13.757  7.337 0.5555555820
229546  -16.348  -13.323  6.705 0.6666666865
113687  -16.084  -14.178  6.938 0.5555555820
113688  -16.447  -14.331  6.793 0.6666666865
113698  -17.535  -14.429  6.271 0.6666666865
116113  -16.171  -12.797  6.624 0.6666666865
116120  -17.038  -12.866  5.803 0.7777777910
243969  -17.562  -13.439  5.592 0.7777777910
116119  -16.464  -12.615  6.153 0.7777777910
117276  -17.121  -12.384  5.450 0.8888888955
117285  -17.896  -12.556  4.767 0.8888888955
119694  -18.563  -11.117  3.797 1.0000000000
119692  -17.560  -10.915  4.400 1.0000000000
117297  -18.251  -12.142  4.600 0.8888888955
118450  -17.149  -11.542  4.961 1.0000000000
118474  -20.114  -11.426  3.803 1.0000000000
118463  -19.523  -11.824  3.871 0.8888888955
117301  -20.403  -12.406  4.186 0.8888888955
232735  -15.843  -14.638  7.293 0.5555555820
113679  -15.165  -14.339  7.881 0.4444444478
114889  -15.048  -14.055  7.953 0.4444444478
232082  -15.477  -13.219  7.652 0.5555555820
116103  -15.375  -12.680  7.336 0.5555555820
116112  -15.739  -12.608  6.953 0.6666666865
118428  -15.630  -11.795  6.463 0.8888888955
118415  -15.257  -12.141  6.919 0.5555555820
118449  -16.644  -11.447  5.240 0.8888888955
117299  -19.279  -12.151  4.347 0.8888888955
118472  -19.067  -11.500  3.614 1.0000000000
219602  -21.243  -11.213  3.391 1.0000000000
119705  -19.022  -11.066  3.448 1.0000000000
119721  -19.880  -10.723  2.845 1.0000000000
238714  -21.623  -11.284  3.496 1.0000000000
121017  -21.293  -10.361  3.023 1.0000000000
118414  -14.871  -11.666  7.304 0.5555555820
119663  -15.491  -11.223  6.272 0.8888888955
119677  -16.189  -11.166  5.247 1.0000000000
120972  -15.863  -10.597  5.406 0.8888888955
120977  -15.775  -10.023  5.276 0.8888888955
119676  -15.802  -11.191  5.692 1.0000000000
120987  -16.409  -9.997  4.705 1.0000000000
122193  -15.547  -9.500  5.453 0.8888888955
123287  -16.044  -9.124  4.722 1.0000000000
120998  -17.841  -9.904  3.678 1.0000000000
122212  -17.404  -9.531  3.666 1.0000000000
120999  -18.449  -10.097  3.619 1.0000000000
121016  -20.314  -10.473  2.613 1.0000000000
241766  -17.302  -9.066  3.423 1.0000000000
123315  -17.242  -8.489  3.216 1.0000000000
122229  -20.833  -9.934  2.712 1.0000000000
122217  -23.208  -9.609  3.639 0.8888888955
122253  -22.004  -9.306  2.623 1.0000000000
123354  -20.169  -8.373  1.888 1.0000000000
124493  -19.050  -8.254  1.957 1.0000000000
123339  -21.039  -8.811  2.017 1.0000000000
234906  -22.346  -8.543  2.528 1.0000000000
123318  -23.966  -8.912  2.858 0.8888888955
123343  -24.136  -8.393  2.579 0.7777777910
124458  -15.680  -7.946  4.593 1.0000000000
124457  -15.092  -7.606  4.877 0.5555555820
123286  -15.728  -8.886  5.199 0.6666666865
124459  -16.113  -8.370  4.237 1.0000000000
123285  -15.346  -8.380  5.579 0.5555555820
124474  -17.180  -7.906  3.063 1.0000000000
125576  -16.401  -7.553  3.673 0.8888888955
125590  -17.561  -7.617  2.639 1.0000000000
125622  -19.150  -7.264  1.770 1.0000000000
124512  -20.540  -7.845  1.866 1.0000000000
125625  -21.394  -7.207  1.758 1.0000000000
125626  -21.966  -7.209  1.833 1.0000000000
126692  -23.752  -6.864  1.952 0.8888888955
125592  -24.797  -7.191  2.551 0.7777777910
245904  -26.012  -7.435  3.083 0.6666666865
126626  -14.411  -6.791  5.031 0.5555555820
125549  -14.672  -7.305  5.027 0.5555555820
126640  -14.425  -6.163  4.837 0.6666666865
236030  -15.600  -6.262  3.946 0.6666666865
125567  -15.378  -7.249  4.509 0.7777777910
125575  -15.798  -7.160  3.979 0.7777777910
127765  -16.111  -5.898  3.746 0.7777777910
128878  -16.212  -4.863  3.313 0.6666666865
128889  -16.628  -5.020  2.712 0.8888888955
127778  -16.767  -6.174  2.654 0.8888888955
127791  -17.338  -6.076  2.189 0.8888888955
125588  -16.569  -7.185  3.252 0.8888888955
126660  -16.742  -6.798  2.870 1.0000000000
127805  -18.275  -5.957  1.317 0.8888888955
229130  -19.523  -5.851  1.400 1.0000000000
237129  -20.955  -5.880  1.554 1.0000000000
235479  -23.178  -5.603  1.495 0.8888888955
127793  -24.315  -5.820  2.400 0.8888888955
127779  -24.561  -6.296  2.700 0.7777777910
126662  -25.452  -6.506  3.184 0.7777777910
128865  -25.742  -5.469  3.550 0.6666666865
126649  -27.687  -6.775  3.769 0.5555555820
224135  -27.045  -5.833  3.753 0.6666666865
128863  -15.159  -4.760  4.193 0.5555555820
129935  -13.880  -4.762  5.278 0.3333333433
128849  -14.034  -5.258  4.934 0.3333333433
127763  -14.887  -5.408  4.437 0.4444444478
127764  -15.370  -5.691  3.928 0.6666666865
131054  -16.384  -3.926  2.735 0.6666666865
129992  -16.411  -4.514  2.899 0.7777777910
130009  -18.356  -5.014  0.878 0.8888888955
127806  -19.905  -5.832  1.484 1.0000000000
130027  -20.148  -4.624  0.787 1.0000000000
130012  -23.298  -4.631  1.553 0.7777777910
131056  -25.036  -4.080  2.958 0.7777777910
128868  -27.957  -5.026  3.652 0.5555555820
131086  -17.565  -3.982  1.435 0.8888888955
131111  -20.330  -3.796  0.458 1.0000000000
132183  -25.479  -3.179  3.199 0.7777777910
230185  -25.661  -3.508  3.334 0.7777777910
131042  -27.233  -3.857  3.838 0.6666666865
132163  -14.818  -2.693  4.064 0.4444444478
133463  -17.917  -2.727  0.688 0.8888888955
132241  -20.090  -3.326  0.235 1.0000000000
133485  -20.345  -2.658  0.479 0.8888888955
133436  -23.699  -2.478  2.533 0.7777777910
133409  -25.998  -2.521  3.550 0.6666666865
228960  -28.508  -2.954  3.644 0.5555555820
132184  -28.563  -3.455  3.534 0.5555555820
135623  -14.706  -1.264  3.448 0.5555555820
135653  -15.654  -1.052  2.358 0.6666666865
133462  -17.491  -2.171  0.947 0.8888888955
134614  -20.115  -2.094  0.240 1.0000000000
133434  -22.716  -2.331  1.766 0.8888888955
225581  -24.196  -1.384  3.077 0.8888888955
220564  -27.082  -2.177  3.947 0.6666666865
136852  -22.589  -0.607  1.887 0.8888888955
134559  -28.069  -1.840  3.876 0.5555555820
137960  -14.585  0.074  3.192 0.5555555820
136837  -15.351  -0.426  2.312 0.5555555820
135688  -17.682  -1.119  0.245 1.0000000000
136857  -16.689  -0.139  1.040 0.7777777910
137988  -15.907  0.273  1.663 0.7777777910
135690  -19.146  -0.881  0.133 0.8888888955
136867  -17.869  -0.589  0.021 0.7777777910
223887  -28.584  -0.843  3.461 0.5555555820
140117  -15.279  2.287  1.998 0.5555555820
139061  -15.165  1.590  2.266 0.5555555820
141258  -16.332  2.305  0.679 0.4444444478
236319  -16.620  1.055  0.846 0.6666666865
139082  -16.660  1.683  0.417 0.6666666865
137999  -16.456  0.406  1.236 0.7777777910
137976  -14.935  0.123  2.740 0.7777777910
236657  -14.996  0.836  2.449 0.6666666865
138024  -18.264  1.030  -0.007 0.7777777910
136859  -17.710  0.036  0.274 0.7777777910
136860  -20.635  -0.138  0.712 0.7777777910
137990  -21.249  0.658  1.456 0.6666666865
137979  -22.816  0.366  2.445 0.6666666865
139062  -22.501  1.026  2.327 0.6666666865
140104  -23.492  1.964  2.835 0.6666666865
139064  -23.575  1.258  2.903 0.6666666865
139031  -25.277  1.073  4.004 0.5555555820
137948  -25.454  0.484  4.013 0.5555555820
139034  -27.212  1.380  4.097 0.4444444478
137968  -28.074  0.449  4.048 0.4444444478
140099  -26.731  1.857  4.184 0.5555555820
141239  -16.042  3.046  1.326 0.4444444478
141241  -17.415  3.698  0.771 0.5555555820
140144  -18.251  2.370  -0.171 0.6666666865
140145  -18.823  2.266  0.298 0.7777777910
142330  -23.747  3.091  3.195 0.6666666865
142332  -24.335  3.337  4.333 0.6666666865
221472  -18.421  4.694  0.726 0.5555555820
142354  -18.778  4.810  0.820 0.6666666865
142357  -21.921  3.333  1.752 0.6666666865
143472  -22.668  3.856  2.115 0.6666666865
144585  -23.455  4.359  2.682 0.6666666865
134547  -14.697  -1.660  3.662 0.4444444478
139021  -14.207  1.422  3.869 0.3333333433
131022  -14.730  -3.947  5.000 0.4444444478
231520  -14.645  -2.051  4.091 0.4444444478
141224  -28.530  2.407  3.135 0.3333333433
143464  -27.699  4.139  3.402 0.3333333433
223874  -16.156  -14.750  7.048 0.5555555820
116144  -21.188  -13.119  4.120 0.6666666865
112381  -14.952  -14.923  8.061 0.4444444478
112382  -15.415  -15.153  7.818 0.5555555820
121004  -23.235  -9.770  4.579 0.7777777910
116102  -15.046  -12.710  7.818 0.4444444478
123344  -25.098  -8.603  2.487 0.6666666865
120971  -15.446  -10.043  5.727 0.7777777910
236742  -14.323  -5.606  4.744 0.3333333433
126625  -14.028  -6.453  5.297 0.3333333433
126614  -13.659  -6.181  5.586 0.1111111119
128831  -13.695  -5.251  5.278 0.1111111119
238012  -14.453  -3.369  5.117 0.4444444478
133387  -14.246  -1.792  4.533 0.3333333433
135611  -14.093  -0.906  4.088 0.3333333433
141218  -14.805  2.794  2.969 0.3333333433
145654  -25.195  5.095  3.488 0.6666666865
145656  -26.348  5.141  3.698 0.4444444478
237338  -20.277  -17.086  5.540 0.4444444478
107114  -21.998  -18.400  5.255 0.2222222239
110939  -17.420  -15.875  7.197 0.4444444478
235767  -18.345  -16.370  6.946 0.4444444478
112412  -17.264  -14.889  6.676 0.4444444478
112401  -18.949  -15.351  6.801 0.4444444478
110967  -20.318  -15.995  5.694 0.4444444478
110974  -20.916  -16.132  5.010 0.4444444478
109717  -23.001  -17.536  3.768 0.2222222239
114898  -19.003  -14.293  6.047 0.4444444478
209934  -20.059  -14.680  5.886 0.4444444478
252013  -21.062  -15.404  4.990 0.4444444478
254201  -23.531  -17.157  3.462 0.1111111119
110977  -23.593  -16.734  4.108 0.1111111119
113734  -20.886  -14.657  5.049 0.4444444478
112454  -22.892  -16.560  3.463 0.3333333433
114919  -19.091  -13.750  5.644 0.4444444478
113717  -20.371  -14.507  5.513 0.4444444478
254406  -21.763  -15.007  4.446 0.3333333433
113748  -22.942  -15.614  3.434 0.3333333433
110984  -23.904  -16.967  3.210 0.2222222239
113735  -21.292  -14.510  4.633 0.4444444478
113746  -21.779  -14.398  4.258 0.3333333433
114936  -19.412  -13.343  5.293 0.5555555820
113733  -20.458  -13.958  5.008 0.4444444478
244272  -23.988  -14.790  2.985 0.2222222239
113765  -24.604  -15.120  2.310 0.1111111119
114973  -26.027  -15.228  2.245 0.1111111119
114971  -23.353  -14.156  3.420 0.3333333433
116155  -23.328  -13.533  3.282 0.3333333433
117314  -22.544  -12.366  3.662 0.4444444478
117326  -23.241  -12.224  3.267 0.5555555820
118488  -23.537  -11.536  3.218 0.6666666865
117340  -25.480  -12.533  2.054 0.4444444478
119725  -23.595  -10.813  3.237 0.6666666865
118502  -26.854  -11.815  1.851 0.3333333433
119726  -24.129  -10.766  2.994 0.6666666865
234951  -25.396  -10.619  2.104 0.5555555820
121019  -24.010  -9.924  3.003 0.6666666865
121032  -25.498  -10.075  2.273 0.5555555820
212212  -26.412  -10.459  1.989 0.5555555820
119733  -26.627  -11.131  1.928 0.4444444478
121021  -27.427  -9.626  2.461 0.3333333433
244195  -25.078  -9.905  2.621 0.5555555820
123323  -27.962  -8.695  3.086 0.4444444478
124480  -27.589  -8.248  3.228 0.5555555820
122237  -27.247  -9.131  2.826 0.4444444478
125594  -28.368  -7.629  3.353 0.4444444478
144592  -21.610  4.315  1.533 0.5555555820
144583  -21.763  4.800  1.709 0.5555555820
144584  -22.709  4.966  2.320 0.5555555820
145661  -23.100  5.711  2.240 0.5555555820
146642  -24.044  5.630  2.837 0.5555555820
147641  -24.782  6.612  3.475 0.5555555820
236710  -19.688  -16.930  6.032 0.4444444478
108416  -21.912  -18.367  4.415 0.2222222239
113697  -17.019  -14.388  6.552 0.4444444478
110990  -23.429  -17.084  3.182 0.2222222239
234042  -24.397  -15.710  2.303 0.2222222239
113749  -25.093  -15.770  2.439 0.1111111119
116167  -24.482  -13.506  2.726 0.4444444478
219906  -25.024  -13.566  2.547 0.3333333433
116165  -23.142  -12.923  3.293 0.4444444478
118490  -24.711  -11.228  2.818 0.6666666865
118499  -25.088  -11.738  2.325 0.4444444478
122238  -27.838  -9.222  2.862 0.3333333433
124481  -28.156  -8.171  3.197 0.4444444478
127771  -28.920  -5.935  3.536 0.4444444478
210138  -21.850  6.213  2.385 0.5555555820
210018  -21.997  6.518  2.187 0.5555555820
113699  -17.932  -14.399  6.090 0.4444444478
117331  -26.234  -13.398  1.835 0.2222222239
146636  -24.961  5.991  3.426 0.5555555820
107082  -18.325  -18.001  7.004 0.4444444478
107096  -18.742  -18.011  6.543 0.4444444478
107098  -19.766  -18.310  5.903 0.4444444478
105826  -21.295  -18.855  5.409 0.2222222239
107099  -21.653  -18.659  5.701 0.2222222239
107100  -21.890  -18.088  6.165 0.1111111119
109675  -16.658  -16.336  7.795 0.4444444478
108375  -17.503  -17.026  7.343 0.4444444478
212039  -22.508  -17.947  4.179 0.1111111119
109705  -23.228  -16.926  4.713 0.1111111119
108407  -22.166  -17.774  5.677 0.1111111119
112447  -23.797  -15.760  4.839 0.1111111119
112456  -24.678  -16.067  2.894 0.1111111119
114940  -25.465  -14.190  4.129 0.1111111119
215693  -26.022  -14.514  3.245 0.1111111119
114990  -26.286  -14.917  2.045 0.1111111119
116171  -27.289  -14.226  1.670 0.2222222239
118503  -27.651  -11.752  1.825 0.1111111119
117341  -26.655  -12.700  1.599 0.2222222239
121036  -28.202  -10.372  2.126 0.2222222239
122259  -28.932  -9.808  2.273 0.2222222239
253842  -28.749  -8.920  2.674 0.3333333433
125581  -28.591  -7.059  3.449 0.4444444478
225660  -29.662  -6.841  2.972 0.3333333433
245353  -29.984  -6.177  2.438 0.3333333433
128881  -28.883  -5.387  3.280 0.4444444478
233696  -29.632  -5.810  2.555 0.3333333433
140103  -14.595  2.088  3.102 0.4444444478
133425  -29.116  -2.521  2.934 0.4444444478
139052  -28.839  0.914  3.267 0.3333333433
144588  -18.579  5.719  1.046 0.4444444478
146637  -25.500  5.912  3.534 0.5555555820
145676  -20.426  5.425  1.652 0.5555555820
210394  -21.505  5.746  1.920 0.5555555820
146641  -23.045  5.959  2.339 0.5555555820
147639  -23.492  6.564  2.862 0.5555555820
148621  -24.391  7.191  3.287 0.5555555820
210338  -21.072  6.294  1.686 0.5555555820
110938  -16.455  -15.691  7.429 0.4444444478
112398  -16.883  -15.434  6.978 0.4444444478
112399  -17.648  -15.318  6.998 0.4444444478
116131  -19.856  -13.022  4.937 0.5555555820
114952  -20.879  -13.476  4.466 0.5555555820
248825  -22.098  -12.756  3.927 0.6666666865
119724  -23.028  -10.909  3.402 0.6666666865
122254  -25.337  -9.350  2.586 0.5555555820
123321  -26.140  -8.933  2.587 0.5555555820
238503  -27.096  -8.610  3.047 0.4444444478
129984  -28.865  -4.699  2.971 0.4444444478
235950  -28.587  1.495  3.264 0.3333333433
112413  -17.929  -14.856  6.552 0.4444444478
114969  -22.115  -13.928  3.980 0.3333333433
220663  -21.502  -13.669  4.294 0.3333333433
109703  -19.990  -16.462  5.862 0.4444444478
237337  -20.932  -17.389  4.941 0.4444444478
107113  -21.068  -18.561  4.932 0.3333333433
247305  -21.154  -16.962  4.796 0.4444444478
108405  -19.996  -17.629  5.700 0.4444444478
105837  -21.885  -18.579  4.755 0.3333333433
108417  -22.170  -18.274  4.601 0.1111111119
109676  -17.246  -16.380  7.480 0.4444444478
109677  -17.777  -16.398  7.176 0.4444444478
110941  -18.574  -15.842  6.873 0.4444444478
109687  -18.680  -16.883  6.806 0.4444444478
240014  -18.888  -16.351  6.751 0.4444444478
113701  -19.012  -14.917  6.466 0.4444444478
109678  -18.989  -15.897  6.709 0.4444444478
110950  -19.411  -15.651  6.441 0.4444444478
212821  -19.885  -15.040  6.066 0.4444444478
233966  -20.550  -15.270  5.483 0.4444444478
235436  -21.731  -17.885  4.293 0.4444444478
110976  -22.081  -16.801  4.219 0.4444444478
110975  -21.579  -15.985  4.726 0.4444444478
109716  -22.408  -17.827  4.018 0.2222222239
112446  -22.130  -15.950  4.310 0.4444444478
109718  -23.299  -17.364  3.834 0.1111111119
110983  -23.132  -17.345  3.369 0.2222222239
112455  -24.043  -16.264  3.659 0.1111111119
110968  -23.450  -16.074  5.303 0.1111111119
113757  -23.515  -14.946  3.186 0.3333333433
114954  -22.376  -14.726  3.704 0.3333333433
235593  -23.609  -15.728  2.922 0.2222222239
110985  -24.298  -16.507  2.765 0.2222222239
114987  -24.502  -14.307  2.677 0.2222222239
114988  -25.511  -15.546  1.890 0.1111111119
113759  -24.851  -15.043  2.310 0.1111111119
114989  -25.985  -15.173  1.940 0.1111111119
114972  -25.581  -15.261  2.700 0.1111111119
116154  -22.609  -13.381  3.677 0.3333333433
117327  -24.003  -12.163  3.049 0.4444444478
118498  -24.639  -11.897  2.844 0.4444444478
222227  -26.022  -12.345  1.916 0.3333333433
117328  -24.610  -12.710  2.668 0.4444444478
117330  -25.728  -13.543  2.032 0.3333333433
236963  -28.043  -12.405  1.634 0.1111111119
118501  -26.197  -11.626  1.906 0.4444444478
121031  -25.017  -10.448  2.396 0.5555555820
119731  -25.074  -11.035  2.168 0.5555555820
122256  -26.314  -9.475  2.421 0.5555555820
119734  -27.090  -10.689  1.947 0.3333333433
124483  -29.247  -7.979  2.876 0.4444444478
145669  -22.188  5.611  2.070 0.5555555820
145677  -21.232  5.282  1.741 0.5555555820
146634  -23.772  6.065  2.854 0.5555555820
108390  -19.391  -17.488  6.086 0.4444444478
113750  -25.028  -14.890  3.278 0.1111111119
210535  -21.580  7.330  1.365 0.5555555820
116170  -26.710  -14.486  1.711 0.2222222239
107083  -18.689  -18.606  6.746 0.4444444478
108377  -18.442  -17.432  6.846 0.4444444478
105824  -20.465  -18.926  5.817 0.4444444478
241998  -20.927  -19.284  5.921 0.2222222239
105825  -20.951  -18.925  5.339 0.4444444478
109660  -17.025  -16.832  7.727 0.4444444478
109659  -16.035  -16.614  8.057 0.4444444478
244380  -22.870  -16.941  5.205 0.1111111119
108408  -22.497  -17.447  5.132 0.1111111119
112448  -24.146  -15.367  4.278 0.1111111119
98369  -18.134  -23.053  11.869 0.1111111119
212467  -16.109  -21.215  9.600 0.3333333433
99644  -17.200  -22.179  9.915 0.2222222239
98388  -17.730  -22.552  11.008 0.2222222239
98381  -18.278  -22.600  11.638 0.1111111119
99621  -18.623  -22.128  11.590 0.1111111119
104617  -14.992  -19.373  9.405 0.3333333433
103465  -14.812  -19.880  9.719 0.3333333433
235305  -15.065  -20.882  10.013 0.3333333433
102255  -17.051  -20.983  8.879 0.3333333433
100889  -17.491  -21.260  8.867 0.3333333433
99657  -17.582  -21.823  9.580 0.2222222239
100880  -17.965  -21.490  9.167 0.2222222239
100852  -18.156  -21.645  10.523 0.2222222239
100853  -18.685  -21.442  10.766 0.1111111119
100867  -18.605  -21.441  10.052 0.2222222239
107029  -14.167  -17.665  9.505 0.2222222239
105738  -14.418  -18.334  9.469 0.2222222239
103466  -15.690  -20.013  9.252 0.3333333433
103467  -16.313  -20.150  9.232 0.3333333433
100882  -19.019  -21.373  9.540 0.1111111119
241970  -14.349  -17.071  9.041 0.2222222239
107030  -14.640  -17.954  9.082 0.3333333433
108341  -15.331  -17.118  8.602 0.3333333433
105752  -15.198  -18.266  8.724 0.3333333433
108359  -15.873  -17.192  8.285 0.3333333433
107066  -16.101  -17.785  8.142 0.3333333433
104627  -15.628  -18.832  8.666 0.3333333433
104640  -16.750  -18.885  8.352 0.3333333433
104641  -17.648  -19.664  7.964 0.3333333433
216544  -17.328  -18.929  8.157 0.3333333433
103493  -18.384  -20.297  7.809 0.3333333433
103506  -18.832  -19.924  7.265 0.3333333433
102267  -19.257  -20.863  8.022 0.3333333433
102259  -19.503  -20.798  8.698 0.1111111119
225135  -19.941  -20.510  8.169 0.2222222239
110908  -14.639  -15.924  8.803 0.2222222239
109642  -14.432  -16.483  8.931 0.2222222239
244976  -15.171  -15.907  8.503 0.3333333433
108360  -16.519  -17.132  8.018 0.3333333433
248532  -16.963  -18.395  8.102 0.3333333433
107069  -17.673  -18.254  7.544 0.3333333433
105771  -18.317  -19.240  7.361 0.3333333433
105786  -18.219  -18.585  7.273 0.3333333433
103495  -19.762  -20.659  7.366 0.3333333433
110920  -14.291  -15.507  8.876 0.3333333433
110921  -14.762  -15.445  8.282 0.3333333433
110937  -15.927  -15.453  7.546 0.3333333433
108362  -17.498  -17.711  7.385 0.3333333433
105788  -19.145  -19.205  6.598 0.3333333433
107097  -19.266  -18.705  6.278 0.3333333433
104678  -20.312  -19.998  6.141 0.3333333433
123346  -29.538  -8.362  2.611 0.2222222239
125610  -29.974  -7.333  2.634 0.2222222239
253321  -30.399  -8.347  2.048 0.2222222239
131073  -29.356  -3.722  2.292 0.3333333433
129997  -29.522  -4.263  2.100 0.2222222239
99655  -16.605  -21.871  9.403 0.3333333433
99656  -17.048  -21.920  9.414 0.3333333433
99632  -17.903  -22.130  10.788 0.2222222239
107047  -14.431  -17.375  9.075 0.3333333433
243845  -14.819  -18.455  9.135 0.3333333433
103479  -16.895  -19.873  8.603 0.3333333433
103491  -17.325  -19.941  8.337 0.3333333433
228043  -17.638  -20.914  8.461 0.3333333433
102257  -18.722  -21.152  8.409 0.3333333433
107049  -15.571  -17.710  8.512 0.3333333433
109658  -15.613  -16.212  8.288 0.3333333433
104659  -20.144  -20.398  6.396 0.3333333433
95920  -17.372  -23.758  11.799 0.1111111119
97133  -17.961  -23.643  12.023 0.1111111119
100863  -14.690  -21.083  10.374 0.3333333433
100864  -15.135  -21.443  10.060 0.3333333433
99641  -15.251  -22.144  10.061 0.3333333433
213192  -16.148  -22.517  9.835 0.3333333433
98394  -16.474  -22.797  10.113 0.3333333433
98395  -16.944  -22.804  10.462 0.3333333433
95910  -18.998  -23.949  12.341 0.1111111119
98370  -18.762  -22.798  11.958 0.1111111119
104616  -14.492  -19.349  9.779 0.3333333433
99603  -19.121  -22.344  11.902 0.1111111119
100854  -19.226  -21.265  10.990 0.1111111119
109630  -13.999  -16.753  9.680 0.2222222239
102232  -19.448  -21.048  9.814 0.1111111119
109641  -14.241  -15.998  8.980 0.2222222239
103482  -20.436  -20.115  8.211 0.1111111119
103509  -20.328  -20.464  6.615 0.1111111119
104679  -20.569  -19.636  6.162 0.1111111119
229558  -14.329  -14.720  8.886 0.1111111119
126676  -30.479  -6.865  1.918 0.2222222239
132212  -29.584  -3.367  1.520 0.2222222239
130014  -29.825  -4.341  1.542 0.2222222239
245881  -14.677  -13.756  8.445 0.2222222239
120970  -15.000  -10.088  6.239 0.5555555820
235931  -15.032  -13.330  7.998 0.3333333433
110922  -15.508  -15.677  8.070 0.4444444478
112380  -14.575  -14.911  8.376 0.2222222239
127813  -30.407  -5.907  1.615 0.2222222239
97135  -19.170  -23.288  12.343 0.1111111119
97144  -17.589  -23.258  11.613 0.1111111119
100865  -15.717  -21.646  9.876 0.3333333433
102244  -15.906  -20.568  9.524 0.3333333433
102243  -15.248  -20.392  9.641 0.3333333433
235999  -16.287  -22.134  9.662 0.3333333433
99643  -16.628  -22.287  9.725 0.3333333433
105739  -14.710  -18.864  9.474 0.3333333433
245398  -15.253  -19.827  9.388 0.3333333433
105724  -14.274  -18.812  9.837 0.2222222239
103456  -14.235  -19.887  10.144 0.2222222239
102231  -14.675  -20.460  10.012 0.3333333433
100878  -16.586  -21.398  9.285 0.3333333433
230009  -17.411  -21.559  9.243 0.3333333433
103478  -16.477  -19.872  8.817 0.3333333433
103480  -17.306  -20.372  8.628 0.3333333433
100866  -18.086  -21.614  9.813 0.2222222239
100891  -18.492  -21.389  8.855 0.2222222239
103477  -16.008  -19.733  8.810 0.3333333433
104618  -15.514  -19.446  8.977 0.3333333433
100868  -19.144  -21.289  10.277 0.1111111119
100892  -18.916  -21.421  8.910 0.1111111119
107048  -14.990  -17.581  8.824 0.3333333433
109631  -14.391  -16.771  9.013 0.2222222239
109644  -15.585  -16.735  8.340 0.3333333433
105767  -15.763  -18.342  8.261 0.3333333433
107067  -16.728  -17.827  8.068 0.3333333433
105753  -16.091  -18.875  8.318 0.3333333433
243246  -15.931  -19.273  8.618 0.3333333433
104629  -17.042  -19.469  8.329 0.3333333433
104642  -18.129  -19.641  7.539 0.3333333433
102256  -18.246  -20.910  8.176 0.3333333433
105769  -17.425  -18.474  7.933 0.3333333433
251735  -19.906  -20.445  8.988 0.1111111119
110907  -14.039  -15.708  9.241 0.2222222239
107068  -17.205  -18.004  7.797 0.3333333433
103508  -20.090  -20.555  6.830 0.3333333433
104660  -20.429  -20.260  6.283 0.1111111119
95908  -17.394  -24.385  11.936 0.1111111119
98387  -17.284  -22.927  11.021 0.2222222239
99640  -14.650  -21.785  10.225 0.3333333433
248651  -14.371  -21.474  10.501 0.2222222239
98392  -15.153  -22.801  10.200 0.3333333433
98393  -15.669  -22.647  9.994 0.3333333433
97154  -16.198  -23.243  10.154 0.3333333433
104602  -14.025  -19.268  10.139 0.2222222239
248169  -13.814  -19.602  10.443 0.2222222239
125629  -30.793  -7.554  1.724 0.1111111119
232476  -30.756  -8.296  1.707 0.1111111119
123374  -32.888  -8.505  0.170 0.1111111119
124516  -31.457  -8.271  1.067 0.1111111119
230003  -31.523  -7.083  0.794 0.1111111119
126706  -32.705  -7.068  -0.222 0.1111111119
128913  -30.021  -5.367  1.730 0.1111111119
127827  -31.917  -5.962  -0.040 0.1111111119
128914  -30.372  -5.402  1.183 0.1111111119
128925  -30.767  -5.471  0.592 0.1111111119
253636  -29.183  -1.571  2.395 0.2222222239
130015  -30.032  -4.902  1.323 0.1111111119
130032  -30.270  -5.019  0.633 0.1111111119
136853  -29.208  -0.169  1.792 0.1111111119
136841  -29.033  -0.163  2.931 0.2222222239
139066  -29.214  0.838  2.064 0.1111111119
135668  -29.150  -1.226  1.308 0.1111111119
138015  -29.059  0.067  0.663 0.1111111119
144591  -21.011  4.848  1.694 0.4444444478
254895  -28.898  1.649  1.804 0.1111111119
210588  -19.140  6.567  1.144 0.4444444478
145668  -20.659  5.839  1.621 0.4444444478
226100  -28.744  2.077  1.496 0.1111111119
242641  -22.715  6.868  2.321 0.4444444478
249798  -26.656  6.067  3.476 0.3333333433
240972  -27.060  5.185  3.574 0.2222222239
143465  -28.294  4.078  2.769 0.1111111119
141248  -28.704  2.598  1.771 0.1111111119
142365  -28.449  3.002  0.773 0.1111111119
239193  -22.235  7.074  1.940 0.4444444478
239187  -22.206  7.580  1.787 0.4444444478
150531  -22.458  8.546  2.244 0.4444444478
149588  -22.974  7.625  2.600 0.4444444478
149589  -23.275  8.048  2.723 0.4444444478
148633  -24.060  7.648  3.021 0.4444444478
148634  -24.626  7.824  3.263 0.4444444478
149591  -25.719  8.227  3.414 0.4444444478
148624  -26.178  7.385  3.552 0.2222222239
148635  -26.795  7.487  3.272 0.2222222239
147650  -27.458  6.461  3.046 0.2222222239
147653  -27.891  6.362  2.572 0.2222222239
253651  -28.388  5.236  2.006 0.2222222239
154407  -25.914  11.801  -0.827 0.1111111119
151476  -27.092  9.631  0.565 0.1111111119
144607  -28.174  4.741  0.044 0.1111111119
239219  -19.790  7.190  1.018 0.4444444478
238957  -20.549  7.757  0.977 0.4444444478
210614  -20.912  8.391  1.361 0.3333333433
244803  -21.981  8.533  1.651 0.4444444478
150520  -22.592  9.031  2.514 0.4444444478
214744  -23.554  9.556  2.637 0.4444444478
151442  -23.931  9.172  2.681 0.4444444478
149590  -24.226  8.196  2.976 0.4444444478
150523  -25.375  8.676  3.212 0.4444444478
153379  -23.702  10.823  2.708 0.3333333433
151463  -25.706  9.623  2.711 0.3333333433
151464  -26.241  9.435  2.557 0.1111111119
150533  -27.145  8.675  2.672 0.1111111119
150534  -27.548  8.529  2.234 0.1111111119
148637  -27.591  6.948  2.639 0.2222222239
249211  -27.900  7.284  1.833 0.1111111119
149601  -27.781  8.136  1.384 0.1111111119
239056  -19.041  7.579  1.172 0.2222222239
246168  -21.492  8.961  1.356 0.3333333433
151461  -21.723  9.594  1.614 0.3333333433
152409  -23.417  10.156  2.670 0.3333333433
152411  -24.644  9.814  2.881 0.4444444478
154375  -24.673  11.272  2.390 0.2222222239
153381  -25.100  10.737  2.443 0.2222222239
152432  -26.114  10.318  2.200 0.2222222239
152437  -26.349  10.247  1.845 0.1111111119
155346  -24.729  12.273  1.816 0.1111111119
154386  -24.938  11.679  1.935 0.1111111119
154398  -25.776  11.789  1.279 0.1111111119
152441  -26.719  10.013  0.969 0.1111111119
155353  -25.069  12.566  1.364 0.1111111119
155355  -26.006  12.010  0.827 0.1111111119
153402  -26.401  11.189  0.685 0.1111111119
151460  -20.978  9.474  1.408 0.3333333433
218405  -20.426  9.841  1.612 0.3333333433
152426  -21.144  10.144  1.598 0.3333333433
152427  -21.840  10.123  2.240 0.3333333433
153378  -22.930  10.737  2.542 0.3333333433
154373  -23.234  11.427  2.511 0.2222222239
155339  -24.274  11.921  2.274 0.2222222239
155345  -24.193  12.651  2.233 0.1111111119
157225  -25.435  13.500  0.079 0.1111111119
233152  -25.824  12.265  -0.002 0.1111111119
231820  -24.778  13.706  -2.262 0.1111111119
239783  -18.840  10.752  3.642 0.1111111119
153363  -19.246  11.110  3.031 0.1111111119
153375  -20.335  11.059  2.112 0.2222222239
155335  -20.704  12.191  2.181 0.2222222239
153377  -21.675  11.161  2.216 0.3333333433
155336  -21.341  12.173  1.907 0.2222222239
232229  -22.447  11.227  2.263 0.3333333433
154371  -21.894  11.676  2.080 0.3333333433
155343  -21.574  12.744  1.604 0.2222222239
156299  -22.469  13.364  1.833 0.1111111119
158050  -23.045  14.205  1.465 0.1111111119
156300  -23.306  13.307  1.793 0.1111111119
157221  -24.288  13.940  1.468 0.1111111119
156305  -25.002  13.193  1.294 0.1111111119
157224  -25.123  13.910  0.488 0.1111111119
158074  -24.840  14.485  -0.235 0.1111111119
156323  -25.478  12.937  -0.375 0.1111111119
155382  -25.609  12.238  -1.779 0.1111111119
154412  -26.161  11.354  -1.114 0.1111111119
154362  -19.220  11.825  3.632 0.1111111119
155310  -19.724  12.150  3.776 0.1111111119
155333  -19.471  12.138  3.027 0.1111111119
156270  -20.389  12.845  3.162 0.1111111119
157197  -20.834  14.013  2.198 0.1111111119
223588  -20.814  13.609  1.925 0.1111111119
245333  -20.979  13.985  1.725 0.1111111119
156298  -21.540  13.520  1.592 0.1111111119
158851  -22.221  14.929  1.439 0.1111111119
158859  -23.264  14.948  1.034 0.1111111119
245845  -23.303  15.395  0.832 0.1111111119
235592  -24.294  15.083  0.241 0.1111111119
156265  -21.081  12.431  4.511 0.1111111119
156262  -21.120  12.677  5.261 0.1111111119
246318  -21.268  12.902  4.149 0.1111111119
157192  -21.023  13.815  3.010 0.1111111119
158030  -21.899  14.523  2.998 0.1111111119
157198  -21.161  14.245  2.600 0.1111111119
158848  -21.754  15.138  2.140 0.1111111119
159675  -21.805  15.288  1.841 0.1111111119
157184  -22.283  13.627  5.000 0.1111111119
244849  -22.070  14.310  4.188 0.1111111119
123363  -31.911  -9.233  0.609 0.1111111119
125630  -31.306  -7.502  1.174 0.1111111119
126699  -32.161  -7.269  0.207 0.1111111119
124522  -33.154  -7.699  -0.006 0.1111111119
224340  -29.657  -3.733  0.561 0.1111111119
130040  -29.938  -4.694  0.248 0.1111111119
133469  -29.374  -2.934  1.229 0.1111111119
139089  -29.083  0.540  1.098 0.1111111119
239058  -19.989  6.338  1.233 0.4444444478
147642  -25.439  6.799  3.623 0.4444444478
147644  -26.315  6.417  3.508 0.3333333433
228366  -28.051  5.475  2.885 0.2222222239
145664  -28.068  4.983  2.999 0.1111111119
144593  -28.382  4.433  1.759 0.1111111119
140154  -28.359  1.794  0.338 0.1111111119
149596  -22.761  8.087  2.452 0.4444444478
147658  -28.218  6.492  1.607 0.2222222239
151468  -26.910  9.391  1.762 0.1111111119
151469  -27.386  9.073  1.444 0.1111111119
148647  -27.882  7.593  0.489 0.1111111119
151462  -22.232  9.553  2.369 0.3333333433
154409  -26.473  11.486  0.136 0.1111111119
155342  -20.943  12.725  1.854 0.2222222239
156271  -20.872  13.198  3.432 0.1111111119
159682  -22.668  15.728  0.921 0.1111111119
158841  -22.118  15.070  3.514 0.1111111119
157189  -22.468  14.200  4.726 0.1111111119
125613  -32.862  -7.549  1.616 0.1111111119
231387  -33.277  -8.053  0.831 0.1111111119
133448  -29.358  -2.954  1.863 0.2222222239
136830  -28.939  -0.774  3.000 0.2222222239
139088  -28.704  1.061  1.066 0.1111111119
146653  -19.786  6.043  1.356 0.4444444478
239057  -20.776  7.171  1.087 0.4444444478
150521  -22.992  8.537  2.596 0.4444444478
214205  -22.087  9.036  2.092 0.4444444478
246609  -24.868  9.440  2.970 0.4444444478
152431  -25.562  10.208  2.501 0.2222222239
155297  -20.529  12.238  4.378 0.1111111119
226163  -20.725  12.537  5.654 0.1111111119
156263  -21.661  13.205  5.365 0.1111111119
156272  -21.419  13.512  3.817 0.1111111119
157193  -21.618  14.129  3.523 0.1111111119
124517  -33.258  -8.689  0.846 0.1111111119
123357  -30.556  -8.824  1.848 0.1111111119
123358  -31.165  -9.036  1.183 0.1111111119
123365  -33.018  -8.937  0.559 0.1111111119
125612  -32.547  -7.080  2.208 0.1111111119
124503  -32.570  -8.331  2.298 0.1111111119
254295  -32.936  -6.176  0.852 0.1111111119
127829  -32.768  -6.326  0.111 0.1111111119
128933  -32.726  -5.348  -0.090 0.1111111119
128930  -30.970  -5.193  -0.411 0.1111111119
132243  -29.549  -3.680  -0.041 0.1111111119
130048  -29.990  -4.681  -0.349 0.1111111119
130049  -30.461  -4.921  -0.690 0.1111111119
132242  -29.296  -3.185  -0.259 0.1111111119
134637  -28.801  -2.248  -0.886 0.1111111119
135705  -28.545  -0.869  -0.691 0.1111111119
145675  -19.714  5.738  1.416 0.4444444478
138025  -28.589  0.104  -0.189 0.1111111119
223150  -28.433  0.637  0.001 0.1111111119
141277  -28.224  2.889  0.150 0.1111111119
233363  -28.072  1.652  -0.546 0.1111111119
238941  -19.116  6.663  1.115 0.4444444478
210193  -20.368  6.710  1.083 0.4444444478
142393  -27.781  3.206  -1.386 0.1111111119
226818  -27.997  5.094  -0.252 0.1111111119
238919  -18.252  7.984  1.999 0.2222222239
210290  -19.686  8.357  1.094 0.3333333433
150529  -19.182  8.943  1.485 0.2222222239
151459  -19.958  9.416  1.605 0.2222222239
149607  -27.763  8.080  0.175 0.1111111119
226885  -18.757  10.049  2.737 0.1111111119
152425  -20.207  10.464  1.812 0.2222222239
153410  -26.667  10.488  -0.853 0.1111111119
153415  -26.371  10.831  -1.919 0.1111111119
246783  -18.485  10.166  3.740 0.1111111119
254911  -19.862  10.761  4.271 0.1111111119
155292  -20.035  11.870  5.337 0.1111111119
228708  -19.897  11.574  5.942 0.1111111119
155385  -25.067  12.537  -2.635 0.1111111119
154330  -20.581  11.707  6.339 0.1111111119
155284  -20.975  12.186  6.734 0.1111111119
159693  -23.192  15.912  0.418 0.1111111119
159709  -24.128  15.647  -0.935 0.1111111119
158898  -24.255  15.113  -1.915 0.1111111119
220974  -24.263  14.598  -2.657 0.1111111119
156254  -21.318  12.718  6.446 0.1111111119
157180  -22.099  13.768  5.864 0.1111111119
159670  -21.376  15.815  2.244 0.1111111119
160580  -21.219  16.652  1.231 0.1111111119
158842  -22.419  15.016  4.081 0.1111111119
134589  -29.264  -1.958  2.051 0.1111111119
231899  -28.570  3.134  2.052 0.1111111119
148622  -25.102  7.376  3.587 0.4444444478
222409  -30.632  -6.444  1.588 0.1111111119
137992  -29.218  0.406  1.683 0.2222222239
127821  -30.757  -5.884  1.046 0.1111111119
126701  -33.045  -6.841  -0.053 0.1111111119
128932  -32.302  -5.558  -0.301 0.1111111119
238589  -29.170  -1.855  1.419 0.1111111119
136870  -28.963  -0.653  0.385 0.1111111119
135693  -29.000  -1.370  0.299 0.1111111119
139098  -28.398  1.191  0.258 0.1111111119
230310  -28.456  3.550  1.065 0.1111111119
140162  -28.223  2.193  -0.147 0.1111111119
150524  -26.067  8.608  3.195 0.2222222239
149592  -26.374  8.060  3.470 0.2222222239
149597  -27.520  8.124  2.570 0.1111111119
248786  -28.463  5.544  1.527 0.2222222239
144597  -28.372  4.537  1.174 0.1111111119
153406  -26.634  10.952  -0.282 0.1111111119
228587  -25.480  12.655  -0.890 0.1111111119
150544  -27.595  8.607  0.477 0.1111111119
153403  -26.713  10.848  0.243 0.1111111119
151478  -27.159  9.837  -0.002 0.1111111119
251656  -27.386  9.179  0.116 0.1111111119
144616  -27.972  4.561  -0.411 0.1111111119
143497  -28.278  4.137  0.050 0.1111111119
235631  -28.228  6.175  0.749 0.2222222239
153364  -24.034  10.384  2.807 0.3333333433
148644  -28.060  7.119  1.425 0.2222222239
153382  -25.716  10.747  2.191 0.2222222239
154388  -26.002  11.312  1.529 0.1111111119
155364  -25.707  12.423  0.480 0.1111111119
150530  -20.414  8.902  1.401 0.3333333433
226889  -19.537  9.986  1.880 0.1111111119
225390  -20.851  10.700  1.811 0.3333333433
232196  -21.423  10.663  2.118 0.3333333433
155337  -23.130  12.144  2.424 0.2222222239
155338  -23.665  12.422  2.496 0.1111111119
156301  -24.091  13.189  1.943 0.1111111119
157222  -24.829  13.848  1.127 0.1111111119
157234  -25.235  13.537  -0.520 0.1111111119
157250  -25.308  13.122  -0.979 0.1111111119
211382  -24.815  14.127  -1.296 0.1111111119
156342  -25.237  12.769  -2.051 0.1111111119
158098  -24.750  14.175  -1.912 0.1111111119
217946  -19.629  10.366  4.102 0.1111111119
152407  -18.764  10.644  3.401 0.1111111119
153360  -19.505  11.136  3.877 0.1111111119
153374  -19.702  10.945  2.336 0.1111111119
154368  -19.655  11.586  2.632 0.1111111119
154370  -21.147  11.687  2.149 0.3333333433
155334  -20.030  12.164  2.533 0.1111111119
232018  -22.425  12.413  1.988 0.2222222239
156289  -23.004  12.759  2.129 0.1111111119
158049  -22.354  14.423  1.593 0.1111111119
158060  -23.491  14.538  1.190 0.1111111119
158062  -24.759  14.261  0.721 0.1111111119
158097  -24.529  14.618  -1.551 0.1111111119
158878  -24.534  14.965  -0.277 0.1111111119
155324  -19.355  12.253  3.452 0.1111111119
154350  -19.961  11.664  4.125 0.1111111119
155312  -20.686  12.496  3.811 0.1111111119
154338  -20.019  11.693  4.847 0.1111111119
155325  -19.896  12.535  2.994 0.1111111119
156280  -20.854  13.311  2.618 0.1111111119
158035  -21.023  14.254  2.058 0.1111111119
156288  -20.702  13.104  2.065 0.1111111119
156297  -21.019  13.356  1.649 0.1111111119
158048  -21.879  14.732  1.916 0.1111111119
159683  -22.743  15.207  1.150 0.1111111119
160582  -22.036  16.005  1.038 0.1111111119
158860  -23.868  14.947  0.793 0.1111111119
220451  -23.704  15.847  0.028 0.1111111119
159701  -24.135  15.488  -0.235 0.1111111119
155293  -20.583  12.224  5.089 0.1111111119
156258  -21.172  12.873  5.856 0.1111111119
156266  -21.807  13.224  4.542 0.1111111119
157188  -21.909  13.861  4.316 0.1111111119
158845  -22.091  14.988  2.708 0.1111111119
247000  -21.405  15.602  2.046 0.1111111119
159674  -21.339  16.088  1.395 0.1111111119
122272  -32.234  -9.888  0.560 0.1111111119
125631  -32.951  -7.124  1.133 0.1111111119
133468  -29.142  -2.390  0.854 0.1111111119
143489  -28.401  4.071  0.756 0.1111111119
147664  -28.079  6.514  0.390 0.1111111119
147668  -27.990  6.687  -0.059 0.1111111119
221550  -22.498  16.286  0.708 0.1111111119
159663  -21.886  16.316  3.639 0.1111111119
126678  -32.544  -6.568  1.985 0.1111111119
155289  -20.994  12.218  6.115 0.1111111119
134615  -29.023  -2.014  0.263 0.1111111119
134628  -28.688  -1.512  -0.749 0.1111111119
142384  -28.113  3.432  -0.215 0.1111111119
247189  -27.924  5.410  -0.585 0.1111111119
149610  -27.768  8.034  -0.454 0.1111111119
151428  -18.205  9.441  4.018 0.1111111119
151479  -27.344  8.987  -0.557 0.1111111119
153353  -19.975  11.151  4.610 0.1111111119
225486  -23.464  16.498  -0.591 0.1111111119
158888  -24.370  15.150  -1.257 0.1111111119
159669  -20.956  15.991  1.985 0.1111111119
161381  -20.964  17.094  2.042 0.1111111119
160581  -21.991  16.446  0.911 0.1111111119
98386  -14.791  -22.908  10.494 0.2222222239
123269  -14.885  -8.270  6.212 0.2222222239
124430  -14.606  -7.703  5.943 0.2222222239
118400  -14.645  -11.842  7.719 0.3333333433
122165  -14.734  -9.684  6.392 0.3333333433
123270  -15.063  -8.694  5.992 0.4444444478
123284  -14.924  -8.024  5.829 0.3333333433
144589  -19.142  5.767  1.095 0.3333333433
144582  -18.273  6.020  1.286 0.2222222239
239012  -18.368  7.018  2.288 0.1111111119
210199  -17.811  6.998  1.743 0.1111111119
239071  -18.176  6.814  1.463 0.2222222239
142326  -15.040  3.469  2.877 0.2222222239
245843  -14.081  2.670  3.911 0.1111111119
120957  -14.756  -10.120  6.683 0.2222222239
141203  -14.356  3.152  4.089 0.1111111119
212889  -16.559  5.149  2.168 0.1111111119
143460  -17.985  3.755  3.118 0.1111111119
145650  -18.816  5.588  3.182 0.1111111119
238920  -18.394  6.679  2.927 0.1111111119
210119  -18.056  6.755  2.795 0.1111111119
210157  -17.485  7.001  2.282 0.1111111119
144581  -17.992  5.985  1.696 0.2222222239
143461  -17.174  5.529  1.795 0.1111111119
117244  -14.671  -12.215  7.957 0.2222222239
119661  -14.708  -10.550  6.955 0.2222222239
119662  -15.018  -10.710  6.607 0.3333333433
129949  -14.358  -4.407  5.208 0.2222222239
144571  -17.985  5.803  1.859 0.1111111119
129921  -13.717  -4.516  5.626 0.1111111119
223359  -14.221  -3.944  5.407 0.3333333433
145667  -19.187  6.163  1.206 0.3333333433
210702  -19.187  6.408  1.062 0.3333333433
210017  -18.321  6.630  2.006 0.1111111119
122164  -14.705  -9.678  6.585 0.2222222239
145660  -18.324  5.909  2.177 0.1111111119
249036  -18.322  6.589  2.722 0.1111111119
144558  -18.572  3.937  3.365 0.1111111119
210013  -18.355  6.641  2.786 0.1111111119
144560  -19.103  4.729  2.913 0.1111111119
144570  -18.489  4.556  2.720 0.1111111119
114991  -27.013  -14.535  2.137 0.1111111119
97149  -15.082  -23.361  10.435 0.1111111119
97153  -15.649  -23.217  10.177 0.1111111119
97142  -16.417  -23.815  10.967 0.1111111119
98378  -14.104  -22.870  11.538 0.1111111119
99619  -14.259  -22.479  11.047 0.1111111119
99629  -14.346  -21.970  10.613 0.1111111119
100851  -14.313  -21.007  10.715 0.1111111119
102229  -13.854  -20.061  10.661 0.1111111119
102230  -14.240  -20.534  10.457 0.1111111119
117243  -14.434  -12.205  8.446 0.1111111119
124418  -14.625  -7.728  6.115 0.1111111119
122180  -14.842  -9.084  6.353 0.1111111119
135610  -13.771  -0.979  4.516 0.2222222239
136784  -13.824  -0.617  4.234 0.2222222239
136771  -13.450  -0.641  5.155 0.2222222239
137923  -13.508  0.329  5.103 0.2222222239
125532  -14.231  -7.186  5.874 0.1111111119
125548  -14.204  -6.984  5.465 0.1111111119
97132  -13.752  -23.268  11.943 0.1111111119
97148  -14.635  -23.447  10.713 0.1111111119
95924  -14.957  -23.999  10.612 0.1111111119
97150  -16.048  -23.628  10.409 0.1111111119
98368  -13.770  -22.640  11.975 0.1111111119
99628  -14.022  -21.783  11.294 0.1111111119
102217  -13.864  -20.633  11.015 0.1111111119
103455  -13.599  -19.608  10.831 0.1111111119
104601  -13.638  -19.170  10.481 0.1111111119
105737  -14.047  -18.257  9.870 0.1111111119
108322  -13.943  -17.168  9.783 0.1111111119
116072  -14.408  -13.035  9.085 0.1111111119
216830  -14.472  -11.576  8.044 0.1111111119
120956  -14.716  -10.279  6.878 0.1111111119
124404  -15.013  -7.857  6.863 0.1111111119
135580  -13.525  -1.000  5.269 0.2222222239
138989  -13.129  1.000  6.015 0.2222222239
140065  -13.194  2.362  5.339 0.1111111119
97143  -16.988  -23.477  11.307 0.1111111119
97141  -14.527  -24.011  10.860 0.1111111119
139005  -13.439  1.162  5.076 0.2222222239
140080  -13.582  2.204  4.674 0.1111111119
118413  -14.599  -11.399  7.695 0.1111111119
133372  -13.915  -2.025  5.098 0.2222222239
126615  -13.868  -6.641  5.744 0.1111111119
116092  -14.775  -12.702  8.303 0.1111111119
107018  -13.923  -17.689  9.941 0.1111111119
108321  -13.795  -16.952  10.041 0.1111111119
235706  -14.039  -16.253  9.514 0.1111111119
114873  -14.443  -13.571  8.881 0.1111111119
116091  -14.633  -12.817  8.763 0.1111111119
223403  -13.982  -18.803  10.160 0.1111111119
99630  -14.727  -22.374  10.295 0.1111111119
100850  -14.156  -21.313  10.979 0.1111111119
231047  -14.507  -22.529  10.580 0.1111111119
226748  -15.461  -23.666  10.467 0.1111111119
118399  -14.390  -11.794  8.117 0.1111111119
98385  -14.543  -22.889  10.757 0.1111111119
98379  -14.378  -23.060  11.047 0.1111111119
97140  -14.246  -23.553  11.331 0.1111111119
99618  -13.908  -22.261  11.668 0.1111111119
117220  -14.496  -12.368  8.632 0.1111111119
136759  -13.258  -0.680  6.225 0.1111111119
100841  -13.689  -21.083  11.574 0.1111111119
103443  -13.571  -20.096  11.093 0.1111111119
117206  -15.047  -12.600  9.028 0.1111111119
140039  -13.326  1.814  7.566 0.1111111119
142270  -13.589  3.461  6.417 0.1111111119
143442  -15.080  3.812  3.414 0.1111111119
133373  -14.256  -2.696  5.240 0.1111111119
142312  -14.740  3.380  4.060 0.1111111119
143444  -15.581  4.885  3.153 0.1111111119
142327  -16.000  4.988  2.734 0.1111111119
95916  -14.695  -24.475  10.920 0.1111111119
97134  -18.581  -23.434  12.125 0.1111111119
97151  -16.638  -23.286  10.569 0.3333333433
98380  -17.849  -22.781  11.430 0.2222222239
99620  -18.058  -22.265  11.323 0.1111111119
99631  -17.406  -22.472  10.501 0.2222222239
99633  -18.267  -21.725  11.153 0.1111111119
99642  -15.896  -22.169  9.836 0.3333333433
99645  -17.732  -22.016  10.169 0.2222222239
99654  -16.225  -21.794  9.585 0.3333333433
100843  -19.394  -21.369  11.567 0.1111111119
100855  -19.639  -21.101  11.228 0.1111111119
100877  -15.559  -21.015  9.855 0.3333333433
100879  -17.003  -21.480  9.152 0.3333333433
100881  -18.543  -21.483  9.363 0.1111111119
100890  -18.091  -21.225  8.593 0.3333333433
102245  -16.491  -20.757  9.297 0.3333333433
102246  -19.263  -21.134  9.126 0.1111111119
102247  -19.685  -20.713  9.385 0.1111111119
102254  -16.859  -20.229  9.104 0.3333333433
102258  -19.107  -21.128  8.589 0.1111111119
102266  -18.773  -20.904  7.909 0.3333333433
103492  -17.775  -20.343  8.226 0.3333333433
103494  -19.153  -20.625  7.499 0.3333333433
103496  -20.352  -20.486  7.335 0.1111111119
103507  -19.619  -20.515  6.881 0.3333333433
104626  -15.132  -18.880  9.042 0.3333333433
104628  -16.425  -19.429  8.538 0.3333333433
104658  -19.391  -19.901  6.696 0.3333333433
104677  -19.734  -19.656  6.297 0.3333333433
104680  -20.876  -19.245  5.816 0.4444444478
104696  -20.496  -19.464  6.043 0.4444444478
105768  -16.321  -18.368  8.118 0.3333333433
105770  -17.876  -18.921  7.805 0.3333333433
105787  -18.731  -19.227  6.982 0.3333333433
105805  -19.855  -19.055  6.120 0.3333333433
105827  -21.748  -18.717  5.116 0.2222222239
105835  -21.356  -18.764  4.985 0.2222222239
105836  -21.642  -18.769  4.909 0.2222222239
107112  -20.484  -18.351  5.528 0.4444444478
107121  -21.576  -18.608  4.684 0.3333333433
108315  -13.834  -17.280  10.056 0.1111111119
108323  -14.100  -17.055  9.336 0.2222222239
108340  -14.751  -17.004  8.866 0.2222222239
108361  -17.081  -17.410  7.751 0.3333333433
108376  -17.998  -17.501  7.188 0.4444444478
108389  -18.890  -17.428  6.466 0.4444444478
108406  -20.650  -17.830  5.200 0.3333333433
108415  -21.314  -18.185  4.587 0.4444444478
108418  -23.030  -17.639  4.275 0.1111111119
109643  -15.091  -16.456  8.661 0.3333333433
109688  -19.207  -16.876  6.524 0.4444444478
109689  -19.403  -16.288  6.355 0.4444444478
109704  -20.591  -16.627  5.356 0.4444444478
109715  -21.644  -16.929  4.485 0.4444444478
109723  -23.291  -17.258  3.376 0.1111111119
109727  -23.606  -17.094  3.185 0.1111111119
110923  -16.044  -16.001  7.858 0.4444444478
110940  -18.005  -15.852  7.049 0.4444444478
110966  -19.787  -15.983  6.068 0.4444444478
110982  -22.718  -17.283  3.698 0.4444444478
110991  -23.932  -16.947  2.894 0.2222222239
112373  -14.237  -15.216  8.971 0.3333333433
112396  -15.878  -15.014  7.382 0.5555555820
112400  -18.302  -15.355  6.895 0.4444444478
112414  -18.533  -15.035  6.656 0.4444444478
112415  -19.471  -15.193  6.359 0.4444444478
112433  -19.981  -15.412  6.065 0.4444444478
112445  -21.438  -15.193  4.738 0.3333333433
112460  -23.546  -16.534  2.930 0.2222222239
112461  -24.259  -16.344  2.605 0.2222222239
112462  -24.722  -15.993  2.411 0.2222222239
113686  -15.595  -14.271  7.503 0.5555555820
113689  -18.981  -14.548  6.181 0.4444444478
113690  -19.498  -14.796  6.106 0.4444444478
113700  -18.157  -14.696  6.326 0.4444444478
113747  -22.317  -15.303  4.004 0.3333333433
113758  -24.828  -15.632  2.078 0.1111111119
113766  -24.861  -15.197  2.118 0.1111111119
114899  -19.226  -14.563  6.061 0.4444444478
114900  -19.418  -14.573  5.981 0.4444444478
114904  -17.315  -13.950  6.106 0.6666666865
114906  -18.801  -14.152  6.013 0.4444444478
114907  -19.180  -14.078  5.848 0.4444444478
114934  -17.990  -13.613  5.448 0.7777777910
114937  -19.997  -13.539  5.075 0.4444444478
114938  -20.396  -13.530  4.777 0.5555555820
114939  -20.848  -14.007  4.743 0.4444444478
114953  -21.234  -13.992  4.502 0.4444444478
114970  -22.754  -14.361  3.637 0.3333333433
114974  -26.477  -14.734  2.581 0.1111111119
114986  -23.968  -14.167  3.073 0.3333333433
116105  -19.255  -14.262  5.988 0.4444444478
116106  -19.433  -14.446  5.868 0.4444444478
116114  -16.648  -13.147  6.304 0.6666666865
116115  -19.428  -14.274  5.734 0.4444444478
116121  -19.578  -14.112  5.482 0.4444444478
116132  -20.381  -13.143  4.542 0.7777777910
116142  -20.102  -12.732  4.431 0.7777777910
116145  -21.846  -13.238  4.081 0.6666666865
116153  -21.502  -12.707  3.961 0.8888888955
116166  -23.806  -13.390  2.984 0.4444444478
116168  -25.581  -14.495  1.987 0.1111111119
116169  -26.154  -14.579  1.737 0.2222222239
116178  -26.874  -13.754  1.560 0.2222222239
117267  -15.840  -12.308  6.586 0.6666666865
117268  -16.101  -12.121  6.109 0.8888888955
117284  -17.424  -12.167  5.101 0.8888888955
117287  -18.966  -12.419  4.699 0.8888888955
117298  -18.758  -12.121  4.461 0.8888888955
117300  -19.832  -12.230  4.302 0.8888888955
117312  -21.145  -12.230  3.759 0.7777777910
117329  -25.253  -13.098  2.411 0.4444444478
117339  -25.001  -12.347  2.511 0.4444444478
117342  -27.323  -13.467  1.546 0.2222222239
118439  -15.860  -11.614  6.022 1.0000000000
118441  -16.935  -11.857  5.409 0.8888888955
118460  -17.584  -11.390  4.601 0.8888888955
118461  -18.091  -11.227  4.378 1.0000000000
118462  -18.576  -11.641  4.269 0.8888888955
118464  -20.217  -11.840  4.120 0.8888888955
118473  -19.598  -11.400  3.546 1.0000000000
118475  -20.727  -11.689  3.693 1.0000000000
118478  -22.720  -11.583  3.285 0.6666666865
118489  -24.157  -11.408  3.076 0.6666666865
118500  -25.544  -11.675  2.015 0.4444444478
119683  -16.622  -11.102  4.930 1.0000000000
119684  -17.098  -11.029  4.668 1.0000000000
119685  -22.553  -9.993  4.704 1.0000000000
119693  -18.040  -10.786  4.207 1.0000000000
119695  -22.361  -10.292  4.662 0.8888888955
119696  -23.124  -10.142  5.109 1.0000000000
119707  -20.528  -11.197  3.416 1.0000000000
119708  -21.938  -10.641  3.868 1.0000000000
119709  -22.225  -11.065  3.428 1.0000000000
119710  -23.419  -10.350  4.376 0.7777777910
119720  -19.314  -10.618  3.211 1.0000000000
119722  -20.395  -10.893  2.861 1.0000000000
119727  -24.570  -10.633  2.506 0.6666666865
119732  -25.658  -11.031  1.949 0.5555555820
119735  -27.774  -10.979  1.840 0.3333333433
120978  -16.116  -10.287  4.965 1.0000000000
120989  -17.567  -10.381  4.122 1.0000000000
120997  -17.339  -9.831  4.026 1.0000000000
121000  -18.817  -10.478  3.647 1.0000000000
121002  -21.993  -10.102  4.289 1.0000000000
121003  -22.962  -9.764  4.692 1.0000000000
121014  -18.947  -10.014  3.285 1.0000000000
121018  -21.899  -10.113  3.420 1.0000000000
121020  -24.589  -10.031  2.806 0.5555555820
121022  -28.004  -9.820  2.547 0.3333333433
121033  -26.062  -10.055  2.098 0.5555555820
121034  -26.981  -10.052  2.168 0.3333333433
121035  -27.589  -10.232  2.116 0.3333333433
122194  -15.959  -9.639  4.929 1.0000000000
122213  -17.721  -9.433  3.213 1.0000000000
122215  -22.331  -9.701  3.862 1.0000000000
122216  -23.084  -9.448  4.342 0.8888888955
122226  -18.643  -9.579  2.872 1.0000000000
122228  -20.240  -9.888  2.456 1.0000000000
122230  -21.690  -9.887  2.765 1.0000000000
122232  -22.996  -9.526  3.312 1.0000000000
122234  -24.305  -9.396  2.974 0.5555555820
122235  -24.840  -9.412  2.848 0.5555555820
122236  -26.694  -8.997  2.700 0.4444444478
122239  -28.455  -9.329  2.642 0.3333333433
122240  -29.078  -9.206  2.511 0.3333333433
122250  -20.084  -9.311  2.336 1.0000000000
122252  -21.310  -9.346  2.437 1.0000000000
122255  -25.784  -9.456  2.387 0.5555555820
122257  -26.859  -9.522  2.480 0.3333333433
122258  -28.468  -9.942  2.355 0.2222222239
122261  -30.168  -9.217  2.085 0.1111111119
122268  -31.612  -9.863  0.773 0.1111111119
123297  -15.886  -8.588  4.666 0.8888888955
123298  -16.326  -8.934  4.385 1.0000000000
123304  -16.539  -8.690  4.041 1.0000000000
123305  -16.908  -8.618  3.709 1.0000000000
123306  -17.638  -8.932  2.911 1.0000000000
123316  -18.742  -9.194  2.398 1.0000000000
123320  -26.020  -8.442  2.716 0.6666666865
123322  -27.549  -8.783  3.051 0.4444444478
123324  -28.459  -8.676  2.919 0.3333333433
123325  -29.052  -8.581  2.736 0.2222222239
123336  -19.234  -8.732  2.175 1.0000000000
123337  -19.854  -8.782  2.182 1.0000000000
123338  -20.435  -8.871  2.040 1.0000000000
123340  -21.735  -8.750  2.357 1.0000000000
123341  -22.977  -8.515  2.661 0.8888888955
123342  -23.567  -8.500  2.612 0.8888888955
123345  -25.616  -8.852  2.548 0.5555555820
123347  -30.045  -8.482  2.309 0.2222222239
123349  -32.968  -8.972  1.542 0.1111111119
123355  -20.649  -8.459  1.906 1.0000000000
123359  -33.075  -9.200  0.923 0.1111111119
123364  -32.551  -9.156  0.568 0.1111111119
124444  -14.490  -7.521  5.573 0.4444444478
124466  -16.866  -8.048  3.501 1.0000000000
124467  -27.422  -7.748  3.401 0.5555555820
124468  -27.858  -7.714  3.446 0.4444444478
124475  -17.634  -8.288  2.812 1.0000000000
124476  -25.082  -7.632  2.612 0.7777777910
124478  -26.501  -8.398  2.923 0.4444444478
124479  -27.034  -8.034  3.208 0.5555555820
124482  -28.693  -8.086  3.040 0.4444444478
124492  -18.566  -8.132  2.247 1.0000000000
124494  -19.585  -8.312  1.896 1.0000000000
124495  -21.418  -8.236  2.079 1.0000000000
124497  -22.674  -8.019  2.314 0.7777777910
124499  -24.320  -7.823  2.370 0.7777777910
124501  -29.766  -7.904  2.626 0.2222222239
124502  -30.287  -7.870  2.209 0.2222222239
124504  -32.933  -8.228  1.561 0.1111111119
124510  -19.353  -7.817  1.779 1.0000000000
124513  -21.140  -7.750  1.882 1.0000000000
124520  -32.298  -8.515  0.413 0.1111111119
124521  -33.217  -8.287  0.285 0.1111111119
124531  -32.676  -7.815  -0.007 0.1111111119
124532  -32.968  -8.021  -0.035 0.1111111119
125566  -14.782  -7.147  4.823 0.5555555820
125568  -15.952  -7.750  4.108 1.0000000000
125577  -16.796  -7.615  3.281 1.0000000000
125579  -27.539  -7.309  3.623 0.5555555820
125580  -28.055  -7.205  3.687 0.5555555820
125589  -16.981  -7.379  2.930 0.8888888955
125591  -24.579  -6.808  2.387 0.7777777910
125593  -26.000  -8.001  2.915 0.6666666865
125595  -29.148  -6.941  3.259 0.4444444478
125596  -29.480  -7.424  2.967 0.4444444478
125604  -17.188  -7.110  2.596 1.0000000000
125605  -18.270  -7.522  2.268 1.0000000000
125606  -23.242  -7.745  2.096 0.8888888955
125607  -23.796  -7.469  2.055 1.0000000000
125608  -24.383  -7.180  2.079 0.7777777910
125611  -30.322  -7.259  2.214 0.2222222239
125621  -18.661  -7.249  1.898 1.0000000000
125624  -20.785  -7.168  1.712 1.0000000000
125627  -22.537  -7.165  1.883 1.0000000000
125636  -31.905  -7.747  0.603 0.1111111119
125637  -33.168  -7.283  0.150 0.1111111119
125638  -33.097  -7.270  -0.109 0.1111111119
125642  -33.002  -7.474  -0.189 0.1111111119
126642  -15.366  -6.692  4.218 0.7777777910
126646  -16.213  -6.970  3.635 0.7777777910
126647  -26.636  -6.421  3.534 0.6666666865
126650  -28.266  -6.619  3.718 0.5555555820
126659  -16.434  -6.749  3.328 0.8888888955
126661  -24.903  -6.712  2.856 0.7777777910
126663  -25.998  -6.819  3.291 0.7777777910
126664  -26.584  -7.118  3.298 0.6666666865
126671  -17.232  -6.624  2.426 0.8888888955
126672  -17.690  -7.082  2.289 1.0000000000
126674  -24.183  -6.451  2.137 0.7777777910
126675  -30.110  -6.709  2.490 0.2222222239
126685  -18.196  -6.477  1.576 0.8888888955
126686  -19.512  -6.698  1.609 1.0000000000
126687  -19.944  -6.387  1.518 1.0000000000
126689  -21.034  -6.518  1.634 1.0000000000
126690  -22.197  -6.690  1.753 1.0000000000
126694  -30.952  -6.968  1.418 0.1111111119
126695  -32.852  -6.628  1.283 0.1111111119
126700  -33.066  -6.731  0.501 0.1111111119
126705  -31.907  -6.588  0.226 0.1111111119
126707  -32.883  -6.939  -0.301 0.1111111119
127741  -14.096  -5.921  4.896 0.2222222239
127756  -15.000  -6.092  4.399 0.6666666865
127766  -25.941  -5.761  3.604 0.6666666865
127767  -26.438  -5.808  3.707 0.6666666865
127769  -27.885  -6.198  3.761 0.5555555820
127770  -28.462  -6.038  3.735 0.5555555820
127781  -25.513  -5.868  3.349 0.7777777910
127783  -29.271  -5.876  3.054 0.4444444478
127784  -29.708  -6.292  2.853 0.4444444478
127790  -16.848  -5.598  2.358 0.8888888955
127792  -17.807  -6.089  1.642 0.8888888955
127794  -24.691  -5.740  2.882 0.7777777910
127795  -29.988  -5.821  2.102 0.2222222239
127796  -30.323  -6.299  2.080 0.3333333433
127807  -20.419  -5.933  1.531 1.0000000000
127808  -21.673  -6.129  1.679 1.0000000000
127810  -23.122  -6.116  1.634 0.8888888955
127811  -23.530  -5.758  1.722 0.8888888955
127812  -23.943  -5.844  1.997 0.8888888955
127814  -31.066  -6.457  0.977 0.1111111119
127815  -32.628  -6.104  1.625 0.1111111119
127819  -19.974  -5.328  1.247 1.0000000000
127822  -31.280  -5.961  0.407 0.1111111119
127823  -32.894  -6.280  0.239 0.1111111119
127828  -32.575  -6.278  -0.058 0.1111111119
127835  -32.704  -5.678  -0.115 0.1111111119
128830  -13.522  -5.263  5.656 0.1111111119
128850  -14.426  -4.879  5.004 0.3333333433
128864  -15.923  -5.280  3.735 0.7777777910
128866  -26.199  -5.338  3.716 0.6666666865
128867  -26.868  -5.228  3.838 0.6666666865
128869  -28.455  -4.905  3.358 0.5555555820
128877  -15.695  -4.628  3.778 0.5555555820
128879  -24.900  -5.196  3.055 0.7777777910
128880  -25.370  -5.307  3.349 0.6666666865
128882  -29.254  -5.327  2.737 0.3333333433
128890  -17.087  -5.013  2.174 0.8888888955
128891  -17.417  -5.564  1.740 0.8888888955
128894  -29.667  -5.325  2.242 0.1111111119
128905  -17.883  -5.296  1.267 0.8888888955
128906  -18.864  -5.160  0.632 0.8888888955
128907  -19.156  -5.325  1.000 0.8888888955
128908  -19.610  -5.337  1.163 1.0000000000
128909  -21.310  -5.452  1.447 1.0000000000
128911  -23.436  -5.252  1.614 0.7777777910
128912  -23.788  -5.418  1.829 0.7777777910
128921  -19.827  -5.039  0.914 1.0000000000
128922  -20.318  -4.987  1.015 1.0000000000
128923  -21.013  -4.904  1.138 0.8888888955
128931  -31.404  -5.487  -0.048 0.1111111119
128939  -31.858  -5.150  -0.605 0.1111111119
129934  -13.586  -4.855  5.533 0.1111111119
129966  -15.306  -4.177  3.915 0.5555555820
129967  -25.774  -4.927  3.607 0.7777777910
129969  -27.024  -4.548  3.856 0.6666666865
129980  -16.054  -4.273  3.309 0.6666666865
129981  -24.714  -4.639  2.807 0.7777777910
129983  -28.515  -4.359  3.370 0.5555555820
129993  -16.860  -4.464  2.481 0.7777777910
129994  -23.790  -4.337  1.877 0.7777777910
129996  -29.107  -4.169  2.596 0.5555555820
130007  -17.275  -4.494  1.892 0.7777777910
130008  -17.750  -4.706  1.320 0.8888888955
130010  -22.331  -5.000  1.279 0.8888888955
130011  -22.669  -4.572  1.287 0.8888888955
130013  -23.833  -4.934  1.796 0.7777777910
130024  -18.738  -4.704  0.440 0.8888888955
130026  -19.655  -4.700  0.603 1.0000000000
130031  -29.937  -4.505  0.916 0.1111111119
130041  -30.259  -5.048  -0.114 0.1111111119
131038  -15.141  -3.730  3.966 0.4444444478
131040  -26.080  -3.696  3.598 0.7777777910
131041  -26.586  -3.516  3.853 0.6666666865
131044  -28.367  -3.894  3.603 0.5555555820
131053  -15.867  -3.756  3.246 0.6666666865
131057  -25.588  -4.030  3.319 0.7777777910
131059  -29.061  -3.623  2.754 0.3333333433
131071  -24.214  -3.597  2.524 0.7777777910
131072  -24.526  -4.095  2.574 0.8888888955
131074  -29.627  -3.806  1.776 0.2222222239
131087  -18.056  -3.822  0.953 0.8888888955
131089  -23.364  -4.077  1.701 0.8888888955
131090  -29.767  -3.879  1.144 0.1111111119
131100  -19.023  -4.249  0.209 1.0000000000
131102  -19.984  -4.241  0.511 1.0000000000
131103  -20.529  -4.185  0.675 1.0000000000
131104  -29.822  -4.193  0.597 0.1111111119
131110  -19.812  -3.815  0.074 1.0000000000
131112  -29.769  -4.198  0.082 0.1111111119
131120  -29.792  -4.142  -0.500 0.1111111119
132149  -14.727  -3.314  4.510 0.4444444478
132164  -14.974  -3.243  4.023 0.4444444478
132169  -25.950  -3.098  3.389 0.7777777910
132171  -27.089  -3.190  3.879 0.6666666865
132173  -28.223  -3.406  3.803 0.5555555820
132179  -15.556  -3.256  3.324 0.6666666865
132180  -15.977  -3.306  2.910 0.6666666865
132182  -25.051  -3.085  3.019 0.7777777910
132185  -28.899  -3.143  3.200 0.4444444478
132194  -23.882  -3.097  2.462 0.7777777910
132196  -29.474  -3.382  2.004 0.2222222239
132207  -17.146  -3.321  1.667 0.8888888955
132208  -17.711  -3.322  1.132 0.8888888955
132209  -22.390  -2.937  1.320 0.8888888955
132210  -22.773  -3.046  1.784 0.8888888955
132211  -23.060  -3.604  1.756 0.7777777910
132227  -18.794  -3.622  0.247 1.0000000000
132228  -20.768  -3.252  0.543 0.8888888955
132230  -22.077  -3.387  1.033 0.8888888955
132232  -29.391  -3.124  0.500 0.1111111119
132233  -29.582  -3.386  1.003 0.1111111119
132239  -19.026  -3.135  -0.050 1.0000000000
132240  -19.572  -3.277  -0.109 1.0000000000
133402  -15.154  -2.734  3.664 0.5555555820
133410  -26.500  -2.262  3.906 0.6666666865
133412  -27.653  -2.374  3.919 0.5555555820
133419  -15.368  -2.809  3.315 0.6666666865
133421  -24.261  -2.443  2.846 0.7777777910
133423  -25.459  -2.663  3.232 0.7777777910
133424  -28.805  -2.464  3.447 0.4444444478
133431  -15.480  -2.436  2.804 0.6666666865
133433  -16.395  -2.655  2.181 0.7777777910
133435  -23.098  -2.373  2.271 0.7777777910
133437  -29.270  -2.498  2.283 0.2222222239
133444  -16.975  -2.236  1.389 0.8888888955
133445  -17.359  -2.738  1.297 0.8888888955
133446  -22.250  -2.317  1.240 0.8888888955
133447  -29.257  -2.438  1.614 0.1111111119
133465  -20.971  -2.481  0.536 0.8888888955
133466  -21.356  -2.831  0.762 0.8888888955
133481  -18.395  -1.859  -0.051 1.0000000000
133482  -18.721  -2.509  -0.109 1.0000000000
133484  -19.828  -2.696  0.153 1.0000000000
133486  -29.146  -2.619  0.093 0.1111111119
134523  -13.710  -1.440  5.221 0.2222222239
134535  -13.820  -1.435  4.805 0.2222222239
134536  -14.129  -1.275  4.372 0.3333333433
134546  -14.451  -1.454  4.102 0.4444444478
134555  -25.480  -1.692  3.549 0.7777777910
134557  -26.815  -1.789  4.034 0.6666666865
134558  -27.426  -1.802  3.978 0.5555555820
134565  -15.341  -1.792  3.046 0.5555555820
134566  -23.936  -1.898  2.839 0.7777777910
134567  -25.614  -2.180  3.455 0.7777777910
134568  -28.574  -1.883  3.557 0.5555555820
134576  -15.726  -1.695  2.500 0.7777777910
134578  -29.189  -1.985  2.651 0.1111111119
134586  -16.561  -1.780  1.413 0.8888888955
134587  -21.998  -1.761  1.183 0.8888888955
134593  -17.084  -1.720  1.029 0.8888888955
134595  -20.642  -2.012  0.469 1.0000000000
134597  -21.510  -1.844  0.967 0.8888888955
134598  -29.087  -1.663  0.817 0.1111111119
134611  -17.939  -1.556  0.164 1.0000000000
134613  -19.656  -2.060  -0.241 1.0000000000
134629  -28.900  -1.741  -0.256 0.1111111119
135571  -13.399  -0.995  6.352 0.1111111119
135594  -13.581  -1.018  5.009 0.2222222239
135622  -14.436  -0.935  3.601 0.5555555820
135630  -25.331  -1.127  3.653 0.7777777910
135631  -25.933  -1.380  3.910 0.5555555820
135633  -27.118  -1.321  4.098 0.5555555820
135634  -27.792  -1.284  3.974 0.5555555820
135635  -28.341  -1.306  3.687 0.5555555820
135640  -14.761  -0.796  3.198 0.5555555820
135641  -15.179  -1.148  3.091 0.6666666865
135644  -24.379  -0.874  3.233 0.6666666865
135646  -28.758  -1.359  3.295 0.5555555820
135647  -29.095  -1.439  2.866 0.2222222239
135652  -15.253  -0.748  2.601 0.6666666865
135654  -15.969  -1.296  2.016 0.7777777910
135655  -22.949  -0.836  2.212 0.8888888955
135656  -23.449  -1.001  2.474 0.8888888955
135657  -29.185  -1.412  1.903 0.2222222239
135662  -15.895  -0.792  1.785 0.6666666865
135663  -16.206  -1.302  1.489 0.8888888955
135666  -22.231  -1.074  1.428 0.8888888955
135674  -16.901  -0.679  0.789 1.0000000000
135675  -17.233  -1.172  0.700 1.0000000000
135676  -20.751  -0.739  0.659 0.8888888955
135677  -21.208  -1.005  0.984 0.8888888955
135679  -29.088  -1.086  0.786 0.1111111119
135687  -17.392  -0.597  0.319 0.7777777910
135689  -18.755  -1.361  -0.134 1.0000000000
135691  -19.786  -0.833  0.145 0.8888888955
135706  -28.797  -1.093  -0.191 0.1111111119
136749  -13.531  -0.640  6.307 0.1111111119
136783  -13.541  -0.628  4.771 0.2222222239
136808  -25.116  -0.592  3.742 0.6666666865
136809  -25.706  -0.770  3.986 0.6666666865
136812  -27.779  -0.132  4.113 0.4444444478
136820  -14.438  -0.476  3.459 0.4444444478
136821  -14.816  -0.437  2.992 0.5555555820
136825  -23.648  -0.404  2.653 0.7777777910
136826  -24.097  -0.299  3.016 0.5555555820
136827  -24.608  -0.453  3.413 0.5555555820
136828  -28.317  0.006  3.861 0.4444444478
136829  -28.724  -0.223  3.477 0.4444444478
136836  -15.113  -0.396  2.619 0.5555555820
136839  -22.879  -0.279  2.298 0.6666666865
136840  -23.244  -0.511  2.417 0.7777777910
136842  -29.137  -0.446  2.413 0.2222222239
136848  -15.680  -0.293  1.940 0.5555555820
136849  -16.140  -0.229  1.483 0.7777777910
136850  -21.579  0.019  1.515 0.7777777910
136851  -22.141  -0.363  1.671 0.7777777910
136858  -17.197  -0.026  0.590 0.7777777910
136861  -21.139  -0.393  1.068 0.8888888955
136862  -29.153  -0.537  1.143 0.1111111119
136875  -28.382  -0.244  -0.649 0.1111111119
136876  -28.715  -0.469  -0.201 0.1111111119
137907  -13.343  0.242  5.754 0.2222222239
137931  -13.988  0.663  4.204 0.2222222239
137947  -24.878  0.430  3.805 0.5555555820
137949  -25.993  0.261  4.125 0.5555555820
137951  -27.402  0.337  4.310 0.4444444478
137965  -23.359  0.476  2.928 0.6666666865
137967  -24.478  0.077  3.330 0.5555555820
137969  -28.637  0.430  3.710 0.4444444478
137977  -15.410  0.219  2.212 0.7777777910
137978  -22.282  0.523  2.081 0.7777777910
137980  -28.968  0.331  3.155 0.2222222239
137981  -29.158  0.234  2.410 0.2222222239
137989  -20.766  0.729  1.196 0.7777777910
137991  -21.826  0.620  1.696 0.6666666865
138000  -16.993  0.530  0.812 0.7777777910
138002  -19.942  0.543  0.441 0.7777777910
138004  -20.991  0.228  1.102 0.7777777910
138005  -28.734  0.713  0.545 0.1111111119
138011  -18.031  0.635  0.073 0.7777777910
138013  -19.026  0.577  -0.157 0.7777777910
138014  -19.634  0.270  0.221 0.7777777910
138026  -28.888  -0.118  0.161 0.1111111119
138036  -28.212  0.464  -0.609 0.1111111119
138979  -12.875  1.338  6.721 0.2222222239
138980  -13.365  0.772  5.948 0.2222222239
139033  -26.457  1.282  4.167 0.5555555820
139035  -27.916  1.448  4.016 0.4444444478
139043  -14.501  1.408  3.315 0.3333333433
139044  -14.819  1.443  2.773 0.6666666865
139049  -24.085  1.184  3.335 0.6666666865
139050  -24.611  1.084  3.737 0.5555555820
139051  -28.355  1.040  3.864 0.3333333433
139063  -22.995  1.029  2.676 0.6666666865
139065  -28.960  1.382  2.464 0.1111111119
139071  -15.821  1.484  1.469 0.5555555820
139072  -16.192  1.628  0.858 0.6666666865
139073  -20.864  1.231  1.386 0.6666666865
139075  -21.978  1.105  2.019 0.6666666865
139076  -28.930  1.254  1.685 0.1111111119
139083  -17.727  2.122  0.186 0.7777777910
139084  -17.733  1.278  0.143 0.7777777910
139085  -19.412  1.548  0.400 0.7777777910
139086  -19.956  1.022  0.577 0.6666666865
139095  -18.552  1.081  -0.066 0.7777777910
139103  -28.207  1.109  -0.307 0.1111111119
139113  -27.953  1.096  -0.823 0.1111111119
140032  -12.585  2.299  7.149 0.1111111119
140037  -12.436  2.017  6.833 0.1111111119
140038  -12.544  1.793  7.220 0.1111111119
140046  -12.442  1.822  6.614 0.1111111119
140047  -12.508  1.361  6.568 0.1111111119
140048  -14.149  1.970  6.383 0.1111111119
140066  -13.249  1.892  5.251 0.2222222239
140079  -13.402  1.773  5.033 0.2222222239
140089  -13.894  2.180  4.083 0.1111111119
140097  -25.571  1.807  4.018 0.5555555820
140098  -25.948  1.879  4.885 0.5555555820
140100  -27.510  1.879  4.034 0.5555555820
140102  -14.204  2.107  3.581 0.1111111119
140105  -23.989  1.796  3.175 0.6666666865
140106  -24.482  1.688  3.609 0.5555555820
140108  -28.468  2.025  3.482 0.4444444478
140116  -14.951  2.156  2.562 0.5555555820
140118  -22.135  1.641  2.316 0.6666666865
140120  -22.946  2.129  2.648 0.6666666865
140121  -28.689  1.991  2.795 0.1111111119
140134  -21.609  1.714  1.976 0.6666666865
140135  -28.958  2.069  2.130 0.3333333433
140146  -28.536  1.542  1.309 0.1111111119
140153  -18.519  1.676  0.100 0.7777777910
141154  -12.511  2.185  6.638 0.1111111119
141155  -13.110  2.454  7.580 0.1111111119
141161  -12.835  2.472  6.141 0.1111111119
141163  -14.053  3.212  6.635 0.1111111119
141175  -13.312  2.392  5.169 0.1111111119
141204  -14.790  3.316  3.538 0.2222222239
141214  -27.052  2.752  4.034 0.5555555820
141217  -14.316  2.750  3.449 0.3333333433
141219  -23.847  2.447  3.141 0.6666666865
141221  -24.789  2.862  3.869 0.6666666865
141222  -25.013  3.139  4.560 0.6666666865
141223  -28.228  2.596  3.633 0.5555555820
141226  -15.201  2.883  2.426 0.4444444478
141229  -22.685  2.720  2.417 0.6666666865
141231  -28.635  2.605  2.499 0.3333333433
141240  -16.799  3.174  0.871 0.5555555820
141243  -18.465  3.992  0.395 0.5555555820
141244  -19.578  3.257  0.970 0.6666666865
141246  -21.407  2.298  1.775 0.6666666865
141247  -21.643  2.806  1.732 0.6666666865
141262  -28.552  2.531  1.131 0.1111111119
141270  -28.370  2.400  0.511 0.1111111119
141285  -27.864  2.738  -1.034 0.1111111119
142259  -12.747  2.608  6.655 0.1111111119
142260  -12.912  2.884  7.118 0.1111111119
142261  -13.436  3.125  6.975 0.1111111119
142269  -13.095  3.230  6.362 0.1111111119
142279  -13.308  2.839  5.280 0.1111111119
142319  -24.691  3.533  4.475 0.6666666865
142320  -25.548  3.453  4.017 0.6666666865
142321  -26.697  3.144  4.008 0.6666666865
142323  -27.930  3.181  3.721 0.5555555820
142328  -16.178  5.094  2.652 0.1111111119
142334  -28.458  3.187  2.697 0.2222222239
142337  -15.253  3.603  2.272 0.3333333433
142338  -16.174  4.548  2.261 0.3333333433
142339  -16.454  5.101  2.098 0.1111111119
142343  -22.420  3.305  2.087 0.6666666865
142345  -23.349  3.315  2.838 0.6666666865
142348  -15.357  3.955  2.263 0.3333333433
142351  -16.542  4.571  1.690 0.3333333433
142353  -17.675  4.900  0.922 0.5555555820
142358  -28.571  3.078  1.403 0.1111111119
142364  -16.480  3.850  1.313 0.3333333433
142375  -28.332  3.516  0.428 0.1111111119
142394  -27.985  3.326  -0.855 0.1111111119
142401  -27.518  3.075  -1.814 0.1111111119
143453  -25.337  4.027  3.848 0.5555555820
143455  -27.275  4.194  3.733 0.5555555820
143457  -15.280  4.397  2.962 0.1111111119
143458  -15.614  4.680  2.663 0.3333333433
143463  -24.328  3.845  3.440 0.6666666865
143467  -15.126  3.966  2.662 0.1111111119
143468  -15.334  4.283  2.523 0.3333333433
143473  -23.172  3.819  2.576 0.6666666865
143477  -20.416  4.460  1.254 0.6666666865
143478  -21.064  4.043  1.601 0.6666666865
143479  -21.641  3.826  1.573 0.6666666865
143480  -28.398  4.010  1.885 0.1111111119
143482  -28.404  4.031  1.382 0.1111111119
143505  -27.787  3.832  -1.205 0.1111111119
143506  -27.953  3.956  -0.595 0.1111111119
144563  -25.078  4.525  3.557 0.6666666865
144566  -26.871  4.666  3.731 0.4444444478
144567  -27.542  4.706  3.405 0.3333333433
144572  -18.247  5.882  1.938 0.1111111119
144573  -23.217  5.418  2.409 0.6666666865
144574  -23.596  4.942  2.759 0.6666666865
144575  -23.990  4.403  3.028 0.6666666865
144577  -28.047  4.394  3.071 0.3333333433
144578  -28.320  4.642  2.672 0.1111111119
144590  -20.199  5.128  1.315 0.5555555820
144600  -28.298  4.645  0.548 0.1111111119
145653  -24.680  5.477  3.244 0.5555555820
145655  -25.669  5.381  3.614 0.4444444478
145657  -27.585  5.396  3.258 0.2222222239
145662  -23.731  5.413  2.616 0.5555555820
145670  -22.760  5.514  2.204 0.5555555820
145671  -28.297  5.238  2.519 0.2222222239
145672  -28.378  4.801  2.161 0.1111111119
145681  -28.328  5.691  0.863 0.2222222239
145683  -28.206  5.261  0.334 0.1111111119
145686  -27.996  5.629  -0.154 0.1111111119
146635  -24.356  6.048  3.219 0.5555555820
146638  -26.133  5.842  3.586 0.5555555820
146639  -26.759  5.624  3.551 0.3333333433
146643  -27.203  5.940  3.336 0.3333333433
146644  -27.773  5.920  2.977 0.2222222239
146648  -22.714  5.855  2.223 0.5555555820
146649  -28.158  5.813  2.558 0.2222222239
146650  -28.329  5.669  2.101 0.2222222239
146654  -28.318  6.094  1.238 0.2222222239
146659  -28.133  5.914  0.345 0.1111111119
146664  -27.939  6.199  -0.097 0.1111111119
147640  -24.045  6.582  3.208 0.5555555820
147643  -25.991  6.855  3.630 0.3333333433
147647  -23.050  6.494  2.474 0.5555555820
147648  -26.520  6.921  3.353 0.3333333433
147649  -26.880  6.473  3.306 0.3333333433
147654  -28.216  6.203  2.132 0.2222222239
147657  -28.022  6.865  2.085 0.2222222239
147661  -28.162  6.638  0.957 0.2222222239
148620  -23.736  7.100  3.064 0.5555555820
148623  -25.679  7.238  3.658 0.2222222239
148636  -27.347  7.537  2.855 0.1111111119
148641  -27.678  7.493  2.223 0.1111111119
148648  -28.030  7.151  0.783 0.1111111119
148651  -27.872  7.555  -0.098 0.1111111119
148652  -28.042  7.073  0.246 0.1111111119
149577  -25.189  8.075  3.497 0.4444444478
149578  -25.695  7.740  3.603 0.4444444478
149593  -27.093  8.129  3.132 0.2222222239
149598  -27.668  8.096  1.966 0.1111111119
149604  -27.736  8.102  0.781 0.1111111119
150522  -24.760  8.424  3.173 0.4444444478
150525  -26.711  8.545  3.177 0.2222222239
150532  -26.464  8.938  2.801 0.1111111119
150538  -27.277  8.931  2.026 0.1111111119
150539  -27.606  8.590  1.710 0.1111111119
150541  -27.623  8.621  1.113 0.1111111119
150546  -27.624  8.567  -0.171 0.1111111119
151441  -23.279  9.056  2.620 0.4444444478
151443  -24.839  8.989  3.068 0.4444444478
151444  -25.295  9.277  2.995 0.3333333433
151445  -25.856  9.108  2.944 0.2222222239
151465  -26.764  9.197  2.309 0.1111111119
151467  -26.475  9.799  2.140 0.1111111119
151472  -27.021  9.525  1.176 0.1111111119
151473  -27.412  9.128  0.823 0.1111111119
152408  -22.952  9.579  2.537 0.4444444478
152410  -24.077  9.820  2.796 0.4444444478
152412  -25.166  9.779  2.823 0.2222222239
152424  -19.241  10.548  2.468 0.1111111119
152428  -22.574  10.127  2.487 0.3333333433
152429  -24.431  10.235  2.867 0.4444444478
152430  -24.891  10.259  2.709 0.2222222239
152438  -26.612  9.876  1.545 0.1111111119
152440  -26.523  10.450  1.430 0.1111111119
152444  -26.888  10.224  0.388 0.1111111119
152445  -26.960  10.426  -0.164 0.1111111119
152448  -26.661  10.416  -1.580 0.1111111119
153376  -20.979  11.172  2.048 0.3333333433
153380  -24.429  10.757  2.739 0.3333333433
153395  -25.755  11.104  1.871 0.2222222239
153396  -26.158  10.772  1.806 0.1111111119
153399  -26.511  10.582  0.807 0.1111111119
153405  -26.367  10.985  -0.813 0.1111111119
153409  -26.435  10.920  -1.344 0.1111111119
154365  -19.117  11.808  3.363 0.1111111119
154369  -20.447  11.658  2.262 0.2222222239
154372  -22.562  11.809  2.122 0.2222222239
154374  -24.016  11.365  2.621 0.3333333433
154376  -25.281  11.167  2.085 0.2222222239
154387  -25.514  11.510  1.699 0.1111111119
154399  -26.170  11.532  1.059 0.1111111119
154408  -26.239  11.388  -0.516 0.1111111119
154419  -25.930  11.790  -1.469 0.1111111119
154420  -26.168  11.307  -1.712 0.1111111119
155288  -20.361  12.077  5.739 0.1111111119
155296  -20.161  12.240  3.958 0.1111111119
155311  -19.819  12.555  3.548 0.1111111119
155344  -22.225  12.974  1.828 0.2222222239
155347  -25.248  12.010  1.502 0.1111111119
155354  -25.529  12.280  1.045 0.1111111119
155365  -26.134  11.989  0.328 0.1111111119
155370  -26.095  11.892  -0.211 0.1111111119
155373  -25.678  12.251  -1.159 0.1111111119
155386  -25.466  12.187  -2.404 0.1111111119
156259  -21.528  13.364  6.175 0.1111111119
156290  -23.675  12.883  2.238 0.1111111119
156302  -24.645  12.926  1.783 0.1111111119
156304  -24.532  13.520  1.644 0.1111111119
156306  -25.363  12.798  0.867 0.1111111119
156313  -25.298  13.384  0.715 0.1111111119
156314  -25.520  12.931  0.282 0.1111111119
156341  -25.114  13.190  -1.530 0.1111111119
157205  -21.353  14.382  1.995 0.1111111119
157214  -21.714  14.160  1.749 0.1111111119
157215  -22.611  13.872  1.718 0.1111111119
157216  -23.328  13.815  1.654 0.1111111119
157217  -23.910  13.670  1.709 0.1111111119
157220  -23.727  14.108  1.474 0.1111111119
157233  -25.235  13.974  0.065 0.1111111119
157249  -25.002  13.597  -1.105 0.1111111119
157258  -24.895  13.673  -1.673 0.1111111119
158028  -22.543  14.639  4.410 0.1111111119
158031  -22.129  14.593  3.784 0.1111111119
158036  -21.597  14.515  2.285 0.1111111119
158059  -22.836  14.676  1.275 0.1111111119
158061  -24.239  14.365  1.082 0.1111111119
158065  -24.491  14.643  0.532 0.1111111119
158066  -24.902  14.372  0.258 0.1111111119
158100  -24.541  14.189  -2.479 0.1111111119
158102  -24.271  14.303  -3.044 0.1111111119
158858  -22.000  15.530  1.323 0.1111111119
158866  -23.764  15.450  0.361 0.1111111119
158867  -24.695  14.760  0.122 0.1111111119
158877  -24.394  15.188  -0.709 0.1111111119
158906  -24.018  14.953  -3.156 0.1111111119
159700  -23.766  15.983  -0.496 0.1111111119
160574  -21.034  16.526  1.615 0.1111111119
160593  -22.115  16.972  0.531 0.1111111119
160594  -22.864  16.515  0.209 0.1111111119
160603  -23.419  16.270  -0.080 0.1111111119
209935  -19.868  -13.923  5.275 0.4444444478
209936  -20.221  -14.944  5.890 0.4444444478
210016  -18.424  6.673  1.276 0.4444444478
210019  -21.916  6.871  1.838 0.5555555820
210020  -21.656  8.027  1.389 0.4444444478
210128  -18.585  7.155  1.274 0.2222222239
210260  -22.653  7.308  2.282 0.4444444478
210392  -19.729  -14.513  5.825 0.4444444478
210403  -22.498  6.474  2.197 0.4444444478
210433  -23.199  7.069  2.592 0.5555555820
210453  -20.225  -14.346  5.392 0.4444444478
210490  -22.324  8.086  1.888 0.4444444478
211162  -24.938  13.275  -2.003 0.1111111119
211930  -25.597  12.561  -0.039 0.1111111119
212459  -26.070  9.909  2.438 0.2222222239
212471  -25.046  -14.488  2.370 0.3333333433
212519  -25.483  12.750  -1.416 0.1111111119
212785  -18.250  0.058  0.100 0.7777777910
214976  -24.059  -12.884  2.894 0.4444444478
215910  -24.840  14.012  -0.675 0.1111111119
216004  -23.560  -15.875  6.214 0.1111111119
216474  -27.864  7.616  1.067 0.1111111119
216995  -24.373  14.589  -2.161 0.1111111119
217051  -23.514  7.579  2.824 0.4444444478
217183  -22.308  4.463  1.844 0.6666666865
217332  -24.447  9.341  2.936 0.4444444478
217831  -29.209  0.080  1.261 0.2222222239
217927  -32.227  -7.159  2.777 0.1111111119
218411  -27.510  -2.884  3.914 0.5555555820
218659  -22.196  -18.206  4.205 0.2222222239
218872  -18.441  -23.913  12.197 0.1111111119
219361  -20.850  -3.827  0.608 1.0000000000
219521  -18.603  -0.571  0.108 0.7777777910
220207  -28.918  -7.520  3.162 0.4444444478
220595  -27.101  6.970  3.065 0.2222222239
220828  -28.418  3.698  2.327 0.1111111119
221136  -23.603  -12.715  3.096 0.4444444478
221243  -29.750  -4.826  1.905 0.2222222239
222082  -22.085  13.782  1.685 0.1111111119
222187  -24.331  8.772  2.927 0.4444444478
222244  -18.478  -5.482  0.998 0.8888888955
222328  -26.326  11.001  1.261 0.1111111119
222701  -25.779  6.361  3.613 0.4444444478
223270  -15.413  -0.680  2.103 0.6666666865
223323  -25.806  -10.501  1.919 0.5555555820
223477  -26.494  -9.920  2.274 0.5555555820
223596  -29.174  -0.803  1.830 0.1111111119
223626  -27.410  -4.925  3.848 0.5555555820
223763  -14.475  -1.227  3.716 0.5555555820
223799  -27.375  -12.442  1.762 0.1111111119
224648  -28.998  -2.273  -0.270 0.1111111119
224676  -28.017  -2.889  3.875 0.5555555820
224706  -20.573  -20.110  6.879 0.1111111119
225153  -26.755  -0.863  4.248 0.6666666865
225359  -18.763  0.164  0.035 0.8888888955
225402  -26.672  4.171  3.874 0.5555555820
225450  -27.481  -5.413  3.783 0.6666666865
225456  -28.360  5.106  1.008 0.2222222239
225457  -26.418  3.667  3.950 0.6666666865
225497  -30.670  -5.282  0.164 0.1111111119
225534  -20.795  -1.407  0.684 0.8888888955
225604  -25.284  -3.566  3.074 0.7777777910
225783  -24.637  14.645  -0.850 0.1111111119
225834  -28.522  1.963  0.881 0.1111111119
226206  -20.165  12.007  4.534 0.1111111119
226392  -26.995  9.922  -0.582 0.1111111119
226855  -25.192  5.575  3.475 0.5555555820
226862  -27.837  4.983  -0.751 0.1111111119
227077  -20.716  -10.517  2.859 1.0000000000
227078  -21.353  -4.532  0.971 1.0000000000
227134  -22.750  -5.651  1.465 0.8888888955
227768  -25.445  -0.115  3.976 0.6666666865
227949  -29.371  -4.768  2.435 0.2222222239
228025  -28.512  -5.490  3.661 0.4444444478
228104  -26.336  -1.753  3.963 0.5555555820
228931  -27.201  -11.321  1.834 0.1111111119
229155  -13.519  -0.242  5.185 0.2222222239
229201  -19.129  -6.209  1.509 1.0000000000
229582  -28.412  4.941  1.620 0.1111111119
229924  -28.489  1.436  0.717 0.1111111119
230593  -28.486  3.592  1.676 0.1111111119
230596  -19.396  -1.456  -0.141 0.8888888955
230695  -26.419  0.667  4.241 0.5555555820
231122  -28.214  1.586  -0.084 0.1111111119
231239  -21.204  -4.131  0.738 0.8888888955
231287  -23.665  11.878  2.579 0.2222222239
231297  -17.897  -2.065  0.387 1.0000000000
231380  -29.146  -1.065  2.422 0.2222222239
231508  -27.538  -5.865  3.768 0.5555555820
231810  -27.172  2.314  4.071 0.5555555820
231813  -13.543  -0.168  5.024 0.2222222239
232064  -22.231  5.085  2.086 0.5555555820
232957  -29.055  0.751  2.686 0.3333333433
232966  -25.640  12.295  -0.503 0.1111111119
232969  -28.364  4.283  2.266 0.1111111119
233181  -25.074  2.231  3.853 0.6666666865
233389  -29.605  -8.918  2.458 0.2222222239
233439  -14.001  -0.221  3.935 0.4444444478
233441  -23.744  0.006  2.749 0.6666666865
233960  -21.867  2.218  2.115 0.6666666865
234085  -26.995  0.794  4.293 0.5555555820
234109  -19.146  -17.971  6.184 0.4444444478
234186  -32.755  -7.004  1.656 0.1111111119
234448  -13.740  -0.077  4.535 0.2222222239
234479  -24.154  -10.297  2.899 0.6666666865
234491  -18.125  -16.928  7.042 0.4444444478
234513  -26.554  -4.109  3.784 0.7777777910
234566  -28.323  3.610  2.887 0.3333333433
234567  -27.664  3.675  3.670 0.3333333433
234652  -27.786  2.296  3.949 0.5555555820
234656  -28.445  2.811  3.078 0.2222222239
234756  -32.579  -7.681  2.287 0.1111111119
234829  -29.325  -6.381  3.315 0.3333333433
234886  -27.788  7.615  1.626 0.1111111119
235153  -25.093  -5.643  3.142 0.7777777910
235416  -25.809  2.864  4.065 0.6666666865
235595  -17.086  1.176  0.372 0.7777777910
235745  -13.962  -4.345  5.460 0.2222222239
235781  -16.446  -6.282  3.249 0.8888888955
235966  -16.025  -22.921  10.000 0.3333333433
235990  -21.405  17.012  0.943 0.1111111119
236050  -20.366  -1.616  0.383 0.8888888955
236099  -14.671  0.739  2.964 0.5555555820
236105  -24.207  0.597  3.504 0.6666666865
236494  -19.633  4.097  0.688 0.6666666865
236577  -15.636  2.365  1.505 0.5555555820
236649  -15.488  1.806  1.759 0.5555555820
236653  -28.311  1.601  3.755 0.3333333433
236654  -15.444  1.111  2.009 0.6666666865
236656  -16.145  0.938  1.317 0.6666666865
236682  -22.119  10.650  2.381 0.3333333433
237051  -13.758  1.456  6.128 0.1111111119
237056  -23.715  8.530  2.722 0.4444444478
237078  -28.767  0.291  0.227 0.1111111119
237472  -19.475  -11.071  3.313 1.0000000000
238194  -23.363  -9.102  2.910 0.8888888955
239258  -21.272  6.805  1.483 0.5555555820
239268  -21.613  6.471  2.176 0.5555555820
239746  -21.335  -2.282  0.789 0.8888888955
241324  -18.761  -8.641  2.191 1.0000000000
241419  -28.344  5.997  1.736 0.2222222239
241621  -24.609  -8.286  2.569 0.7777777910
242178  -19.878  -0.225  0.242 0.8888888955
242211  -18.970  11.289  3.543 0.1111111119
242427  -23.306  -6.627  1.830 0.8888888955
242527  -16.836  4.329  1.173 0.4444444478
242691  -15.344  -8.971  5.651 0.5555555820
243126  -24.751  4.927  3.313 0.6666666865
243500  -24.220  3.394  3.479 0.6666666865
243579  -23.214  1.590  2.633 0.6666666865
243916  -21.823  15.556  2.632 0.1111111119
243977  -21.257  -1.487  0.895 0.8888888955
244270  -26.272  11.678  0.615 0.1111111119
244311  -13.582  3.096  5.298 0.1111111119
244431  -20.382  12.633  2.303 0.1111111119
244499  -22.447  -4.130  1.154 0.8888888955
244929  -23.501  -10.113  3.344 0.7777777910
245085  -22.164  -8.935  2.551 1.0000000000
245106  -14.623  -5.790  4.638 0.3333333433
245390  -16.946  -15.905  7.403 0.4444444478
245541  -25.384  -7.156  2.923 0.7777777910
245586  -19.612  -7.362  1.691 1.0000000000
245917  -25.151  -2.072  3.265 0.7777777910
245969  -17.934  -18.000  7.273 0.4444444478
246045  -23.213  -1.387  1.977 0.8888888955
246109  -19.956  1.553  0.796 0.6666666865
246133  -21.483  15.692  1.758 0.1111111119
246315  -27.184  9.450  -0.380 0.1111111119
247048  -15.653  1.963  1.379 0.6666666865
247259  -16.913  -22.505  10.143 0.3333333433
247313  -26.091  -10.921  1.888 0.5555555820
247466  -33.247  -7.776  0.357 0.1111111119
247514  -24.085  -2.755  2.624 0.7777777910
247568  -23.694  -1.370  2.862 0.8888888955
247968  -23.005  -1.917  2.136 0.8888888955
248237  -13.447  -0.203  6.250 0.1111111119
248340  -13.867  1.546  4.311 0.2222222239
248403  -22.829  -1.690  1.823 0.8888888955
248587  -20.804  -19.458  6.655 0.1111111119
248697  -21.982  12.146  1.881 0.3333333433
248739  -25.294  6.334  3.538 0.4444444478
249009  -18.660  -6.193  1.505 0.8888888955
249126  -21.539  8.468  1.463 0.3333333433
249226  -28.085  6.855  0.588 0.1111111119
249239  -18.799  -5.315  0.868 0.8888888955
249339  -18.403  7.399  1.899 0.1111111119
249442  -22.530  -5.325  1.383 0.8888888955
249542  -30.698  -6.177  1.341 0.2222222239
249641  -14.502  -5.266  4.835 0.3333333433
249705  -23.785  7.995  2.826 0.4444444478
249813  -23.334  6.089  2.582 0.5555555820
250250  -19.943  -10.259  2.602 1.0000000000
250376  -22.926  -2.694  2.056 0.8888888955
250537  -20.444  12.874  2.633 0.1111111119
250773  -21.802  5.263  1.915 0.5555555820
251098  -29.105  0.837  1.503 0.1111111119
251262  -26.263  -3.312  3.683 0.6666666865
251752  -23.459  5.739  2.457 0.5555555820
252004  -24.937  -8.956  2.742 0.6666666865
252238  -22.596  7.727  2.230 0.4444444478
252543  -21.639  -4.264  0.871 0.8888888955
252655  -21.457  12.848  4.756 0.1111111119
252663  -25.672  -4.465  3.461 0.7777777910
252757  -27.170  5.546  3.479 0.3333333433
253548  -28.011  3.481  3.535 0.3333333433
253727  -28.623  1.128  0.612 0.1111111119
253831  -17.187  1.676  0.258 0.6666666865
254064  -20.076  -5.571  1.485 1.0000000000
254150  -27.262  -11.807  1.908 0.3333333433
254303  -22.979  -15.040  3.430 0.3333333433
254457  -28.180  -8.996  2.910 0.4444444478
254472  -18.902  1.680  0.311 0.7777777910
254558  -15.793  -6.722  3.890 0.7777777910
254725  -14.657  -13.218  8.493 0.1111111119
254732  -22.782  -7.564  2.009 1.0000000000
