#!ascii label  , from subject sub-v2s5x29562_ses-1 vox2ras=TkReg
825
22351  -39.467  -68.242  17.255 0.0000000000
235754  -33.883  -66.052  13.560 0.0000000000
23250  -34.288  -66.943  19.130 0.0000000000
27292  -37.870  -63.628  12.833 0.0000000000
224577  -33.686  -61.996  18.162 0.0000000000
21376  -38.038  -68.848  21.926 0.0000000000
26082  -35.485  -64.763  24.751 0.0000000000
216622  -39.496  -62.027  26.894 0.0000000000
26141  -32.118  -64.769  21.270 0.0000000000
26187  -33.315  -64.463  17.838 0.0000000000
242457  -31.228  -62.765  20.404 0.0000000000
23164  -36.859  -66.685  23.228 0.0000000000
25055  -37.538  -65.457  25.653 0.0000000000
31206  -40.136  -60.794  25.093 0.0000000000
32293  -37.321  -60.859  26.193 0.0000000000
20566  -38.712  -68.459  14.648 0.0000000000
26289  -35.999  -64.479  12.931 0.0000000000
23393  -37.269  -67.316  10.855 0.0000000000
21583  -35.254  -68.399  11.000 0.0000000000
22354  -36.816  -67.743  17.723 0.0000000000
24251  -39.551  -66.654  15.144 0.0000000000
28279  -35.798  -62.721  15.495 0.0000000000
29310  -33.999  -62.385  15.027 0.0000000000
22302  -36.115  -67.926  20.324 0.0000000000
25118  -34.316  -65.735  22.175 0.0000000000
28156  -33.074  -63.668  24.138 0.0000000000
240806  -39.591  -64.546  27.442 0.0000000000
29129  -37.129  -62.963  26.878 0.0000000000
231850  -35.170  -61.858  26.075 0.0000000000
32311  -33.539  -60.494  24.991 0.0000000000
23375  -38.862  -67.162  12.071 0.0000000000
27220  -29.707  -64.209  16.503 0.0000000000
23337  -32.113  -67.257  13.982 0.0000000000
18763  -30.948  -69.989  11.966 0.0000000000
28167  -31.489  -63.270  23.175 0.0000000000
27151  -31.399  -63.876  21.279 0.0000000000
20540  -39.456  -68.275  15.859 0.0000000000
25250  -34.930  -65.050  13.394 0.0000000000
23372  -35.521  -66.763  12.288 0.0000000000
23355  -34.565  -66.828  12.830 0.0000000000
21574  -34.153  -68.546  11.573 0.0000000000
22442  -33.687  -67.587  12.780 0.0000000000
23258  -35.488  -67.465  18.336 0.0000000000
24213  -34.809  -66.343  17.284 0.0000000000
236638  -33.498  -63.234  18.022 0.0000000000
27208  -34.600  -63.987  16.725 0.0000000000
29281  -34.553  -62.539  17.046 0.0000000000
30347  -35.097  -61.770  15.199 0.0000000000
30325  -34.216  -61.712  16.446 0.0000000000
21415  -37.118  -68.255  19.588 0.0000000000
22290  -37.116  -68.164  21.312 0.0000000000
25077  -36.004  -65.470  24.131 0.0000000000
24134  -35.603  -66.369  22.644 0.0000000000
254954  -34.822  -65.166  23.501 0.0000000000
26117  -33.835  -64.991  22.776 0.0000000000
27104  -34.475  -64.358  24.209 0.0000000000
29115  -39.586  -62.970  27.459 0.0000000000
28115  -38.628  -63.781  27.352 0.0000000000
29130  -38.457  -62.493  27.158 0.0000000000
32302  -36.937  -60.643  25.639 0.0000000000
30155  -36.296  -61.774  26.401 0.0000000000
31192  -35.787  -60.963  25.815 0.0000000000
31190  -34.640  -61.547  25.766 0.0000000000
25236  -37.962  -65.297  14.126 0.0000000000
24290  -39.914  -66.424  13.789 0.0000000000
25285  -39.340  -65.355  12.180 0.0000000000
20666  -37.372  -69.055  10.134 0.0000000000
26198  -28.674  -64.589  16.250 0.0000000000
24225  -30.746  -65.908  15.325 0.0000000000
20578  -30.258  -68.662  13.352 0.0000000000
240655  -33.110  -66.022  20.372 0.0000000000
24208  -33.293  -65.791  18.318 0.0000000000
25157  -32.213  -65.119  19.212 0.0000000000
27177  -32.371  -63.862  18.889 0.0000000000
233476  -32.424  -62.299  19.075 0.0000000000
22256  -37.509  -67.836  22.364 0.0000000000
24079  -37.043  -65.929  24.577 0.0000000000
243177  -36.535  -65.122  25.198 0.0000000000
31185  -39.732  -61.293  26.073 0.0000000000
241106  -38.678  -61.368  26.652 0.0000000000
32295  -38.668  -60.755  25.700 0.0000000000
236614  -37.681  -60.462  24.973 0.0000000000
222173  -36.701  -60.357  24.530 0.0000000000
27306  -37.143  -63.373  12.701 0.0000000000
25283  -37.728  -64.980  11.940 0.0000000000
227283  -36.970  -65.877  12.063 0.0000000000
21577  -36.353  -67.859  10.838 0.0000000000
19743  -35.879  -69.918  9.420 0.0000000000
18802  -34.744  -70.163  9.885 0.0000000000
17911  -33.486  -70.537  10.334 0.0000000000
18786  -32.490  -70.367  10.933 0.0000000000
22357  -38.728  -67.800  17.301 0.0000000000
23282  -39.626  -67.588  16.022 0.0000000000
24248  -37.263  -65.954  15.183 0.0000000000
25217  -36.814  -64.783  14.771 0.0000000000
25186  -34.672  -65.194  16.770 0.0000000000
26217  -35.964  -64.377  15.476 0.0000000000
27276  -36.775  -63.571  14.570 0.0000000000
29322  -36.288  -62.679  13.869 0.0000000000
28309  -35.138  -63.351  13.875 0.0000000000
222223  -33.950  -64.304  14.260 0.0000000000
21445  -37.974  -68.214  18.610 0.0000000000
22332  -36.282  -67.969  19.225 0.0000000000
22330  -35.201  -67.574  19.861 0.0000000000
23195  -36.334  -67.409  21.857 0.0000000000
23212  -35.166  -67.133  21.066 0.0000000000
23229  -34.270  -66.719  20.498 0.0000000000
25126  -33.322  -65.783  21.357 0.0000000000
27125  -32.623  -64.222  22.839 0.0000000000
29171  -32.442  -63.083  24.498 0.0000000000
246476  -38.495  -64.991  26.789 0.0000000000
27074  -37.335  -64.374  26.558 0.0000000000
27072  -36.270  -64.032  26.150 0.0000000000
242945  -37.303  -61.863  26.700 0.0000000000
29141  -36.220  -62.894  26.475 0.0000000000
28134  -35.431  -63.551  25.894 0.0000000000
29147  -34.166  -62.586  25.479 0.0000000000
30175  -33.116  -62.181  25.247 0.0000000000
22415  -39.875  -67.288  14.791 0.0000000000
21530  -38.524  -68.174  13.400 0.0000000000
23395  -38.264  -67.447  11.037 0.0000000000
20654  -37.688  -68.810  11.076 0.0000000000
230871  -33.300  -61.648  16.140 0.0000000000
28277  -32.972  -63.004  15.569 0.0000000000
26234  -33.000  -64.639  14.821 0.0000000000
25215  -31.833  -65.416  15.150 0.0000000000
24286  -32.966  -66.413  13.997 0.0000000000
21546  -32.447  -68.235  12.835 0.0000000000
19671  -32.060  -69.352  11.912 0.0000000000
29169  -31.343  -62.677  24.138 0.0000000000
29191  -30.978  -62.929  22.842 0.0000000000
20539  -38.906  -69.066  15.961 0.0000000000
21469  -39.651  -68.135  16.236 0.0000000000
24289  -34.368  -65.868  13.313 0.0000000000
24304  -34.737  -66.256  13.001 0.0000000000
24288  -34.195  -66.431  13.176 0.0000000000
22443  -34.408  -67.444  12.526 0.0000000000
23340  -33.711  -66.649  13.444 0.0000000000
23257  -34.959  -67.357  18.784 0.0000000000
23264  -35.014  -67.008  17.948 0.0000000000
23256  -34.356  -66.792  18.360 0.0000000000
29262  -33.648  -62.656  18.041 0.0000000000
232737  -34.087  -62.782  17.577 0.0000000000
29280  -34.292  -62.321  17.508 0.0000000000
30316  -34.754  -62.083  16.563 0.0000000000
30298  -34.027  -61.912  17.609 0.0000000000
20430  -38.173  -69.473  21.871 0.0000000000
21390  -38.082  -69.035  21.337 0.0000000000
21389  -37.542  -68.559  20.959 0.0000000000
224760  -37.634  -68.589  21.456 0.0000000000
26089  -35.765  -65.108  24.438 0.0000000000
243833  -35.460  -65.294  23.942 0.0000000000
244265  -35.246  -64.952  24.207 0.0000000000
26088  -34.762  -64.804  23.873 0.0000000000
26081  -34.964  -64.602  24.477 0.0000000000
30147  -40.506  -61.940  26.525 0.0000000000
242119  -41.147  -62.260  26.565 0.0000000000
29132  -40.062  -62.224  26.870 0.0000000000
29116  -40.167  -62.772  27.298 0.0000000000
237040  -39.687  -62.488  27.164 0.0000000000
29131  -39.166  -62.483  27.232 0.0000000000
30145  -38.882  -61.908  26.948 0.0000000000
217151  -36.414  -60.489  25.124 0.0000000000
32301  -36.347  -60.756  25.739 0.0000000000
242423  -35.272  -60.628  25.381 0.0000000000
33479  -35.111  -60.107  24.730 0.0000000000
26259  -37.860  -64.520  13.675 0.0000000000
26278  -38.870  -64.851  13.019 0.0000000000
26292  -38.587  -64.462  12.480 0.0000000000
23303  -30.242  -66.868  14.877 0.0000000000
22412  -30.481  -67.839  14.124 0.0000000000
21511  -30.070  -67.929  14.075 0.0000000000
25135  -32.438  -65.300  20.714 0.0000000000
24182  -32.493  -65.549  20.015 0.0000000000
25134  -31.919  -64.828  20.705 0.0000000000
28201  -31.216  -63.288  20.748 0.0000000000
27168  -31.728  -64.039  19.854 0.0000000000
28211  -31.807  -63.133  19.605 0.0000000000
28221  -32.092  -63.179  19.265 0.0000000000
29224  -31.791  -62.721  19.653 0.0000000000
25067  -36.779  -65.502  24.894 0.0000000000
25054  -37.036  -65.268  25.394 0.0000000000
31194  -40.178  -61.104  25.578 0.0000000000
31193  -39.660  -60.933  25.556 0.0000000000
31184  -39.070  -61.091  26.030 0.0000000000
242121  -39.208  -60.784  25.488 0.0000000000
246872  -37.366  -60.397  24.508 0.0000000000
210969  -37.745  -68.685  14.099 0.0000000000
27305  -36.509  -63.728  12.941 0.0000000000
26291  -37.111  -64.312  12.343 0.0000000000
25267  -36.257  -65.056  12.678 0.0000000000
22470  -35.429  -67.648  11.631 0.0000000000
23383  -35.854  -67.196  11.822 0.0000000000
21576  -35.728  -67.970  11.127 0.0000000000
20652  -35.536  -68.787  10.483 0.0000000000
19742  -35.305  -70.017  9.597 0.0000000000
214148  -33.709  -68.889  11.449 0.0000000000
19712  -34.007  -69.538  10.830 0.0000000000
19711  -33.390  -69.705  10.948 0.0000000000
17910  -32.898  -70.742  10.551 0.0000000000
19710  -32.811  -69.860  11.104 0.0000000000
22356  -37.947  -67.872  17.538 0.0000000000
23273  -38.256  -67.564  16.986 0.0000000000
235519  -37.055  -65.376  14.781 0.0000000000
25204  -36.628  -65.486  15.232 0.0000000000
25181  -33.459  -65.255  17.817 0.0000000000
25182  -33.935  -65.278  17.483 0.0000000000
26194  -34.048  -64.630  17.249 0.0000000000
26203  -35.266  -64.196  16.080 0.0000000000
27240  -35.792  -63.250  15.594 0.0000000000
27260  -36.214  -63.709  15.163 0.0000000000
28292  -36.505  -63.073  14.762 0.0000000000
29323  -36.556  -62.716  13.921 0.0000000000
30346  -34.618  -61.852  15.210 0.0000000000
219020  -35.378  -62.256  14.506 0.0000000000
225328  -34.299  -62.656  14.708 0.0000000000
27275  -34.284  -63.810  14.198 0.0000000000
28290  -33.854  -63.078  14.783 0.0000000000
22318  -36.653  -68.108  19.931 0.0000000000
22333  -36.694  -68.124  19.413 0.0000000000
22317  -36.184  -67.986  19.728 0.0000000000
22331  -35.734  -67.860  19.440 0.0000000000
22316  -35.647  -67.799  20.053 0.0000000000
23180  -37.192  -67.238  22.751 0.0000000000
22255  -36.864  -67.546  22.109 0.0000000000
23179  -36.566  -67.078  22.490 0.0000000000
24132  -34.724  -65.872  22.414 0.0000000000
246699  -35.102  -66.552  21.740 0.0000000000
24159  -34.876  -66.669  21.416 0.0000000000
23230  -34.679  -66.966  20.676 0.0000000000
24157  -34.093  -66.167  21.376 0.0000000000
24156  -33.827  -66.185  21.136 0.0000000000
25127  -33.772  -65.911  21.596 0.0000000000
242098  -33.479  -63.989  23.932 0.0000000000
26116  -33.381  -64.823  22.654 0.0000000000
249915  -32.785  -63.746  23.733 0.0000000000
244543  -32.483  -63.620  23.609 0.0000000000
28155  -32.641  -63.453  24.058 0.0000000000
26037  -39.384  -64.888  27.204 0.0000000000
28114  -38.025  -63.614  27.107 0.0000000000
27054  -37.683  -64.088  26.883 0.0000000000
27053  -37.211  -63.928  26.741 0.0000000000
27073  -36.819  -64.078  26.413 0.0000000000
28112  -36.922  -63.530  26.749 0.0000000000
31174  -37.824  -61.140  26.460 0.0000000000
30143  -37.716  -61.731  26.750 0.0000000000
30156  -37.308  -61.466  26.552 0.0000000000
30154  -35.742  -61.524  26.153 0.0000000000
222528  -36.371  -62.291  26.557 0.0000000000
216318  -35.779  -62.263  26.336 0.0000000000
29140  -35.604  -62.987  26.181 0.0000000000
29149  -35.126  -63.115  25.907 0.0000000000
29148  -34.687  -62.871  25.698 0.0000000000
30166  -34.647  -62.207  25.791 0.0000000000
31189  -34.100  -61.317  25.524 0.0000000000
30164  -33.569  -61.748  25.456 0.0000000000
31205  -33.575  -61.127  25.238 0.0000000000
31204  -33.066  -61.550  25.225 0.0000000000
24230  -39.431  -66.878  15.569 0.0000000000
23304  -39.743  -67.245  15.426 0.0000000000
24252  -39.852  -66.895  14.955 0.0000000000
23376  -39.222  -67.068  12.802 0.0000000000
23357  -39.676  -67.254  13.571 0.0000000000
242679  -38.731  -67.887  12.939 0.0000000000
216893  -38.217  -68.236  12.573 0.0000000000
21562  -38.076  -68.322  11.863 0.0000000000
24334  -37.750  -66.226  11.419 0.0000000000
24335  -38.258  -66.089  11.510 0.0000000000
23394  -37.802  -67.341  10.862 0.0000000000
18803  -37.301  -69.972  10.328 0.0000000000
19715  -37.593  -69.188  10.828 0.0000000000
31368  -33.314  -61.092  17.083 0.0000000000
227560  -32.420  -60.893  17.091 0.0000000000
224934  -32.550  -63.505  15.614 0.0000000000
27258  -33.275  -64.065  14.877 0.0000000000
27238  -32.510  -64.019  15.377 0.0000000000
24270  -31.709  -66.451  14.671 0.0000000000
25214  -31.343  -65.674  15.214 0.0000000000
215820  -32.104  -66.172  14.625 0.0000000000
24271  -32.565  -66.176  14.344 0.0000000000
23338  -32.600  -66.789  13.988 0.0000000000
22430  -32.641  -67.309  13.588 0.0000000000
223211  -32.267  -67.638  13.546 0.0000000000
20618  -30.972  -69.189  12.587 0.0000000000
20598  -31.523  -68.868  12.770 0.0000000000
19670  -31.521  -69.701  11.911 0.0000000000
27139  -32.002  -64.276  22.095 0.0000000000
27152  -31.627  -64.401  20.963 0.0000000000
27138  -31.628  -64.021  21.835 0.0000000000
29200  -30.865  -63.032  22.077 0.0000000000
29206  -30.762  -62.757  21.474 0.0000000000
32318  -39.432  -60.632  24.567 0.0000000000
21512  -38.855  -68.464  14.903 0.0000000000
26275  -35.407  -64.511  13.283 0.0000000000
24306  -36.005  -65.716  12.557 0.0000000000
24305  -35.376  -66.090  12.755 0.0000000000
23356  -35.052  -66.637  12.679 0.0000000000
21561  -34.881  -67.940  11.765 0.0000000000
20638  -34.677  -68.628  11.216 0.0000000000
21560  -34.374  -68.149  11.888 0.0000000000
214015  -33.819  -68.261  12.033 0.0000000000
21559  -33.277  -68.332  12.247 0.0000000000
22347  -36.308  -67.550  17.724 0.0000000000
219949  -36.050  -67.274  17.268 0.0000000000
23270  -35.748  -66.772  16.776 0.0000000000
24217  -35.462  -65.990  16.410 0.0000000000
27195  -33.577  -63.779  17.807 0.0000000000
27207  -34.173  -64.007  17.106 0.0000000000
236640  -33.948  -63.429  17.484 0.0000000000
28266  -34.671  -63.028  16.709 0.0000000000
29290  -35.310  -62.486  16.027 0.0000000000
29300  -35.546  -62.287  15.589 0.0000000000
30326  -35.164  -62.023  15.988 0.0000000000
237852  -34.743  -61.862  16.074 0.0000000000
30335  -34.406  -61.799  15.782 0.0000000000
21388  -36.979  -68.162  20.679 0.0000000000
22289  -36.384  -67.939  20.749 0.0000000000
240894  -36.415  -66.289  23.437 0.0000000000
24135  -36.236  -66.575  22.894 0.0000000000
24118  -35.363  -65.882  23.130 0.0000000000
25110  -34.881  -65.627  22.916 0.0000000000
25109  -34.459  -65.476  22.678 0.0000000000
25108  -34.048  -65.386  22.481 0.0000000000
26118  -34.244  -65.131  22.947 0.0000000000
26087  -34.253  -64.531  23.692 0.0000000000
28157  -33.581  -63.805  24.413 0.0000000000
254002  -40.403  -63.126  27.464 0.0000000000
28098  -39.535  -63.499  27.575 0.0000000000
27036  -39.242  -63.931  27.534 0.0000000000
28097  -38.967  -63.171  27.476 0.0000000000
228404  -38.346  -63.164  27.297 0.0000000000
234988  -37.790  -62.867  27.052 0.0000000000
31182  -36.808  -61.322  26.372 0.0000000000
32292  -36.749  -60.893  26.075 0.0000000000
31181  -36.291  -61.186  26.118 0.0000000000
31191  -35.194  -61.204  25.867 0.0000000000
32300  -34.637  -60.940  25.558 0.0000000000
32313  -34.608  -60.415  25.104 0.0000000000
24274  -38.953  -66.196  14.668 0.0000000000
24275  -40.011  -66.441  14.368 0.0000000000
25252  -39.142  -65.425  13.571 0.0000000000
235499  -39.672  -65.879  13.111 0.0000000000
241786  -38.975  -66.399  12.249 0.0000000000
22486  -36.872  -68.054  10.675 0.0000000000
26210  -28.918  -65.025  16.011 0.0000000000
25198  -30.053  -65.284  15.910 0.0000000000
25199  -30.579  -65.408  15.730 0.0000000000
24224  -30.170  -65.789  15.636 0.0000000000
220924  -30.749  -66.508  14.980 0.0000000000
251349  -31.242  -67.134  14.411 0.0000000000
22429  -31.813  -67.769  13.672 0.0000000000
21543  -30.813  -68.581  13.364 0.0000000000
250490  -30.504  -69.279  12.669 0.0000000000
24192  -33.666  -66.531  19.465 0.0000000000
24201  -33.725  -66.430  18.680 0.0000000000
24200  -33.190  -66.060  19.004 0.0000000000
244234  -32.909  -65.560  18.640 0.0000000000
26174  -32.413  -64.477  18.764 0.0000000000
26156  -31.689  -64.588  20.196 0.0000000000
26164  -32.055  -64.482  19.259 0.0000000000
27183  -32.733  -63.854  18.498 0.0000000000
28228  -33.020  -63.295  18.398 0.0000000000
29246  -33.169  -62.798  18.359 0.0000000000
218954  -32.810  -62.399  18.638 0.0000000000
21375  -37.510  -68.315  21.836 0.0000000000
24120  -37.254  -66.572  23.743 0.0000000000
24097  -37.377  -66.337  24.250 0.0000000000
24096  -36.808  -66.201  23.926 0.0000000000
25078  -36.529  -65.697  24.335 0.0000000000
25066  -36.292  -65.284  24.654 0.0000000000
26083  -36.029  -64.927  24.985 0.0000000000
30157  -40.315  -61.512  26.052 0.0000000000
30146  -39.899  -61.723  26.460 0.0000000000
31176  -39.298  -61.480  26.596 0.0000000000
31183  -38.403  -60.999  26.295 0.0000000000
32294  -38.020  -60.744  25.966 0.0000000000
32305  -39.009  -60.618  25.107 0.0000000000
32304  -38.258  -60.561  25.219 0.0000000000
32303  -37.573  -60.584  25.539 0.0000000000
32316  -37.119  -60.496  25.045 0.0000000000
32315  -36.153  -60.258  24.568 0.0000000000
27307  -37.603  -63.429  12.582 0.0000000000
27322  -38.165  -64.213  12.304 0.0000000000
26306  -37.606  -64.323  12.185 0.0000000000
25282  -37.190  -65.062  12.134 0.0000000000
246720  -37.139  -66.141  11.785 0.0000000000
22472  -36.691  -67.395  11.052 0.0000000000
19733  -36.146  -69.410  9.629 0.0000000000
19713  -34.651  -69.377  10.611 0.0000000000
18801  -34.139  -70.355  10.139 0.0000000000
17920  -33.905  -70.883  9.900 0.0000000000
231610  -33.274  -71.089  10.108 0.0000000000
17919  -32.694  -71.271  10.293 0.0000000000
22350  -39.126  -68.046  17.603 0.0000000000
22359  -39.625  -68.068  17.171 0.0000000000
22362  -38.855  -67.518  16.762 0.0000000000
236601  -38.789  -67.292  16.300 0.0000000000
24229  -38.343  -66.682  15.650 0.0000000000
24228  -37.677  -66.576  15.645 0.0000000000
24249  -37.974  -66.223  15.199 0.0000000000
25218  -37.567  -65.634  14.666 0.0000000000
25235  -37.334  -64.860  14.273 0.0000000000
26258  -37.489  -63.980  13.803 0.0000000000
23263  -34.456  -66.435  17.784 0.0000000000
236066  -34.573  -65.688  17.056 0.0000000000
26195  -34.446  -64.581  16.911 0.0000000000
227677  -35.254  -64.770  16.164 0.0000000000
26235  -36.342  -64.602  15.153 0.0000000000
26257  -37.036  -64.122  14.379 0.0000000000
27291  -37.501  -63.392  13.218 0.0000000000
28321  -37.116  -63.184  13.025 0.0000000000
28320  -36.665  -63.021  13.161 0.0000000000
27290  -36.064  -63.278  13.306 0.0000000000
219265  -35.802  -62.284  14.663 0.0000000000
28310  -35.661  -63.056  13.737 0.0000000000
27289  -35.362  -63.782  13.535 0.0000000000
224559  -34.850  -64.447  13.632 0.0000000000
26274  -34.409  -64.951  13.685 0.0000000000
25234  -33.852  -64.927  14.046 0.0000000000
21451  -38.866  -68.129  17.893 0.0000000000
21449  -37.888  -68.053  18.042 0.0000000000
247437  -37.512  -68.012  17.951 0.0000000000
21434  -37.786  -68.302  19.041 0.0000000000
21433  -37.318  -68.187  18.719 0.0000000000
225180  -36.607  -67.793  18.225 0.0000000000
22346  -36.043  -67.640  18.298 0.0000000000
22341  -35.706  -67.711  18.834 0.0000000000
23251  -34.750  -67.340  19.554 0.0000000000
22275  -37.094  -67.920  21.806 0.0000000000
238529  -36.630  -67.958  21.100 0.0000000000
22288  -35.926  -67.794  20.826 0.0000000000
23194  -35.794  -67.299  21.648 0.0000000000
23213  -35.613  -67.505  21.149 0.0000000000
22287  -35.494  -67.592  20.646 0.0000000000
22315  -35.109  -67.428  20.385 0.0000000000
23242  -34.698  -67.154  20.200 0.0000000000
23241  -34.248  -66.867  19.876 0.0000000000
24183  -33.650  -66.465  20.269 0.0000000000
25136  -32.923  -65.738  20.824 0.0000000000
25125  -32.811  -65.403  21.235 0.0000000000
26132  -33.626  -65.255  22.263 0.0000000000
245038  -33.217  -65.061  22.187 0.0000000000
27140  -32.445  -64.520  22.347 0.0000000000
27124  -32.168  -64.054  22.621 0.0000000000
28168  -32.040  -63.477  23.425 0.0000000000
27055  -38.339  -64.337  27.062 0.0000000000
26036  -37.867  -64.642  26.726 0.0000000000
26056  -37.528  -64.806  26.305 0.0000000000
26055  -37.064  -64.590  26.106 0.0000000000
27091  -36.551  -64.488  25.974 0.0000000000
26071  -35.735  -64.503  25.362 0.0000000000
30144  -38.283  -61.825  26.890 0.0000000000
248027  -37.899  -62.221  26.968 0.0000000000
213015  -37.333  -62.294  26.853 0.0000000000
30142  -36.878  -61.942  26.604 0.0000000000
29142  -36.752  -62.569  26.711 0.0000000000
240184  -36.678  -63.093  26.689 0.0000000000
28125  -35.962  -63.512  26.192 0.0000000000
27090  -35.808  -64.011  25.816 0.0000000000
27089  -35.301  -64.024  25.509 0.0000000000
27088  -34.849  -64.016  25.250 0.0000000000
28146  -33.865  -63.543  24.916 0.0000000000
28145  -33.337  -63.349  24.726 0.0000000000
30165  -34.124  -61.943  25.579 0.0000000000
29146  -33.601  -62.374  25.416 0.0000000000
29157  -33.204  -62.784  25.024 0.0000000000
29156  -32.757  -62.632  24.877 0.0000000000
29155  -32.232  -62.501  24.771 0.0000000000
21486  -39.933  -67.921  16.224 0.0000000000
22375  -39.551  -68.024  15.412 0.0000000000
216119  -39.206  -68.107  14.833 0.0000000000
24291  -40.125  -66.841  14.225 0.0000000000
22432  -39.189  -67.667  13.944 0.0000000000
21531  -38.715  -68.229  14.213 0.0000000000
20604  -38.015  -68.288  12.887 0.0000000000
26308  -38.557  -64.740  12.058 0.0000000000
223873  -38.797  -65.901  11.751 0.0000000000
22473  -38.586  -67.693  11.557 0.0000000000
22480  -37.815  -67.935  10.938 0.0000000000
21587  -37.886  -68.207  11.056 0.0000000000
21579  -38.137  -68.154  11.374 0.0000000000
30207  -30.496  -61.930  22.901 0.0000000000
30253  -31.982  -62.175  19.508 0.0000000000
30266  -32.465  -61.710  19.280 0.0000000000
30278  -33.200  -61.757  18.596 0.0000000000
31338  -33.508  -61.333  18.252 0.0000000000
31357  -33.763  -61.390  17.366 0.0000000000
30324  -33.603  -61.495  16.290 0.0000000000
30334  -33.699  -61.786  15.850 0.0000000000
30323  -32.786  -61.866  16.240 0.0000000000
29297  -32.875  -62.459  15.889 0.0000000000
28289  -33.410  -62.973  15.120 0.0000000000
237481  -33.471  -63.523  14.934 0.0000000000
26255  -33.501  -64.499  14.490 0.0000000000
25247  -33.569  -65.629  13.920 0.0000000000
26213  -30.981  -65.008  15.793 0.0000000000
26214  -31.466  -64.534  15.752 0.0000000000
26215  -32.045  -64.300  15.522 0.0000000000
25216  -32.655  -65.157  14.794 0.0000000000
24272  -33.087  -65.897  14.165 0.0000000000
24287  -33.387  -66.254  13.786 0.0000000000
251408  -33.529  -67.129  13.210 0.0000000000
21547  -33.082  -67.995  12.743 0.0000000000
249214  -32.919  -68.726  12.073 0.0000000000
20619  -32.222  -68.807  12.408 0.0000000000
19691  -32.553  -69.513  11.513 0.0000000000
18778  -32.361  -69.981  11.292 0.0000000000
17088  -33.066  -71.635  9.865 0.0000000000
17913  -37.139  -70.314  10.687 0.0000000000
17934  -33.645  -71.436  9.625 0.0000000000
18787  -33.117  -70.203  10.750 0.0000000000
18788  -33.773  -70.058  10.622 0.0000000000
19690  -31.973  -69.831  11.552 0.0000000000
19693  -33.579  -69.252  11.178 0.0000000000
19695  -37.571  -69.121  11.277 0.0000000000
19714  -37.427  -69.585  11.033 0.0000000000
19730  -34.400  -69.870  10.385 0.0000000000
19731  -34.987  -69.688  10.076 0.0000000000
19732  -35.562  -69.539  9.808 0.0000000000
19734  -37.546  -69.352  10.422 0.0000000000
19744  -36.463  -69.772  9.387 0.0000000000
20529  -39.410  -68.539  16.412 0.0000000000
20550  -38.777  -68.720  15.017 0.0000000000
20583  -37.706  -68.355  13.248 0.0000000000
20584  -38.479  -68.382  14.144 0.0000000000
20597  -30.519  -68.992  12.947 0.0000000000
20620  -32.550  -69.073  11.870 0.0000000000
20621  -33.496  -68.628  11.821 0.0000000000
20650  -34.241  -69.003  11.101 0.0000000000
20662  -35.233  -69.199  10.276 0.0000000000
20663  -35.782  -69.009  10.089 0.0000000000
20664  -36.352  -69.010  9.848 0.0000000000
20667  -37.618  -68.850  10.610 0.0000000000
21361  -37.936  -68.354  22.285 0.0000000000
21401  -37.091  -68.218  20.099 0.0000000000
21416  -37.604  -68.470  19.800 0.0000000000
21450  -38.010  -67.968  17.963 0.0000000000
21455  -39.557  -68.310  16.753 0.0000000000
21456  -39.993  -67.957  16.420 0.0000000000
21498  -39.290  -68.268  15.334 0.0000000000
21513  -39.326  -68.049  14.953 0.0000000000
21526  -29.932  -68.337  13.674 0.0000000000
21527  -30.456  -68.255  13.726 0.0000000000
21532  -39.103  -67.887  14.282 0.0000000000
21563  -38.526  -68.016  12.088 0.0000000000
21575  -34.757  -68.280  11.473 0.0000000000
21578  -37.874  -68.386  11.212 0.0000000000
21586  -37.606  -68.384  10.680 0.0000000000
21595  -37.390  -68.703  10.289 0.0000000000
22273  -36.175  -67.705  21.253 0.0000000000
22274  -36.678  -67.773  21.541 0.0000000000
22303  -36.623  -68.068  20.349 0.0000000000
22340  -35.280  -67.604  19.323 0.0000000000
22342  -36.344  -67.872  18.749 0.0000000000
22343  -36.924  -68.069  18.526 0.0000000000
22344  -37.487  -68.121  18.351 0.0000000000
22348  -37.079  -68.022  18.078 0.0000000000
22349  -38.466  -68.036  17.756 0.0000000000
22355  -37.263  -67.850  17.617 0.0000000000
22358  -39.360  -67.856  17.100 0.0000000000
22363  -39.304  -67.655  16.668 0.0000000000
22364  -39.751  -67.914  16.141 0.0000000000
22376  -39.657  -67.558  15.661 0.0000000000
22393  -39.554  -67.744  14.836 0.0000000000
22394  -39.719  -67.487  15.038 0.0000000000
22411  -29.875  -67.689  14.262 0.0000000000
22413  -31.502  -67.473  14.103 0.0000000000
22414  -39.540  -67.716  14.637 0.0000000000
22431  -38.884  -67.933  13.825 0.0000000000
22441  -32.609  -67.782  13.193 0.0000000000
22444  -39.006  -67.577  13.290 0.0000000000
22458  -34.077  -67.922  12.321 0.0000000000
22459  -34.940  -67.574  12.091 0.0000000000
22460  -35.367  -67.305  12.076 0.0000000000
22461  -38.795  -67.622  12.445 0.0000000000
22471  -36.085  -67.517  11.313 0.0000000000
22479  -37.436  -67.880  10.773 0.0000000000
22481  -38.108  -67.909  11.085 0.0000000000
23178  -35.991  -66.950  22.239 0.0000000000
23193  -35.333  -67.013  21.473 0.0000000000
23211  -34.693  -66.789  21.080 0.0000000000
23265  -35.701  -67.378  17.812 0.0000000000
23269  -35.418  -66.919  17.322 0.0000000000
23280  -38.433  -67.376  16.557 0.0000000000
23281  -39.035  -67.198  16.057 0.0000000000
23284  -37.410  -66.953  16.108 0.0000000000
23286  -38.949  -66.985  15.893 0.0000000000
23287  -39.320  -67.031  15.809 0.0000000000
23288  -39.605  -67.369  15.833 0.0000000000
23321  -31.663  -66.955  14.368 0.0000000000
23322  -32.149  -66.657  14.366 0.0000000000
23323  -39.967  -66.993  15.070 0.0000000000
23339  -33.125  -66.856  13.593 0.0000000000
23341  -39.988  -67.224  14.257 0.0000000000
23354  -34.012  -67.016  13.006 0.0000000000
23358  -39.991  -66.878  13.848 0.0000000000
23371  -34.972  -67.102  12.401 0.0000000000
23374  -36.765  -66.463  11.754 0.0000000000
23385  -37.004  -66.885  11.241 0.0000000000
23386  -37.550  -66.805  11.085 0.0000000000
23387  -38.074  -66.763  11.110 0.0000000000
23388  -38.584  -66.799  11.537 0.0000000000
24095  -36.243  -65.876  23.786 0.0000000000
24119  -35.921  -66.113  23.276 0.0000000000
24133  -35.111  -65.995  22.668 0.0000000000
24147  -34.170  -65.993  21.729 0.0000000000
24148  -34.666  -66.185  21.844 0.0000000000
24149  -35.105  -66.277  22.198 0.0000000000
24158  -34.459  -66.339  21.390 0.0000000000
24169  -33.440  -66.137  20.834 0.0000000000
24170  -34.296  -66.465  20.992 0.0000000000
24191  -33.093  -66.104  19.742 0.0000000000
24209  -33.882  -66.029  17.935 0.0000000000
24212  -34.335  -65.824  17.458 0.0000000000
24214  -35.221  -66.433  16.857 0.0000000000
24216  -34.915  -65.850  16.746 0.0000000000
24231  -39.569  -66.868  15.402 0.0000000000
24244  -30.128  -66.326  15.264 0.0000000000
24245  -31.260  -66.208  14.977 0.0000000000
24246  -31.763  -65.941  14.923 0.0000000000
24247  -32.279  -65.669  14.786 0.0000000000
24250  -38.834  -66.492  15.286 0.0000000000
24269  -31.254  -66.715  14.689 0.0000000000
24273  -38.300  -65.941  14.669 0.0000000000
24276  -40.093  -66.937  14.672 0.0000000000
24307  -39.691  -66.547  13.222 0.0000000000
24324  -35.880  -66.267  12.347 0.0000000000
24326  -37.456  -65.771  11.837 0.0000000000
24327  -39.521  -65.866  12.524 0.0000000000
24333  -37.286  -66.393  11.502 0.0000000000
24336  -39.224  -65.682  12.038 0.0000000000
25042  -37.770  -65.212  26.117 0.0000000000
25056  -38.083  -65.590  25.956 0.0000000000
25096  -35.104  -65.426  23.444 0.0000000000
25097  -35.695  -65.648  23.617 0.0000000000
25116  -33.518  -65.537  21.825 0.0000000000
25117  -33.894  -65.642  22.006 0.0000000000
25146  -31.893  -65.069  20.189 0.0000000000
25156  -31.912  -65.047  19.684 0.0000000000
25158  -32.676  -65.639  19.191 0.0000000000
25170  -32.557  -65.104  18.637 0.0000000000
25171  -32.987  -65.126  18.187 0.0000000000
25185  -34.325  -65.190  17.141 0.0000000000
25197  -29.087  -65.466  15.782 0.0000000000
25200  -31.022  -65.446  15.525 0.0000000000
25201  -31.434  -65.165  15.474 0.0000000000
25233  -32.761  -65.630  14.499 0.0000000000
25237  -38.693  -65.673  14.089 0.0000000000
25238  -39.456  -66.013  14.156 0.0000000000
25248  -34.087  -65.468  13.659 0.0000000000
25249  -34.524  -65.397  13.446 0.0000000000
25251  -38.422  -64.990  13.564 0.0000000000
25253  -39.686  -65.919  13.666 0.0000000000
25265  -34.895  -65.651  13.149 0.0000000000
25266  -35.520  -65.223  12.946 0.0000000000
25268  -36.753  -64.870  12.435 0.0000000000
25269  -39.421  -65.348  13.030 0.0000000000
25281  -36.592  -65.463  12.336 0.0000000000
25284  -38.154  -64.981  11.887 0.0000000000
25291  -37.957  -65.550  11.706 0.0000000000
25292  -38.490  -65.370  11.742 0.0000000000
25293  -39.010  -65.266  11.921 0.0000000000
26072  -36.303  -64.732  25.501 0.0000000000
26073  -36.812  -64.862  25.653 0.0000000000
26074  -37.290  -65.011  25.848 0.0000000000
26100  -33.591  -64.489  23.104 0.0000000000
26101  -34.043  -64.742  23.222 0.0000000000
26102  -34.637  -65.281  23.152 0.0000000000
26103  -35.075  -65.110  23.769 0.0000000000
26115  -32.900  -64.704  22.543 0.0000000000
26130  -32.270  -64.712  21.821 0.0000000000
26131  -32.760  -64.917  22.024 0.0000000000
26142  -32.602  -65.052  21.525 0.0000000000
26143  -33.105  -65.297  21.729 0.0000000000
26150  -32.433  -65.070  21.100 0.0000000000
26163  -31.807  -64.526  19.763 0.0000000000
26175  -32.843  -64.460  18.317 0.0000000000
26188  -33.704  -64.732  17.545 0.0000000000
26202  -34.883  -64.551  16.493 0.0000000000
26211  -29.491  -65.149  16.011 0.0000000000
26212  -30.453  -64.902  16.022 0.0000000000
26216  -35.686  -63.915  15.689 0.0000000000
26232  -31.919  -64.875  15.377 0.0000000000
26233  -32.461  -64.627  15.165 0.0000000000
26236  -36.635  -64.138  14.830 0.0000000000
26256  -34.343  -64.401  13.963 0.0000000000
26276  -37.801  -63.857  13.269 0.0000000000
26277  -38.151  -64.256  13.127 0.0000000000
26290  -36.588  -64.361  12.622 0.0000000000
26293  -39.188  -64.908  12.587 0.0000000000
26294  -39.454  -65.318  12.546 0.0000000000
26307  -37.983  -64.534  12.039 0.0000000000
26309  -39.123  -64.930  12.229 0.0000000000
27037  -39.840  -64.055  27.602 0.0000000000
27056  -38.939  -64.285  27.310 0.0000000000
27100  -34.130  -63.982  24.588 0.0000000000
27101  -34.670  -64.195  24.779 0.0000000000
27102  -35.175  -64.363  25.018 0.0000000000
27115  -33.204  -64.049  23.533 0.0000000000
27116  -33.766  -64.295  23.553 0.0000000000
27126  -33.096  -64.325  22.997 0.0000000000
27159  -31.457  -63.790  20.561 0.0000000000
27160  -31.569  -64.264  20.371 0.0000000000
27167  -31.630  -63.636  19.985 0.0000000000
27176  -32.000  -63.829  19.334 0.0000000000
27184  -33.180  -63.812  18.146 0.0000000000
27218  -28.408  -64.147  16.461 0.0000000000
27223  -34.968  -63.925  16.387 0.0000000000
27239  -32.993  -63.617  15.216 0.0000000000
27257  -32.857  -64.207  15.110 0.0000000000
27259  -33.802  -63.801  14.588 0.0000000000
27277  -37.191  -63.486  13.957 0.0000000000
27288  -34.764  -63.856  13.887 0.0000000000
27304  -35.849  -63.934  13.171 0.0000000000
27308  -38.069  -63.817  12.496 0.0000000000
27320  -37.443  -63.709  12.373 0.0000000000
27321  -37.837  -63.873  12.304 0.0000000000
28099  -40.087  -63.403  27.574 0.0000000000
28100  -40.612  -63.453  27.617 0.0000000000
28113  -37.442  -63.504  26.921 0.0000000000
28126  -36.459  -63.538  26.482 0.0000000000
28132  -34.255  -63.220  25.334 0.0000000000
28133  -34.827  -63.551  25.586 0.0000000000
28144  -32.873  -63.190  24.569 0.0000000000
28147  -34.404  -63.782  25.115 0.0000000000
28153  -31.633  -63.190  23.835 0.0000000000
28154  -32.236  -63.329  23.952 0.0000000000
28174  -31.356  -63.381  22.519 0.0000000000
28175  -31.880  -63.612  22.866 0.0000000000
28176  -32.319  -63.823  23.149 0.0000000000
28184  -31.334  -63.578  21.889 0.0000000000
28185  -31.747  -63.790  22.308 0.0000000000
28194  -31.067  -63.250  21.394 0.0000000000
28210  -31.485  -63.122  20.068 0.0000000000
28222  -32.386  -63.290  18.938 0.0000000000
28227  -32.650  -63.393  18.653 0.0000000000
28253  -34.314  -63.076  17.148 0.0000000000
28267  -35.098  -62.976  16.255 0.0000000000
28278  -35.489  -62.856  15.826 0.0000000000
28291  -36.071  -62.947  15.180 0.0000000000
28298  -34.287  -63.194  14.478 0.0000000000
28299  -34.745  -63.268  14.180 0.0000000000
28300  -35.271  -62.800  14.139 0.0000000000
28301  -36.902  -63.083  14.094 0.0000000000
28302  -37.140  -63.129  13.527 0.0000000000
28311  -36.224  -62.811  13.582 0.0000000000
28312  -36.830  -62.883  13.486 0.0000000000
29158  -33.694  -62.988  25.201 0.0000000000
29190  -30.601  -62.459  22.544 0.0000000000
29199  -30.537  -62.384  21.872 0.0000000000
29214  -30.994  -62.743  20.925 0.0000000000
29223  -31.538  -62.465  19.973 0.0000000000
29236  -32.087  -62.708  19.304 0.0000000000
29237  -32.432  -62.790  18.958 0.0000000000
29245  -32.743  -62.958  18.645 0.0000000000
29263  -33.970  -62.358  17.829 0.0000000000
29289  -34.973  -62.496  16.443 0.0000000000
29298  -33.423  -62.345  15.506 0.0000000000
29299  -34.017  -61.940  15.426 0.0000000000
29311  -34.996  -61.937  14.791 0.0000000000
29312  -35.477  -62.010  15.030 0.0000000000
29314  -36.508  -62.777  14.407 0.0000000000
29317  -34.792  -62.520  14.467 0.0000000000
29318  -35.857  -62.602  14.131 0.0000000000
29319  -36.183  -62.617  14.306 0.0000000000
30167  -35.147  -62.546  26.060 0.0000000000
30174  -32.632  -61.998  25.016 0.0000000000
30252  -31.674  -61.807  20.022 0.0000000000
30267  -32.751  -61.901  18.898 0.0000000000
30314  -32.548  -61.382  16.697 0.0000000000
30315  -34.423  -62.041  17.125 0.0000000000
30333  -33.219  -62.013  15.918 0.0000000000
30336  -34.958  -61.735  15.606 0.0000000000
30337  -35.294  -61.859  15.478 0.0000000000
31175  -38.164  -61.365  26.652 0.0000000000
31367  -32.873  -60.955  16.901 0.0000000000
31381  -33.142  -61.321  16.525 0.0000000000
31382  -33.697  -61.358  16.749 0.0000000000
32306  -39.619  -60.691  25.058 0.0000000000
32312  -34.086  -60.738  25.248 0.0000000000
213753  -31.800  -64.402  21.557 0.0000000000
214779  -32.777  -68.412  12.456 0.0000000000
215324  -31.580  -69.257  12.311 0.0000000000
215917  -31.031  -68.825  12.967 0.0000000000
216845  -38.798  -64.758  27.032 0.0000000000
217542  -34.543  -67.837  12.130 0.0000000000
217992  -31.118  -69.554  12.233 0.0000000000
222335  -39.700  -66.403  14.692 0.0000000000
224612  -37.470  -69.595  10.718 0.0000000000
227343  -31.813  -63.536  19.572 0.0000000000
228939  -34.553  -62.190  14.805 0.0000000000
229269  -33.290  -62.332  18.363 0.0000000000
231069  -32.353  -70.926  10.693 0.0000000000
232238  -36.763  -68.107  18.985 0.0000000000
233835  -36.129  -64.386  25.784 0.0000000000
234099  -33.115  -67.459  13.187 0.0000000000
234407  -33.890  -64.110  24.087 0.0000000000
235200  -38.240  -68.297  13.581 0.0000000000
235311  -34.078  -61.642  17.079 0.0000000000
236332  -36.972  -63.812  12.519 0.0000000000
236558  -33.920  -66.382  20.772 0.0000000000
236639  -34.820  -63.493  16.512 0.0000000000
236642  -34.403  -63.504  16.945 0.0000000000
237346  -33.791  -64.131  17.490 0.0000000000
238353  -36.519  -62.772  13.551 0.0000000000
238538  -29.889  -64.778  16.192 0.0000000000
241819  -37.859  -68.128  18.334 0.0000000000
242934  -33.579  -68.015  12.412 0.0000000000
243449  -35.020  -67.189  20.761 0.0000000000
244231  -39.715  -67.870  16.287 0.0000000000
244277  -35.207  -68.042  11.393 0.0000000000
245456  -34.460  -64.947  23.382 0.0000000000
246608  -32.748  -63.939  23.326 0.0000000000
246805  -35.471  -66.786  21.988 0.0000000000
247608  -37.195  -68.231  19.149 0.0000000000
247662  -33.203  -65.205  14.392 0.0000000000
248875  -33.826  -63.029  17.822 0.0000000000
249307  -33.758  -61.526  17.886 0.0000000000
249341  -39.750  -67.491  14.481 0.0000000000
249837  -35.985  -67.853  19.025 0.0000000000
250175  -39.356  -66.473  12.719 0.0000000000
250730  -39.565  -67.099  15.652 0.0000000000
250936  -33.364  -65.272  22.016 0.0000000000
253572  -37.553  -68.340  19.364 0.0000000000
253855  -32.247  -65.167  15.101 0.0000000000
