#!ascii label  , from subject sub-v2s5x29562_ses-1 vox2ras=TkReg
1661
214550  36.001  -22.863  62.203 0.0000000000
122721  44.347  -3.281  47.787 0.0000000000
101717  37.534  -15.146  54.001 0.0000000000
73946  18.038  -30.198  75.983 0.0000000000
87883  30.160  -21.347  67.817 0.0000000000
110535  37.810  -9.792  53.111 0.0000000000
82660  23.641  -25.628  71.308 0.0000000000
75180  22.234  -30.334  73.869 0.0000000000
82715  26.997  -25.352  68.506 0.0000000000
120414  47.874  -4.447  46.451 0.0000000000
96421  35.515  -18.370  63.356 0.0000000000
99052  34.698  -16.731  61.033 0.0000000000
92844  39.910  -20.151  61.309 0.0000000000
251012  46.728  -0.502  45.460 0.0000000000
123912  49.655  -1.986  42.795 0.0000000000
122686  41.790  -2.855  50.465 0.0000000000
211683  44.506  -7.501  50.061 0.0000000000
114397  40.555  -8.218  50.849 0.0000000000
104315  41.924  -13.940  52.203 0.0000000000
85413  35.432  -25.589  65.287 0.0000000000
69500  17.195  -34.025  78.828 0.0000000000
69469  13.463  -33.486  81.127 0.0000000000
71532  12.644  -31.176  84.500 0.0000000000
89164  32.261  -22.090  63.965 0.0000000000
82739  31.256  -26.202  66.981 0.0000000000
104209  33.833  -14.055  58.298 0.0000000000
101632  37.933  -16.029  59.016 0.0000000000
129907  52.152  0.855  40.283 0.0000000000
121631  46.003  -3.871  46.471 0.0000000000
119182  46.580  -5.269  48.660 0.0000000000
91620  37.152  -20.638  62.191 0.0000000000
94011  37.169  -19.200  61.249 0.0000000000
89212  38.072  -22.004  61.247 0.0000000000
126191  44.394  -1.347  47.874 0.0000000000
128632  46.353  0.515  47.348 0.0000000000
125016  45.345  -1.676  46.602 0.0000000000
123876  46.712  -2.184  45.304 0.0000000000
66888  11.668  -35.135  84.339 0.0000000000
119145  41.047  -5.460  50.805 0.0000000000
117994  39.659  -6.178  52.339 0.0000000000
105570  37.178  -12.910  53.250 0.0000000000
106841  39.060  -11.891  52.327 0.0000000000
103014  39.612  -14.396  53.241 0.0000000000
99117  40.430  -16.481  55.216 0.0000000000
73961  20.246  -30.719  74.472 0.0000000000
72756  21.801  -31.844  75.608 0.0000000000
71705  19.765  -32.649  76.199 0.0000000000
70597  19.583  -33.383  78.531 0.0000000000
70616  17.596  -32.674  77.367 0.0000000000
71637  14.107  -31.642  80.167 0.0000000000
70540  12.655  -31.894  82.931 0.0000000000
89134  31.086  -21.342  66.127 0.0000000000
85436  31.412  -24.426  64.824 0.0000000000
86681  29.577  -23.406  66.213 0.0000000000
80018  26.484  -27.470  70.658 0.0000000000
80034  28.583  -27.591  70.165 0.0000000000
99049  37.982  -16.557  61.333 0.0000000000
101586  36.219  -16.230  59.860 0.0000000000
114357  38.461  -7.359  53.620 0.0000000000
109276  36.769  -10.859  54.633 0.0000000000
105535  36.343  -12.791  54.678 0.0000000000
79971  25.094  -28.058  71.534 0.0000000000
75201  24.554  -30.096  73.201 0.0000000000
78777  23.052  -28.006  72.266 0.0000000000
77516  20.774  -28.126  73.839 0.0000000000
77510  19.208  -28.427  75.309 0.0000000000
85394  28.388  -23.664  67.150 0.0000000000
238963  26.353  -23.401  68.522 0.0000000000
82684  24.976  -25.423  69.997 0.0000000000
98988  33.502  -17.262  65.479 0.0000000000
233460  32.112  -16.253  62.383 0.0000000000
96443  34.352  -18.378  62.001 0.0000000000
96465  37.432  -18.105  61.046 0.0000000000
213828  49.437  0.135  42.944 0.0000000000
126234  48.097  -0.856  43.914 0.0000000000
122767  48.538  -3.314  44.304 0.0000000000
122704  42.835  -2.893  49.158 0.0000000000
119172  44.446  -5.265  49.173 0.0000000000
210795  42.596  -4.995  49.820 0.0000000000
114393  42.798  -7.957  50.435 0.0000000000
109329  42.966  -10.857  51.139 0.0000000000
111826  39.095  -9.346  51.537 0.0000000000
108090  41.046  -11.628  51.827 0.0000000000
85470  35.853  -24.410  63.112 0.0000000000
223175  38.601  -23.469  63.518 0.0000000000
124983  43.161  -1.243  49.936 0.0000000000
236465  16.768  -30.265  77.719 0.0000000000
69513  15.556  -32.467  78.361 0.0000000000
209148  15.169  -34.081  79.764 0.0000000000
66931  14.992  -35.217  81.848 0.0000000000
68231  13.011  -34.571  82.287 0.0000000000
69445  12.044  -33.510  83.016 0.0000000000
69417  11.170  -32.337  84.083 0.0000000000
70492  10.865  -31.441  84.958 0.0000000000
87948  34.070  -22.675  62.672 0.0000000000
85452  33.031  -24.734  64.111 0.0000000000
84106  33.101  -25.957  66.272 0.0000000000
82729  28.943  -25.954  67.808 0.0000000000
102950  35.440  -14.681  55.926 0.0000000000
100343  33.426  -15.995  59.760 0.0000000000
218299  35.257  -16.066  58.187 0.0000000000
100402  37.982  -16.594  56.647 0.0000000000
89180  40.737  -22.398  62.985 0.0000000000
128707  53.005  0.340  38.478 0.0000000000
126279  50.914  -0.602  41.234 0.0000000000
125099  52.626  -1.814  40.010 0.0000000000
121606  45.222  -3.952  47.224 0.0000000000
212958  46.143  -4.762  47.613 0.0000000000
121607  45.162  -4.164  47.670 0.0000000000
90412  36.742  -21.736  61.950 0.0000000000
218193  37.473  -21.680  61.352 0.0000000000
87982  37.541  -22.921  61.480 0.0000000000
123845  44.163  -2.583  47.674 0.0000000000
125010  44.697  -1.662  47.333 0.0000000000
123855  44.938  -2.686  46.815 0.0000000000
122741  45.367  -2.975  46.470 0.0000000000
247936  11.104  -34.358  84.547 0.0000000000
120339  40.346  -4.658  52.417 0.0000000000
119123  39.788  -5.404  53.291 0.0000000000
104285  37.253  -14.045  53.613 0.0000000000
105568  38.473  -13.484  52.912 0.0000000000
102985  38.278  -14.760  53.198 0.0000000000
100449  40.220  -15.924  54.113 0.0000000000
222199  38.877  -16.164  54.593 0.0000000000
73963  19.083  -30.495  75.045 0.0000000000
72759  19.731  -31.765  75.205 0.0000000000
72760  18.777  -31.469  75.717 0.0000000000
71693  18.704  -32.542  76.592 0.0000000000
72739  17.748  -31.226  76.470 0.0000000000
89119  30.819  -21.186  67.040 0.0000000000
87905  30.153  -22.606  65.980 0.0000000000
86669  29.502  -22.457  66.701 0.0000000000
79970  26.690  -27.979  71.736 0.0000000000
104157  32.476  -13.895  62.704 0.0000000000
100302  38.255  -15.696  61.666 0.0000000000
108048  36.485  -11.471  54.773 0.0000000000
108035  35.922  -11.800  55.864 0.0000000000
79997  24.105  -26.987  71.385 0.0000000000
78800  24.065  -27.971  71.963 0.0000000000
79974  23.228  -27.064  72.006 0.0000000000
78758  21.606  -27.371  73.253 0.0000000000
79933  21.017  -26.789  74.262 0.0000000000
77517  20.358  -28.381  74.216 0.0000000000
226230  27.528  -22.262  68.489 0.0000000000
84038  23.948  -24.658  70.971 0.0000000000
85346  24.910  -24.259  69.925 0.0000000000
82668  24.575  -25.441  70.333 0.0000000000
81368  25.120  -26.627  70.686 0.0000000000
97708  33.406  -17.725  63.874 0.0000000000
96433  35.257  -18.352  62.930 0.0000000000
92860  37.919  -20.094  60.605 0.0000000000
94020  37.430  -19.131  60.746 0.0000000000
94018  38.305  -19.251  60.677 0.0000000000
96451  38.971  -18.026  61.182 0.0000000000
93999  40.533  -19.308  61.755 0.0000000000
127418  46.271  -0.158  46.478 0.0000000000
127451  48.298  -0.207  43.894 0.0000000000
126230  47.297  -0.788  44.738 0.0000000000
122749  46.967  -3.427  45.481 0.0000000000
122769  47.625  -2.753  44.759 0.0000000000
121651  48.020  -3.829  45.085 0.0000000000
122698  42.040  -3.103  49.879 0.0000000000
121585  42.623  -4.020  49.459 0.0000000000
121576  41.775  -4.102  50.111 0.0000000000
249079  40.986  -7.141  50.727 0.0000000000
116844  41.531  -7.004  50.503 0.0000000000
114395  41.541  -8.036  50.800 0.0000000000
211855  42.635  -9.304  50.745 0.0000000000
111822  41.849  -9.826  50.890 0.0000000000
113134  37.927  -8.436  53.362 0.0000000000
114366  38.381  -7.801  52.644 0.0000000000
111814  38.344  -9.754  52.287 0.0000000000
105583  40.227  -13.036  52.646 0.0000000000
108091  40.413  -11.613  51.929 0.0000000000
106819  41.200  -12.659  52.251 0.0000000000
106836  42.519  -12.286  51.943 0.0000000000
85449  35.077  -25.350  63.958 0.0000000000
85447  37.015  -24.850  64.317 0.0000000000
124969  42.272  -1.839  51.169 0.0000000000
123825  42.342  -2.135  49.946 0.0000000000
123830  42.691  -2.129  49.346 0.0000000000
75190  23.265  -30.458  73.358 0.0000000000
73974  23.176  -30.975  74.410 0.0000000000
69509  18.389  -33.906  78.635 0.0000000000
69497  19.191  -33.777  79.628 0.0000000000
69486  18.159  -34.325  79.695 0.0000000000
68273  17.020  -34.555  79.809 0.0000000000
75111  16.277  -29.757  78.868 0.0000000000
73904  16.166  -30.806  78.102 0.0000000000
72684  15.225  -31.127  78.827 0.0000000000
71621  13.844  -32.017  80.532 0.0000000000
70580  14.350  -32.838  79.406 0.0000000000
69478  13.927  -33.616  80.323 0.0000000000
68263  15.032  -34.228  80.432 0.0000000000
68251  14.127  -34.367  81.052 0.0000000000
66932  14.314  -35.071  81.970 0.0000000000
217479  13.210  -34.339  81.720 0.0000000000
70529  12.563  -31.619  83.606 0.0000000000
70541  12.197  -32.403  83.163 0.0000000000
70530  12.040  -32.033  83.698 0.0000000000
70531  11.564  -32.452  83.690 0.0000000000
70503  12.044  -31.448  84.674 0.0000000000
89163  33.769  -21.218  63.767 0.0000000000
89173  34.266  -21.474  63.201 0.0000000000
87938  33.052  -22.398  63.196 0.0000000000
86735  33.436  -23.491  62.865 0.0000000000
86724  32.440  -23.567  63.358 0.0000000000
84121  31.486  -25.369  65.675 0.0000000000
84132  32.410  -25.306  65.364 0.0000000000
82746  32.160  -26.151  66.598 0.0000000000
85382  27.488  -24.231  67.778 0.0000000000
84096  28.427  -24.448  67.220 0.0000000000
82731  27.899  -25.453  68.080 0.0000000000
81382  29.602  -27.520  69.625 0.0000000000
232025  44.479  -5.948  49.782 0.0000000000
118039  45.852  -5.936  49.502 0.0000000000
114406  46.080  -7.626  49.595 0.0000000000
212110  34.310  -13.197  57.644 0.0000000000
104245  34.714  -13.458  56.547 0.0000000000
102915  34.315  -14.291  57.277 0.0000000000
97752  33.270  -17.375  61.036 0.0000000000
99070  32.943  -16.461  60.575 0.0000000000
99069  33.555  -16.592  60.546 0.0000000000
101602  37.229  -15.938  59.681 0.0000000000
100362  35.410  -16.246  58.616 0.0000000000
100360  36.722  -16.472  58.517 0.0000000000
210033  36.436  -16.157  57.135 0.0000000000
100372  38.136  -16.835  57.968 0.0000000000
100386  38.986  -16.655  57.291 0.0000000000
87945  39.695  -22.991  63.280 0.0000000000
128689  52.614  0.368  39.523 0.0000000000
126245  49.570  -0.812  42.464 0.0000000000
127468  50.312  -0.182  41.964 0.0000000000
125080  50.333  -1.253  41.853 0.0000000000
123934  52.239  -2.383  41.054 0.0000000000
122837  53.029  -2.988  40.384 0.0000000000
84017  23.406  -24.530  71.914 0.0000000000
223302  22.811  -25.877  72.110 0.0000000000
121630  46.566  -4.010  46.352 0.0000000000
120407  48.250  -4.696  47.079 0.0000000000
120408  46.996  -4.611  47.095 0.0000000000
213893  37.354  -19.271  62.693 0.0000000000
95169  36.851  -18.880  62.328 0.0000000000
92845  37.272  -20.053  61.867 0.0000000000
90435  37.839  -21.034  60.865 0.0000000000
90421  39.193  -21.047  61.233 0.0000000000
225048  45.886  0.362  48.250 0.0000000000
127403  45.162  -0.545  47.719 0.0000000000
127419  45.755  -0.596  46.754 0.0000000000
125021  46.208  -1.313  45.877 0.0000000000
125027  46.770  -1.614  45.227 0.0000000000
123868  46.051  -2.266  45.929 0.0000000000
122751  46.099  -2.887  45.911 0.0000000000
66897  12.485  -35.366  83.903 0.0000000000
122677  41.320  -3.210  51.279 0.0000000000
120353  41.424  -4.490  50.448 0.0000000000
120346  40.803  -4.568  51.351 0.0000000000
118001  40.307  -6.077  51.483 0.0000000000
115612  40.196  -7.352  51.174 0.0000000000
218177  37.323  -11.480  53.212 0.0000000000
109306  38.120  -10.810  52.541 0.0000000000
106824  38.169  -12.364  52.753 0.0000000000
105584  39.576  -12.970  52.708 0.0000000000
104306  40.692  -14.258  53.061 0.0000000000
101711  41.487  -15.466  53.647 0.0000000000
100428  41.678  -16.119  54.881 0.0000000000
84103  35.560  -26.094  66.540 0.0000000000
73977  21.335  -30.329  74.141 0.0000000000
72785  22.051  -31.059  74.578 0.0000000000
72773  20.741  -31.360  74.803 0.0000000000
71714  20.788  -32.241  75.824 0.0000000000
71690  20.806  -32.649  76.895 0.0000000000
70607  18.135  -33.143  77.626 0.0000000000
69518  17.339  -33.223  78.001 0.0000000000
72672  14.876  -30.613  80.260 0.0000000000
71605  13.860  -31.267  81.271 0.0000000000
71606  13.194  -32.185  81.300 0.0000000000
253255  13.027  -32.444  81.819 0.0000000000
71574  13.098  -31.468  82.607 0.0000000000
71545  13.472  -30.783  83.883 0.0000000000
71517  13.304  -30.665  85.006 0.0000000000
224835  31.687  -21.713  64.957 0.0000000000
86714  31.499  -23.151  64.203 0.0000000000
86702  30.770  -22.840  65.085 0.0000000000
85416  30.462  -24.147  65.620 0.0000000000
84110  30.538  -25.166  66.113 0.0000000000
81385  26.933  -26.621  69.673 0.0000000000
212274  27.823  -26.783  69.369 0.0000000000
81365  27.436  -27.297  70.134 0.0000000000
111847  45.149  -9.275  50.253 0.0000000000
104192  33.325  -13.795  59.765 0.0000000000
230336  36.176  -16.783  61.085 0.0000000000
99067  34.942  -16.242  60.730 0.0000000000
100317  36.285  -16.259  60.540 0.0000000000
101571  37.332  -15.761  60.408 0.0000000000
129900  51.379  0.938  41.238 0.0000000000
244980  10.321  -33.422  84.734 0.0000000000
114347  38.450  -7.706  54.217 0.0000000000
111799  37.669  -9.054  53.996 0.0000000000
233169  37.226  -10.126  54.026 0.0000000000
108065  36.884  -11.793  53.671 0.0000000000
250786  36.856  -12.866  53.770 0.0000000000
102987  36.839  -13.828  54.072 0.0000000000
247736  26.034  -28.329  72.055 0.0000000000
76369  25.954  -29.323  73.010 0.0000000000
77534  24.709  -29.157  72.399 0.0000000000
76372  23.492  -29.375  72.623 0.0000000000
76358  22.289  -29.560  73.024 0.0000000000
79954  22.278  -26.990  72.726 0.0000000000
77525  21.867  -28.049  73.060 0.0000000000
75193  21.493  -29.732  73.537 0.0000000000
250679  20.778  -29.445  73.886 0.0000000000
75165  19.565  -29.552  74.635 0.0000000000
75153  18.639  -29.449  75.400 0.0000000000
216025  28.976  -22.229  67.260 0.0000000000
87872  28.514  -22.250  67.897 0.0000000000
86658  27.353  -23.504  67.933 0.0000000000
84069  26.663  -24.711  68.398 0.0000000000
86633  25.677  -22.979  69.427 0.0000000000
85359  25.653  -24.302  69.065 0.0000000000
82699  26.252  -25.679  69.127 0.0000000000
81386  25.690  -26.349  69.972 0.0000000000
251509  25.759  -27.660  71.075 0.0000000000
100247  32.821  -15.900  65.156 0.0000000000
101539  32.268  -15.509  63.630 0.0000000000
99021  32.617  -16.822  63.446 0.0000000000
97734  33.120  -17.568  62.526 0.0000000000
218229  34.567  -18.043  60.993 0.0000000000
94003  35.996  -18.463  61.768 0.0000000000
95193  35.446  -18.248  61.131 0.0000000000
96455  36.369  -17.599  61.188 0.0000000000
96453  37.731  -17.613  61.058 0.0000000000
96442  39.390  -17.561  61.533 0.0000000000
216461  48.835  0.764  43.820 0.0000000000
127457  48.708  -0.232  43.365 0.0000000000
125048  48.809  -1.378  43.216 0.0000000000
125033  47.397  -1.740  44.604 0.0000000000
123889  48.107  -2.111  43.958 0.0000000000
122710  43.680  -3.233  48.496 0.0000000000
121592  44.262  -4.306  48.311 0.0000000000
121583  43.527  -4.202  48.904 0.0000000000
119154  43.645  -5.226  49.541 0.0000000000
116859  43.493  -6.587  50.047 0.0000000000
246832  41.738  -5.613  50.281 0.0000000000
116860  42.807  -6.522  50.177 0.0000000000
115636  43.919  -7.654  50.167 0.0000000000
113164  44.073  -8.958  50.320 0.0000000000
109343  44.610  -10.710  50.665 0.0000000000
116816  38.971  -6.671  52.876 0.0000000000
114375  39.219  -7.876  51.754 0.0000000000
113156  39.856  -8.872  51.093 0.0000000000
109318  38.990  -10.816  52.049 0.0000000000
109334  39.842  -10.562  51.562 0.0000000000
110563  40.707  -10.116  51.223 0.0000000000
108104  41.952  -11.285  51.348 0.0000000000
86745  35.834  -23.983  62.639 0.0000000000
86743  37.331  -23.458  62.491 0.0000000000
86722  37.042  -24.100  63.560 0.0000000000
86711  38.440  -24.146  64.402 0.0000000000
126180  43.758  -1.047  49.069 0.0000000000
124993  43.530  -2.030  48.506 0.0000000000
75142  18.019  -29.423  76.226 0.0000000000
75120  17.266  -29.240  77.646 0.0000000000
234329  17.426  -30.141  76.862 0.0000000000
72723  17.046  -31.291  77.168 0.0000000000
245780  16.694  -32.295  77.721 0.0000000000
69512  16.169  -33.033  78.247 0.0000000000
71650  14.855  -31.722  79.197 0.0000000000
69503  14.850  -33.117  79.025 0.0000000000
68282  15.937  -34.105  79.134 0.0000000000
68261  16.427  -34.726  80.148 0.0000000000
66942  15.946  -35.122  81.104 0.0000000000
65587  13.240  -35.319  83.047 0.0000000000
69460  12.838  -33.838  82.095 0.0000000000
68232  12.467  -34.146  82.556 0.0000000000
66909  12.215  -34.929  83.505 0.0000000000
66898  11.856  -34.845  83.876 0.0000000000
66899  11.272  -34.373  84.155 0.0000000000
68205  11.132  -33.730  84.109 0.0000000000
71520  12.175  -31.219  85.019 0.0000000000
70505  11.198  -31.722  84.621 0.0000000000
69419  10.475  -32.714  84.528 0.0000000000
89192  35.731  -21.915  62.682 0.0000000000
89183  35.189  -21.722  62.844 0.0000000000
215775  35.129  -23.175  62.484 0.0000000000
85482  34.944  -24.060  62.776 0.0000000000
85461  34.216  -24.687  63.417 0.0000000000
85433  34.021  -25.154  64.483 0.0000000000
85453  31.714  -23.993  64.310 0.0000000000
84131  33.100  -25.302  65.171 0.0000000000
213360  34.120  -25.976  66.002 0.0000000000
86671  28.893  -23.402  66.833 0.0000000000
84111  29.551  -24.844  66.589 0.0000000000
82741  29.735  -25.689  67.005 0.0000000000
81419  28.970  -26.662  68.740 0.0000000000
81433  29.924  -26.569  68.120 0.0000000000
81431  31.322  -26.805  67.968 0.0000000000
119184  45.496  -5.304  48.830 0.0000000000
248425  35.633  -12.463  55.755 0.0000000000
104255  35.756  -13.647  55.427 0.0000000000
102962  36.386  -14.694  54.838 0.0000000000
101565  32.386  -15.191  61.733 0.0000000000
101587  32.957  -15.039  60.188 0.0000000000
231090  33.396  -14.789  58.990 0.0000000000
99081  34.271  -16.043  59.751 0.0000000000
246473  34.482  -15.724  58.918 0.0000000000
249687  34.301  -14.825  58.045 0.0000000000
100390  35.400  -15.530  56.955 0.0000000000
101667  36.094  -15.581  56.035 0.0000000000
100433  37.565  -16.083  54.967 0.0000000000
99109  39.018  -16.648  56.053 0.0000000000
87959  38.277  -22.898  62.311 0.0000000000
89190  39.780  -22.251  62.370 0.0000000000
90400  40.644  -21.525  62.093 0.0000000000
90384  42.113  -21.391  63.505 0.0000000000
91610  41.167  -20.218  62.386 0.0000000000
251588  53.886  1.173  37.807 0.0000000000
128649  50.802  0.373  41.608 0.0000000000
128662  51.386  0.164  40.887 0.0000000000
125078  51.211  -1.835  41.584 0.0000000000
125101  51.752  -1.198  40.613 0.0000000000
127498  51.938  -0.367  40.165 0.0000000000
126298  52.745  -0.833  39.374 0.0000000000
241174  53.438  -1.245  38.666 0.0000000000
122720  44.855  -3.598  47.500 0.0000000000
121608  44.585  -3.916  47.912 0.0000000000
89203  36.662  -22.512  61.846 0.0000000000
87973  37.046  -23.008  61.772 0.0000000000
123856  44.601  -2.319  47.239 0.0000000000
122733  44.608  -2.993  47.263 0.0000000000
122732  45.081  -3.427  46.876 0.0000000000
68206  10.879  -34.365  84.771 0.0000000000
102986  37.614  -14.682  53.608 0.0000000000
104308  37.717  -14.188  53.155 0.0000000000
101716  38.062  -15.215  53.842 0.0000000000
101715  38.711  -15.285  53.789 0.0000000000
101695  37.862  -15.635  54.363 0.0000000000
73964  18.523  -30.217  75.359 0.0000000000
73945  18.885  -30.922  75.341 0.0000000000
240125  18.388  -30.838  75.753 0.0000000000
72738  18.231  -31.443  76.072 0.0000000000
73931  18.005  -30.847  76.140 0.0000000000
89103  30.096  -21.459  67.103 0.0000000000
87884  29.664  -21.624  67.030 0.0000000000
210823  26.750  -28.384  72.720 0.0000000000
78796  27.088  -28.204  72.430 0.0000000000
102830  32.649  -14.038  63.762 0.0000000000
230898  23.653  -26.336  71.378 0.0000000000
79998  23.565  -26.852  71.631 0.0000000000
81350  23.177  -26.410  71.812 0.0000000000
84037  24.329  -24.779  70.555 0.0000000000
82669  24.030  -25.386  70.796 0.0000000000
81349  24.042  -26.101  71.020 0.0000000000
96423  34.709  -18.350  63.347 0.0000000000
96432  35.603  -18.282  62.926 0.0000000000
92851  39.197  -20.351  61.073 0.0000000000
227878  38.199  -19.812  60.627 0.0000000000
243739  39.467  -19.678  61.051 0.0000000000
226624  39.615  -19.141  61.171 0.0000000000
94000  40.018  -19.495  61.389 0.0000000000
127428  46.525  -0.327  45.923 0.0000000000
128635  46.613  0.307  46.170 0.0000000000
127427  46.886  0.100  45.581 0.0000000000
128638  47.276  0.127  45.177 0.0000000000
127444  47.481  -0.186  44.781 0.0000000000
127436  47.062  -0.385  45.122 0.0000000000
121640  47.199  -3.832  45.798 0.0000000000
121652  47.564  -3.700  45.380 0.0000000000
120431  48.044  -4.145  45.493 0.0000000000
227035  48.500  -4.331  45.624 0.0000000000
213730  13.735  -35.836  84.082 0.0000000000
121575  42.125  -3.730  49.792 0.0000000000
122699  41.685  -3.465  50.209 0.0000000000
115624  40.632  -7.587  50.832 0.0000000000
115623  41.263  -7.537  50.758 0.0000000000
113169  41.133  -8.461  50.911 0.0000000000
113168  41.758  -8.618  50.810 0.0000000000
111839  41.303  -9.061  50.921 0.0000000000
235769  37.780  -9.266  53.406 0.0000000000
111806  38.049  -9.372  52.820 0.0000000000
251196  38.082  -9.911  52.684 0.0000000000
104316  41.319  -13.711  52.591 0.0000000000
105581  41.620  -13.289  52.242 0.0000000000
85431  35.365  -25.568  64.584 0.0000000000
221300  36.075  -25.605  64.850 0.0000000000
85412  36.083  -25.621  65.591 0.0000000000
123814  41.906  -2.501  51.066 0.0000000000
218684  42.029  -2.195  50.483 0.0000000000
252782  42.101  -2.586  50.074 0.0000000000
75191  22.558  -30.204  73.363 0.0000000000
73985  23.575  -30.686  73.990 0.0000000000
75179  22.876  -30.599  73.877 0.0000000000
69499  17.936  -34.167  79.047 0.0000000000
69487  17.473  -34.372  79.445 0.0000000000
68272  17.699  -34.540  80.056 0.0000000000
73890  15.606  -30.586  78.832 0.0000000000
69479  13.546  -32.865  81.043 0.0000000000
70570  13.868  -32.833  80.504 0.0000000000
249459  13.715  -33.355  80.753 0.0000000000
68264  14.386  -34.023  80.625 0.0000000000
68265  13.827  -33.848  80.825 0.0000000000
68252  13.540  -34.097  81.252 0.0000000000
71547  12.564  -31.359  83.979 0.0000000000
70518  12.080  -31.818  83.915 0.0000000000
224745  32.706  -21.595  64.442 0.0000000000
222112  33.403  -21.095  64.265 0.0000000000
233269  33.494  -21.689  63.265 0.0000000000
89174  32.952  -21.834  63.797 0.0000000000
86736  32.847  -23.106  63.083 0.0000000000
87928  32.276  -22.657  63.360 0.0000000000
84109  31.182  -25.569  66.082 0.0000000000
84108  31.837  -25.820  66.113 0.0000000000
82747  31.560  -25.936  66.582 0.0000000000
82738  31.889  -26.286  67.057 0.0000000000
84068  27.173  -24.796  68.123 0.0000000000
84081  27.701  -24.878  67.871 0.0000000000
82714  27.528  -25.755  68.466 0.0000000000
210266  44.700  -6.930  49.949 0.0000000000
116857  45.322  -6.828  49.757 0.0000000000
115635  45.116  -7.377  49.898 0.0000000000
105467  33.738  -13.450  58.775 0.0000000000
104208  34.085  -13.322  58.188 0.0000000000
104219  34.289  -13.665  57.294 0.0000000000
104220  34.045  -13.900  57.724 0.0000000000
97751  33.821  -17.598  60.927 0.0000000000
99054  33.469  -17.163  60.757 0.0000000000
99053  33.966  -16.874  60.905 0.0000000000
101617  37.470  -15.866  59.327 0.0000000000
101618  36.895  -16.314  59.089 0.0000000000
101633  37.309  -16.318  58.783 0.0000000000
208835  37.026  -16.665  58.064 0.0000000000
100359  37.731  -16.539  58.418 0.0000000000
100357  39.072  -15.986  58.273 0.0000000000
129906  52.576  1.203  40.034 0.0000000000
129919  52.761  1.033  39.581 0.0000000000
128690  52.185  0.370  40.053 0.0000000000
125061  49.537  -1.392  42.556 0.0000000000
126244  49.941  -1.172  42.212 0.0000000000
243742  49.885  -1.660  42.432 0.0000000000
85317  23.617  -23.953  72.185 0.0000000000
84018  23.069  -24.860  72.304 0.0000000000
85318  23.194  -24.252  72.540 0.0000000000
85328  23.754  -24.167  71.463 0.0000000000
121621  46.459  -4.345  46.762 0.0000000000
120383  46.317  -5.054  48.036 0.0000000000
120397  46.625  -4.867  47.717 0.0000000000
92836  37.376  -19.971  62.630 0.0000000000
252689  37.393  -19.633  62.255 0.0000000000
90423  37.965  -21.644  61.165 0.0000000000
90424  37.568  -21.036  61.137 0.0000000000
213156  38.147  -21.437  61.074 0.0000000000
90434  38.245  -20.910  60.850 0.0000000000
89211  38.502  -21.790  61.367 0.0000000000
218031  44.367  -0.919  48.319 0.0000000000
216440  45.080  -0.424  48.194 0.0000000000
126190  44.731  -0.776  47.997 0.0000000000
243143  45.430  -1.130  46.775 0.0000000000
126211  46.112  -0.745  46.130 0.0000000000
126212  45.740  -1.299  46.295 0.0000000000
244077  46.016  -1.794  45.969 0.0000000000
125015  45.678  -1.985  46.225 0.0000000000
122731  45.533  -3.512  46.526 0.0000000000
122740  45.807  -3.234  46.222 0.0000000000
122739  46.242  -3.511  46.026 0.0000000000
65554  12.185  -35.526  84.314 0.0000000000
122678  41.063  -3.516  51.663 0.0000000000
121556  40.919  -4.012  51.511 0.0000000000
120338  40.655  -4.338  51.957 0.0000000000
117993  40.014  -5.794  51.982 0.0000000000
119136  40.347  -5.476  51.600 0.0000000000
118002  40.030  -6.321  51.844 0.0000000000
116835  40.204  -6.726  51.394 0.0000000000
233203  39.889  -7.153  51.600 0.0000000000
106804  37.239  -12.214  53.233 0.0000000000
106825  37.787  -12.004  52.890 0.0000000000
106803  37.686  -12.608  52.896 0.0000000000
239882  38.913  -14.154  53.012 0.0000000000
104319  39.217  -13.478  52.887 0.0000000000
233349  39.530  -13.888  53.036 0.0000000000
104318  39.865  -13.499  52.844 0.0000000000
104307  40.105  -14.009  53.129 0.0000000000
103012  40.800  -14.778  53.246 0.0000000000
101735  40.356  -15.060  53.568 0.0000000000
100431  39.841  -16.241  54.463 0.0000000000
100429  41.149  -16.113  54.516 0.0000000000
246642  41.013  -16.311  55.042 0.0000000000
100416  40.856  -16.380  55.635 0.0000000000
122671  41.344  -3.101  51.916 0.0000000000
73960  21.004  -30.784  74.434 0.0000000000
71716  19.332  -32.092  75.762 0.0000000000
71715  20.082  -32.273  75.718 0.0000000000
71704  20.475  -32.466  76.384 0.0000000000
71691  20.157  -32.836  76.795 0.0000000000
71679  19.766  -33.095  77.220 0.0000000000
71692  19.416  -32.848  76.696 0.0000000000
239650  17.639  -32.247  76.985 0.0000000000
70615  18.206  -32.749  77.023 0.0000000000
70608  17.618  -33.055  77.725 0.0000000000
70609  17.149  -32.683  77.664 0.0000000000
72666  14.019  -31.040  81.763 0.0000000000
70562  13.601  -31.739  81.026 0.0000000000
214869  13.496  -31.484  81.552 0.0000000000
71590  13.108  -31.772  81.930 0.0000000000
71589  13.627  -31.129  82.232 0.0000000000
71530  13.529  -30.685  84.485 0.0000000000
89118  31.563  -20.744  66.821 0.0000000000
210055  31.812  -20.830  66.151 0.0000000000
89132  32.396  -20.699  65.745 0.0000000000
89133  31.747  -21.256  65.547 0.0000000000
87903  31.137  -21.920  65.306 0.0000000000
86689  29.951  -23.333  65.888 0.0000000000
85417  30.009  -24.046  65.921 0.0000000000
84123  30.340  -24.592  65.898 0.0000000000
85404  29.891  -24.524  66.183 0.0000000000
81366  26.724  -27.072  70.204 0.0000000000
80017  27.167  -27.627  70.652 0.0000000000
104183  33.237  -13.760  60.326 0.0000000000
97747  36.939  -16.990  61.017 0.0000000000
99051  36.744  -16.688  60.956 0.0000000000
99050  37.375  -16.309  61.106 0.0000000000
101563  38.785  -15.230  61.797 0.0000000000
101570  37.726  -15.496  60.923 0.0000000000
101569  38.150  -15.179  60.957 0.0000000000
68197  10.141  -34.004  85.069 0.0000000000
113124  38.385  -8.270  54.530 0.0000000000
212430  36.979  -10.352  54.527 0.0000000000
108064  36.939  -11.260  53.686 0.0000000000
108055  36.727  -11.389  54.142 0.0000000000
106783  36.343  -12.161  54.662 0.0000000000
106794  36.583  -11.970  54.166 0.0000000000
211402  36.601  -12.541  54.183 0.0000000000
218450  36.682  -13.141  54.139 0.0000000000
104267  36.434  -13.546  54.538 0.0000000000
78798  25.530  -28.465  71.973 0.0000000000
77546  25.692  -28.776  72.367 0.0000000000
78799  24.726  -28.280  71.866 0.0000000000
78801  23.472  -27.706  72.063 0.0000000000
77549  23.669  -28.286  72.207 0.0000000000
77536  23.215  -28.645  72.426 0.0000000000
76373  22.762  -29.065  72.738 0.0000000000
82651  22.522  -25.970  72.614 0.0000000000
81334  22.775  -26.475  72.232 0.0000000000
81335  22.430  -26.488  72.656 0.0000000000
78759  21.284  -27.883  73.471 0.0000000000
227680  21.615  -28.520  73.231 0.0000000000
77526  21.189  -28.656  73.509 0.0000000000
76360  21.133  -29.325  73.573 0.0000000000
76341  20.751  -28.852  73.852 0.0000000000
77509  19.687  -28.210  75.052 0.0000000000
77518  19.938  -28.589  74.539 0.0000000000
76331  19.541  -28.827  74.811 0.0000000000
76332  19.104  -29.123  75.093 0.0000000000
87871  28.962  -21.877  68.105 0.0000000000
228453  28.809  -21.889  68.420 0.0000000000
252349  26.750  -22.596  68.676 0.0000000000
86645  27.262  -22.880  68.247 0.0000000000
86646  26.839  -23.421  68.290 0.0000000000
85383  26.966  -24.157  68.136 0.0000000000
85369  26.475  -24.026  68.442 0.0000000000
84046  25.199  -25.001  69.697 0.0000000000
229231  25.290  -24.434  69.492 0.0000000000
84058  25.550  -24.851  69.308 0.0000000000
84057  25.957  -25.051  68.955 0.0000000000
82700  25.682  -25.406  69.373 0.0000000000
82682  25.944  -25.988  69.585 0.0000000000
82683  25.409  -25.712  69.788 0.0000000000
79996  24.804  -27.418  71.291 0.0000000000
81347  25.257  -27.225  71.026 0.0000000000
79995  25.447  -27.828  71.283 0.0000000000
211587  25.779  -28.209  71.704 0.0000000000
98989  33.016  -16.636  65.005 0.0000000000
210599  32.677  -16.159  64.620 0.0000000000
99005  32.720  -16.599  64.183 0.0000000000
96435  33.889  -18.213  62.469 0.0000000000
97722  33.527  -17.939  63.122 0.0000000000
96444  33.987  -18.154  61.872 0.0000000000
96458  33.966  -17.918  61.368 0.0000000000
95171  34.459  -18.316  61.401 0.0000000000
94002  36.882  -18.840  61.814 0.0000000000
95170  36.272  -18.498  62.146 0.0000000000
95190  37.226  -18.611  61.034 0.0000000000
95191  36.709  -18.381  61.304 0.0000000000
96467  36.154  -17.950  61.264 0.0000000000
96466  36.905  -17.991  61.163 0.0000000000
96454  37.051  -17.483  61.089 0.0000000000
96450  39.685  -18.080  61.512 0.0000000000
129856  46.735  0.898  47.671 0.0000000000
131167  49.047  1.311  44.065 0.0000000000
127450  48.469  -0.616  43.567 0.0000000000
126239  48.836  -0.739  43.187 0.0000000000
126233  48.448  -1.116  43.559 0.0000000000
126223  47.169  -1.387  44.838 0.0000000000
125026  47.067  -1.943  44.914 0.0000000000
122768  48.066  -3.025  44.513 0.0000000000
123881  47.852  -2.457  44.360 0.0000000000
122778  48.284  -2.713  44.081 0.0000000000
123888  48.543  -2.348  43.688 0.0000000000
122711  43.316  -3.109  48.794 0.0000000000
121594  43.610  -3.644  48.714 0.0000000000
121584  43.058  -3.669  49.065 0.0000000000
252649  42.771  -4.532  49.578 0.0000000000
120363  43.154  -4.880  49.554 0.0000000000
119155  43.170  -5.407  49.823 0.0000000000
118020  43.764  -5.858  49.843 0.0000000000
118021  43.069  -5.990  50.009 0.0000000000
120354  41.037  -4.826  50.820 0.0000000000
119144  41.496  -5.206  50.364 0.0000000000
118010  41.459  -5.789  50.501 0.0000000000
116843  42.084  -7.148  50.391 0.0000000000
116861  42.125  -6.584  50.291 0.0000000000
115638  42.578  -7.027  50.301 0.0000000000
241284  43.060  -6.962  50.192 0.0000000000
114411  43.360  -7.822  50.331 0.0000000000
114410  43.805  -8.329  50.211 0.0000000000
114392  43.184  -8.362  50.470 0.0000000000
110577  42.940  -9.842  50.766 0.0000000000
110576  43.520  -9.883  50.615 0.0000000000
110559  43.263  -10.389  50.801 0.0000000000
117985  39.179  -6.259  53.301 0.0000000000
116805  38.852  -6.761  53.567 0.0000000000
113147  38.783  -8.898  51.772 0.0000000000
115604  38.802  -7.523  52.262 0.0000000000
114386  39.061  -8.416  51.571 0.0000000000
114385  39.614  -8.284  51.293 0.0000000000
113157  39.329  -8.876  51.387 0.0000000000
108093  38.584  -11.285  52.300 0.0000000000
109319  38.536  -10.681  52.237 0.0000000000
213409  39.173  -11.325  52.111 0.0000000000
109316  40.109  -11.085  51.748 0.0000000000
109333  40.435  -10.602  51.483 0.0000000000
110564  40.105  -10.080  51.355 0.0000000000
109332  41.030  -10.657  51.333 0.0000000000
109331  41.661  -10.743  51.188 0.0000000000
109314  41.322  -11.199  51.481 0.0000000000
86733  36.345  -24.017  62.821 0.0000000000
85469  36.514  -24.344  63.318 0.0000000000
85446  37.552  -24.722  64.552 0.0000000000
85456  37.324  -24.422  64.018 0.0000000000
126179  44.094  -0.553  49.387 0.0000000000
214968  43.710  -0.937  49.711 0.0000000000
124987  43.185  -1.840  49.048 0.0000000000
123838  43.151  -2.442  48.860 0.0000000000
123837  43.519  -2.738  48.447 0.0000000000
76370  25.130  -29.558  72.980 0.0000000000
76356  25.803  -29.752  73.324 0.0000000000
75189  25.311  -30.159  73.463 0.0000000000
72771  22.182  -31.495  75.128 0.0000000000
229875  19.569  -33.449  79.328 0.0000000000
76317  18.282  -28.820  76.593 0.0000000000
75121  16.847  -29.616  77.931 0.0000000000
76299  17.114  -29.069  78.251 0.0000000000
75130  17.474  -29.514  77.087 0.0000000000
75131  17.137  -30.055  77.368 0.0000000000
73918  17.280  -30.805  76.898 0.0000000000
73919  16.869  -30.739  77.366 0.0000000000
71665  15.584  -31.681  78.339 0.0000000000
229939  16.472  -31.752  77.691 0.0000000000
71664  16.165  -32.203  78.048 0.0000000000
70600  16.736  -32.813  77.998 0.0000000000
72678  14.491  -31.243  79.817 0.0000000000
72677  14.966  -30.844  79.537 0.0000000000
229694  14.367  -32.050  79.562 0.0000000000
69489  14.558  -33.582  79.411 0.0000000000
233546  15.219  -33.759  79.186 0.0000000000
69502  15.537  -33.315  78.646 0.0000000000
247265  15.541  -34.096  79.457 0.0000000000
68274  15.849  -34.386  79.705 0.0000000000
68262  15.650  -34.579  80.187 0.0000000000
68250  14.796  -34.549  80.890 0.0000000000
66956  15.414  -34.847  80.666 0.0000000000
66943  15.230  -35.062  81.245 0.0000000000
66933  13.638  -34.857  82.105 0.0000000000
66919  14.093  -35.316  82.525 0.0000000000
66920  13.457  -35.071  82.647 0.0000000000
65586  13.822  -35.484  83.059 0.0000000000
70547  12.758  -32.216  82.262 0.0000000000
69452  12.996  -33.047  82.028 0.0000000000
213700  12.578  -33.024  82.597 0.0000000000
68220  12.297  -34.600  83.076 0.0000000000
68221  11.840  -34.258  83.364 0.0000000000
69429  11.182  -33.135  83.787 0.0000000000
71506  12.155  -31.003  85.328 0.0000000000
70491  11.266  -31.319  85.013 0.0000000000
69418  10.846  -32.576  84.228 0.0000000000
70506  10.820  -31.868  84.555 0.0000000000
70507  10.230  -31.914  84.561 0.0000000000
90403  36.410  -21.704  62.552 0.0000000000
87947  34.492  -22.189  62.819 0.0000000000
215976  34.892  -21.579  62.967 0.0000000000
213872  34.851  -22.394  62.778 0.0000000000
87974  35.057  -22.627  62.367 0.0000000000
87961  34.750  -22.664  62.550 0.0000000000
86746  35.263  -23.732  62.561 0.0000000000
86747  34.754  -23.454  62.551 0.0000000000
85474  33.490  -24.207  63.348 0.0000000000
85451  33.634  -24.778  63.934 0.0000000000
85450  34.372  -25.083  64.009 0.0000000000
86701  31.139  -23.466  64.592 0.0000000000
84119  32.772  -25.623  65.787 0.0000000000
84118  33.441  -25.808  65.813 0.0000000000
233085  33.897  -25.694  65.379 0.0000000000
241980  33.671  -26.020  66.323 0.0000000000
86657  28.644  -22.612  67.329 0.0000000000
86670  29.257  -22.873  66.697 0.0000000000
84079  28.679  -25.466  67.488 0.0000000000
84095  28.769  -24.905  67.087 0.0000000000
82742  29.134  -25.572  67.290 0.0000000000
82728  29.521  -26.145  67.638 0.0000000000
221488  28.351  -27.147  69.513 0.0000000000
81405  28.204  -26.707  69.138 0.0000000000
224127  28.694  -26.874  69.182 0.0000000000
80049  30.299  -27.622  69.572 0.0000000000
81403  29.937  -27.327  69.066 0.0000000000
81417  30.288  -26.998  68.562 0.0000000000
81432  30.614  -26.718  68.023 0.0000000000
120371  44.564  -4.802  48.576 0.0000000000
119171  44.905  -5.200  48.968 0.0000000000
106737  35.440  -11.738  56.713 0.0000000000
106753  35.281  -12.199  56.452 0.0000000000
104244  35.011  -13.768  56.189 0.0000000000
105518  35.357  -13.329  55.811 0.0000000000
104256  35.377  -14.040  55.827 0.0000000000
102963  36.152  -14.086  54.978 0.0000000000
102949  36.171  -14.790  55.300 0.0000000000
100291  32.007  -15.765  62.906 0.0000000000
101553  32.133  -15.097  62.408 0.0000000000
100303  32.165  -15.743  62.094 0.0000000000
100333  32.903  -15.956  60.141 0.0000000000
101588  32.731  -15.381  60.597 0.0000000000
217633  33.164  -15.596  59.735 0.0000000000
101604  33.172  -14.970  59.592 0.0000000000
100350  33.429  -15.560  59.291 0.0000000000
100331  35.193  -16.036  60.278 0.0000000000
100332  34.537  -16.062  60.260 0.0000000000
100341  34.922  -16.080  59.697 0.0000000000
248733  34.865  -16.093  59.012 0.0000000000
100363  34.853  -15.979  58.595 0.0000000000
101634  34.629  -15.408  58.380 0.0000000000
100377  34.936  -15.670  57.969 0.0000000000
101644  34.981  -15.327  57.309 0.0000000000
100376  35.491  -15.836  57.590 0.0000000000
210281  36.796  -16.268  56.629 0.0000000000
100405  36.203  -15.971  56.565 0.0000000000
209241  36.871  -16.087  56.044 0.0000000000
100418  37.116  -16.152  55.554 0.0000000000
208813  37.729  -16.432  55.760 0.0000000000
238590  38.136  -16.410  55.339 0.0000000000
243432  38.387  -16.604  55.972 0.0000000000
100384  40.086  -16.209  57.337 0.0000000000
218938  37.741  -23.492  62.777 0.0000000000
233218  37.809  -23.251  62.132 0.0000000000
86729  38.294  -23.205  62.855 0.0000000000
87944  40.390  -22.896  63.374 0.0000000000
87957  39.415  -22.648  62.797 0.0000000000
89181  40.088  -22.562  62.872 0.0000000000
90401  40.014  -21.725  62.040 0.0000000000
90392  41.057  -21.837  62.551 0.0000000000
91602  41.424  -20.606  62.707 0.0000000000
92826  41.435  -19.836  62.802 0.0000000000
128700  52.889  0.479  38.988 0.0000000000
129931  53.196  1.336  38.778 0.0000000000
127518  53.105  -0.249  38.363 0.0000000000
129879  49.544  0.716  42.977 0.0000000000
127467  50.638  -0.398  41.650 0.0000000000
227983  50.662  0.004  41.719 0.0000000000
127485  51.015  -0.042  41.355 0.0000000000
123944  52.446  -2.082  40.543 0.0000000000
125089  52.011  -1.806  40.838 0.0000000000
125100  52.187  -1.521  40.306 0.0000000000
126290  51.602  -0.617  40.483 0.0000000000
126289  52.021  -0.912  40.192 0.0000000000
126299  52.283  -0.604  39.816 0.0000000000
125110  52.406  -1.195  39.826 0.0000000000
121622  45.534  -3.971  46.820 0.0000000000
216648  45.989  -4.308  46.871 0.0000000000
120398  45.708  -4.398  47.312 0.0000000000
120384  45.598  -4.776  47.887 0.0000000000
221166  37.006  -21.055  62.188 0.0000000000
89214  37.090  -21.986  61.547 0.0000000000
89213  37.562  -22.271  61.300 0.0000000000
87981  37.909  -22.717  61.385 0.0000000000
124999  44.008  -1.948  48.028 0.0000000000
222962  44.356  -1.954  47.606 0.0000000000
125009  44.910  -2.014  46.983 0.0000000000
123862  45.317  -2.323  46.503 0.0000000000
66889  11.292  -35.011  84.646 0.0000000000
120330  40.635  -4.081  52.742 0.0000000000
120331  40.365  -4.492  53.258 0.0000000000
119122  40.080  -5.038  52.868 0.0000000000
119129  39.751  -5.540  52.554 0.0000000000
105569  37.765  -13.212  52.922 0.0000000000
248169  37.893  -13.724  52.971 0.0000000000
237945  38.226  -14.091  52.955 0.0000000000
101737  39.082  -14.849  53.355 0.0000000000
101736  39.760  -14.952  53.500 0.0000000000
101714  39.358  -15.340  53.837 0.0000000000
100451  39.040  -15.800  54.141 0.0000000000
99135  39.434  -16.402  54.937 0.0000000000
73962  19.551  -30.399  74.641 0.0000000000
72774  20.045  -31.375  74.743 0.0000000000
72775  19.442  -31.085  74.925 0.0000000000
245142  19.208  -31.489  75.350 0.0000000000
71707  18.679  -32.043  76.120 0.0000000000
238236  18.032  -32.035  76.517 0.0000000000
72652  13.988  -30.593  82.657 0.0000000000
87904  30.613  -22.269  65.742 0.0000000000
87895  30.335  -21.798  66.394 0.0000000000
87896  29.811  -22.367  66.452 0.0000000000
79993  26.938  -27.811  71.220 0.0000000000
79969  27.361  -28.031  71.823 0.0000000000
104156  32.609  -13.600  62.161 0.0000000000
240244  38.686  -16.809  61.535 0.0000000000
99041  37.934  -15.999  61.404 0.0000000000
99039  38.960  -16.374  61.830 0.0000000000
233672  36.400  -11.218  55.419 0.0000000000
106767  36.162  -11.806  55.297 0.0000000000
106784  36.176  -12.357  55.063 0.0000000000
79972  24.406  -27.702  71.603 0.0000000000
79973  23.782  -27.402  71.732 0.0000000000
78802  23.037  -27.481  72.233 0.0000000000
79955  21.844  -26.888  73.141 0.0000000000
79943  21.509  -26.825  73.515 0.0000000000
79944  21.288  -27.140  73.747 0.0000000000
78741  20.879  -27.442  73.985 0.0000000000
86604  24.665  -23.480  70.952 0.0000000000
86619  24.961  -23.567  70.269 0.0000000000
85347  24.647  -24.184  70.467 0.0000000000
84047  24.747  -24.859  70.131 0.0000000000
81387  25.091  -26.037  70.229 0.0000000000
81369  24.469  -26.081  70.562 0.0000000000
81348  24.570  -26.672  71.048 0.0000000000
99004  33.346  -17.264  64.544 0.0000000000
97707  33.934  -17.932  64.436 0.0000000000
96424  34.126  -18.283  63.092 0.0000000000
96434  34.628  -18.484  62.562 0.0000000000
92861  37.620  -20.148  60.683 0.0000000000
92862  37.350  -19.643  60.824 0.0000000000
94019  37.704  -19.613  60.573 0.0000000000
235354  37.766  -19.081  60.592 0.0000000000
95188  38.111  -18.674  60.762 0.0000000000
96464  37.993  -18.141  60.968 0.0000000000
95179  38.703  -18.661  60.906 0.0000000000
95178  39.376  -18.615  61.166 0.0000000000
95157  40.616  -18.665  61.967 0.0000000000
128634  46.432  0.444  46.727 0.0000000000
129862  46.716  0.921  46.366 0.0000000000
128639  48.414  0.449  44.152 0.0000000000
128640  47.971  0.097  44.502 0.0000000000
127443  47.807  -0.539  44.378 0.0000000000
122761  46.805  -2.817  45.338 0.0000000000
123875  47.147  -2.496  45.007 0.0000000000
122760  47.331  -3.074  45.125 0.0000000000
122759  47.839  -3.313  44.900 0.0000000000
121658  48.264  -3.636  44.709 0.0000000000
121657  48.739  -3.965  44.515 0.0000000000
120430  48.469  -4.199  45.062 0.0000000000
122705  42.468  -3.358  49.436 0.0000000000
120364  42.315  -4.353  49.806 0.0000000000
118011  41.047  -6.062  50.776 0.0000000000
116862  41.534  -6.349  50.515 0.0000000000
116845  41.040  -6.652  50.718 0.0000000000
115622  41.839  -7.566  50.620 0.0000000000
114394  42.207  -8.124  50.644 0.0000000000
242590  42.701  -8.405  50.579 0.0000000000
113167  42.367  -8.758  50.698 0.0000000000
111838  41.955  -9.289  50.767 0.0000000000
110560  42.658  -10.320  50.970 0.0000000000
114358  38.165  -7.904  53.561 0.0000000000
115595  38.274  -7.645  53.156 0.0000000000
114367  38.094  -8.093  53.011 0.0000000000
113148  38.389  -8.664  52.257 0.0000000000
111813  38.744  -9.549  51.876 0.0000000000
106821  39.899  -12.505  52.542 0.0000000000
108092  39.715  -11.599  52.074 0.0000000000
106839  40.144  -12.100  52.204 0.0000000000
106838  40.774  -12.128  52.084 0.0000000000
106837  41.417  -12.149  51.973 0.0000000000
108089  41.647  -11.691  51.693 0.0000000000
106818  41.945  -12.736  52.014 0.0000000000
85459  35.432  -24.948  63.458 0.0000000000
85458  36.198  -24.768  63.628 0.0000000000
245488  36.546  -24.968  64.045 0.0000000000
85429  37.187  -25.073  64.910 0.0000000000
124968  42.772  -1.376  51.609 0.0000000000
124976  42.729  -1.380  50.876 0.0000000000
218167  42.811  -1.411  50.328 0.0000000000
123824  42.686  -1.678  49.874 0.0000000000
218629  42.990  -1.628  49.477 0.0000000000
123831  42.370  -2.682  49.597 0.0000000000
75202  23.771  -30.035  72.992 0.0000000000
228231  24.752  -30.431  73.794 0.0000000000
73984  24.031  -30.475  73.554 0.0000000000
224478  23.790  -30.923  74.438 0.0000000000
70588  19.083  -33.820  78.901 0.0000000000
69498  18.636  -34.136  79.295 0.0000000000
69485  18.763  -34.080  79.961 0.0000000000
69477  18.366  -34.476  80.288 0.0000000000
68260  17.217  -34.837  80.421 0.0000000000
75110  16.600  -29.299  78.487 0.0000000000
73888  16.456  -30.126  78.195 0.0000000000
73903  16.538  -30.736  77.753 0.0000000000
73889  15.989  -30.371  78.562 0.0000000000
72695  15.697  -30.974  78.394 0.0000000000
70581  14.021  -32.437  79.945 0.0000000000
69490  14.125  -33.242  79.866 0.0000000000
68275  14.487  -33.807  80.038 0.0000000000
66944  14.535  -34.859  81.396 0.0000000000
66945  13.862  -34.631  81.552 0.0000000000
69437  11.793  -32.713  83.345 0.0000000000
69438  11.597  -33.358  83.438 0.0000000000
70519  11.550  -32.003  84.093 0.0000000000
71508  11.077  -31.062  85.286 0.0000000000
89184  33.782  -22.160  62.904 0.0000000000
241987  33.813  -23.064  62.606 0.0000000000
87949  33.414  -22.809  62.816 0.0000000000
86723  32.987  -23.692  63.225 0.0000000000
85462  32.946  -24.276  63.606 0.0000000000
85415  31.119  -24.715  65.349 0.0000000000
84133  31.804  -25.080  65.284 0.0000000000
84120  32.120  -25.606  65.705 0.0000000000
84107  32.461  -25.951  66.167 0.0000000000
84093  32.791  -26.181  66.684 0.0000000000
85381  28.024  -24.333  67.477 0.0000000000
84080  28.271  -25.041  67.574 0.0000000000
82730  28.404  -25.726  67.941 0.0000000000
80033  29.280  -27.625  70.222 0.0000000000
81383  28.936  -27.384  69.619 0.0000000000
80032  29.970  -27.708  70.173 0.0000000000
119153  44.186  -5.491  49.471 0.0000000000
118040  44.804  -5.615  49.443 0.0000000000
251129  44.967  -6.075  49.775 0.0000000000
116856  45.895  -6.694  49.639 0.0000000000
216658  34.236  -12.635  57.980 0.0000000000
105479  34.515  -12.555  57.485 0.0000000000
105505  34.979  -12.694  56.584 0.0000000000
105492  34.557  -13.124  57.053 0.0000000000
104235  34.485  -13.755  56.942 0.0000000000
242939  34.861  -14.693  56.553 0.0000000000
99042  32.719  -16.929  61.528 0.0000000000
99056  32.580  -16.430  61.121 0.0000000000
99055  33.075  -16.880  60.918 0.0000000000
241242  33.320  -16.725  60.648 0.0000000000
100342  33.750  -16.154  59.993 0.0000000000
101603  36.404  -16.323  59.587 0.0000000000
211561  35.498  -16.277  59.247 0.0000000000
100347  36.141  -16.377  58.916 0.0000000000
100361  36.131  -16.430  58.428 0.0000000000
210705  35.765  -16.310  58.060 0.0000000000
100375  36.115  -16.146  57.582 0.0000000000
246339  36.595  -16.407  57.595 0.0000000000
210231  36.976  -16.454  57.347 0.0000000000
243458  37.908  -16.818  57.388 0.0000000000
100401  38.683  -16.674  56.702 0.0000000000
100371  38.740  -16.590  57.891 0.0000000000
86719  38.857  -23.827  64.027 0.0000000000
87937  39.317  -23.485  63.607 0.0000000000
87936  39.987  -23.352  63.749 0.0000000000
87935  40.663  -23.177  63.926 0.0000000000
89159  41.217  -22.874  64.159 0.0000000000
129932  52.927  0.934  39.131 0.0000000000
127513  52.848  -0.145  39.028 0.0000000000
127463  49.515  -0.323  42.707 0.0000000000
128647  49.787  -0.028  42.618 0.0000000000
250494  49.908  -0.771  42.175 0.0000000000
126262  50.192  -0.709  41.920 0.0000000000
126261  50.635  -0.916  41.599 0.0000000000
123933  52.643  -2.662  40.736 0.0000000000
123943  52.841  -2.404  40.218 0.0000000000
123954  53.025  -2.188  39.681 0.0000000000
123942  53.281  -2.745  39.899 0.0000000000
84028  23.367  -25.186  71.788 0.0000000000
82661  23.269  -25.809  71.721 0.0000000000
229278  23.042  -25.396  72.099 0.0000000000
82643  22.679  -25.309  72.608 0.0000000000
85336  24.254  -24.139  70.962 0.0000000000
84027  23.623  -24.900  71.330 0.0000000000
121629  47.164  -4.182  46.267 0.0000000000
120415  47.456  -4.605  46.813 0.0000000000
211890  47.643  -4.856  47.334 0.0000000000
120409  46.433  -4.598  47.271 0.0000000000
217382  47.711  -5.048  47.840 0.0000000000
210173  36.886  -18.667  63.006 0.0000000000
95158  36.460  -18.388  62.638 0.0000000000
94001  37.243  -19.409  61.882 0.0000000000
210880  37.288  -19.930  61.212 0.0000000000
91628  37.275  -20.667  61.478 0.0000000000
91627  37.418  -20.343  60.923 0.0000000000
91636  37.905  -20.530  60.699 0.0000000000
91626  38.750  -20.791  60.953 0.0000000000
91619  39.771  -20.807  61.363 0.0000000000
127402  45.485  -0.056  48.081 0.0000000000
127409  45.596  -0.274  47.413 0.0000000000
215081  44.906  -1.071  47.523 0.0000000000
126203  45.297  -0.789  47.195 0.0000000000
128633  46.007  0.065  47.045 0.0000000000
126218  46.508  -0.884  45.689 0.0000000000
126224  46.911  -0.933  45.136 0.0000000000
219178  46.545  -1.336  45.521 0.0000000000
125020  46.396  -1.854  45.662 0.0000000000
123867  46.428  -2.514  45.650 0.0000000000
123861  45.703  -2.609  46.171 0.0000000000
122750  46.522  -3.145  45.700 0.0000000000
121641  46.747  -3.696  45.931 0.0000000000
236170  12.841  -35.812  84.410 0.0000000000
122687  41.456  -3.317  50.758 0.0000000000
121563  41.395  -3.853  50.600 0.0000000000
122688  41.119  -3.646  51.087 0.0000000000
121564  41.110  -4.221  50.974 0.0000000000
119135  40.678  -5.145  51.218 0.0000000000
120347  40.436  -4.888  51.732 0.0000000000
118000  40.647  -5.758  51.141 0.0000000000
118012  40.610  -6.376  51.027 0.0000000000
116846  40.570  -6.982  50.884 0.0000000000
114384  40.131  -7.923  51.064 0.0000000000
109307  37.641  -10.841  52.999 0.0000000000
110543  37.887  -10.313  52.820 0.0000000000
108077  37.970  -11.398  52.743 0.0000000000
108076  38.393  -11.904  52.602 0.0000000000
106823  38.694  -12.410  52.618 0.0000000000
105586  38.281  -12.853  52.803 0.0000000000
105585  38.935  -12.934  52.768 0.0000000000
106822  39.307  -12.459  52.564 0.0000000000
104317  40.626  -13.679  52.816 0.0000000000
104305  41.580  -14.312  52.531 0.0000000000
102983  41.955  -15.228  53.211 0.0000000000
101710  42.081  -15.557  53.797 0.0000000000
226515  40.480  -15.454  53.901 0.0000000000
100447  41.606  -15.888  54.169 0.0000000000
100446  42.265  -15.849  54.413 0.0000000000
84116  35.422  -25.730  66.005 0.0000000000
84115  36.052  -25.800  66.274 0.0000000000
216571  36.031  -26.032  66.795 0.0000000000
123805  41.666  -2.798  51.527 0.0000000000
75181  21.679  -30.119  73.835 0.0000000000
73975  22.499  -30.777  74.244 0.0000000000
72786  21.565  -30.798  74.436 0.0000000000
72772  21.495  -31.348  74.875 0.0000000000
72757  21.117  -31.837  75.342 0.0000000000
72758  20.421  -31.873  75.204 0.0000000000
71713  21.345  -32.153  75.892 0.0000000000
70606  19.337  -33.338  77.677 0.0000000000
70614  19.023  -32.971  77.102 0.0000000000
224206  18.696  -33.193  77.473 0.0000000000
70598  18.796  -33.592  78.086 0.0000000000
70599  17.990  -33.483  78.045 0.0000000000
69510  17.641  -33.777  78.438 0.0000000000
72673  14.435  -30.995  80.566 0.0000000000
71620  13.990  -31.354  80.791 0.0000000000
251531  13.543  -32.302  80.850 0.0000000000
70554  13.321  -32.967  81.563 0.0000000000
71573  13.576  -30.918  82.954 0.0000000000
71559  13.608  -30.734  83.511 0.0000000000
71560  13.130  -31.169  83.389 0.0000000000
71546  13.057  -31.057  84.026 0.0000000000
71531  13.136  -30.932  84.552 0.0000000000
89144  32.362  -21.215  65.016 0.0000000000
89145  31.984  -21.914  64.469 0.0000000000
87929  31.781  -22.545  63.983 0.0000000000
87915  31.328  -22.454  64.579 0.0000000000
85437  30.827  -23.850  65.153 0.0000000000
86688  30.334  -23.200  65.516 0.0000000000
84122  30.827  -24.971  65.740 0.0000000000
82748  30.883  -25.771  66.496 0.0000000000
82698  26.794  -26.085  69.205 0.0000000000
242114  27.157  -25.952  68.846 0.0000000000
81406  27.326  -26.397  69.295 0.0000000000
247919  27.480  -26.835  69.661 0.0000000000
81384  27.926  -27.308  69.818 0.0000000000
80016  27.751  -27.647  70.731 0.0000000000
80015  28.115  -27.556  70.494 0.0000000000
246270  28.598  -27.534  70.840 0.0000000000
114408  44.910  -8.016  50.027 0.0000000000
224070  45.423  -8.309  49.961 0.0000000000
104191  33.572  -13.304  59.454 0.0000000000
104199  33.420  -13.958  59.157 0.0000000000
219067  35.475  -16.611  61.040 0.0000000000
99066  35.569  -16.225  60.650 0.0000000000
100330  35.899  -16.127  60.252 0.0000000000
100315  37.789  -15.696  61.236 0.0000000000
100316  37.177  -16.090  60.682 0.0000000000
101585  36.957  -15.986  60.021 0.0000000000
101584  37.463  -15.652  60.118 0.0000000000
101601  37.645  -15.622  59.769 0.0000000000
128661  51.812  1.034  40.829 0.0000000000
123898  49.750  -2.651  42.962 0.0000000000
123911  50.057  -2.174  42.545 0.0000000000
68196  10.459  -34.079  84.923 0.0000000000
116798  39.137  -6.682  54.142 0.0000000000
115580  38.905  -7.168  54.117 0.0000000000
114348  38.129  -8.296  53.973 0.0000000000
234447  37.873  -8.776  53.714 0.0000000000
111800  37.527  -9.630  53.681 0.0000000000
111789  37.455  -9.377  54.347 0.0000000000
110536  37.525  -10.243  53.332 0.0000000000
109296  37.229  -10.797  53.529 0.0000000000
105571  36.874  -12.394  53.721 0.0000000000
105554  36.958  -13.393  53.603 0.0000000000
102961  37.074  -14.636  54.069 0.0000000000
77532  26.608  -28.629  72.960 0.0000000000
76368  26.101  -28.873  72.767 0.0000000000
77533  25.430  -29.139  72.601 0.0000000000
77548  24.361  -28.591  72.119 0.0000000000
77535  23.953  -28.925  72.389 0.0000000000
76371  24.279  -29.583  72.673 0.0000000000
76357  22.987  -29.895  72.880 0.0000000000
79975  22.725  -27.019  72.373 0.0000000000
78778  22.617  -27.566  72.480 0.0000000000
78779  22.094  -27.522  72.845 0.0000000000
246495  22.502  -28.243  72.623 0.0000000000
76374  22.104  -28.782  72.969 0.0000000000
75192  21.935  -29.917  73.435 0.0000000000
235297  21.151  -29.850  73.808 0.0000000000
73978  20.585  -30.002  74.137 0.0000000000
76342  20.330  -29.134  74.206 0.0000000000
75182  20.065  -29.559  74.375 0.0000000000
75164  19.995  -30.037  74.427 0.0000000000
75166  19.056  -29.873  74.996 0.0000000000
75154  18.301  -29.699  75.745 0.0000000000
87885  29.277  -21.828  67.150 0.0000000000
87870  29.380  -21.576  67.993 0.0000000000
250037  28.288  -22.963  67.544 0.0000000000
87853  28.291  -22.055  68.535 0.0000000000
87873  27.857  -22.715  67.925 0.0000000000
218715  27.887  -23.570  67.543 0.0000000000
87854  26.037  -23.122  68.888 0.0000000000
85360  25.323  -23.726  69.594 0.0000000000
221389  25.671  -23.598  69.085 0.0000000000
85370  25.948  -23.835  68.659 0.0000000000
84070  26.174  -24.537  68.691 0.0000000000
84056  26.434  -25.187  68.727 0.0000000000
245560  26.718  -25.658  68.879 0.0000000000
249785  26.434  -26.184  69.469 0.0000000000
223545  26.273  -26.561  69.804 0.0000000000
81367  26.057  -26.919  70.267 0.0000000000
218567  25.539  -26.636  70.391 0.0000000000
80019  25.773  -27.234  70.710 0.0000000000
79994  26.293  -27.761  71.110 0.0000000000
78817  26.073  -28.008  71.477 0.0000000000
78797  26.384  -28.214  72.127 0.0000000000
102817  32.469  -14.793  63.695 0.0000000000
101525  32.447  -15.316  64.208 0.0000000000
99022  32.257  -16.240  63.572 0.0000000000
99032  32.229  -16.508  62.901 0.0000000000
97709  33.044  -17.128  63.894 0.0000000000
99031  32.630  -17.056  62.778 0.0000000000
216225  32.776  -17.146  62.157 0.0000000000
97740  33.117  -17.438  61.722 0.0000000000
97750  34.499  -17.372  61.107 0.0000000000
95159  35.822  -18.377  62.612 0.0000000000
210698  35.560  -18.564  61.966 0.0000000000
95161  34.924  -18.615  61.699 0.0000000000
94012  36.614  -18.523  61.463 0.0000000000
95180  35.837  -18.264  61.416 0.0000000000
95182  34.965  -18.433  61.016 0.0000000000
96457  35.030  -18.108  60.808 0.0000000000
97749  35.222  -17.248  61.116 0.0000000000
97748  35.885  -17.183  61.176 0.0000000000
236254  36.484  -17.199  61.140 0.0000000000
97746  37.490  -16.991  61.105 0.0000000000
96452  38.333  -17.759  61.069 0.0000000000
97744  38.783  -17.411  61.338 0.0000000000
129875  49.261  1.017  43.465 0.0000000000
129880  49.120  0.475  43.307 0.0000000000
128642  48.724  0.214  43.602 0.0000000000
128644  48.981  0.076  43.203 0.0000000000
127456  49.098  -0.256  43.061 0.0000000000
223896  49.258  -0.639  42.873 0.0000000000
126238  49.226  -1.092  42.892 0.0000000000
125047  49.225  -1.713  42.979 0.0000000000
126229  47.648  -1.243  44.389 0.0000000000
123882  47.449  -2.217  44.640 0.0000000000
125032  47.751  -1.876  44.323 0.0000000000
125039  48.051  -1.491  43.933 0.0000000000
125038  48.448  -1.744  43.599 0.0000000000
123900  48.831  -2.015  43.302 0.0000000000
123899  49.259  -2.313  43.121 0.0000000000
122709  44.030  -3.640  48.277 0.0000000000
121593  43.873  -4.087  48.593 0.0000000000
120386  44.022  -4.588  48.825 0.0000000000
120362  43.093  -4.375  49.246 0.0000000000
120373  43.573  -4.724  49.204 0.0000000000
211282  43.955  -4.927  49.147 0.0000000000
209463  44.242  -6.454  49.952 0.0000000000
116858  44.051  -7.066  50.045 0.0000000000
120365  41.925  -4.773  50.047 0.0000000000
119157  42.115  -5.455  50.105 0.0000000000
118023  41.907  -5.973  50.277 0.0000000000
118022  42.461  -6.016  50.138 0.0000000000
119156  42.686  -5.577  49.964 0.0000000000
209299  43.471  -7.253  50.168 0.0000000000
113180  44.436  -8.527  50.104 0.0000000000
111848  44.642  -9.067  50.339 0.0000000000
236424  44.783  -9.506  50.496 0.0000000000
111836  43.219  -9.354  50.625 0.0000000000
229410  44.022  -9.833  50.567 0.0000000000
116815  39.488  -5.896  52.971 0.0000000000
116825  39.298  -6.664  52.377 0.0000000000
115594  38.621  -7.228  52.932 0.0000000000
116826  38.962  -7.029  52.464 0.0000000000
115603  39.410  -7.239  51.986 0.0000000000
115613  39.738  -7.641  51.448 0.0000000000
221578  40.118  -8.441  50.988 0.0000000000
110552  38.254  -10.281  52.384 0.0000000000
110551  38.747  -10.193  52.011 0.0000000000
110566  39.145  -9.858  51.589 0.0000000000
109317  39.527  -10.972  51.878 0.0000000000
110550  39.297  -10.429  51.739 0.0000000000
110565  39.599  -10.090  51.491 0.0000000000
111825  39.675  -9.497  51.308 0.0000000000
111824  40.342  -9.582  51.142 0.0000000000
113155  40.539  -8.927  50.975 0.0000000000
110562  41.379  -10.132  51.015 0.0000000000
110561  42.038  -10.279  50.998 0.0000000000
109330  42.315  -10.809  51.164 0.0000000000
234712  42.267  -11.768  51.652 0.0000000000
108103  42.618  -11.353  51.359 0.0000000000
108102  43.281  -11.419  51.326 0.0000000000
86756  36.264  -23.473  62.373 0.0000000000
233224  36.991  -23.309  62.138 0.0000000000
86744  36.795  -23.639  62.697 0.0000000000
86731  37.284  -23.700  63.166 0.0000000000
86721  37.568  -23.855  63.793 0.0000000000
85457  36.762  -24.576  63.824 0.0000000000
86720  38.182  -23.777  63.952 0.0000000000
126184  44.194  -0.741  48.793 0.0000000000
124992  43.908  -1.315  48.455 0.0000000000
217317  43.526  -1.503  48.871 0.0000000000
123846  43.779  -2.484  48.113 0.0000000000
122722  43.870  -3.009  48.096 0.0000000000
211592  25.356  -30.359  74.094 0.0000000000
72784  22.636  -31.233  74.718 0.0000000000
76324  18.741  -28.706  75.583 0.0000000000
76325  18.434  -29.088  75.972 0.0000000000
76318  17.857  -29.164  76.823 0.0000000000
75143  17.718  -29.809  76.563 0.0000000000
73932  17.688  -30.507  76.480 0.0000000000
72722  17.446  -31.620  76.872 0.0000000000
238555  17.061  -32.004  77.325 0.0000000000
72707  16.359  -31.198  77.782 0.0000000000
69511  16.905  -33.459  78.315 0.0000000000
69501  16.412  -33.732  78.686 0.0000000000
71649  15.229  -31.901  78.695 0.0000000000
70590  14.750  -32.432  79.227 0.0000000000
70589  15.112  -32.490  78.844 0.0000000000
69488  16.753  -34.313  79.193 0.0000000000
243481  16.413  -34.463  79.587 0.0000000000
68248  16.680  -35.061  80.893 0.0000000000
68249  16.038  -34.919  80.567 0.0000000000
65570  13.444  -35.589  83.504 0.0000000000
210817  13.150  -33.681  81.581 0.0000000000
66921  12.820  -34.919  82.780 0.0000000000
66908  12.774  -35.264  83.376 0.0000000000
68213  11.498  -34.040  83.665 0.0000000000
71519  12.657  -31.049  85.051 0.0000000000
70504  11.758  -31.667  84.625 0.0000000000
224542  11.731  -31.068  85.270 0.0000000000
70490  11.875  -31.415  84.914 0.0000000000
69430  10.664  -33.444  84.579 0.0000000000
100264  33.285  -16.522  65.883 0.0000000000
90402  36.812  -21.192  62.387 0.0000000000
89204  36.124  -22.204  62.203 0.0000000000
89193  35.227  -22.275  62.488 0.0000000000
214441  35.513  -22.437  62.253 0.0000000000
225730  35.435  -22.931  62.309 0.0000000000
87960  35.624  -23.400  62.351 0.0000000000
85481  35.412  -24.164  62.808 0.0000000000
85471  35.173  -24.444  63.089 0.0000000000
86734  34.066  -23.522  62.628 0.0000000000
85472  34.580  -24.378  63.000 0.0000000000
85460  34.835  -24.750  63.280 0.0000000000
213356  34.773  -25.038  63.591 0.0000000000
85432  34.663  -25.387  64.478 0.0000000000
85414  34.894  -25.521  64.994 0.0000000000
86713  31.908  -23.380  63.790 0.0000000000
85463  32.457  -24.273  64.114 0.0000000000
85435  32.249  -24.811  64.803 0.0000000000
249818  32.839  -24.880  64.545 0.0000000000
85434  33.408  -24.962  64.583 0.0000000000
240585  33.760  -25.272  64.942 0.0000000000
84130  34.316  -25.507  64.954 0.0000000000
84117  34.699  -25.719  65.585 0.0000000000
84104  34.866  -26.079  66.357 0.0000000000
85405  29.299  -23.929  66.411 0.0000000000
85393  28.699  -24.183  66.938 0.0000000000
85392  29.052  -24.409  66.732 0.0000000000
82749  30.170  -25.386  66.503 0.0000000000
82740  30.530  -26.054  66.943 0.0000000000
82697  27.780  -26.291  68.905 0.0000000000
82713  28.102  -26.000  68.417 0.0000000000
82712  28.673  -26.217  68.336 0.0000000000
81404  29.283  -27.086  69.167 0.0000000000
81418  29.597  -26.899  68.622 0.0000000000
81434  29.254  -26.461  68.183 0.0000000000
82727  30.205  -26.320  67.518 0.0000000000
82726  30.931  -26.479  67.460 0.0000000000
82725  31.634  -26.500  67.495 0.0000000000
121591  44.865  -4.524  48.078 0.0000000000
120385  45.178  -5.033  48.396 0.0000000000
119183  45.880  -5.181  48.468 0.0000000000
208729  45.410  -5.593  49.229 0.0000000000
119170  46.089  -5.496  49.094 0.0000000000
213198  45.944  -8.222  49.794 0.0000000000
108018  35.853  -11.491  56.477 0.0000000000
106768  35.919  -12.311  55.534 0.0000000000
105536  36.078  -12.714  55.164 0.0000000000
243331  35.084  -13.147  56.195 0.0000000000
105517  35.715  -12.884  55.494 0.0000000000
104268  36.085  -13.258  55.027 0.0000000000
238278  36.578  -14.304  54.473 0.0000000000
101697  36.757  -14.986  54.623 0.0000000000
102831  32.363  -14.294  63.189 0.0000000000
102840  32.141  -14.447  62.654 0.0000000000
102869  32.579  -14.657  61.415 0.0000000000
100318  32.338  -15.845  61.397 0.0000000000
101573  32.561  -15.272  61.120 0.0000000000
102882  33.013  -14.255  60.552 0.0000000000
236213  33.169  -14.329  60.015 0.0000000000
247965  33.254  -14.339  59.514 0.0000000000
102900  33.781  -14.723  58.532 0.0000000000
232091  34.374  -16.413  60.690 0.0000000000
99068  34.002  -16.267  60.382 0.0000000000
100348  34.733  -16.039  59.109 0.0000000000
100349  33.962  -15.890  59.381 0.0000000000
101619  33.786  -15.410  58.845 0.0000000000
101635  34.308  -15.085  58.592 0.0000000000
101646  34.116  -14.596  58.034 0.0000000000
101645  34.550  -15.014  57.701 0.0000000000
101656  34.664  -14.790  57.002 0.0000000000
101669  35.215  -14.914  56.354 0.0000000000
100389  35.874  -15.895  57.045 0.0000000000
245253  35.727  -15.638  56.530 0.0000000000
101683  35.869  -15.023  55.726 0.0000000000
101682  36.232  -15.306  55.549 0.0000000000
101681  36.938  -15.634  55.031 0.0000000000
101696  37.266  -15.369  54.471 0.0000000000
100432  38.277  -16.096  54.793 0.0000000000
99120  38.785  -16.434  55.331 0.0000000000
99118  39.861  -16.563  55.414 0.0000000000
100400  39.305  -16.548  56.655 0.0000000000
99108  39.636  -16.590  56.046 0.0000000000
100417  40.333  -16.467  55.929 0.0000000000
86755  37.483  -23.183  61.802 0.0000000000
86754  37.840  -23.157  61.614 0.0000000000
89202  38.311  -22.373  61.555 0.0000000000
87958  38.771  -22.767  62.608 0.0000000000
89191  39.115  -22.312  62.334 0.0000000000
89201  38.810  -22.049  61.830 0.0000000000
90411  39.024  -21.545  61.552 0.0000000000
90410  39.602  -21.370  61.648 0.0000000000
91618  40.357  -20.600  61.583 0.0000000000
89168  41.526  -22.378  63.744 0.0000000000
90385  41.800  -21.796  63.286 0.0000000000
220500  41.523  -21.414  62.784 0.0000000000
90399  41.110  -21.002  62.312 0.0000000000
91611  40.835  -20.418  61.944 0.0000000000
92835  40.914  -19.800  62.009 0.0000000000
93990  41.005  -19.210  62.131 0.0000000000
128646  50.092  0.093  42.303 0.0000000000
129891  50.986  0.833  41.552 0.0000000000
128663  51.159  0.474  41.247 0.0000000000
222684  51.469  0.596  40.908 0.0000000000
128677  51.741  0.419  40.472 0.0000000000
123910  50.469  -2.295  42.205 0.0000000000
222622  50.615  -1.789  41.851 0.0000000000
125091  51.021  -1.184  41.321 0.0000000000
123935  51.856  -2.089  41.397 0.0000000000
125090  51.525  -1.535  41.107 0.0000000000
126278  51.323  -0.912  40.920 0.0000000000
127484  51.307  -0.347  40.893 0.0000000000
127499  51.604  -0.105  40.462 0.0000000000
220807  51.918  0.051  40.182 0.0000000000
127507  52.219  -0.078  39.866 0.0000000000
127506  52.542  -0.265  39.519 0.0000000000
125109  52.871  -1.561  39.520 0.0000000000
125123  53.208  -1.343  39.101 0.0000000000
126311  53.098  -0.770  38.792 0.0000000000
71505  12.460  -30.891  85.430 0.0000000000
71706  19.161  -32.490  76.246 0.0000000000
72694  16.020  -31.429  78.007 0.0000000000
72706  16.692  -31.282  77.472 0.0000000000
73972  25.313  -30.611  74.603 0.0000000000
73976  21.915  -30.505  74.204 0.0000000000
75188  25.988  -29.982  73.902 0.0000000000
76343  19.877  -29.121  74.500 0.0000000000
76359  21.645  -29.244  73.247 0.0000000000
77547  25.071  -28.773  72.171 0.0000000000
78776  26.194  -28.503  72.443 0.0000000000
79992  27.609  -27.829  71.247 0.0000000000
81322  22.084  -26.409  73.082 0.0000000000
81420  28.406  -26.440  68.817 0.0000000000
84094  29.247  -25.111  66.916 0.0000000000
85430  36.668  -25.289  64.516 0.0000000000
85448  35.975  -25.356  64.031 0.0000000000
85473  33.954  -24.135  62.944 0.0000000000
85483  34.428  -23.971  62.688 0.0000000000
86712  37.887  -24.264  64.210 0.0000000000
86730  37.944  -23.590  63.360 0.0000000000
86732  36.783  -23.939  63.136 0.0000000000
87946  39.005  -23.049  63.162 0.0000000000
87962  34.250  -23.042  62.523 0.0000000000
87971  38.554  -22.535  62.079 0.0000000000
87972  38.086  -22.878  61.778 0.0000000000
87983  37.175  -22.587  61.526 0.0000000000
89169  41.021  -22.691  63.545 0.0000000000
89179  41.291  -22.104  63.170 0.0000000000
89189  40.411  -22.084  62.463 0.0000000000
89200  39.378  -21.853  61.997 0.0000000000
90409  40.218  -21.208  61.704 0.0000000000
90422  38.642  -21.265  61.133 0.0000000000
90425  37.225  -21.394  61.565 0.0000000000
91589  41.830  -21.009  63.053 0.0000000000
91637  37.645  -20.610  60.810 0.0000000000
92834  41.232  -19.660  62.365 0.0000000000
92843  40.447  -19.967  61.647 0.0000000000
92859  38.409  -20.327  60.749 0.0000000000
94010  39.054  -19.177  60.916 0.0000000000
94021  37.137  -18.967  61.105 0.0000000000
95150  36.163  -18.262  63.099 0.0000000000
95160  35.216  -18.654  62.328 0.0000000000
95168  40.050  -18.755  61.511 0.0000000000
95181  35.359  -18.461  61.406 0.0000000000
95189  37.619  -18.660  60.781 0.0000000000
95192  36.086  -18.214  61.373 0.0000000000
96422  35.123  -18.395  63.396 0.0000000000
96445  33.502  -17.911  61.934 0.0000000000
96456  35.641  -17.777  61.166 0.0000000000
96459  33.484  -17.712  61.284 0.0000000000
96463  38.418  -18.251  60.966 0.0000000000
97721  34.046  -18.089  63.708 0.0000000000
97723  33.046  -17.385  63.303 0.0000000000
97745  38.141  -17.188  61.230 0.0000000000
99006  32.436  -15.952  64.154 0.0000000000
99040  38.415  -16.171  61.664 0.0000000000
99043  32.258  -16.363  61.762 0.0000000000
99082  33.315  -16.362  60.263 0.0000000000
99119  39.347  -16.570  55.561 0.0000000000
99134  40.009  -16.424  54.903 0.0000000000
100278  32.571  -15.715  64.584 0.0000000000
100329  36.682  -16.078  60.258 0.0000000000
100334  32.626  -15.930  60.790 0.0000000000
100340  35.654  -16.196  59.852 0.0000000000
100358  38.469  -16.384  58.589 0.0000000000
100373  37.525  -16.725  57.720 0.0000000000
100374  36.374  -16.527  58.022 0.0000000000
100385  39.573  -16.430  57.150 0.0000000000
100387  38.421  -16.949  57.383 0.0000000000
100388  37.415  -16.562  57.001 0.0000000000
100399  41.158  -16.283  56.067 0.0000000000
100403  37.315  -16.355  56.265 0.0000000000
100404  36.503  -15.950  56.163 0.0000000000
100415  41.416  -16.260  55.531 0.0000000000
100419  36.580  -15.745  55.617 0.0000000000
100430  40.507  -16.271  54.555 0.0000000000
100448  40.916  -15.845  54.008 0.0000000000
100450  39.615  -15.857  54.138 0.0000000000
100452  38.457  -15.758  54.206 0.0000000000
101564  38.182  -15.275  61.414 0.0000000000
101572  32.734  -14.761  60.821 0.0000000000
101616  38.290  -15.735  59.359 0.0000000000
101655  35.037  -15.118  56.756 0.0000000000
101668  35.616  -15.210  56.180 0.0000000000
101712  40.902  -15.256  53.607 0.0000000000
101713  39.968  -15.403  53.889 0.0000000000
102816  32.540  -14.661  64.317 0.0000000000
102854  32.582  -14.077  61.727 0.0000000000
102936  35.075  -14.382  56.241 0.0000000000
102937  34.653  -14.178  56.636 0.0000000000
102984  41.361  -15.051  53.147 0.0000000000
103013  40.221  -14.566  53.295 0.0000000000
104143  32.634  -13.762  63.172 0.0000000000
104309  37.412  -13.582  53.206 0.0000000000
105432  33.239  -13.286  60.556 0.0000000000
105504  35.334  -12.643  55.998 0.0000000000
105582  40.922  -13.126  52.532 0.0000000000
106752  35.599  -12.073  56.096 0.0000000000
106820  40.526  -12.569  52.415 0.0000000000
106840  39.618  -12.125  52.321 0.0000000000
109283  36.925  -10.806  54.061 0.0000000000
109315  40.726  -11.130  51.625 0.0000000000
109328  43.619  -10.916  51.047 0.0000000000
110558  43.955  -10.412  50.674 0.0000000000
110575  44.555  -10.001  50.572 0.0000000000
111823  40.957  -9.579  51.000 0.0000000000
111834  44.318  -9.455  50.475 0.0000000000
111835  43.773  -9.408  50.504 0.0000000000
111837  42.353  -9.815  50.845 0.0000000000
113125  38.014  -8.640  54.278 0.0000000000
113140  38.048  -8.687  52.767 0.0000000000
113165  43.496  -8.870  50.484 0.0000000000
113166  42.941  -8.833  50.628 0.0000000000
113179  45.032  -8.671  50.087 0.0000000000
114376  38.622  -8.185  52.046 0.0000000000
114377  38.213  -8.262  52.517 0.0000000000
114396  41.016  -7.958  50.833 0.0000000000
114407  45.533  -7.786  49.852 0.0000000000
114409  44.309  -7.999  50.100 0.0000000000
115579  39.403  -6.934  54.550 0.0000000000
115621  42.413  -7.546  50.445 0.0000000000
115634  45.682  -7.225  49.643 0.0000000000
115637  42.947  -7.430  50.299 0.0000000000
116836  39.770  -6.726  51.929 0.0000000000
118018  45.606  -6.335  49.774 0.0000000000
118019  44.953  -6.346  49.888 0.0000000000
119128  40.127  -5.228  52.152 0.0000000000
120372  44.380  -4.975  48.941 0.0000000000
120396  47.098  -4.836  47.581 0.0000000000
121620  46.906  -4.387  46.664 0.0000000000
121639  47.641  -4.150  45.883 0.0000000000
122672  41.026  -3.364  52.247 0.0000000000
122823  53.369  -3.449  40.602 0.0000000000
123815  41.644  -2.940  51.007 0.0000000000
124977  42.420  -1.730  50.421 0.0000000000
124986  43.372  -1.362  49.335 0.0000000000
125060  50.196  -1.702  42.157 0.0000000000
125079  50.733  -1.387  41.609 0.0000000000
125122  53.568  -1.745  38.782 0.0000000000
126204  45.081  -1.361  47.036 0.0000000000
127462  49.905  -0.383  42.302 0.0000000000
128650  50.450  0.245  41.964 0.0000000000
128699  53.089  0.926  38.656 0.0000000000
129865  46.948  0.688  45.934 0.0000000000
209504  40.040  -16.489  56.681 0.0000000000
211098  50.915  1.189  41.929 0.0000000000
213966  39.340  -16.157  54.409 0.0000000000
216174  53.586  1.399  38.283 0.0000000000
218141  32.381  -14.587  62.007 0.0000000000
219403  37.833  -15.647  59.444 0.0000000000
222210  47.068  -5.134  48.126 0.0000000000
224034  45.265  -5.966  49.637 0.0000000000
224345  31.991  -14.940  63.118 0.0000000000
226164  38.434  -9.162  52.323 0.0000000000
226445  32.346  -16.751  62.239 0.0000000000
226528  35.813  -14.382  55.534 0.0000000000
230267  32.351  -14.074  62.218 0.0000000000
233536  38.785  -19.758  60.794 0.0000000000
235223  35.976  -16.454  60.885 0.0000000000
235632  41.947  -12.118  51.861 0.0000000000
235665  41.486  -9.583  50.904 0.0000000000
237910  36.581  -23.066  62.035 0.0000000000
238447  36.506  -16.413  58.720 0.0000000000
238875  53.412  0.805  38.130 0.0000000000
239053  33.455  -17.954  62.521 0.0000000000
240349  37.717  -15.472  60.561 0.0000000000
240512  37.896  -8.924  53.205 0.0000000000
242465  41.112  -14.095  52.802 0.0000000000
243476  52.427  0.740  39.885 0.0000000000
246517  39.307  -6.322  52.766 0.0000000000
246788  35.238  -26.185  66.829 0.0000000000
246827  33.822  -20.825  64.793 0.0000000000
246828  36.495  -15.219  55.132 0.0000000000
247146  40.090  -9.220  51.092 0.0000000000
247442  33.595  -14.202  58.703 0.0000000000
247769  40.722  -20.980  61.839 0.0000000000
247798  37.413  -23.302  62.107 0.0000000000
248230  24.890  -30.566  74.309 0.0000000000
249179  35.391  -15.297  56.550 0.0000000000
249279  40.765  -16.340  56.035 0.0000000000
249344  27.456  -25.247  68.238 0.0000000000
249597  42.677  -15.796  54.811 0.0000000000
252488  24.080  -26.514  71.191 0.0000000000
253261  19.806  -30.920  74.641 0.0000000000
