#!ascii label  , from subject sub-v2s5x29551_ses-1 vox2ras=TkReg
700
285663  -22.829  -4.536  -1.103 0.0000000000
286116  -20.474  -8.503  1.800 0.0000000000
323711  -26.083  -8.125  0.546 0.0000000000
286189  -23.101  -12.946  0.115 0.0000000000
310279  -25.684  7.680  -2.051 0.0000000000
314179  -26.445  4.329  -0.532 0.0000000000
285727  -20.211  -0.371  0.654 0.0000000000
165462  -22.499  -16.993  1.287 0.0000000000
177484  -21.439  -10.499  0.984 0.0000000000
173461  -20.079  -12.792  2.372 0.0000000000
332077  -25.942  6.300  -1.773 0.0000000000
204577  -24.571  3.682  -1.786 0.0000000000
324328  -19.439  -4.042  1.633 0.0000000000
286158  -17.985  -1.844  2.679 0.0000000000
192977  -21.627  -2.520  -0.135 0.0000000000
196905  -24.867  -0.604  -1.830 0.0000000000
192987  -25.133  -2.522  -1.262 0.0000000000
324466  -26.177  -4.167  0.567 0.0000000000
324134  -18.571  -6.498  2.502 0.0000000000
285434  -21.588  -6.468  0.351 0.0000000000
323688  -25.098  -6.460  -1.267 0.0000000000
285562  -22.883  -8.850  -0.450 0.0000000000
324309  -24.628  -11.188  -1.130 0.0000000000
325005  -25.476  -12.566  1.773 0.0000000000
294159  -19.980  1.671  0.541 0.0000000000
320466  -24.609  1.463  -1.853 0.0000000000
200945  -26.784  1.914  0.047 0.0000000000
292056  -19.529  -15.074  1.933 0.0000000000
169475  -23.486  -15.465  0.493 0.0000000000
176130  -19.797  -11.658  2.500 0.0000000000
173445  -18.764  -12.707  2.120 0.0000000000
205811  -24.270  4.836  -1.828 0.0000000000
328581  -23.112  3.617  -1.801 0.0000000000
285470  -20.964  -4.361  0.562 0.0000000000
285757  -20.413  -2.940  0.795 0.0000000000
331532  -22.219  -3.387  -0.564 0.0000000000
285853  -23.511  -2.591  -2.137 0.0000000000
323702  -24.716  -3.687  -2.178 0.0000000000
286132  -26.087  -3.144  -0.041 0.0000000000
324373  -24.840  -4.628  -1.678 0.0000000000
285794  -19.523  -7.254  2.021 0.0000000000
323718  -19.910  -6.299  1.551 0.0000000000
285778  -20.721  -7.254  1.543 0.0000000000
323885  -22.307  -7.486  -0.017 0.0000000000
285850  -21.629  -8.646  0.884 0.0000000000
174839  -22.155  -12.055  0.439 0.0000000000
285155  -22.885  -10.800  -0.281 0.0000000000
324118  -23.874  -11.893  -0.712 0.0000000000
323710  -25.318  -11.511  0.133 0.0000000000
325006  -25.014  -12.975  0.557 0.0000000000
210688  -24.130  7.469  -1.966 0.0000000000
211876  -23.631  7.966  -1.566 0.0000000000
211877  -24.416  8.043  -2.102 0.0000000000
285356  -25.275  9.459  -2.390 0.0000000000
210691  -26.535  7.699  -1.833 0.0000000000
207025  -26.671  5.524  -1.001 0.0000000000
286980  -18.578  -1.022  2.045 0.0000000000
341542  -18.605  0.098  1.895 0.0000000000
338244  -19.877  0.657  0.798 0.0000000000
199668  -22.385  0.896  -1.134 0.0000000000
318478  -22.202  -0.085  -0.799 0.0000000000
196876  -25.637  -0.258  -0.305 0.0000000000
317314  -25.870  0.832  -0.605 0.0000000000
199657  -26.875  0.945  0.097 0.0000000000
324372  -25.294  -7.351  -0.888 0.0000000000
323722  -25.627  -5.973  -0.104 0.0000000000
165438  -20.216  -16.711  1.951 0.0000000000
168149  -21.000  -15.965  1.475 0.0000000000
169473  -21.317  -15.104  1.228 0.0000000000
166822  -23.268  -16.266  1.033 0.0000000000
180115  -19.660  -9.597  2.469 0.0000000000
180151  -20.942  -9.558  1.515 0.0000000000
177471  -20.214  -10.510  2.214 0.0000000000
174829  -21.159  -11.740  1.505 0.0000000000
173490  -21.465  -13.126  0.905 0.0000000000
209423  -25.140  6.698  -1.821 0.0000000000
209408  -25.687  6.621  -1.627 0.0000000000
208238  -24.994  5.816  -1.617 0.0000000000
207035  -25.269  5.350  -1.387 0.0000000000
315003  -25.599  4.244  -1.022 0.0000000000
324294  -18.460  -4.289  2.315 0.0000000000
285249  -18.858  -2.976  2.049 0.0000000000
285961  -19.561  -1.992  1.385 0.0000000000
194201  -21.119  -1.493  0.159 0.0000000000
196889  -22.850  -0.814  -1.311 0.0000000000
285459  -22.809  -1.689  -1.300 0.0000000000
194222  -24.969  -1.697  -1.467 0.0000000000
194202  -25.836  -1.513  0.003 0.0000000000
192969  -26.120  -2.252  0.523 0.0000000000
165379  -24.003  -16.954  3.770 0.0000000000
166745  -24.325  -16.343  2.805 0.0000000000
324343  -19.042  -5.004  1.871 0.0000000000
324803  -20.447  -5.333  1.081 0.0000000000
285456  -21.968  -5.507  -0.196 0.0000000000
323672  -23.701  -5.523  -1.803 0.0000000000
324685  -23.105  -6.332  -1.156 0.0000000000
285198  -23.574  -7.740  -0.957 0.0000000000
285750  -24.586  -8.963  -1.106 0.0000000000
324442  -22.071  -9.658  0.306 0.0000000000
285184  -23.238  -9.755  -0.494 0.0000000000
323949  -25.034  -9.402  0.080 0.0000000000
324580  -25.480  -10.413  0.710 0.0000000000
324761  -25.922  -11.230  1.876 0.0000000000
210678  -26.661  7.222  -1.509 0.0000000000
200967  -22.656  2.136  -1.437 0.0000000000
202240  -24.428  2.543  -1.895 0.0000000000
203388  -25.830  3.435  -0.616 0.0000000000
198313  -24.718  0.447  -1.777 0.0000000000
200952  -25.888  1.868  -0.665 0.0000000000
203379  -26.756  3.428  -0.062 0.0000000000
324739  -25.269  -5.249  -0.979 0.0000000000
324702  -26.360  -4.966  1.057 0.0000000000
172135  -18.580  -13.971  2.871 0.0000000000
326510  -20.157  -13.639  1.869 0.0000000000
172162  -21.431  -13.748  1.085 0.0000000000
170829  -22.979  -14.257  0.300 0.0000000000
168101  -24.752  -15.561  2.511 0.0000000000
169455  -24.688  -14.946  1.448 0.0000000000
172164  -24.610  -14.124  0.831 0.0000000000
203393  -22.094  3.113  -1.196 0.0000000000
285197  -21.957  -4.318  -0.061 0.0000000000
285800  -21.869  -3.731  -0.140 0.0000000000
325073  -22.394  -4.010  -0.642 0.0000000000
190454  -23.547  -3.720  -1.799 0.0000000000
189152  -24.219  -4.025  -1.986 0.0000000000
342833  -24.772  -4.176  -1.941 0.0000000000
285439  -24.136  -4.697  -1.734 0.0000000000
182681  -20.030  -8.368  2.165 0.0000000000
182672  -19.432  -8.230  2.415 0.0000000000
182680  -19.755  -7.762  2.045 0.0000000000
285966  -20.046  -7.284  1.773 0.0000000000
324323  -20.420  -7.894  1.764 0.0000000000
324461  -21.359  -8.101  1.171 0.0000000000
324331  -20.871  -8.350  1.511 0.0000000000
286127  -22.738  -12.265  0.059 0.0000000000
324444  -23.146  -11.828  -0.309 0.0000000000
174840  -23.504  -12.403  -0.173 0.0000000000
173515  -24.299  -12.512  -0.471 0.0000000000
173504  -24.084  -13.251  -0.145 0.0000000000
210689  -24.909  7.647  -2.235 0.0000000000
211878  -25.225  8.181  -2.172 0.0000000000
211879  -25.983  8.244  -2.190 0.0000000000
205786  -26.431  4.981  -0.586 0.0000000000
207026  -26.872  5.280  -0.459 0.0000000000
205767  -26.846  4.670  -0.178 0.0000000000
196852  -19.785  -0.691  0.972 0.0000000000
196839  -18.646  -0.333  1.875 0.0000000000
198258  -18.836  0.077  1.568 0.0000000000
319863  -19.007  0.445  1.475 0.0000000000
198270  -19.704  0.036  0.924 0.0000000000
198293  -21.646  0.096  -0.391 0.0000000000
286003  -21.397  -0.540  -0.220 0.0000000000
196866  -26.650  -0.235  0.159 0.0000000000
198286  -26.684  0.323  0.067 0.0000000000
324104  -25.261  -7.807  -0.311 0.0000000000
324060  -25.794  -7.014  0.240 0.0000000000
323829  -26.194  -7.480  0.589 0.0000000000
319365  -22.430  -17.373  1.657 0.0000000000
164009  -20.985  -17.550  1.839 0.0000000000
165440  -21.342  -17.039  1.689 0.0000000000
166797  -20.658  -16.233  1.706 0.0000000000
166799  -22.004  -16.571  1.220 0.0000000000
168172  -22.033  -15.968  1.045 0.0000000000
166800  -23.038  -16.761  1.319 0.0000000000
178816  -19.756  -10.188  2.512 0.0000000000
178840  -20.144  -9.876  2.215 0.0000000000
177452  -19.702  -10.879  2.495 0.0000000000
174796  -19.960  -12.343  2.540 0.0000000000
174813  -20.618  -11.827  1.929 0.0000000000
316260  -20.977  -12.357  1.856 0.0000000000
339711  -21.308  -12.190  1.256 0.0000000000
173479  -20.777  -12.924  1.885 0.0000000000
208252  -24.497  6.338  -1.713 0.0000000000
208253  -25.545  6.248  -1.905 0.0000000000
304803  -24.308  5.885  -1.675 0.0000000000
305719  -24.553  4.307  -1.622 0.0000000000
205796  -24.909  4.769  -1.605 0.0000000000
205797  -25.456  4.768  -1.127 0.0000000000
204562  -25.100  4.114  -1.350 0.0000000000
285817  -18.841  -4.207  1.958 0.0000000000
324433  -19.148  -3.702  1.826 0.0000000000
285213  -21.345  -2.981  0.143 0.0000000000
286089  -19.761  -2.522  1.308 0.0000000000
286333  -20.488  -2.091  0.656 0.0000000000
194199  -20.353  -1.551  0.649 0.0000000000
286031  -21.249  -1.999  0.129 0.0000000000
285537  -21.952  -1.566  -0.402 0.0000000000
286069  -22.116  -2.176  -0.588 0.0000000000
325206  -24.785  -2.642  -2.084 0.0000000000
324167  -24.179  -2.387  -2.231 0.0000000000
321505  -24.933  -2.159  -1.520 0.0000000000
195477  -25.630  -1.400  -0.624 0.0000000000
194213  -25.685  -1.961  -0.340 0.0000000000
194203  -26.129  -1.696  0.490 0.0000000000
192968  -25.936  -2.542  -0.117 0.0000000000
323686  -25.734  -3.698  -0.477 0.0000000000
191708  -26.222  -3.183  0.682 0.0000000000
285567  -26.395  -3.761  0.937 0.0000000000
165378  -23.631  -17.350  3.725 0.0000000000
165366  -24.474  -17.027  4.698 0.0000000000
325376  -18.152  -5.507  2.520 0.0000000000
324388  -18.601  -5.301  2.201 0.0000000000
324801  -19.057  -5.763  1.944 0.0000000000
323986  -20.733  -6.246  0.975 0.0000000000
324599  -20.181  -5.980  1.253 0.0000000000
323719  -21.247  -6.016  0.529 0.0000000000
323843  -21.440  -5.365  0.282 0.0000000000
324385  -21.727  -5.948  0.109 0.0000000000
324322  -22.187  -6.037  -0.341 0.0000000000
330659  -21.991  -6.381  0.013 0.0000000000
323777  -22.569  -7.923  -0.250 0.0000000000
324662  -22.737  -7.437  -0.509 0.0000000000
323715  -23.060  -7.917  -0.764 0.0000000000
286367  -24.050  -7.889  -1.051 0.0000000000
285690  -23.431  -8.872  -0.819 0.0000000000
178860  -21.155  -10.030  1.268 0.0000000000
180152  -21.255  -9.563  1.155 0.0000000000
308185  -21.742  -10.432  0.609 0.0000000000
324091  -24.098  -11.069  -0.938 0.0000000000
285140  -23.098  -10.289  -0.386 0.0000000000
285472  -24.462  -10.484  -0.640 0.0000000000
324117  -24.436  -9.758  -1.007 0.0000000000
285448  -24.725  -9.884  -0.180 0.0000000000
324890  -25.209  -9.670  0.300 0.0000000000
324765  -25.051  -10.376  0.167 0.0000000000
285482  -25.451  -12.153  1.218 0.0000000000
324888  -25.493  -11.248  0.814 0.0000000000
324885  -25.632  -11.873  1.885 0.0000000000
325151  -26.352  -11.194  2.590 0.0000000000
209409  -26.161  6.922  -1.268 0.0000000000
209393  -26.393  6.533  -1.135 0.0000000000
324218  -18.196  -2.461  2.644 0.0000000000
286496  -19.336  2.781  1.331 0.0000000000
200941  -21.032  1.476  0.209 0.0000000000
200966  -22.115  2.174  -1.166 0.0000000000
199666  -21.688  1.186  -0.790 0.0000000000
317298  -24.293  1.381  -1.904 0.0000000000
200970  -24.264  2.001  -1.953 0.0000000000
200971  -24.648  2.009  -1.813 0.0000000000
311294  -25.076  2.917  -1.506 0.0000000000
202228  -25.203  2.476  -1.256 0.0000000000
195499  -23.412  -1.070  -1.724 0.0000000000
196903  -23.748  -0.537  -1.922 0.0000000000
196906  -25.005  -0.044  -1.537 0.0000000000
320188  -26.653  1.357  -0.089 0.0000000000
320228  -26.126  1.316  -0.421 0.0000000000
200953  -26.378  1.848  -0.313 0.0000000000
202221  -26.123  2.416  -0.493 0.0000000000
307148  -26.721  2.909  0.038 0.0000000000
203380  -27.149  3.119  0.271 0.0000000000
285508  -24.472  -5.805  -2.042 0.0000000000
327552  -24.484  -5.809  -2.115 0.0000000000
325196  -24.828  -5.725  -1.342 0.0000000000
324793  -26.120  -5.245  0.573 0.0000000000
169439  -19.054  -15.130  2.593 0.0000000000
170782  -18.971  -14.686  2.449 0.0000000000
170798  -18.966  -14.090  2.452 0.0000000000
172148  -19.258  -13.767  1.923 0.0000000000
172149  -19.658  -14.017  1.687 0.0000000000
342606  -22.554  -15.311  0.788 0.0000000000
170813  -21.389  -14.433  1.193 0.0000000000
170815  -22.484  -14.562  0.605 0.0000000000
170814  -21.940  -14.185  0.874 0.0000000000
169491  -23.142  -14.770  0.519 0.0000000000
168126  -24.461  -16.072  2.238 0.0000000000
170801  -24.889  -14.435  1.329 0.0000000000
176129  -19.236  -11.337  2.682 0.0000000000
174795  -19.281  -12.088  2.577 0.0000000000
207046  -23.872  5.423  -1.893 0.0000000000
302820  -23.120  4.470  -1.685 0.0000000000
204576  -23.925  4.247  -1.871 0.0000000000
311309  -23.934  3.613  -1.887 0.0000000000
324411  -20.504  -4.080  0.997 0.0000000000
324392  -19.737  -3.499  1.431 0.0000000000
323922  -20.821  -3.766  0.431 0.0000000000
325042  -21.267  -3.490  0.118 0.0000000000
286169  -21.765  -3.157  -0.169 0.0000000000
191728  -22.526  -2.588  -0.881 0.0000000000
324820  -22.606  -3.062  -0.927 0.0000000000
324168  -24.162  -3.416  -2.246 0.0000000000
325996  -24.796  -3.219  -2.149 0.0000000000
323815  -25.809  -3.002  -0.615 0.0000000000
323753  -25.025  -3.593  -1.659 0.0000000000
325086  -25.378  -4.018  -1.283 0.0000000000
324794  -25.596  -4.285  -0.743 0.0000000000
183934  -19.194  -7.584  2.371 0.0000000000
285659  -19.091  -6.925  2.266 0.0000000000
325297  -19.453  -6.158  1.817 0.0000000000
324133  -19.603  -6.717  1.840 0.0000000000
285231  -20.243  -6.771  1.577 0.0000000000
324366  -20.967  -6.846  1.012 0.0000000000
323759  -22.037  -6.931  0.169 0.0000000000
285202  -21.647  -7.620  0.922 0.0000000000
324851  -21.872  -8.057  0.781 0.0000000000
324663  -22.015  -8.601  0.459 0.0000000000
176173  -22.086  -11.496  0.433 0.0000000000
340047  -22.190  -10.617  0.478 0.0000000000
324332  -22.511  -11.668  0.041 0.0000000000
285645  -23.546  -11.321  -0.669 0.0000000000
323755  -24.477  -11.471  -1.176 0.0000000000
324887  -25.111  -11.216  -0.270 0.0000000000
324758  -24.741  -12.207  -0.568 0.0000000000
324883  -25.235  -12.419  0.527 0.0000000000
324426  -25.308  -12.682  1.068 0.0000000000
209421  -23.479  7.066  -1.832 0.0000000000
309722  -24.600  8.847  -1.824 0.0000000000
211880  -26.613  8.389  -1.989 0.0000000000
207036  -26.171  5.991  -1.214 0.0000000000
208224  -26.577  6.217  -0.927 0.0000000000
296063  -17.739  0.289  2.578 0.0000000000
198240  -18.196  0.876  2.305 0.0000000000
199626  -19.003  1.043  1.619 0.0000000000
285259  -20.230  0.960  0.482 0.0000000000
199662  -21.627  0.767  -0.487 0.0000000000
286901  -21.102  0.522  -0.194 0.0000000000
199674  -22.805  0.707  -1.500 0.0000000000
199675  -23.366  0.553  -1.752 0.0000000000
196890  -25.274  -0.660  -1.441 0.0000000000
310529  -25.279  -0.162  -0.909 0.0000000000
198295  -26.049  0.349  -0.263 0.0000000000
199656  -26.403  0.854  -0.196 0.0000000000
320104  -27.051  1.433  0.207 0.0000000000
346004  -25.125  -6.933  -1.119 0.0000000000
327477  -25.382  -6.346  -0.607 0.0000000000
324796  -25.520  -6.621  -0.130 0.0000000000
324838  -26.002  -6.411  0.290 0.0000000000
166796  -20.007  -16.055  1.976 0.0000000000
168147  -19.989  -15.575  1.849 0.0000000000
169453  -20.362  -15.336  1.658 0.0000000000
305863  -20.519  -14.871  1.639 0.0000000000
168171  -21.279  -15.715  1.262 0.0000000000
291734  -21.808  -15.398  1.063 0.0000000000
168173  -22.896  -15.892  0.832 0.0000000000
181375  -19.605  -8.949  2.356 0.0000000000
181385  -20.258  -8.941  2.051 0.0000000000
181386  -20.825  -8.971  1.657 0.0000000000
180130  -20.504  -9.474  1.912 0.0000000000
178841  -20.681  -10.111  1.807 0.0000000000
177483  -21.096  -10.617  1.572 0.0000000000
176143  -20.311  -11.249  2.171 0.0000000000
176154  -20.923  -11.205  1.763 0.0000000000
176155  -21.397  -11.127  1.320 0.0000000000
174830  -21.691  -11.717  0.978 0.0000000000
173501  -21.676  -12.499  0.777 0.0000000000
330552  -21.941  -13.037  0.570 0.0000000000
317432  -22.919  6.628  -1.538 0.0000000000
209422  -24.283  6.922  -1.904 0.0000000000
314609  -24.777  7.180  -1.961 0.0000000000
210690  -25.368  7.209  -1.809 0.0000000000
208239  -25.635  5.797  -1.380 0.0000000000
207047  -24.620  5.378  -1.649 0.0000000000
207024  -25.866  5.356  -0.916 0.0000000000
205785  -25.957  4.632  -0.798 0.0000000000
285225  -19.355  -3.087  1.624 0.0000000000
285250  -19.222  -2.499  1.678 0.0000000000
323840  -18.665  -2.005  2.063 0.0000000000
342767  -19.311  -1.556  1.434 0.0000000000
195445  -19.296  -1.044  1.299 0.0000000000
195461  -20.226  -0.964  0.609 0.0000000000
285237  -20.954  -0.608  0.140 0.0000000000
285753  -21.697  -1.055  -0.314 0.0000000000
195498  -22.970  -1.286  -1.416 0.0000000000
195500  -24.000  -1.085  -2.001 0.0000000000
285631  -23.078  -2.176  -1.733 0.0000000000
194234  -24.302  -1.635  -2.009 0.0000000000
195489  -24.982  -1.127  -1.639 0.0000000000
196891  -25.307  -0.742  -0.608 0.0000000000
195463  -25.833  -0.932  -0.213 0.0000000000
195465  -26.776  -0.728  0.401 0.0000000000
195451  -26.655  -1.350  0.713 0.0000000000
194186  -27.278  -1.723  0.940 0.0000000000
286135  -26.164  -2.745  0.422 0.0000000000
324579  -26.011  -8.636  0.633 0.0000000000
163983  -22.855  -17.721  2.440 0.0000000000
163984  -23.357  -17.038  2.580 0.0000000000
165443  -23.283  -16.890  1.849 0.0000000000
324435  -18.629  -4.599  2.142 0.0000000000
323923  -19.168  -4.526  1.790 0.0000000000
323764  -19.589  -5.801  1.543 0.0000000000
323725  -19.857  -5.441  1.269 0.0000000000
324063  -19.877  -4.432  1.353 0.0000000000
285192  -20.976  -4.946  0.558 0.0000000000
324802  -21.927  -4.925  -0.067 0.0000000000
323666  -22.758  -5.172  -0.951 0.0000000000
323844  -23.276  -5.014  -1.474 0.0000000000
338268  -23.202  -5.402  -1.445 0.0000000000
324775  -23.758  -6.065  -1.390 0.0000000000
324945  -24.277  -6.530  -1.494 0.0000000000
337956  -22.405  -7.060  -0.381 0.0000000000
337793  -22.804  -6.838  -0.878 0.0000000000
323884  -24.496  -7.018  -1.117 0.0000000000
324709  -24.922  -7.319  -1.082 0.0000000000
333897  -24.982  -7.953  -0.797 0.0000000000
285636  -25.036  -8.333  -0.148 0.0000000000
336403  -21.175  -9.195  1.339 0.0000000000
180166  -21.815  -9.179  0.599 0.0000000000
324774  -22.204  -9.104  0.209 0.0000000000
285998  -22.510  -10.496  0.225 0.0000000000
285847  -22.715  -9.896  -0.277 0.0000000000
340943  -23.243  -9.259  -0.556 0.0000000000
327001  -24.514  -9.306  -1.144 0.0000000000
324310  -24.656  -9.390  -1.031 0.0000000000
324760  -25.310  -9.056  0.321 0.0000000000
323786  -25.733  -9.218  0.746 0.0000000000
324884  -26.086  -9.423  1.040 0.0000000000
325211  -25.360  -10.901  0.399 0.0000000000
323624  -26.071  -10.703  1.416 0.0000000000
210677  -25.987  7.253  -1.594 0.0000000000
209410  -27.038  6.955  -1.419 0.0000000000
202225  -21.881  2.402  -1.068 0.0000000000
344381  -22.748  2.722  -1.597 0.0000000000
203406  -24.193  3.103  -1.894 0.0000000000
327600  -22.784  1.567  -1.487 0.0000000000
202239  -23.941  2.635  -2.006 0.0000000000
203407  -24.723  3.031  -1.741 0.0000000000
203394  -25.170  3.415  -1.571 0.0000000000
204563  -25.511  3.713  -1.077 0.0000000000
204556  -25.927  4.033  -0.760 0.0000000000
333098  -22.673  -0.252  -1.203 0.0000000000
198311  -23.531  0.009  -1.772 0.0000000000
199669  -24.855  0.947  -1.671 0.0000000000
198305  -25.247  0.304  -1.177 0.0000000000
200960  -25.573  1.347  -0.844 0.0000000000
321577  -25.375  1.941  -1.073 0.0000000000
202220  -25.647  2.456  -0.858 0.0000000000
203389  -26.293  3.049  -0.303 0.0000000000
204557  -26.334  3.716  -0.393 0.0000000000
204541  -26.861  4.023  -0.225 0.0000000000
324686  -24.736  -5.130  -1.547 0.0000000000
324061  -25.604  -4.791  -0.563 0.0000000000
340350  -25.866  -5.463  0.144 0.0000000000
325088  -25.859  -4.964  0.084 0.0000000000
285442  -26.141  -4.669  0.559 0.0000000000
172136  -18.742  -13.254  2.010 0.0000000000
341213  -19.457  -13.391  1.847 0.0000000000
173478  -20.326  -13.131  2.156 0.0000000000
304960  -20.445  -14.235  1.765 0.0000000000
172161  -20.954  -14.026  1.529 0.0000000000
173489  -20.984  -13.325  1.288 0.0000000000
172163  -21.948  -13.557  0.685 0.0000000000
172174  -23.210  -13.733  0.075 0.0000000000
166801  -23.595  -16.445  1.473 0.0000000000
166802  -24.114  -16.092  1.576 0.0000000000
168151  -24.140  -15.708  1.111 0.0000000000
168127  -24.409  -15.475  1.735 0.0000000000
340181  -23.946  -15.355  0.490 0.0000000000
170831  -23.941  -14.483  0.441 0.0000000000
312311  -23.967  -14.045  -0.146 0.0000000000
172175  -23.894  -13.854  -0.223 0.0000000000
172165  -24.790  -13.527  0.709 0.0000000000
163963  -23.239  -17.439  3.204 0.0000000000
164010  -21.564  -17.654  1.801 0.0000000000
164012  -22.669  -17.627  1.917 0.0000000000
165396  -23.652  -16.966  3.290 0.0000000000
165415  -23.082  -17.397  1.977 0.0000000000
165439  -20.779  -16.896  1.773 0.0000000000
165441  -21.950  -17.148  1.604 0.0000000000
165442  -22.862  -17.211  1.642 0.0000000000
166769  -23.794  -16.458  2.236 0.0000000000
166795  -19.303  -16.126  2.415 0.0000000000
166798  -21.143  -16.457  1.588 0.0000000000
166820  -21.464  -16.197  1.260 0.0000000000
166821  -22.594  -16.422  1.084 0.0000000000
168148  -20.564  -15.774  1.661 0.0000000000
168150  -23.819  -16.013  1.020 0.0000000000
168170  -20.839  -15.662  1.513 0.0000000000
168174  -23.537  -15.858  0.733 0.0000000000
168175  -24.008  -15.589  0.604 0.0000000000
169454  -24.373  -15.315  0.903 0.0000000000
169472  -20.854  -15.330  1.465 0.0000000000
169474  -21.910  -14.838  0.984 0.0000000000
169476  -24.201  -15.057  0.614 0.0000000000
169477  -24.526  -14.781  0.884 0.0000000000
169492  -23.714  -14.851  0.532 0.0000000000
170781  -18.613  -14.471  2.895 0.0000000000
170799  -19.391  -14.388  1.910 0.0000000000
170800  -19.944  -14.704  1.726 0.0000000000
170812  -20.905  -14.705  1.480 0.0000000000
170816  -24.216  -14.357  0.535 0.0000000000
170828  -22.482  -13.953  0.380 0.0000000000
170830  -23.606  -14.246  0.112 0.0000000000
172173  -22.482  -13.323  0.335 0.0000000000
172176  -24.321  -13.796  0.243 0.0000000000
172177  -24.613  -13.264  0.004 0.0000000000
173460  -19.117  -12.818  2.042 0.0000000000
173502  -22.294  -12.686  0.339 0.0000000000
173503  -23.651  -13.396  -0.034 0.0000000000
177472  -20.650  -10.741  1.938 0.0000000000
177501  -22.336  -11.078  0.104 0.0000000000
178861  -21.575  -9.858  0.728 0.0000000000
178872  -22.112  -10.196  0.413 0.0000000000
180129  -20.034  -9.370  2.216 0.0000000000
192978  -25.650  -2.483  -0.763 0.0000000000
194185  -26.597  -1.956  0.819 0.0000000000
194200  -20.795  -1.732  0.380 0.0000000000
194223  -25.345  -1.925  -1.009 0.0000000000
194232  -23.270  -1.674  -1.726 0.0000000000
194233  -23.795  -1.680  -2.013 0.0000000000
194235  -24.693  -1.512  -1.817 0.0000000000
195437  -18.928  -0.760  1.556 0.0000000000
195462  -20.747  -1.146  0.320 0.0000000000
195464  -26.228  -1.125  0.268 0.0000000000
195490  -25.259  -1.266  -1.136 0.0000000000
195501  -24.566  -1.091  -1.974 0.0000000000
196840  -18.960  -0.270  1.445 0.0000000000
196851  -19.277  -0.429  1.192 0.0000000000
196865  -26.272  -0.554  0.028 0.0000000000
196875  -21.930  -0.556  -0.521 0.0000000000
196877  -26.201  -0.058  -0.010 0.0000000000
196888  -22.416  -0.666  -0.869 0.0000000000
196902  -23.182  -0.418  -1.594 0.0000000000
196904  -24.345  -0.582  -2.043 0.0000000000
198239  -17.776  0.759  2.579 0.0000000000
198257  -18.617  0.543  1.850 0.0000000000
198269  -19.153  0.084  1.222 0.0000000000
198294  -25.564  0.337  -0.714 0.0000000000
198302  -22.054  0.524  -0.784 0.0000000000
198303  -22.510  0.326  -1.140 0.0000000000
198304  -25.028  0.501  -1.497 0.0000000000
198310  -22.962  0.150  -1.550 0.0000000000
198312  -24.343  0.421  -1.910 0.0000000000
199625  -18.607  1.152  1.930 0.0000000000
199643  -19.410  0.755  1.168 0.0000000000
199652  -20.773  0.921  0.140 0.0000000000
199661  -21.255  0.967  -0.246 0.0000000000
199667  -22.027  1.077  -0.913 0.0000000000
199670  -25.331  0.823  -1.169 0.0000000000
199676  -23.949  0.922  -1.868 0.0000000000
199677  -24.510  0.936  -1.915 0.0000000000
200951  -21.426  1.915  -0.692 0.0000000000
200957  -21.891  1.714  -0.995 0.0000000000
200958  -22.329  1.540  -1.200 0.0000000000
200959  -25.046  1.494  -1.479 0.0000000000
200968  -23.200  1.188  -1.689 0.0000000000
200969  -23.808  1.603  -1.850 0.0000000000
202212  -26.522  2.431  -0.143 0.0000000000
202213  -26.858  2.556  0.144 0.0000000000
202226  -21.973  2.655  -1.115 0.0000000000
202227  -24.773  2.510  -1.680 0.0000000000
202236  -22.335  2.656  -1.321 0.0000000000
202237  -23.151  2.492  -1.773 0.0000000000
202238  -23.685  2.251  -1.890 0.0000000000
203386  -21.706  2.963  -0.975 0.0000000000
203395  -25.469  3.063  -1.069 0.0000000000
203403  -22.543  3.196  -1.471 0.0000000000
203404  -23.056  3.111  -1.824 0.0000000000
203405  -23.567  3.214  -1.919 0.0000000000
204575  -23.396  3.870  -1.861 0.0000000000
285138  -22.768  -8.327  -0.573 0.0000000000
285185  -24.797  -9.574  -0.716 0.0000000000
285188  -22.820  -9.397  -0.303 0.0000000000
285191  -22.562  -9.079  -0.075 0.0000000000
285203  -20.584  -4.632  0.983 0.0000000000
285204  -24.634  -7.911  -1.047 0.0000000000
285205  -25.410  -7.215  -0.222 0.0000000000
285209  -18.471  -4.879  2.258 0.0000000000
285214  -23.569  -2.127  -2.011 0.0000000000
285221  -22.587  -1.201  -1.042 0.0000000000
285232  -21.229  -1.054  -0.013 0.0000000000
285236  -20.030  -2.033  0.983 0.0000000000
285243  -18.868  -3.476  2.158 0.0000000000
285244  -19.835  -1.390  1.076 0.0000000000
285251  -20.533  -0.669  0.368 0.0000000000
285252  -20.657  -0.181  0.373 0.0000000000
285416  -20.416  -5.642  1.105 0.0000000000
285450  -25.288  -4.586  -1.334 0.0000000000
285455  -23.516  -6.761  -1.195 0.0000000000
285473  -22.636  -6.203  -0.816 0.0000000000
285478  -22.445  -5.653  -0.690 0.0000000000
285504  -22.356  -4.672  -0.500 0.0000000000
285523  -24.613  -6.204  -1.787 0.0000000000
285543  -20.014  -3.864  1.309 0.0000000000
285569  -18.508  -2.923  2.439 0.0000000000
285630  -24.023  -8.893  -0.995 0.0000000000
285665  -22.918  -3.939  -1.339 0.0000000000
285677  -24.503  -3.067  -2.342 0.0000000000
285756  -21.032  -7.745  1.619 0.0000000000
285759  -26.128  -3.715  0.252 0.0000000000
285764  -19.469  -4.940  1.504 0.0000000000
285805  -22.401  -10.010  0.025 0.0000000000
285856  -20.282  0.242  0.646 0.0000000000
285877  -22.161  -2.812  -0.519 0.0000000000
285878  -24.750  -8.738  -0.809 0.0000000000
285886  -19.058  -1.955  1.756 0.0000000000
285887  -21.519  -4.630  0.338 0.0000000000
285899  -18.751  -3.809  2.161 0.0000000000
285925  -20.633  -2.596  0.590 0.0000000000
285970  -21.514  -1.527  -0.070 0.0000000000
286062  -20.705  0.394  0.264 0.0000000000
286070  -22.427  -9.546  -0.047 0.0000000000
286208  -19.711  1.377  0.761 0.0000000000
286246  -19.773  2.134  1.038 0.0000000000
286251  -21.083  -0.058  -0.001 0.0000000000
287097  -21.115  -2.568  0.299 0.0000000000
294638  -24.153  -13.527  -0.101 0.0000000000
294639  -23.986  -17.318  4.075 0.0000000000
298672  -21.845  -10.995  0.731 0.0000000000
298921  -23.212  1.863  -1.672 0.0000000000
304700  -21.342  1.562  -0.246 0.0000000000
305621  -20.603  -6.680  1.273 0.0000000000
307713  -24.603  -0.082  -1.907 0.0000000000
309433  -24.101  -0.065  -1.924 0.0000000000
311256  -23.868  0.368  -1.877 0.0000000000
311298  -25.837  2.956  -0.632 0.0000000000
311388  -18.322  0.097  2.298 0.0000000000
312271  -20.247  -11.910  2.246 0.0000000000
313353  -25.818  -1.983  0.214 0.0000000000
315504  -20.562  -13.537  1.775 0.0000000000
317826  -24.666  -9.945  -0.776 0.0000000000
318137  -21.196  -12.713  1.327 0.0000000000
321576  -24.942  2.065  -1.449 0.0000000000
323620  -22.278  -5.169  -0.445 0.0000000000
323633  -19.050  -6.306  2.108 0.0000000000
323673  -22.201  -8.024  0.285 0.0000000000
323692  -24.953  -9.006  -0.281 0.0000000000
323693  -24.674  -11.490  -1.019 0.0000000000
323701  -25.312  -5.862  -0.767 0.0000000000
323716  -24.201  -5.519  -2.065 0.0000000000
323731  -23.502  -3.143  -1.981 0.0000000000
323738  -19.210  -5.321  1.739 0.0000000000
323758  -21.526  -7.039  0.705 0.0000000000
323771  -21.204  -6.512  0.701 0.0000000000
323780  -23.066  -8.445  -0.857 0.0000000000
323781  -23.935  -7.280  -1.116 0.0000000000
323787  -24.893  -12.696  -0.123 0.0000000000
323906  -25.768  -12.207  2.374 0.0000000000
323910  -22.935  -2.727  -1.538 0.0000000000
323921  -21.470  -4.043  0.298 0.0000000000
324027  -22.835  -11.337  -0.269 0.0000000000
324092  -24.158  -8.403  -1.039 0.0000000000
324094  -23.571  -8.331  -1.008 0.0000000000
324105  -24.743  -10.766  -0.714 0.0000000000
324116  -23.497  -10.735  -0.517 0.0000000000
324142  -23.500  -4.419  -1.630 0.0000000000
324147  -22.373  -1.649  -0.832 0.0000000000
324248  -23.838  -10.217  -0.632 0.0000000000
324259  -21.223  -8.738  1.239 0.0000000000
324308  -24.618  -8.393  -0.881 0.0000000000
324315  -20.873  -5.553  0.876 0.0000000000
324321  -21.244  -7.429  1.237 0.0000000000
324329  -20.040  -3.019  1.175 0.0000000000
324330  -20.800  -3.143  0.416 0.0000000000
324370  -20.228  -2.535  0.921 0.0000000000
324423  -18.900  -1.434  1.745 0.0000000000
324434  -20.349  -3.446  0.931 0.0000000000
324489  -21.455  -9.191  0.998 0.0000000000
324491  -18.737  -2.473  2.076 0.0000000000
324578  -25.158  -12.111  -0.057 0.0000000000
324646  -23.755  -5.016  -1.679 0.0000000000
324687  -24.819  -6.734  -1.360 0.0000000000
324699  -26.271  -6.305  0.718 0.0000000000
324700  -25.568  -5.367  -0.335 0.0000000000
324701  -25.960  -4.330  -0.069 0.0000000000
324704  -25.357  -3.365  -1.048 0.0000000000
324710  -25.336  -6.857  -0.812 0.0000000000
324724  -25.598  -11.560  1.311 0.0000000000
324757  -25.093  -4.176  -1.880 0.0000000000
324763  -26.543  -8.530  0.789 0.0000000000
324764  -25.420  -11.835  0.633 0.0000000000
324766  -25.590  -7.648  0.216 0.0000000000
324776  -22.406  -8.560  -0.087 0.0000000000
324810  -20.191  -4.967  1.200 0.0000000000
324819  -22.652  -2.164  -1.121 0.0000000000
324839  -25.049  -3.020  -1.475 0.0000000000
324849  -23.044  -5.760  -1.248 0.0000000000
324850  -22.325  -6.577  -0.413 0.0000000000
324852  -22.039  -7.511  0.601 0.0000000000
324875  -23.234  -7.346  -0.969 0.0000000000
324891  -24.520  -12.939  -0.285 0.0000000000
324944  -24.437  -7.495  -1.119 0.0000000000
325027  -22.976  -3.364  -1.469 0.0000000000
325087  -26.093  -5.838  0.442 0.0000000000
325090  -23.923  -9.454  -0.887 0.0000000000
325148  -25.643  -10.742  0.978 0.0000000000
325149  -25.132  -11.757  -0.226 0.0000000000
325197  -20.662  -5.063  0.939 0.0000000000
325198  -24.633  -2.011  -1.925 0.0000000000
325210  -25.540  -9.892  0.748 0.0000000000
325330  -22.635  -3.541  -0.946 0.0000000000
325763  -20.331  -6.392  1.291 0.0000000000
325793  -20.517  -12.539  2.380 0.0000000000
325865  -22.174  -1.111  -0.629 0.0000000000
328684  -20.357  1.260  0.398 0.0000000000
328911  -22.708  -10.291  -0.163 0.0000000000
329687  -19.116  2.418  1.489 0.0000000000
331192  -20.842  -2.186  0.399 0.0000000000
331234  -25.415  -2.873  -1.017 0.0000000000
331792  -21.574  -16.642  1.476 0.0000000000
333096  -24.708  -16.040  2.797 0.0000000000
333322  -25.376  -8.366  0.206 0.0000000000
334462  -18.577  -5.871  2.336 0.0000000000
334589  -23.482  2.754  -1.972 0.0000000000
338868  -24.559  -11.872  -0.954 0.0000000000
339693  -24.026  -2.923  -2.346 0.0000000000
340941  -25.758  -11.089  1.275 0.0000000000
341469  -20.569  -5.863  1.050 0.0000000000
341939  -22.675  1.176  -1.409 0.0000000000
342747  -21.686  -1.965  -0.219 0.0000000000
343537  -19.928  1.939  0.742 0.0000000000
346180  -23.760  -12.938  -0.119 0.0000000000
