#!ascii label  , from subject sub-v2s5x29549_ses-1 vox2ras=TkReg
1026
152000  -28.166  -8.610  3.069 0.0000000000
144274  -24.728  -12.708  3.671 0.0000000000
142998  -32.972  -13.432  1.333 0.0000000000
135148  -27.611  -17.837  3.554 0.0000000000
182070  -29.864  7.510  -0.166 0.0000000000
175028  -32.151  3.763  2.820 0.0000000000
159861  -24.743  -4.410  2.707 0.0000000000
128672  -24.706  -21.041  6.535 0.0000000000
140210  -26.515  -15.391  3.152 0.0000000000
136361  -24.046  -17.042  4.793 0.0000000000
292458  -31.228  6.277  1.766 0.0000000000
171008  -29.581  1.382  1.006 0.0000000000
153180  -23.338  -8.222  4.108 0.0000000000
158458  -20.835  -5.917  6.176 0.0000000000
155815  -26.287  -6.531  1.964 0.0000000000
161108  -29.635  -3.765  3.236 0.0000000000
158503  -30.489  -5.605  4.528 0.0000000000
276252  -32.940  -8.112  4.941 0.0000000000
289713  -22.487  -9.911  5.826 0.0000000000
146908  -26.623  -11.033  2.048 0.0000000000
146858  -30.740  -11.194  4.540 0.0000000000
142982  -29.059  -13.372  2.403 0.0000000000
138890  -30.297  -15.739  1.965 0.0000000000
135161  -30.936  -18.656  2.657 0.0000000000
163489  -24.733  -2.060  2.465 0.0000000000
165869  -29.932  -1.072  2.014 0.0000000000
169538  -32.868  1.069  4.410 0.0000000000
133837  -23.008  -19.032  6.831 0.0000000000
131312  -25.859  -19.900  4.860 0.0000000000
138856  -23.402  -15.711  4.936 0.0000000000
137587  -22.610  -16.543  6.517 0.0000000000
172429  -28.739  2.486  0.877 0.0000000000
262226  -27.409  0.676  1.685 0.0000000000
152009  -25.924  -8.518  2.651 0.0000000000
153205  -24.432  -7.771  2.820 0.0000000000
153221  -27.297  -7.771  2.716 0.0000000000
155804  -28.676  -6.548  2.580 0.0000000000
154504  -29.718  -7.261  4.145 0.0000000000
155785  -31.611  -6.803  5.033 0.0000000000
151971  -30.941  -8.248  4.238 0.0000000000
146857  -23.887  -11.412  4.377 0.0000000000
149487  -24.221  -10.352  4.351 0.0000000000
145600  -25.818  -12.190  3.110 0.0000000000
145618  -27.623  -12.279  2.042 0.0000000000
142993  -27.082  -13.226  2.374 0.0000000000
137624  -26.820  -16.720  3.456 0.0000000000
249437  -28.742  -15.514  2.959 0.0000000000
137636  -28.688  -16.627  2.109 0.0000000000
137638  -30.449  -17.034  2.075 0.0000000000
135150  -29.211  -18.280  2.924 0.0000000000
179802  -28.829  6.225  -0.930 0.0000000000
180928  -27.352  7.169  -0.966 0.0000000000
262872  -28.852  8.981  -0.537 0.0000000000
185207  -28.839  10.174  -0.344 0.0000000000
184202  -30.490  9.425  1.719 0.0000000000
177414  -31.630  5.140  2.418 0.0000000000
158496  -22.905  -5.007  4.602 0.0000000000
159836  -22.887  -3.931  4.643 0.0000000000
274114  -24.785  -3.359  2.798 0.0000000000
259031  -27.553  -1.619  1.440 0.0000000000
162331  -27.179  -3.005  1.791 0.0000000000
163443  -31.608  -2.667  4.938 0.0000000000
292387  -31.011  -1.442  3.948 0.0000000000
166948  -33.273  -0.473  5.287 0.0000000000
256947  -32.312  -12.273  2.692 0.0000000000
148187  -32.905  -10.679  3.443 0.0000000000
286698  -23.473  -21.014  6.990 0.0000000000
131286  -23.802  -19.952  6.502 0.0000000000
132613  -24.034  -19.267  5.725 0.0000000000
130024  -25.045  -20.656  5.457 0.0000000000
142957  -23.765  -13.976  4.030 0.0000000000
141645  -25.493  -14.049  3.609 0.0000000000
140198  -24.436  -15.343  3.931 0.0000000000
138866  -25.377  -16.023  4.296 0.0000000000
136368  -25.423  -17.383  4.163 0.0000000000
178625  -29.948  6.068  -0.113 0.0000000000
180918  -30.510  7.356  0.884 0.0000000000
177436  -30.234  5.321  1.081 0.0000000000
176210  -30.837  4.073  1.165 0.0000000000
291414  -31.068  2.415  1.915 0.0000000000
153165  -21.020  -7.797  6.130 0.0000000000
155771  -22.079  -6.800  5.206 0.0000000000
155793  -23.010  -6.363  4.108 0.0000000000
158526  -24.862  -5.378  2.436 0.0000000000
159882  -27.382  -4.078  1.928 0.0000000000
158530  -27.729  -5.374  2.318 0.0000000000
159845  -29.810  -4.591  4.105 0.0000000000
161071  -32.332  -3.638  5.512 0.0000000000
158464  -32.903  -5.036  5.548 0.0000000000
127297  -25.689  -22.576  6.593 0.0000000000
127322  -26.180  -21.946  5.902 0.0000000000
151962  -23.000  -9.077  5.090 0.0000000000
150790  -24.606  -9.182  3.814 0.0000000000
254584  -27.501  -9.759  2.568 0.0000000000
150809  -29.401  -9.667  3.475 0.0000000000
148198  -28.889  -11.005  2.780 0.0000000000
145605  -30.259  -12.243  3.450 0.0000000000
142985  -30.829  -13.288  3.182 0.0000000000
141655  -27.858  -14.635  2.549 0.0000000000
269852  -30.167  -14.651  2.187 0.0000000000
141671  -31.969  -14.481  1.972 0.0000000000
138901  -32.748  -16.927  1.469 0.0000000000
136399  -32.750  -18.304  1.779 0.0000000000
182044  -31.316  8.341  2.593 0.0000000000
167008  -27.426  -0.470  1.617 0.0000000000
287175  -29.967  0.413  1.529 0.0000000000
169556  -31.437  1.063  2.667 0.0000000000
163482  -30.018  -2.066  2.558 0.0000000000
249148  -31.409  -0.255  3.250 0.0000000000
172391  -32.690  2.531  3.823 0.0000000000
150783  -31.850  -9.599  4.281 0.0000000000
150796  -33.614  -9.303  4.109 0.0000000000
136327  -22.589  -17.337  7.280 0.0000000000
135123  -23.345  -17.956  5.639 0.0000000000
292511  -25.125  -18.346  5.111 0.0000000000
133875  -26.447  -18.511  4.602 0.0000000000
130026  -26.703  -21.292  5.192 0.0000000000
132625  -27.628  -19.704  4.679 0.0000000000
133878  -28.350  -19.367  3.695 0.0000000000
169571  -26.221  0.845  1.608 0.0000000000
152012  -27.268  -8.797  2.795 0.0000000000
264750  -26.126  -8.014  2.336 0.0000000000
153207  -27.793  -8.167  2.889 0.0000000000
294482  -28.396  -7.545  3.046 0.0000000000
153209  -28.983  -8.183  3.597 0.0000000000
153194  -29.866  -7.903  4.202 0.0000000000
151985  -29.110  -8.825  3.851 0.0000000000
144263  -23.648  -12.978  3.954 0.0000000000
145566  -22.718  -11.977  4.667 0.0000000000
145587  -24.098  -12.432  3.919 0.0000000000
253304  -24.765  -11.982  3.876 0.0000000000
145588  -25.250  -12.386  3.447 0.0000000000
253382  -26.103  -12.625  2.697 0.0000000000
144288  -25.973  -13.190  2.807 0.0000000000
136378  -27.115  -17.297  3.637 0.0000000000
137626  -28.010  -16.783  3.116 0.0000000000
136380  -28.137  -17.367  3.175 0.0000000000
136390  -29.008  -17.091  2.223 0.0000000000
135149  -28.329  -18.044  3.354 0.0000000000
182068  -29.299  7.533  -0.794 0.0000000000
180945  -28.589  7.332  -1.478 0.0000000000
183160  -29.131  8.268  -0.685 0.0000000000
184216  -29.473  9.274  0.180 0.0000000000
184201  -30.136  9.773  1.291 0.0000000000
183153  -30.178  8.521  0.956 0.0000000000
268245  -32.112  4.248  2.801 0.0000000000
274795  -31.932  5.585  3.468 0.0000000000
177400  -32.236  5.030  3.497 0.0000000000
175015  -32.850  3.998  3.501 0.0000000000
158509  -23.714  -4.866  3.690 0.0000000000
279256  -22.792  -4.488  4.776 0.0000000000
159851  -24.026  -4.313  3.526 0.0000000000
271375  -23.829  -3.758  3.720 0.0000000000
161114  -24.997  -3.928  2.534 0.0000000000
162329  -25.788  -2.986  1.712 0.0000000000
161125  -26.064  -3.563  1.842 0.0000000000
271108  -32.470  -2.082  5.380 0.0000000000
165824  -32.056  -1.464  4.819 0.0000000000
145620  -32.787  -12.641  2.391 0.0000000000
145608  -32.876  -12.036  2.597 0.0000000000
144308  -33.768  -12.657  1.624 0.0000000000
128665  -24.578  -21.617  6.761 0.0000000000
267040  -24.004  -21.625  7.284 0.0000000000
130000  -24.052  -21.075  6.744 0.0000000000
130009  -23.564  -20.547  6.677 0.0000000000
130010  -24.388  -20.433  6.567 0.0000000000
130011  -24.677  -20.552  6.089 0.0000000000
130012  -25.046  -21.200  5.957 0.0000000000
141621  -23.181  -14.481  4.683 0.0000000000
141636  -23.934  -14.422  3.983 0.0000000000
140185  -23.408  -14.967  4.484 0.0000000000
137604  -23.539  -16.287  5.073 0.0000000000
137613  -24.317  -16.223  4.421 0.0000000000
137606  -24.426  -16.813  4.578 0.0000000000
137615  -25.375  -16.634  4.231 0.0000000000
136353  -24.383  -17.460  4.706 0.0000000000
177434  -28.982  5.118  0.759 0.0000000000
178613  -30.100  5.685  0.581 0.0000000000
271781  -29.710  4.068  0.608 0.0000000000
171007  -29.155  1.981  0.986 0.0000000000
173820  -30.225  3.111  1.014 0.0000000000
172440  -30.377  2.597  1.237 0.0000000000
173813  -31.310  3.299  1.574 0.0000000000
171017  -30.256  1.874  1.181 0.0000000000
153174  -22.075  -7.863  5.385 0.0000000000
154478  -22.188  -7.353  5.143 0.0000000000
155813  -25.126  -6.843  2.593 0.0000000000
154510  -23.437  -7.019  3.140 0.0000000000
157197  -24.433  -6.276  2.668 0.0000000000
157188  -24.017  -6.052  3.021 0.0000000000
157198  -24.873  -5.987  2.448 0.0000000000
158540  -26.573  -5.444  1.857 0.0000000000
157201  -26.805  -6.123  1.986 0.0000000000
157181  -29.792  -6.145  3.666 0.0000000000
158511  -29.377  -5.677  3.124 0.0000000000
294817  -30.453  -5.118  4.545 0.0000000000
159826  -31.051  -4.277  4.941 0.0000000000
158483  -31.333  -4.862  5.081 0.0000000000
161049  -32.717  -4.096  5.601 0.0000000000
261912  -31.475  -5.548  5.236 0.0000000000
154492  -31.828  -7.388  4.831 0.0000000000
155775  -32.595  -6.521  5.239 0.0000000000
280824  -33.609  -7.752  4.352 0.0000000000
125892  -25.450  -22.961  6.983 0.0000000000
125893  -26.192  -22.975  6.877 0.0000000000
150769  -21.850  -9.215  6.146 0.0000000000
151953  -21.337  -8.740  6.263 0.0000000000
150775  -22.767  -9.659  5.406 0.0000000000
260123  -25.542  -10.705  3.338 0.0000000000
149496  -24.350  -9.799  4.041 0.0000000000
149510  -25.570  -10.211  3.274 0.0000000000
149525  -26.320  -9.879  2.452 0.0000000000
148210  -27.000  -10.738  2.032 0.0000000000
149528  -28.120  -10.521  2.660 0.0000000000
148211  -27.482  -11.040  1.894 0.0000000000
145619  -28.271  -12.617  1.920 0.0000000000
145602  -28.815  -12.342  2.304 0.0000000000
144277  -29.491  -12.937  2.781 0.0000000000
144280  -30.701  -12.594  3.633 0.0000000000
142971  -29.783  -13.046  3.327 0.0000000000
141647  -26.589  -14.789  3.065 0.0000000000
141653  -26.531  -14.176  2.780 0.0000000000
140218  -27.490  -15.111  2.594 0.0000000000
138889  -29.751  -15.833  1.953 0.0000000000
272296  -28.684  -14.927  2.624 0.0000000000
140221  -30.444  -15.106  2.141 0.0000000000
141659  -30.969  -14.644  2.953 0.0000000000
138892  -31.344  -15.546  2.411 0.0000000000
138905  -32.447  -15.807  1.626 0.0000000000
138899  -31.562  -16.445  2.168 0.0000000000
136392  -30.893  -17.944  2.458 0.0000000000
136398  -32.053  -18.251  1.858 0.0000000000
136393  -31.742  -18.457  2.119 0.0000000000
136395  -33.042  -18.780  2.066 0.0000000000
179770  -31.091  6.333  1.225 0.0000000000
180911  -30.681  7.562  1.490 0.0000000000
180901  -31.342  7.335  2.397 0.0000000000
157097  -20.070  -6.290  6.762 0.0000000000
164633  -23.975  -1.808  3.262 0.0000000000
287522  -25.167  -1.248  1.761 0.0000000000
167006  -26.190  -0.878  1.604 0.0000000000
287369  -26.737  -1.160  1.373 0.0000000000
164664  -28.148  -1.503  1.806 0.0000000000
165882  -28.997  -0.933  1.327 0.0000000000
165883  -29.632  -0.785  1.503 0.0000000000
169577  -30.492  0.554  1.721 0.0000000000
166998  -30.522  -0.374  1.831 0.0000000000
265964  -28.598  -3.976  2.383 0.0000000000
161117  -28.474  -3.495  2.343 0.0000000000
162316  -29.662  -3.272  2.932 0.0000000000
289670  -32.010  -0.273  4.106 0.0000000000
267530  -31.253  -0.707  3.803 0.0000000000
168204  -32.157  0.177  4.059 0.0000000000
169547  -31.991  1.207  3.764 0.0000000000
253530  -32.455  1.434  4.056 0.0000000000
282167  -33.273  2.041  4.471 0.0000000000
149500  -30.501  -10.324  3.932 0.0000000000
150793  -30.424  -9.652  3.797 0.0000000000
149488  -30.946  -10.540  4.567 0.0000000000
149503  -32.940  -10.200  3.830 0.0000000000
132588  -23.017  -19.530  7.112 0.0000000000
283892  -22.753  -18.480  7.100 0.0000000000
135113  -22.791  -17.856  6.833 0.0000000000
133848  -23.148  -18.464  6.490 0.0000000000
132615  -25.050  -19.408  5.225 0.0000000000
133861  -24.451  -19.070  5.225 0.0000000000
133862  -24.981  -18.911  4.960 0.0000000000
135133  -25.954  -18.160  5.011 0.0000000000
133868  -26.043  -18.823  4.844 0.0000000000
128687  -26.450  -21.696  5.448 0.0000000000
132631  -27.949  -19.514  4.384 0.0000000000
138855  -22.987  -15.441  5.189 0.0000000000
258341  -22.602  -15.611  5.767 0.0000000000
137596  -22.835  -16.275  5.951 0.0000000000
136351  -23.103  -16.897  6.151 0.0000000000
175063  -29.292  3.591  1.100 0.0000000000
172428  -28.217  2.423  1.201 0.0000000000
171006  -28.093  1.785  1.358 0.0000000000
169574  -28.456  1.087  1.576 0.0000000000
151996  -24.860  -8.604  3.183 0.0000000000
257927  -23.549  -7.737  3.828 0.0000000000
153206  -24.875  -8.206  2.883 0.0000000000
154522  -25.734  -7.590  2.445 0.0000000000
286905  -26.508  -7.094  2.282 0.0000000000
155816  -27.288  -6.537  2.538 0.0000000000
154524  -27.736  -7.045  2.726 0.0000000000
155805  -29.014  -6.759  3.001 0.0000000000
155797  -30.226  -6.359  4.076 0.0000000000
155773  -31.453  -6.196  5.163 0.0000000000
154490  -30.615  -7.043  4.553 0.0000000000
153181  -30.934  -7.675  4.348 0.0000000000
153182  -31.437  -8.197  4.391 0.0000000000
146847  -22.826  -11.372  5.096 0.0000000000
148168  -23.050  -10.650  5.262 0.0000000000
149481  -23.481  -10.282  4.994 0.0000000000
148174  -24.112  -10.878  4.484 0.0000000000
146872  -24.905  -11.402  3.747 0.0000000000
145616  -26.534  -11.612  2.234 0.0000000000
146909  -27.022  -11.299  1.803 0.0000000000
145601  -26.523  -12.320  2.289 0.0000000000
144301  -27.061  -12.601  2.235 0.0000000000
144303  -28.267  -13.171  2.014 0.0000000000
275954  -26.486  -15.956  3.340 0.0000000000
138886  -27.490  -15.661  2.807 0.0000000000
137634  -27.786  -16.247  3.022 0.0000000000
138888  -28.911  -16.031  2.856 0.0000000000
278318  -30.175  -16.332  1.977 0.0000000000
137642  -30.910  -16.616  1.856 0.0000000000
137637  -29.558  -16.636  2.110 0.0000000000
136391  -29.850  -17.447  2.271 0.0000000000
135160  -30.248  -18.214  2.650 0.0000000000
179786  -28.060  6.201  -0.066 0.0000000000
182080  -28.235  7.939  -1.636 0.0000000000
184215  -28.906  9.584  -0.328 0.0000000000
185193  -30.518  10.141  1.730 0.0000000000
274537  -31.329  5.589  2.255 0.0000000000
179754  -31.473  6.805  2.610 0.0000000000
274791  -31.460  6.356  2.993 0.0000000000
161062  -22.098  -3.961  5.650 0.0000000000
161079  -22.985  -3.330  4.517 0.0000000000
162304  -24.017  -2.847  3.354 0.0000000000
162315  -24.798  -2.750  2.402 0.0000000000
164660  -25.993  -1.904  1.502 0.0000000000
163500  -26.244  -2.449  1.602 0.0000000000
163501  -26.961  -2.476  1.500 0.0000000000
164651  -28.192  -1.896  2.216 0.0000000000
162308  -30.460  -3.196  3.757 0.0000000000
284422  -30.670  -2.809  3.355 0.0000000000
163461  -31.267  -2.296  4.554 0.0000000000
165840  -31.949  -0.980  4.452 0.0000000000
168175  -32.983  0.518  4.717 0.0000000000
247033  -31.554  -11.956  3.827 0.0000000000
148185  -31.918  -11.148  3.747 0.0000000000
146897  -32.388  -11.751  2.971 0.0000000000
146899  -33.707  -11.395  2.874 0.0000000000
129998  -22.856  -20.519  7.489 0.0000000000
131285  -23.200  -20.073  6.756 0.0000000000
132601  -23.369  -19.503  6.635 0.0000000000
247357  -23.355  -19.075  6.430 0.0000000000
132602  -23.827  -19.420  6.304 0.0000000000
132614  -24.725  -19.563  5.740 0.0000000000
131303  -25.491  -20.294  5.138 0.0000000000
256660  -23.387  -13.413  4.192 0.0000000000
142966  -23.828  -13.558  3.855 0.0000000000
142969  -25.372  -13.378  3.229 0.0000000000
141644  -24.355  -14.170  3.884 0.0000000000
267298  -24.918  -14.402  3.807 0.0000000000
140208  -25.434  -15.296  3.530 0.0000000000
140186  -23.592  -15.445  4.447 0.0000000000
138875  -25.103  -15.534  3.977 0.0000000000
138876  -25.570  -15.796  3.704 0.0000000000
137623  -26.215  -16.520  3.507 0.0000000000
136377  -26.468  -17.126  3.769 0.0000000000
136370  -26.712  -17.608  3.963 0.0000000000
177425  -27.786  5.201  1.241 0.0000000000
178611  -28.531  5.712  0.227 0.0000000000
178624  -29.197  6.007  -0.305 0.0000000000
180931  -29.729  6.931  -0.458 0.0000000000
180932  -30.295  7.088  0.074 0.0000000000
178626  -30.455  6.117  0.329 0.0000000000
179787  -30.806  6.117  0.767 0.0000000000
178615  -30.975  5.792  1.109 0.0000000000
175064  -30.017  3.554  0.690 0.0000000000
176223  -30.508  4.270  0.840 0.0000000000
271856  -31.171  4.767  1.657 0.0000000000
176199  -31.528  4.551  2.024 0.0000000000
175041  -31.554  3.764  1.787 0.0000000000
173799  -31.810  3.477  2.428 0.0000000000
157133  -21.341  -6.279  5.846 0.0000000000
155782  -22.945  -7.139  3.910 0.0000000000
155781  -22.785  -6.838  4.212 0.0000000000
157151  -22.069  -5.798  5.410 0.0000000000
157167  -22.983  -5.689  4.224 0.0000000000
294974  -23.733  -5.295  3.362 0.0000000000
158518  -24.929  -4.863  2.523 0.0000000000
254893  -26.361  -4.092  1.884 0.0000000000
159880  -26.262  -4.740  1.719 0.0000000000
248778  -27.891  -4.864  2.111 0.0000000000
159862  -29.297  -4.180  3.001 0.0000000000
157203  -28.161  -5.755  2.522 0.0000000000
158521  -29.435  -5.141  3.250 0.0000000000
254273  -29.721  -4.224  3.737 0.0000000000
161088  -30.815  -3.741  4.670 0.0000000000
162282  -31.989  -3.150  5.282 0.0000000000
163420  -32.693  -2.532  5.602 0.0000000000
269264  -33.263  -3.417  5.918 0.0000000000
161050  -33.320  -3.973  5.894 0.0000000000
157159  -32.419  -5.929  5.237 0.0000000000
143004  -33.398  -13.940  1.079 0.0000000000
127295  -24.535  -22.280  7.004 0.0000000000
127308  -24.907  -22.113  6.495 0.0000000000
128674  -25.500  -21.766  6.004 0.0000000000
151960  -22.124  -8.361  5.447 0.0000000000
151968  -22.846  -8.524  4.906 0.0000000000
150780  -23.730  -9.793  4.503 0.0000000000
151970  -23.612  -9.133  4.440 0.0000000000
151982  -23.789  -8.676  4.220 0.0000000000
150803  -25.187  -9.039  3.431 0.0000000000
150819  -26.520  -9.427  2.635 0.0000000000
150821  -27.702  -9.246  2.723 0.0000000000
150808  -28.813  -9.330  3.574 0.0000000000
149513  -28.829  -10.041  3.224 0.0000000000
267240  -29.023  -10.543  3.034 0.0000000000
146874  -30.241  -11.035  3.374 0.0000000000
146893  -28.649  -11.602  2.532 0.0000000000
146895  -29.785  -11.465  2.842 0.0000000000
146896  -30.251  -11.545  3.265 0.0000000000
145606  -31.298  -12.222  3.415 0.0000000000
292436  -31.645  -12.763  2.670 0.0000000000
144305  -32.228  -13.553  2.280 0.0000000000
142979  -25.987  -13.790  3.085 0.0000000000
142981  -27.111  -13.843  2.512 0.0000000000
142995  -28.223  -13.727  2.212 0.0000000000
140219  -28.192  -15.201  2.877 0.0000000000
141657  -29.084  -14.607  2.495 0.0000000000
142983  -29.318  -13.926  2.560 0.0000000000
250972  -30.591  -14.063  3.123 0.0000000000
142996  -31.080  -13.986  2.802 0.0000000000
253668  -32.181  -13.964  1.659 0.0000000000
141672  -32.496  -14.346  1.525 0.0000000000
284912  -33.812  -15.774  1.403 0.0000000000
137643  -31.805  -17.485  1.753 0.0000000000
137644  -32.253  -17.351  1.502 0.0000000000
182053  -30.417  7.988  1.279 0.0000000000
183146  -31.013  8.551  2.160 0.0000000000
182045  -31.573  7.812  2.745 0.0000000000
264280  -26.247  -0.235  1.666 0.0000000000
168224  -27.090  0.160  1.559 0.0000000000
168226  -28.724  0.375  1.579 0.0000000000
165879  -27.319  -1.115  1.473 0.0000000000
167010  -28.719  -0.386  1.366 0.0000000000
169576  -29.643  0.860  1.327 0.0000000000
260796  -30.279  1.230  1.535 0.0000000000
282928  -31.012  2.014  2.123 0.0000000000
172404  -31.653  2.265  2.782 0.0000000000
161127  -27.504  -3.509  1.896 0.0000000000
162323  -28.319  -2.927  2.115 0.0000000000
261188  -29.650  -1.654  2.134 0.0000000000
164641  -30.951  -1.610  3.104 0.0000000000
165858  -31.028  -1.369  2.668 0.0000000000
165871  -31.135  -0.977  2.568 0.0000000000
168210  -31.374  0.286  2.825 0.0000000000
170986  -31.720  1.604  3.222 0.0000000000
172406  -32.324  2.812  3.422 0.0000000000
175016  -33.245  3.959  3.999 0.0000000000
251245  -30.228  -9.059  4.005 0.0000000000
150782  -31.489  -9.206  4.241 0.0000000000
151974  -32.430  -8.855  4.635 0.0000000000
148178  -32.223  -10.210  4.029 0.0000000000
150785  -32.954  -9.199  4.377 0.0000000000
151975  -32.978  -8.600  4.777 0.0000000000
136343  -22.737  -17.192  6.653 0.0000000000
135114  -23.039  -17.718  6.150 0.0000000000
246529  -23.403  -17.289  5.587 0.0000000000
133860  -23.804  -18.527  5.397 0.0000000000
135125  -24.129  -17.959  5.042 0.0000000000
136362  -25.093  -17.614  4.558 0.0000000000
135141  -26.181  -18.016  4.569 0.0000000000
133884  -27.186  -18.480  3.785 0.0000000000
128686  -25.668  -21.344  5.552 0.0000000000
266743  -25.643  -20.820  5.236 0.0000000000
130025  -26.161  -20.593  5.082 0.0000000000
130037  -26.931  -20.775  4.926 0.0000000000
131313  -26.597  -19.972  4.979 0.0000000000
132630  -27.265  -19.237  4.470 0.0000000000
133877  -27.507  -18.987  3.912 0.0000000000
133885  -27.959  -18.538  3.700 0.0000000000
133886  -28.532  -18.790  3.257 0.0000000000
125891  -24.824  -22.917  7.082 0.0000000000
127296  -25.059  -22.548  6.596 0.0000000000
128663  -23.129  -20.965  7.411 0.0000000000
128673  -24.965  -21.703  6.237 0.0000000000
129999  -23.085  -20.560  6.951 0.0000000000
131275  -22.868  -20.105  7.182 0.0000000000
131287  -24.441  -19.853  6.272 0.0000000000
131301  -24.691  -20.167  5.687 0.0000000000
131302  -25.033  -19.988  5.367 0.0000000000
131311  -25.408  -19.762  5.095 0.0000000000
131314  -27.202  -20.246  4.650 0.0000000000
132622  -25.562  -19.248  4.903 0.0000000000
132623  -26.312  -19.381  4.891 0.0000000000
132624  -26.991  -19.519  4.866 0.0000000000
133836  -22.766  -19.068  7.430 0.0000000000
133849  -23.438  -18.937  5.936 0.0000000000
133859  -23.311  -18.322  5.925 0.0000000000
133866  -24.572  -18.460  5.117 0.0000000000
133867  -25.520  -18.610  4.997 0.0000000000
133869  -26.644  -19.044  4.664 0.0000000000
133876  -26.850  -18.825  4.047 0.0000000000
135124  -23.628  -17.864  5.262 0.0000000000
135131  -24.843  -17.973  4.991 0.0000000000
135132  -25.402  -18.006  4.973 0.0000000000
135140  -25.593  -17.764  4.450 0.0000000000
135142  -26.699  -18.142  4.266 0.0000000000
135147  -27.023  -17.914  3.794 0.0000000000
135162  -31.442  -18.943  2.261 0.0000000000
136352  -23.722  -17.462  4.914 0.0000000000
136369  -26.114  -17.593  4.146 0.0000000000
136379  -27.654  -17.194  3.384 0.0000000000
136381  -28.826  -17.672  2.976 0.0000000000
136382  -29.459  -17.879  2.521 0.0000000000
136389  -28.458  -16.885  2.424 0.0000000000
136394  -32.406  -18.716  2.101 0.0000000000
136397  -31.363  -17.597  1.984 0.0000000000
137597  -23.367  -16.589  5.639 0.0000000000
137598  -23.790  -16.828  5.249 0.0000000000
137605  -23.982  -16.548  4.751 0.0000000000
137607  -24.965  -16.979  4.497 0.0000000000
137614  -24.990  -16.363  4.501 0.0000000000
137616  -25.828  -16.980  3.835 0.0000000000
137622  -25.702  -16.373  3.727 0.0000000000
137625  -27.455  -16.694  3.414 0.0000000000
137635  -28.377  -16.486  2.752 0.0000000000
137645  -33.301  -17.961  1.374 0.0000000000
138845  -23.107  -15.991  5.417 0.0000000000
138857  -23.913  -16.145  4.528 0.0000000000
138864  -24.088  -15.665  4.199 0.0000000000
138865  -24.849  -15.861  4.319 0.0000000000
138877  -25.922  -16.085  3.420 0.0000000000
138878  -27.126  -16.135  3.325 0.0000000000
138885  -26.946  -15.682  3.024 0.0000000000
138887  -28.238  -15.896  2.974 0.0000000000
138891  -31.032  -15.735  2.281 0.0000000000
138900  -31.883  -16.215  2.044 0.0000000000
140197  -23.838  -15.032  4.050 0.0000000000
140206  -24.363  -14.749  3.888 0.0000000000
140207  -24.920  -15.009  3.796 0.0000000000
140209  -25.985  -15.041  3.322 0.0000000000
140217  -27.043  -15.238  2.753 0.0000000000
140220  -29.937  -15.188  1.946 0.0000000000
140222  -31.057  -15.050  2.711 0.0000000000
140231  -31.195  -15.043  2.658 0.0000000000
140232  -31.723  -15.246  2.229 0.0000000000
140233  -32.287  -14.956  1.734 0.0000000000
140240  -33.160  -15.183  1.569 0.0000000000
141634  -23.333  -13.979  4.396 0.0000000000
141635  -23.597  -14.493  4.241 0.0000000000
141646  -26.020  -14.409  3.291 0.0000000000
141654  -27.148  -14.588  2.547 0.0000000000
141656  -28.428  -14.608  2.496 0.0000000000
141658  -30.733  -14.728  2.995 0.0000000000
141668  -27.701  -14.086  2.397 0.0000000000
141669  -28.718  -14.004  2.297 0.0000000000
141670  -31.371  -14.583  2.522 0.0000000000
141678  -33.217  -14.422  1.188 0.0000000000
142967  -24.239  -13.653  3.637 0.0000000000
142968  -24.684  -13.284  3.394 0.0000000000
142970  -29.505  -13.416  2.765 0.0000000000
142972  -30.312  -13.160  3.330 0.0000000000
142980  -26.493  -13.547  2.617 0.0000000000
142984  -30.088  -13.795  3.110 0.0000000000
142986  -31.483  -13.252  2.572 0.0000000000
142994  -27.691  -13.490  2.263 0.0000000000
142997  -31.725  -13.984  2.314 0.0000000000
143003  -32.707  -13.906  1.286 0.0000000000
144262  -22.887  -13.032  4.508 0.0000000000
144273  -24.170  -13.135  3.650 0.0000000000
144275  -25.134  -12.938  3.346 0.0000000000
144276  -29.106  -12.813  2.425 0.0000000000
144278  -29.753  -12.515  3.385 0.0000000000
144279  -30.121  -12.497  3.646 0.0000000000
144287  -25.626  -12.784  3.115 0.0000000000
144289  -26.473  -12.931  2.427 0.0000000000
144290  -28.708  -12.968  2.023 0.0000000000
144291  -31.230  -12.683  3.068 0.0000000000
144292  -32.205  -12.919  2.541 0.0000000000
144302  -27.679  -12.898  2.138 0.0000000000
144304  -28.614  -13.439  2.116 0.0000000000
144306  -32.638  -13.171  2.014 0.0000000000
144307  -33.165  -12.904  1.793 0.0000000000
145576  -23.132  -12.235  4.370 0.0000000000
145577  -23.647  -11.971  4.148 0.0000000000
145589  -29.427  -12.392  2.647 0.0000000000
145590  -30.710  -11.915  3.252 0.0000000000
145591  -31.840  -12.009  3.096 0.0000000000
145603  -29.409  -11.909  2.548 0.0000000000
145604  -29.931  -11.986  2.775 0.0000000000
145607  -31.725  -12.386  2.792 0.0000000000
145617  -27.028  -11.933  1.993 0.0000000000
145621  -33.321  -12.355  2.160 0.0000000000
146856  -23.295  -11.635  4.576 0.0000000000
146859  -31.278  -11.517  4.183 0.0000000000
146871  -24.524  -11.334  4.217 0.0000000000
146873  -25.339  -11.655  3.379 0.0000000000
146875  -30.545  -11.206  4.233 0.0000000000
146876  -30.866  -11.709  3.631 0.0000000000
146877  -31.855  -11.665  3.583 0.0000000000
146878  -32.546  -11.226  3.357 0.0000000000
146879  -33.290  -11.057  3.207 0.0000000000
146891  -26.034  -11.635  2.936 0.0000000000
146892  -26.194  -11.077  2.565 0.0000000000
146894  -29.303  -11.413  2.674 0.0000000000
146898  -33.062  -11.554  2.948 0.0000000000
146910  -27.531  -11.605  1.855 0.0000000000
146911  -28.138  -11.982  2.125 0.0000000000
148173  -23.530  -10.936  4.813 0.0000000000
148175  -30.709  -10.899  4.510 0.0000000000
148176  -30.945  -10.935  4.591 0.0000000000
148177  -31.690  -10.777  4.092 0.0000000000
148186  -32.379  -10.693  3.738 0.0000000000
148195  -25.626  -11.126  3.034 0.0000000000
148196  -25.931  -10.603  2.958 0.0000000000
148197  -28.331  -10.995  2.564 0.0000000000
148199  -29.558  -10.864  2.938 0.0000000000
148209  -26.405  -10.468  2.369 0.0000000000
149475  -22.171  -9.836  6.206 0.0000000000
149480  -22.689  -10.272  5.544 0.0000000000
149486  -23.905  -10.451  4.750 0.0000000000
149489  -31.570  -10.252  4.241 0.0000000000
149490  -32.641  -9.767  4.228 0.0000000000
149497  -24.695  -10.375  3.999 0.0000000000
149498  -25.251  -10.521  3.733 0.0000000000
149499  -30.001  -9.920  3.532 0.0000000000
149501  -30.828  -10.138  4.169 0.0000000000
149502  -31.328  -9.877  4.069 0.0000000000
149504  -33.747  -9.905  3.814 0.0000000000
149511  -25.971  -10.010  2.717 0.0000000000
149512  -28.529  -10.587  2.983 0.0000000000
149514  -29.558  -10.245  3.198 0.0000000000
149526  -26.897  -10.015  2.418 0.0000000000
149527  -27.559  -10.398  2.271 0.0000000000
150776  -23.239  -9.692  5.007 0.0000000000
150781  -24.093  -9.183  4.200 0.0000000000
150784  -32.327  -9.407  4.477 0.0000000000
150791  -29.284  -9.237  3.859 0.0000000000
150792  -29.818  -9.386  3.796 0.0000000000
150794  -30.892  -9.307  3.994 0.0000000000
150795  -33.194  -9.695  4.097 0.0000000000
150804  -25.570  -9.576  3.088 0.0000000000
150805  -26.028  -9.472  2.681 0.0000000000
150806  -28.112  -9.172  2.801 0.0000000000
150807  -28.406  -9.592  2.987 0.0000000000
150820  -27.111  -9.330  2.739 0.0000000000
150822  -28.078  -9.794  2.503 0.0000000000
151954  -21.765  -8.582  5.858 0.0000000000
151955  -22.182  -8.920  5.606 0.0000000000
151961  -22.580  -8.667  5.273 0.0000000000
151969  -23.198  -8.735  4.488 0.0000000000
151972  -31.172  -8.709  4.205 0.0000000000
151973  -31.606  -8.725  4.364 0.0000000000
151976  -33.510  -8.721  4.390 0.0000000000
151983  -24.257  -8.700  3.839 0.0000000000
151984  -24.675  -8.770  3.549 0.0000000000
151986  -29.635  -8.910  4.021 0.0000000000
151987  -30.627  -8.641  4.125 0.0000000000
151988  -34.170  -8.841  4.056 0.0000000000
151997  -25.323  -8.604  2.932 0.0000000000
151998  -25.703  -9.009  2.910 0.0000000000
151999  -27.728  -8.703  2.857 0.0000000000
152001  -28.635  -8.673  3.442 0.0000000000
152010  -26.244  -8.936  2.697 0.0000000000
152011  -26.780  -8.876  2.698 0.0000000000
153166  -21.376  -8.205  6.034 0.0000000000
153167  -21.766  -8.043  5.708 0.0000000000
153179  -22.956  -8.111  4.512 0.0000000000
153183  -31.943  -7.946  4.666 0.0000000000
153184  -32.493  -8.297  4.823 0.0000000000
153185  -33.339  -8.145  4.586 0.0000000000
153191  -23.877  -8.195  3.788 0.0000000000
153192  -24.393  -8.270  3.263 0.0000000000
153193  -29.491  -8.366  4.017 0.0000000000
153195  -30.451  -8.071  4.262 0.0000000000
153208  -28.392  -8.023  3.170 0.0000000000
153218  -25.507  -8.109  2.670 0.0000000000
153219  -26.524  -8.429  2.255 0.0000000000
153220  -26.922  -8.343  2.420 0.0000000000
154450  -20.269  -7.406  6.681 0.0000000000
154470  -20.675  -7.342  6.195 0.0000000000
154472  -21.751  -7.540  5.581 0.0000000000
154479  -32.235  -7.023  5.239 0.0000000000
154487  -22.763  -7.401  4.582 0.0000000000
154488  -23.201  -7.603  4.138 0.0000000000
154489  -30.081  -6.897  4.388 0.0000000000
154491  -31.244  -7.190  4.648 0.0000000000
154493  -32.496  -7.649  5.001 0.0000000000
154494  -33.188  -7.574  4.777 0.0000000000
154495  -33.756  -7.403  4.533 0.0000000000
154501  -23.184  -7.243  3.521 0.0000000000
154502  -23.891  -7.616  3.361 0.0000000000
154503  -29.404  -7.040  3.490 0.0000000000
154505  -30.230  -7.451  4.359 0.0000000000
154511  -24.118  -7.219  2.830 0.0000000000
154512  -28.007  -7.622  2.796 0.0000000000
154513  -28.861  -7.472  3.256 0.0000000000
154520  -24.696  -7.284  2.662 0.0000000000
154521  -25.106  -7.688  2.733 0.0000000000
154523  -27.047  -7.133  2.520 0.0000000000
155756  -21.265  -6.699  5.739 0.0000000000
155757  -21.841  -6.406  5.570 0.0000000000
155772  -22.308  -6.307  5.118 0.0000000000
155774  -32.026  -6.394  5.178 0.0000000000
155776  -33.147  -6.534  5.202 0.0000000000
155783  -30.521  -6.604  4.482 0.0000000000
155784  -30.988  -6.567  4.807 0.0000000000
155794  -23.011  -6.800  3.545 0.0000000000
155795  -29.516  -6.420  3.210 0.0000000000
155796  -29.768  -6.671  3.863 0.0000000000
155802  -23.552  -6.413  3.300 0.0000000000
155803  -24.028  -6.640  2.945 0.0000000000
155812  -24.485  -6.814  2.596 0.0000000000
155814  -25.819  -6.935  2.398 0.0000000000
155817  -28.084  -6.398  2.544 0.0000000000
157117  -20.517  -6.215  6.248 0.0000000000
157132  -20.854  -6.369  5.986 0.0000000000
157134  -21.636  -5.878  5.800 0.0000000000
157158  -31.879  -5.918  5.219 0.0000000000
157168  -23.428  -5.463  3.744 0.0000000000
157169  -30.160  -5.854  4.027 0.0000000000
157170  -30.560  -6.160  4.490 0.0000000000
157171  -30.975  -5.910  4.916 0.0000000000
157179  -23.262  -6.111  3.710 0.0000000000
157180  -29.535  -6.004  3.173 0.0000000000
157187  -23.605  -5.791  3.317 0.0000000000
157189  -28.637  -6.113  2.535 0.0000000000
157190  -29.174  -6.089  2.747 0.0000000000
157199  -25.572  -5.743  2.316 0.0000000000
157200  -26.220  -5.948  1.929 0.0000000000
157202  -27.513  -5.934  2.418 0.0000000000
158444  -20.462  -5.964  6.340 0.0000000000
158475  -22.515  -5.612  4.887 0.0000000000
158484  -31.969  -4.965  5.298 0.0000000000
158497  -23.336  -4.952  4.142 0.0000000000
158502  -29.964  -5.210  4.190 0.0000000000
158504  -30.921  -5.302  4.867 0.0000000000
158510  -24.042  -4.863  3.217 0.0000000000
158512  -29.675  -5.582  3.582 0.0000000000
158517  -23.965  -5.438  2.930 0.0000000000
158519  -28.716  -5.581  2.632 0.0000000000
158520  -29.102  -5.378  2.912 0.0000000000
158525  -24.332  -5.669  2.570 0.0000000000
158527  -25.448  -5.060  2.323 0.0000000000
158528  -26.012  -5.274  2.007 0.0000000000
158529  -27.136  -5.490  2.086 0.0000000000
158531  -28.324  -5.183  2.389 0.0000000000
158532  -28.811  -4.951  2.571 0.0000000000
158533  -29.160  -4.731  2.973 0.0000000000
158541  -26.910  -4.973  1.808 0.0000000000
158542  -27.416  -5.060  2.078 0.0000000000
159808  -32.513  -4.673  5.464 0.0000000000
159809  -33.083  -4.578  5.710 0.0000000000
159827  -31.722  -4.331  5.178 0.0000000000
159837  -23.157  -4.369  4.393 0.0000000000
159846  -30.135  -4.645  4.450 0.0000000000
159847  -30.754  -4.750  4.738 0.0000000000
159850  -23.622  -4.293  3.974 0.0000000000
159853  -29.696  -4.894  3.647 0.0000000000
159860  -24.344  -4.362  3.057 0.0000000000
159863  -29.512  -4.493  3.293 0.0000000000
159868  -25.254  -4.480  2.386 0.0000000000
159869  -25.745  -4.604  1.883 0.0000000000
159870  -27.865  -4.349  2.038 0.0000000000
159871  -28.395  -4.524  2.283 0.0000000000
159872  -28.946  -4.249  2.637 0.0000000000
159879  -25.831  -4.103  1.834 0.0000000000
159881  -26.853  -4.371  1.880 0.0000000000
161051  -33.970  -4.050  5.947 0.0000000000
161063  -22.385  -3.833  5.341 0.0000000000
161064  -22.693  -3.616  4.954 0.0000000000
161069  -31.292  -3.799  5.030 0.0000000000
161070  -31.845  -3.749  5.261 0.0000000000
161080  -23.316  -3.655  4.150 0.0000000000
161086  -29.950  -4.126  4.239 0.0000000000
161087  -30.368  -3.649  4.229 0.0000000000
161097  -29.950  -3.668  3.800 0.0000000000
161105  -24.260  -3.836  3.328 0.0000000000
161106  -24.655  -3.838  3.006 0.0000000000
161107  -29.389  -3.722  2.754 0.0000000000
161115  -25.059  -3.437  2.025 0.0000000000
161116  -28.021  -3.464  2.041 0.0000000000
161118  -28.954  -3.600  2.541 0.0000000000
161124  -25.399  -3.533  1.755 0.0000000000
161126  -26.833  -3.656  1.896 0.0000000000
162260  -32.981  -3.012  5.806 0.0000000000
162261  -33.519  -3.015  5.959 0.0000000000
162281  -31.438  -3.258  5.044 0.0000000000
162283  -32.484  -3.061  5.558 0.0000000000
162295  -30.776  -3.254  4.269 0.0000000000
162296  -31.055  -3.377  4.759 0.0000000000
162303  -23.611  -2.846  3.705 0.0000000000
162314  -24.375  -2.837  2.947 0.0000000000
162317  -30.048  -3.100  3.273 0.0000000000
162322  -25.293  -2.912  1.944 0.0000000000
162324  -28.817  -2.987  2.491 0.0000000000
162325  -29.310  -3.134  2.705 0.0000000000
162330  -26.512  -2.995  1.853 0.0000000000
162332  -27.792  -2.949  1.839 0.0000000000
163421  -33.236  -2.510  5.838 0.0000000000
163442  -31.095  -2.843  4.533 0.0000000000
163444  -32.156  -2.489  5.258 0.0000000000
163460  -30.870  -2.817  3.765 0.0000000000
163472  -30.379  -2.480  3.000 0.0000000000
163473  -30.865  -2.283  3.338 0.0000000000
163481  -29.753  -2.721  2.734 0.0000000000
163483  -30.573  -1.827  2.911 0.0000000000
163490  -25.147  -2.240  2.114 0.0000000000
163491  -27.968  -2.302  2.143 0.0000000000
163492  -28.590  -2.312  2.416 0.0000000000
163493  -29.158  -2.670  2.575 0.0000000000
163499  -25.630  -2.383  1.742 0.0000000000
163502  -27.503  -2.465  1.573 0.0000000000
164584  -32.932  -2.023  5.577 0.0000000000
164606  -32.158  -1.899  5.133 0.0000000000
164607  -32.472  -1.465  5.357 0.0000000000
164624  -30.976  -2.278  4.063 0.0000000000
164625  -31.170  -1.734  4.296 0.0000000000
164626  -31.734  -2.009  4.772 0.0000000000
164635  -30.953  -1.802  3.649 0.0000000000
164640  -24.298  -1.517  2.614 0.0000000000
164649  -24.816  -1.569  2.114 0.0000000000
164650  -25.393  -1.778  1.782 0.0000000000
164652  -28.803  -1.713  2.118 0.0000000000
164653  -29.401  -2.293  2.229 0.0000000000
164661  -26.657  -2.000  1.337 0.0000000000
164662  -27.298  -2.070  1.269 0.0000000000
164663  -27.735  -1.954  1.752 0.0000000000
165825  -32.397  -0.947  4.855 0.0000000000
165839  -31.201  -1.087  4.206 0.0000000000
165841  -32.374  -0.480  4.298 0.0000000000
165850  -31.024  -1.220  3.544 0.0000000000
165857  -30.247  -1.376  2.561 0.0000000000
165859  -31.235  -1.294  2.850 0.0000000000
165867  -28.771  -1.400  1.494 0.0000000000
165868  -29.320  -1.269  1.682 0.0000000000
165870  -30.663  -0.928  2.226 0.0000000000
165877  -25.763  -1.345  1.641 0.0000000000
165878  -26.387  -1.480  1.360 0.0000000000
165880  -27.860  -1.262  1.610 0.0000000000
165881  -28.399  -1.132  1.493 0.0000000000
166947  -32.748  -0.417  4.821 0.0000000000
166966  -31.589  -0.570  4.230 0.0000000000
166977  -31.578  -0.246  3.846 0.0000000000
166988  -31.303  -0.917  2.992 0.0000000000
166997  -30.137  -0.647  1.830 0.0000000000
166999  -30.972  -0.501  2.168 0.0000000000
167007  -26.796  -0.675  1.576 0.0000000000
167009  -28.160  -0.623  1.602 0.0000000000
167011  -29.968  -0.251  1.460 0.0000000000
167012  -30.419  0.046  1.618 0.0000000000
168194  -32.728  0.003  4.388 0.0000000000
168203  -31.631  0.282  3.581 0.0000000000
168216  -25.874  0.422  1.745 0.0000000000
168217  -30.822  0.023  1.838 0.0000000000
168218  -31.112  -0.033  2.282 0.0000000000
168223  -26.462  0.285  1.585 0.0000000000
168225  -27.958  0.069  1.677 0.0000000000
168227  -29.456  0.223  1.329 0.0000000000
169546  -31.671  0.861  3.327 0.0000000000
169548  -32.430  0.803  4.020 0.0000000000
169564  -30.646  1.076  1.899 0.0000000000
169565  -31.021  0.613  2.159 0.0000000000
169573  -27.677  1.221  1.560 0.0000000000
169575  -29.223  0.914  1.353 0.0000000000
170952  -33.768  2.121  4.793 0.0000000000
170964  -32.913  1.728  4.281 0.0000000000
170975  -32.147  1.794  3.699 0.0000000000
170976  -32.626  1.993  3.908 0.0000000000
170985  -31.413  1.725  2.545 0.0000000000
170995  -30.622  1.652  1.776 0.0000000000
170996  -31.014  1.352  2.211 0.0000000000
171009  -29.955  1.322  1.019 0.0000000000
171016  -29.762  1.876  1.000 0.0000000000
172378  -33.394  2.509  4.462 0.0000000000
172390  -32.375  2.274  3.624 0.0000000000
172405  -32.018  2.250  3.316 0.0000000000
172417  -31.366  2.512  2.232 0.0000000000
172418  -31.703  2.899  2.616 0.0000000000
172430  -30.747  2.345  1.567 0.0000000000
172431  -31.130  2.819  1.800 0.0000000000
172438  -29.384  2.482  0.996 0.0000000000
172439  -29.987  2.482  1.061 0.0000000000
173773  -32.814  3.087  3.708 0.0000000000
173774  -33.171  3.332  4.100 0.0000000000
173786  -32.086  3.215  2.945 0.0000000000
173787  -32.626  3.486  3.212 0.0000000000
173798  -31.534  3.124  2.026 0.0000000000
173811  -28.977  2.956  0.999 0.0000000000
173812  -30.730  3.118  1.381 0.0000000000
173819  -29.680  3.028  1.010 0.0000000000
175029  -32.472  4.089  3.102 0.0000000000
175042  -31.802  4.081  2.434 0.0000000000
175054  -30.587  3.661  0.755 0.0000000000
175055  -31.117  3.686  1.268 0.0000000000
176174  -32.998  4.507  3.741 0.0000000000
176187  -32.202  4.596  3.078 0.0000000000
176188  -32.565  4.526  3.462 0.0000000000
176200  -31.896  4.641  2.601 0.0000000000
176211  -31.285  4.216  1.444 0.0000000000
176221  -29.334  4.718  0.877 0.0000000000
176222  -29.997  4.603  0.838 0.0000000000
176224  -30.852  4.665  1.322 0.0000000000
177388  -32.673  4.930  3.669 0.0000000000
177399  -31.885  5.112  3.026 0.0000000000
177413  -31.285  5.181  1.920 0.0000000000
177426  -31.029  5.275  1.460 0.0000000000
177435  -29.642  5.226  0.854 0.0000000000
177437  -30.772  5.317  1.129 0.0000000000
178589  -31.299  6.196  2.343 0.0000000000
178590  -31.555  5.743  2.910 0.0000000000
178599  -28.188  5.648  0.923 0.0000000000
178600  -31.178  5.809  1.689 0.0000000000
178610  -27.763  5.986  0.650 0.0000000000
178614  -30.621  5.816  0.815 0.0000000000
178623  -28.603  5.998  -0.525 0.0000000000
179753  -31.154  6.770  1.957 0.0000000000
179769  -30.612  6.609  0.611 0.0000000000
179801  -28.261  6.218  -0.829 0.0000000000
179803  -29.522  6.392  -0.533 0.0000000000
179804  -30.224  6.469  -0.179 0.0000000000
180902  -31.680  7.306  2.832 0.0000000000
180912  -31.042  7.441  1.887 0.0000000000
180930  -29.046  6.768  -1.024 0.0000000000
180944  -27.921  7.472  -1.600 0.0000000000
182034  -31.741  8.313  3.012 0.0000000000
182054  -30.868  8.045  1.865 0.0000000000
182062  -30.188  7.864  0.435 0.0000000000
182069  -29.711  8.074  -0.135 0.0000000000
183145  -30.519  8.677  1.655 0.0000000000
183161  -29.566  8.690  -0.017 0.0000000000
183168  -28.501  8.461  -1.384 0.0000000000
184203  -30.948  9.115  2.065 0.0000000000
184208  -30.162  9.148  1.200 0.0000000000
186218  -28.838  10.758  -0.391 0.0000000000
244568  -25.794  -6.369  1.923 0.0000000000
244998  -25.334  -7.224  2.664 0.0000000000
246901  -29.216  -16.107  2.248 0.0000000000
248156  -25.913  -15.627  3.303 0.0000000000
248561  -22.722  -6.294  4.594 0.0000000000
250607  -27.967  -11.340  2.099 0.0000000000
250679  -33.065  0.040  5.011 0.0000000000
252199  -25.326  -6.386  2.333 0.0000000000
252340  -29.284  -15.328  2.268 0.0000000000
253131  -24.387  -4.993  2.683 0.0000000000
253243  -22.575  -4.971  5.015 0.0000000000
254063  -21.432  -7.765  5.853 0.0000000000
254532  -28.855  -18.264  3.163 0.0000000000
254791  -31.220  7.867  2.298 0.0000000000
254929  -32.064  -5.532  5.260 0.0000000000
255860  -25.190  -11.079  3.453 0.0000000000
255973  -28.415  -7.106  2.815 0.0000000000
257422  -22.599  -9.142  5.439 0.0000000000
258548  -23.360  -9.283  4.713 0.0000000000
258811  -27.841  -0.924  1.664 0.0000000000
259246  -32.825  -3.536  5.758 0.0000000000
260022  -28.062  0.691  1.710 0.0000000000
260381  -28.373  -10.150  2.922 0.0000000000
260866  -24.843  -10.920  3.909 0.0000000000
261008  -28.865  1.543  1.242 0.0000000000
261595  -30.926  7.018  1.308 0.0000000000
262087  -25.487  -14.668  3.644 0.0000000000
262219  -27.005  -1.595  1.278 0.0000000000
262221  -33.742  -3.534  6.029 0.0000000000
262352  -21.181  -5.978  6.001 0.0000000000
262572  -29.391  -7.707  3.776 0.0000000000
262626  -21.701  -7.013  5.458 0.0000000000
263025  -24.837  -6.454  2.518 0.0000000000
263243  -24.235  -11.806  4.124 0.0000000000
263837  -31.952  -9.058  4.472 0.0000000000
263849  -26.788  -0.168  1.515 0.0000000000
264168  -29.344  -0.404  1.313 0.0000000000
266038  -31.985  0.675  3.753 0.0000000000
266092  -22.379  -9.439  5.798 0.0000000000
266427  -32.891  -6.139  5.273 0.0000000000
267020  -30.473  -4.183  4.584 0.0000000000
267133  -31.482  -7.671  4.524 0.0000000000
268495  -26.782  0.651  1.634 0.0000000000
268645  -32.229  -4.168  5.383 0.0000000000
268751  -31.671  -1.477  4.471 0.0000000000
269940  -26.681  -7.840  2.119 0.0000000000
270049  -32.719  0.451  4.225 0.0000000000
270214  -32.974  3.559  3.655 0.0000000000
270718  -25.419  -4.001  2.084 0.0000000000
271246  -28.202  -3.966  2.163 0.0000000000
271643  -30.427  4.845  1.173 0.0000000000
272233  -24.865  -13.819  3.673 0.0000000000
272338  -31.252  -0.454  2.650 0.0000000000
272590  -32.526  -13.632  1.627 0.0000000000
272811  -21.340  -9.220  6.580 0.0000000000
272930  -22.450  -4.246  5.112 0.0000000000
273644  -30.200  3.970  0.557 0.0000000000
274129  -23.980  -3.305  3.532 0.0000000000
274132  -23.564  -3.275  3.819 0.0000000000
274133  -24.363  -3.336  3.197 0.0000000000
274488  -27.385  -8.356  2.734 0.0000000000
274786  -31.733  6.183  3.405 0.0000000000
274978  -31.971  -8.505  4.556 0.0000000000
275180  -31.939  2.718  3.071 0.0000000000
275944  -29.739  -14.315  2.734 0.0000000000
276295  -30.310  -14.336  2.974 0.0000000000
277764  -34.102  -9.404  3.853 0.0000000000
277914  -28.187  -14.219  2.368 0.0000000000
278904  -23.084  -12.776  4.161 0.0000000000
279323  -22.389  -6.848  4.731 0.0000000000
279719  -30.028  -8.511  4.207 0.0000000000
280526  -28.758  7.877  -1.331 0.0000000000
281507  -26.099  -21.156  5.284 0.0000000000
281963  -31.350  -0.504  3.531 0.0000000000
283748  -23.296  -15.299  4.804 0.0000000000
284666  -29.635  -14.856  2.285 0.0000000000
284725  -27.800  -3.881  1.994 0.0000000000
285934  -24.976  -9.824  3.577 0.0000000000
286177  -31.109  8.202  2.243 0.0000000000
286179  -32.548  -5.327  5.361 0.0000000000
286333  -26.254  -7.540  2.204 0.0000000000
286746  -32.134  -9.801  4.204 0.0000000000
287685  -27.401  -4.628  1.977 0.0000000000
288392  -26.247  -12.071  2.738 0.0000000000
288618  -22.556  -8.018  5.084 0.0000000000
288750  -32.126  -4.524  5.341 0.0000000000
288826  -29.712  -13.731  2.953 0.0000000000
289097  -28.441  9.387  -0.752 0.0000000000
289336  -29.090  -0.065  1.351 0.0000000000
289474  -23.988  -13.988  3.920 0.0000000000
289510  -30.009  0.882  1.557 0.0000000000
289816  -28.403  -9.070  3.186 0.0000000000
289839  -26.756  -6.690  2.198 0.0000000000
289852  -27.887  -10.849  2.159 0.0000000000
290472  -23.036  -10.108  5.251 0.0000000000
291025  -30.152  -10.488  3.333 0.0000000000
291093  -31.357  2.125  2.420 0.0000000000
291393  -24.500  -10.789  4.247 0.0000000000
291730  -28.614  2.107  1.004 0.0000000000
292272  -28.600  -0.822  1.336 0.0000000000
292847  -30.478  -10.852  4.076 0.0000000000
294023  -23.472  -12.479  4.047 0.0000000000
294914  -26.665  -16.321  3.451 0.0000000000
295168  -28.261  -6.787  2.640 0.0000000000
