#!ascii label  , from subject sub-v2s5x29549_ses-1 vox2ras=TkReg
1715
52606  -42.987  -60.457  0.580 0.5000000000
49392  -41.937  -62.040  -0.183 0.8000000119
47844  -40.143  -63.488  -1.192 0.8000000119
47862  -41.075  -62.688  -0.559 0.8000000119
47875  -41.311  -62.229  -0.460 0.8000000119
54163  -44.427  -59.386  0.915 0.5000000000
52619  -42.685  -60.999  0.150 0.5000000000
50978  -42.125  -61.137  0.011 0.6000000238
46323  -38.527  -63.610  -1.057 0.6999999881
46325  -39.626  -63.707  -1.068 0.6999999881
282294  -40.933  -61.754  -0.295 0.8000000119
50963  -41.455  -61.124  0.651 0.6999999881
55592  -45.214  -58.695  1.139 0.6000000238
54162  -43.699  -59.521  1.179 0.5000000000
249369  -43.114  -59.774  1.419 0.6000000238
284886  -36.086  -63.590  0.345 0.6999999881
54161  -42.758  -60.210  1.003 0.6000000238
54160  -42.570  -60.124  1.683 0.6000000238
46321  -36.998  -63.293  -0.548 0.6999999881
46297  -37.651  -63.589  0.920 0.6999999881
281352  -40.007  -63.289  -1.363 0.6999999881
52598  -42.222  -60.559  1.196 0.6000000238
54152  -41.917  -60.062  2.593 0.6000000238
49372  -40.652  -62.142  -0.572 0.8000000119
50962  -41.016  -61.129  1.111 0.8000000119
52596  -41.255  -60.725  1.938 0.6999999881
57059  -44.823  -58.276  1.832 0.4000000060
54155  -43.473  -59.339  1.741 0.6000000238
262470  -35.716  -63.450  -0.116 0.6999999881
54139  -42.233  -59.814  2.960 0.6000000238
47874  -36.484  -63.031  -0.864 0.6999999881
46322  -37.768  -63.381  -0.977 0.6999999881
47859  -39.044  -63.398  -1.521 0.6999999881
49370  -39.123  -62.388  -0.523 0.6999999881
50974  -39.415  -61.916  0.470 0.6000000238
50949  -40.628  -61.002  1.961 0.6999999881
54137  -39.902  -60.001  3.299 0.5000000000
49369  -38.368  -62.179  -0.330 0.6000000238
50959  -38.963  -61.310  1.344 0.6000000238
50960  -39.655  -61.322  1.260 0.6000000238
52565  -39.419  -60.332  3.042 0.6000000238
50946  -38.602  -60.982  2.039 0.6000000238
52563  -38.576  -60.135  2.920 0.5000000000
57043  -44.664  -57.817  3.174 0.4000000060
57053  -44.117  -58.590  2.670 0.5000000000
46329  -33.886  -63.243  -0.949 0.6999999881
55574  -43.663  -58.978  2.762 0.6000000238
55561  -42.697  -59.108  3.683 0.6000000238
47856  -37.128  -62.984  -1.230 0.6999999881
250246  -41.638  -59.926  3.137 0.6000000238
49386  -37.326  -62.550  -1.099 0.6999999881
54120  -40.672  -59.492  3.681 0.5000000000
54105  -39.893  -59.382  4.181 0.6000000238
50972  -38.064  -61.604  0.605 0.6999999881
50958  -38.338  -61.242  1.351 0.6000000238
54117  -39.104  -59.665  3.633 0.5000000000
54104  -39.353  -59.327  4.133 0.5000000000
52580  -38.307  -60.523  2.444 0.5000000000
47823  -32.644  -62.930  0.918 0.6000000238
49366  -32.539  -61.848  0.582 0.6000000238
60104  -44.848  -57.225  4.224 0.5000000000
58543  -44.243  -57.610  4.215 0.5000000000
49396  -33.036  -62.394  -0.560 0.6999999881
265777  -33.375  -63.612  -0.432 0.6999999881
57042  -44.160  -58.084  3.738 0.5000000000
258862  -43.019  -58.378  4.396 0.5000000000
57010  -42.681  -58.165  4.965 0.4000000060
47872  -35.140  -62.846  -0.905 0.6999999881
55547  -42.341  -58.547  4.628 0.5000000000
251856  -35.658  -62.474  -0.786 0.6999999881
257048  -36.510  -62.008  -0.764 0.6999999881
57025  -41.714  -58.597  4.722 0.5000000000
49385  -36.950  -61.924  -0.609 0.6999999881
50971  -37.565  -61.469  0.459 0.6000000238
55544  -40.168  -59.074  4.536 0.5000000000
50957  -37.797  -61.121  1.213 0.6000000238
55527  -39.300  -58.815  4.982 0.5000000000
54159  -37.228  -59.944  1.695 0.5000000000
52579  -37.733  -60.236  2.135 0.5000000000
54134  -37.859  -59.314  2.856 0.5000000000
57023  -38.487  -58.788  4.444 0.5000000000
57039  -38.196  -58.675  3.906 0.5000000000
61647  -38.279  -56.725  4.588 0.3000000119
60070  -43.338  -56.754  5.841 0.3000000119
49350  -33.112  -61.981  1.854 0.6000000238
49356  -32.662  -61.585  1.260 0.6000000238
60087  -44.106  -57.005  5.104 0.4000000060
58513  -42.893  -57.215  5.863 0.4000000060
50995  -33.689  -61.318  -0.729 0.6000000238
58524  -41.856  -58.111  5.528 0.5000000000
247504  -34.462  -61.746  -0.754 0.6999999881
50997  -35.186  -61.335  -0.733 0.6999999881
57008  -40.821  -58.348  5.184 0.5000000000
281131  -36.774  -60.632  -0.163 0.5000000000
57007  -40.198  -58.395  5.265 0.5000000000
52602  -36.923  -60.467  0.370 0.5000000000
254264  -38.824  -57.915  5.315 0.4000000060
57004  -38.484  -58.244  4.927 0.3000000119
61637  -38.349  -56.542  5.034 0.4000000060
253147  -38.032  -57.606  3.336 0.5000000000
58552  -38.102  -57.650  4.021 0.4000000060
52578  -32.594  -60.333  1.673 0.6000000238
52592  -32.313  -60.329  0.941 0.6000000238
52601  -32.180  -60.236  0.116 0.6000000238
52613  -32.564  -60.789  -0.189 0.6000000238
54175  -33.393  -59.751  -0.437 0.6000000238
58495  -41.355  -57.446  6.324 0.3000000119
56993  -41.220  -58.089  5.584 0.4000000060
50996  -34.513  -60.969  -0.761 0.6000000238
58494  -40.729  -57.409  6.410 0.3000000119
52623  -35.166  -60.616  -0.710 0.6000000238
50999  -36.326  -61.271  -0.558 0.6999999881
60053  -39.666  -56.985  6.352 0.3000000119
58509  -40.298  -57.729  6.085 0.3000000119
52617  -35.791  -60.228  -0.342 0.6000000238
63127  -38.912  -55.864  5.885 0.3000000119
60067  -39.226  -57.086  6.065 0.3000000119
55600  -36.464  -58.732  0.286 0.5000000000
261391  -36.593  -60.059  -0.104 0.5000000000
54167  -36.706  -59.848  0.534 0.5000000000
64479  -38.897  -55.418  5.042 0.3000000119
249866  -38.605  -56.298  5.539 0.3000000119
266524  -37.025  -59.324  1.526 0.5000000000
55589  -37.248  -58.886  1.951 0.5000000000
63146  -38.789  -55.790  4.481 0.3000000119
55588  -37.025  -58.604  1.003 0.5000000000
61654  -38.797  -56.176  3.328 0.4000000060
256421  -38.724  -56.120  4.045 0.3000000119
54149  -32.512  -59.764  1.875 0.5000000000
55587  -32.321  -59.271  1.167 0.6000000238
54157  -32.345  -59.689  0.597 0.5000000000
52615  -34.122  -60.052  -0.613 0.6000000238
55598  -34.285  -58.885  0.059 0.5000000000
65811  -39.494  -54.157  5.579 0.3000000119
52616  -34.956  -60.052  -0.465 0.6000000238
68447  -39.766  -53.144  5.092 0.3000000119
293809  -39.077  -55.047  5.289 0.3000000119
54177  -35.485  -59.600  -0.215 0.6000000238
289388  -36.771  -58.628  0.526 0.5000000000
283157  -38.062  -57.121  1.003 0.5000000000
279408  -38.170  -57.170  2.982 0.4000000060
63159  -39.234  -56.014  2.109 0.4000000060
55586  -32.071  -58.716  1.427 0.5000000000
57063  -32.277  -58.207  1.007 0.5000000000
57064  -32.969  -57.984  0.606 0.5000000000
55597  -32.838  -58.876  0.069 0.5000000000
57074  -33.243  -58.445  0.373 0.5000000000
69695  -39.583  -52.175  5.576 0.3000000119
266161  -39.737  -52.590  5.228 0.3000000119
55599  -34.804  -58.697  0.487 0.6000000238
57076  -35.636  -58.697  0.650 0.6000000238
57077  -36.313  -58.108  0.473 0.5000000000
58589  -37.447  -57.525  0.744 0.5000000000
64487  -39.963  -54.882  3.247 0.4000000060
64500  -40.202  -54.502  2.131 0.4000000060
60124  -32.926  -56.757  1.709 0.5000000000
58567  -33.095  -57.078  1.184 0.5000000000
58568  -33.850  -57.249  1.320 0.5000000000
256526  -39.476  -51.190  5.922 0.4000000060
73577  -39.655  -49.982  5.303 0.4000000060
58578  -34.207  -57.661  1.056 0.5000000000
58579  -35.083  -57.888  1.381 0.5000000000
72255  -39.708  -50.952  4.968 0.4000000060
72256  -40.216  -51.018  4.429 0.3000000119
60127  -34.911  -57.141  2.063 0.4000000060
69709  -40.465  -52.183  4.466 0.3000000119
58580  -35.693  -57.504  0.996 0.5000000000
58587  -36.178  -57.611  0.814 0.4000000060
60134  -36.814  -56.884  0.880 0.4000000060
64505  -40.046  -55.074  1.605 0.4000000060
61659  -33.367  -55.965  2.420 0.5000000000
61667  -33.545  -56.341  2.119 0.5000000000
63155  -34.557  -55.609  3.060 0.5000000000
73572  -39.523  -49.753  5.889 0.4000000060
60126  -34.253  -57.067  1.811 0.5000000000
61661  -34.813  -56.181  2.858 0.4000000060
74971  -40.404  -49.343  4.671 0.4000000060
74972  -41.015  -49.275  4.425 0.4000000060
61662  -35.621  -56.149  2.763 0.4000000060
60128  -35.661  -56.814  1.661 0.4000000060
73584  -41.149  -50.181  4.073 0.4000000060
61671  -36.708  -56.179  1.693 0.4000000060
63166  -37.420  -55.962  1.253 0.4000000060
63167  -38.197  -55.903  0.841 0.4000000060
61681  -38.294  -56.297  0.740 0.4000000060
64507  -38.778  -55.459  1.105 0.4000000060
65834  -39.836  -54.515  1.627 0.4000000060
68467  -41.422  -52.519  2.587 0.4000000060
67176  -40.762  -53.427  2.456 0.4000000060
64493  -33.756  -54.935  2.797 0.5000000000
269838  -34.145  -54.629  3.239 0.4000000060
77650  -40.131  -47.838  5.928 0.4000000060
77656  -40.309  -48.224  5.304 0.4000000060
262413  -34.547  -54.521  3.554 0.5000000000
64495  -34.924  -55.047  3.498 0.4000000060
63161  -36.362  -55.986  2.476 0.4000000060
76396  -41.798  -48.557  4.322 0.4000000060
64501  -37.249  -55.229  2.601 0.4000000060
64502  -37.721  -54.924  2.299 0.4000000060
68458  -41.632  -52.230  2.950 0.3000000119
65833  -39.592  -54.765  1.518 0.4000000060
269555  -34.362  -54.263  3.538 0.4000000060
272006  -34.810  -53.967  3.511 0.5000000000
67157  -35.088  -53.775  3.501 0.4000000060
264661  -40.870  -47.849  4.985 0.4000000060
67158  -35.764  -53.755  3.866 0.4000000060
64496  -35.539  -55.304  3.588 0.4000000060
65820  -36.323  -54.122  4.006 0.4000000060
277517  -36.156  -55.175  3.534 0.4000000060
64497  -36.759  -54.923  3.207 0.4000000060
65828  -37.774  -53.985  2.869 0.4000000060
63163  -37.810  -55.400  1.667 0.4000000060
263861  -39.126  -54.395  2.035 0.4000000060
69730  -41.604  -52.098  2.548 0.4000000060
67177  -39.933  -54.014  1.905 0.4000000060
283219  -41.376  -52.444  2.511 0.4000000060
68461  -35.037  -52.942  3.431 0.4000000060
68462  -35.581  -52.788  3.658 0.4000000060
68463  -36.376  -52.688  3.643 0.4000000060
273438  -37.525  -53.031  3.211 0.4000000060
68465  -37.968  -52.685  2.827 0.4000000060
70962  -42.566  -51.170  2.876 0.4000000060
274847  -38.490  -52.689  2.463 0.4000000060
69727  -39.428  -52.648  2.281 0.4000000060
268552  -39.327  -52.129  2.358 0.4000000060
68468  -39.252  -53.153  2.278 0.4000000060
69729  -40.571  -52.140  2.393 0.4000000060
70959  -35.591  -51.796  3.511 0.4000000060
277797  -36.184  -51.861  3.500 0.4000000060
70960  -36.744  -51.691  3.307 0.4000000060
288441  -37.549  -51.063  2.988 0.4000000060
68464  -37.218  -52.560  3.358 0.4000000060
281699  -37.988  -51.383  2.701 0.4000000060
282251  -37.946  -51.854  2.689 0.4000000060
70964  -38.412  -51.806  2.488 0.4000000060
72281  -39.756  -51.054  2.277 0.4000000060
280582  -42.834  -50.797  2.430 0.3000000119
70967  -40.869  -51.689  2.409 0.4000000060
244636  -42.150  -51.302  2.503 0.4000000060
72275  -35.804  -50.711  3.092 0.4000000060
72276  -36.503  -50.509  3.128 0.4000000060
73600  -36.329  -49.843  2.943 0.4000000060
73601  -36.948  -49.953  2.998 0.4000000060
73603  -37.596  -49.996  2.829 0.4000000060
272031  -38.639  -50.607  2.408 0.4000000060
266624  -40.192  -49.830  2.121 0.4000000060
74986  -43.813  -49.779  3.102 0.4000000060
72286  -43.366  -50.460  2.715 0.3000000119
73607  -40.572  -50.377  2.297 0.4000000060
72284  -42.011  -50.737  2.352 0.5000000000
75001  -43.787  -49.862  2.525 0.4000000060
280931  -41.521  -50.157  2.296 0.5000000000
263673  -36.424  -48.919  2.763 0.4000000060
269333  -36.888  -49.040  2.618 0.4000000060
76419  -37.413  -48.890  2.432 0.4000000060
74996  -37.818  -49.467  2.480 0.4000000060
260523  -40.503  -49.358  2.024 0.4000000060
294279  -42.726  -49.642  2.267 0.5000000000
76416  -36.161  -48.415  2.799 0.4000000060
77690  -36.942  -47.815  2.596 0.4000000060
285191  -37.820  -47.409  2.212 0.4000000060
260614  -41.580  -49.033  2.199 0.4000000060
77695  -42.658  -48.608  2.236 0.5000000000
78948  -36.148  -47.379  2.851 0.4000000060
78952  -36.997  -47.251  2.545 0.4000000060
78953  -37.467  -47.046  2.343 0.4000000060
289011  -42.902  -48.107  2.209 0.5000000000
82899  -36.906  -45.010  2.724 0.4000000060
80289  -35.940  -46.809  2.995 0.4000000060
81631  -36.662  -45.674  2.676 0.4000000060
261132  -36.708  -46.293  2.608 0.4000000060
82911  -37.776  -45.184  2.299 0.4000000060
82912  -38.427  -45.226  2.469 0.5000000000
81630  -36.089  -45.685  3.025 0.4000000060
57067  -37.463  -58.257  1.529 0.5000000000
60135  -38.344  -56.842  1.311 0.5000000000
251462  -39.283  -55.820  2.705 0.4000000060
270038  -44.138  -60.310  0.415 0.5000000000
46301  -40.406  -63.527  -0.304 0.8000000119
46299  -39.296  -63.661  0.660 0.8000000119
263223  -38.153  -63.549  1.346 0.6999999881
55602  -45.405  -59.024  0.883 0.5000000000
285779  -37.098  -63.584  1.582 0.6999999881
57080  -46.229  -58.141  0.881 0.5000000000
46308  -35.552  -63.779  0.526 0.6999999881
57054  -45.152  -57.615  2.662 0.4000000060
57069  -45.444  -58.176  1.471 0.4000000060
46319  -35.076  -63.662  -0.029 0.6999999881
251473  -32.656  -62.142  -0.061 0.6999999881
60115  -45.583  -56.985  3.315 0.4000000060
256969  -45.495  -56.749  4.246 0.4000000060
47824  -32.745  -62.450  1.190 0.6000000238
61623  -43.972  -56.387  5.956 0.4000000060
52561  -33.149  -60.191  2.306 0.6000000238
54132  -32.918  -59.593  2.538 0.5000000000
55578  -32.163  -58.637  2.155 0.5000000000
281537  -32.332  -56.914  1.991 0.5000000000
61658  -32.464  -56.007  2.371 0.4000000060
67165  -33.942  -53.945  3.544 0.4000000060
266719  -34.079  -52.825  3.407 0.4000000060
68460  -34.657  -52.865  3.415 0.4000000060
70957  -34.668  -51.789  3.274 0.4000000060
72274  -35.268  -50.864  3.107 0.4000000060
74991  -35.755  -49.704  2.929 0.4000000060
76415  -35.557  -49.086  3.024 0.4000000060
271557  -35.610  -48.466  3.094 0.4000000060
78947  -35.581  -47.334  3.042 0.4000000060
82897  -35.914  -45.117  3.132 0.4000000060
47846  -41.633  -62.805  0.341 0.8000000119
49390  -40.492  -62.945  -1.121 0.8000000119
55583  -44.459  -58.680  1.666 0.5000000000
46312  -39.256  -63.689  -0.353 0.6999999881
49387  -38.000  -62.653  -1.299 0.6999999881
55581  -43.324  -59.352  2.436 0.6000000238
52567  -40.973  -60.003  2.943 0.6999999881
50961  -40.326  -61.265  1.179 0.6999999881
55560  -42.193  -59.389  3.918 0.6000000238
52566  -40.388  -60.147  2.873 0.6000000238
52583  -40.219  -60.611  2.478 0.6000000238
254251  -33.834  -62.093  -0.885 0.6999999881
55546  -41.375  -58.942  4.385 0.5000000000
49384  -32.933  -61.309  -0.522 0.6000000238
258863  -44.940  -56.852  4.695 0.5000000000
57027  -43.658  -57.974  4.322 0.5000000000
58512  -42.296  -57.672  5.831 0.3000000119
58561  -37.788  -58.121  2.948 0.5000000000
274362  -33.576  -58.816  0.227 0.6000000238
57078  -36.824  -58.205  0.558 0.5000000000
58570  -37.786  -57.913  2.023 0.5000000000
63169  -39.249  -55.590  1.077 0.4000000060
61676  -37.750  -56.323  0.722 0.4000000060
64488  -40.338  -54.424  2.876 0.4000000060
67174  -39.679  -53.624  2.145 0.4000000060
65830  -38.034  -54.500  2.442 0.4000000060
260524  -35.090  -51.989  3.442 0.4000000060
70966  -40.163  -51.622  2.368 0.4000000060
80294  -37.545  -46.419  2.275 0.4000000060
30889  -41.646  -71.064  5.815 0.4000000060
30865  -42.305  -70.946  6.691 0.4000000060
32318  -42.356  -70.397  8.721 0.4000000060
33745  -43.043  -70.004  9.695 0.4000000060
244643  -41.447  -70.368  8.377 0.4000000060
32284  -42.005  -70.149  9.758 0.4000000060
36591  -42.652  -68.560  9.696 0.4000000060
37978  -42.494  -67.684  9.256 0.4000000060
39331  -43.250  -66.926  8.029 0.5000000000
33715  -41.215  -69.755  9.999 0.4000000060
36590  -42.028  -68.526  9.871 0.4000000060
39303  -42.180  -67.174  9.124 0.5000000000
295229  -42.362  -66.409  7.844 0.5000000000
294966  -42.592  -65.791  6.420 0.6000000238
33714  -40.577  -69.703  9.986 0.4000000060
268633  -41.158  -68.652  10.030 0.4000000060
39314  -41.251  -66.553  8.981 0.4000000060
40691  -43.041  -66.388  7.123 0.5000000000
58572  -45.663  -57.354  2.276 0.3000000119
60121  -46.556  -56.763  2.737 0.4000000060
61638  -45.931  -55.551  4.893 0.3000000119
42082  -43.565  -66.062  6.253 0.5000000000
52611  -46.277  -60.710  0.762 0.5000000000
57081  -46.835  -58.063  0.984 0.4000000060
42000  -39.810  -65.663  9.524 0.4000000060
40676  -41.614  -65.962  8.009 0.5000000000
42064  -42.169  -65.790  7.179 0.5000000000
269359  -40.042  -67.764  9.998 0.4000000060
37965  -40.709  -67.593  9.819 0.4000000060
42097  -43.211  -65.686  5.893 0.6000000238
289519  -43.754  -65.147  5.079 0.6000000238
46219  -44.462  -63.626  4.462 0.6999999881
52610  -45.795  -60.464  0.697 0.5000000000
44801  -44.470  -64.620  4.759 0.6999999881
46279  -45.700  -63.191  2.543 0.6999999881
50981  -45.873  -61.553  0.526 0.6999999881
46258  -44.913  -63.176  3.309 0.6999999881
47789  -45.141  -63.073  2.655 0.6999999881
42045  -41.195  -65.508  7.867 0.5000000000
42063  -41.812  -65.276  7.070 0.6000000238
43426  -42.290  -65.019  6.139 0.6000000238
46200  -42.911  -63.579  5.321 0.6000000238
42001  -40.139  -65.575  9.075 0.4000000060
42025  -40.345  -65.258  8.590 0.5000000000
44766  -41.593  -64.275  6.463 0.6000000238
44783  -42.799  -64.520  5.692 0.6000000238
46217  -43.235  -63.329  4.806 0.6000000238
46237  -44.127  -63.170  4.089 0.6000000238
61624  -44.915  -56.010  5.737 0.3000000119
46201  -43.476  -63.983  5.084 0.6000000238
47788  -44.532  -62.902  2.749 0.6999999881
50980  -45.396  -61.569  0.400 0.6000000238
52609  -45.248  -60.334  0.560 0.5000000000
46120  -39.511  -63.699  8.382 0.6000000238
46133  -39.879  -63.723  7.838 0.6000000238
46165  -40.419  -63.377  6.788 0.6999999881
46181  -41.178  -63.302  6.187 0.6000000238
46198  -41.931  -63.218  5.643 0.6000000238
47737  -42.816  -62.983  4.246 0.6000000238
43362  -39.699  -64.617  8.927 0.5000000000
43403  -41.155  -64.780  7.315 0.6000000238
47786  -43.280  -62.701  3.097 0.6000000238
47809  -44.135  -62.741  2.161 0.6999999881
47848  -44.120  -62.494  1.039 0.6999999881
47834  -44.432  -62.705  1.558 0.6999999881
52608  -44.604  -60.747  0.351 0.6000000238
50979  -44.769  -61.545  0.400 0.6999999881
289549  -39.289  -62.782  7.225 0.6000000238
47698  -39.760  -62.506  6.362 0.6999999881
49272  -39.974  -62.214  5.452 0.6999999881
47700  -40.843  -62.834  5.889 0.6999999881
47735  -41.639  -62.620  4.557 0.6000000238
50993  -43.702  -61.340  0.326 0.5000000000
47785  -42.644  -62.659  2.953 0.6999999881
47833  -43.006  -62.688  1.844 0.6999999881
49395  -44.096  -61.748  0.444 0.6000000238
47757  -39.436  -62.776  3.417 0.6999999881
47805  -40.481  -63.342  1.920 0.6999999881
49290  -39.492  -61.996  5.112 0.6999999881
49342  -40.541  -62.581  3.249 0.6000000238
265297  -40.928  -62.849  2.768 0.5000000000
49292  -40.537  -62.326  4.797 0.6999999881
47759  -41.162  -62.353  4.062 0.6000000238
285476  -42.043  -62.837  2.412 0.6999999881
49393  -42.690  -61.961  -0.037 0.5000000000
47761  -42.410  -62.636  3.690 0.6000000238
47832  -42.378  -62.756  1.503 0.6999999881
270534  -43.519  -62.447  0.973 0.6000000238
47803  -39.359  -63.211  2.142 0.6999999881
47804  -39.954  -63.350  1.987 0.6999999881
47827  -39.063  -63.504  1.520 0.6999999881
47847  -42.201  -62.697  0.752 0.6000000238
47830  -41.193  -63.280  1.272 0.6999999881
54172  -46.188  -59.310  0.859 0.5000000000
47831  -41.603  -63.145  1.915 0.6000000238
32344  -41.956  -70.425  8.252 0.4000000060
37992  -42.753  -67.403  8.902 0.4000000060
35160  -40.269  -69.087  10.093 0.4000000060
36608  -41.679  -68.061  9.810 0.4000000060
42026  -40.870  -65.581  8.419 0.4000000060
39287  -40.387  -66.546  9.647 0.4000000060
47836  -45.813  -62.868  1.428 0.6999999881
47850  -45.413  -62.514  0.976 0.6999999881
46183  -42.209  -63.647  5.879 0.6000000238
47718  -42.088  -62.965  5.092 0.6000000238
44732  -40.156  -64.191  7.997 0.6999999881
46150  -40.596  -63.882  6.955 0.6000000238
47717  -41.533  -62.848  5.209 0.6000000238
49311  -40.157  -62.087  4.314 0.6999999881
283591  -41.453  -62.610  3.125 0.6000000238
47781  -39.687  -62.983  2.736 0.6000000238
261962  -39.215  -62.069  5.601 0.5000000000
44716  -39.136  -63.796  8.883 0.4000000060
247372  -38.923  -63.122  8.070 0.5000000000
49308  -38.472  -62.277  4.704 0.6000000238
43323  -38.744  -64.773  10.257 0.4000000060
46103  -38.219  -63.465  9.526 0.5000000000
46104  -38.645  -63.416  9.001 0.5000000000
49202  -38.338  -62.310  7.542 0.5000000000
49269  -38.202  -61.993  6.014 0.5000000000
47714  -37.305  -62.540  4.935 0.5000000000
264632  -38.697  -61.986  6.472 0.5000000000
49309  -39.057  -62.100  4.564 0.6000000238
47755  -38.246  -62.827  3.733 0.5000000000
49307  -37.845  -62.277  4.805 0.5000000000
47778  -37.690  -63.033  3.069 0.6999999881
47753  -37.155  -62.816  3.949 0.6000000238
46278  -36.873  -63.425  2.263 0.6000000238
293069  -37.473  -63.837  10.183 0.5000000000
46117  -37.444  -63.021  8.920 0.5000000000
47660  -36.917  -62.789  7.463 0.5000000000
47696  -36.576  -62.737  5.694 0.5000000000
47677  -37.249  -62.499  6.581 0.5000000000
256419  -38.166  -63.116  2.790 0.6000000238
47752  -36.481  -62.902  4.212 0.6000000238
46256  -36.127  -63.274  3.282 0.5000000000
46295  -36.416  -63.825  1.808 0.6000000238
46101  -36.919  -63.226  9.254 0.5000000000
46148  -36.479  -63.119  7.668 0.5000000000
44764  -35.691  -63.596  6.998 0.5000000000
46180  -36.257  -63.100  6.230 0.5000000000
46197  -35.917  -63.285  5.157 0.5000000000
47825  -37.564  -63.396  1.937 0.6000000238
46255  -35.599  -63.515  3.601 0.5000000000
265301  -35.754  -63.861  2.283 0.6000000238
44687  -36.416  -63.984  10.073 0.5000000000
46115  -36.145  -63.431  8.482 0.5000000000
258637  -35.379  -63.961  7.017 0.5000000000
43442  -34.916  -64.465  6.234 0.5000000000
43440  -34.090  -64.914  5.486 0.6000000238
254392  -35.104  -64.099  5.696 0.4000000060
42131  -33.301  -65.269  4.586 0.4000000060
43477  -34.405  -64.577  4.652 0.5000000000
44815  -34.791  -64.143  4.540 0.5000000000
46196  -35.446  -63.572  5.489 0.4000000060
42143  -32.176  -65.760  3.617 0.4000000060
42154  -32.433  -65.383  2.687 0.5000000000
43508  -34.171  -64.620  3.177 0.5000000000
44851  -31.914  -64.369  2.889 0.4000000060
44852  -34.712  -64.291  2.901 0.6000000238
44872  -35.208  -64.004  2.610 0.6000000238
44900  -35.250  -64.019  1.189 0.6000000238
44909  -34.335  -63.980  0.096 0.6000000238
43476  -33.810  -64.862  4.245 0.5000000000
43529  -31.714  -64.986  2.023 0.5000000000
43543  -32.083  -64.675  1.338 0.5000000000
43506  -33.031  -65.180  2.566 0.5000000000
46254  -32.875  -63.187  3.123 0.4000000060
46275  -32.673  -63.323  2.230 0.5000000000
43544  -32.674  -64.680  0.968 0.6000000238
43520  -34.106  -64.611  2.495 0.6000000238
43545  -33.242  -64.576  0.905 0.6000000238
46293  -32.480  -63.434  1.303 0.5000000000
52562  -33.687  -60.518  2.623 0.3000000119
50939  -33.834  -61.174  2.803 0.4000000060
47776  -33.462  -62.440  3.169 0.4000000060
47799  -32.998  -62.700  1.960 0.5000000000
46307  -32.424  -63.741  0.723 0.5000000000
46317  -32.922  -63.462  -0.160 0.6000000238
64492  -33.035  -54.848  2.903 0.3000000119
61665  -31.924  -56.712  2.350 0.3000000119
60123  -31.960  -57.287  2.176 0.4000000060
55568  -32.622  -59.044  2.731 0.4000000060
266720  -33.338  -52.772  3.305 0.3000000119
72273  -34.758  -51.086  3.098 0.3000000119
70956  -34.137  -51.858  3.199 0.3000000119
73597  -34.453  -50.030  3.091 0.3000000119
291454  -34.912  -49.960  3.043 0.3000000119
76414  -34.949  -48.969  3.180 0.3000000119
263403  -35.099  -48.404  3.339 0.3000000119
78946  -35.004  -47.307  3.306 0.3000000119
80288  -35.314  -46.749  3.117 0.3000000119
49351  -33.453  -61.551  2.292 0.5000000000
287453  -33.315  -54.322  3.264 0.3000000119
47780  -39.106  -62.975  2.925 0.5000000000
289791  -37.689  -62.729  8.188 0.5000000000
44831  -35.161  -63.771  3.869 0.5000000000
44870  -33.981  -64.600  1.828 0.6000000238
54173  -46.853  -59.433  0.969 0.3000000119
47812  -46.373  -63.052  1.781 0.6000000238
49357  -46.306  -62.169  0.665 0.6000000238
284182  -46.447  -57.636  4.820 0.3000000119
58555  -47.020  -57.028  3.852 0.3000000119
58564  -47.500  -57.223  2.601 0.3000000119
60122  -46.945  -56.618  2.914 0.3000000119
57055  -47.711  -57.899  2.830 0.3000000119
58585  -47.431  -57.286  1.639 0.3000000119
58574  -46.917  -56.906  1.754 0.3000000119
49358  -46.780  -62.380  1.106 0.6000000238
50983  -46.869  -61.035  0.910 0.5000000000
58528  -45.722  -57.693  5.681 0.3000000119
60091  -46.879  -56.098  4.919 0.3000000119
60117  -46.820  -56.609  3.620 0.3000000119
61655  -46.522  -56.278  4.199 0.3000000119
57062  -47.852  -58.217  1.935 0.3000000119
54174  -47.589  -59.260  1.215 0.3000000119
50984  -47.601  -60.570  1.094 0.4000000060
43342  -39.477  -64.867  9.537 0.4000000060
58497  -45.491  -57.252  6.683 0.3000000119
58516  -46.121  -57.012  5.678 0.3000000119
61626  -46.587  -55.144  5.622 0.3000000119
61640  -46.628  -55.537  4.895 0.3000000119
37967  -44.626  -68.034  9.614 0.5000000000
39320  -44.991  -66.846  8.801 0.5000000000
249490  -42.687  -70.706  7.659 0.4000000060
270047  -43.325  -70.415  8.905 0.4000000060
33746  -43.765  -69.924  9.554 0.4000000060
36594  -44.833  -68.469  9.903 0.5000000000
247783  -45.910  -65.729  5.661 0.5000000000
258865  -45.269  -66.109  7.386 0.5000000000
37995  -44.124  -67.325  8.786 0.5000000000
39319  -44.418  -66.877  8.459 0.5000000000
36611  -43.539  -68.124  9.368 0.4000000060
43481  -46.595  -64.997  4.357 0.6000000238
43480  -46.007  -64.983  4.414 0.6000000238
42119  -45.500  -65.574  5.201 0.5000000000
40694  -44.905  -66.293  6.875 0.5000000000
37979  -43.112  -67.761  9.135 0.3000000119
39318  -43.693  -67.065  8.378 0.4000000060
40693  -44.177  -66.640  7.309 0.5000000000
46262  -47.146  -63.809  2.659 0.6000000238
44820  -45.678  -64.590  4.298 0.6000000238
43463  -44.821  -65.031  4.798 0.6000000238
40709  -43.940  -66.425  6.702 0.4000000060
40728  -44.471  -66.122  5.949 0.5000000000
47814  -47.354  -63.083  1.970 0.6000000238
55577  -47.829  -59.001  2.606 0.3000000119
52599  -48.122  -60.513  1.514 0.4000000060
46260  -46.006  -63.418  3.006 0.6000000238
42116  -44.050  -65.506  5.195 0.4000000060
55576  -47.543  -58.706  3.051 0.3000000119
57044  -46.636  -58.443  3.975 0.3000000119
253833  -47.905  -59.257  1.633 0.3000000119
291417  -47.369  -61.787  1.228 0.5000000000
44832  -45.495  -64.042  4.114 0.6000000238
46281  -46.887  -63.313  2.229 0.6000000238
257529  -46.487  -64.240  3.615 0.6000000238
54156  -48.227  -59.657  1.992 0.3000000119
275692  -47.452  -64.661  3.392 0.5000000000
44857  -48.330  -64.286  2.503 0.5000000000
44873  -48.107  -63.956  2.164 0.5000000000
46263  -49.168  -63.668  2.365 0.4000000060
47815  -48.787  -63.291  2.151 0.5000000000
43498  -48.563  -64.603  3.721 0.5000000000
43483  -47.888  -64.822  4.450 0.5000000000
44838  -49.250  -63.812  3.570 0.4000000060
49343  -49.251  -62.193  2.977 0.4000000060
271812  -48.820  -62.552  2.332 0.4000000060
49360  -47.991  -62.186  1.709 0.5000000000
42120  -46.510  -65.449  5.335 0.5000000000
43482  -47.213  -64.925  4.366 0.5000000000
49361  -48.467  -62.066  2.048 0.4000000060
32479  -47.715  -70.590  2.135 0.3000000119
29525  -47.365  -71.240  1.291 0.3000000119
32465  -48.176  -70.511  3.090 0.3000000119
32404  -48.132  -70.104  5.450 0.3000000119
32388  -48.097  -69.907  6.662 0.4000000060
30953  -47.475  -70.542  3.709 0.3000000119
289390  -46.991  -70.749  4.610 0.3000000119
33785  -48.368  -69.463  7.889 0.4000000060
32368  -47.570  -70.075  7.318 0.4000000060
30896  -47.273  -70.492  5.652 0.3000000119
250013  -46.516  -70.997  4.708 0.3000000119
248750  -48.414  -68.499  9.665 0.4000000060
35140  -48.094  -68.227  10.097 0.4000000060
32347  -47.305  -70.037  7.891 0.4000000060
32386  -46.915  -70.492  6.645 0.4000000060
30894  -45.980  -71.061  5.956 0.4000000060
30845  -46.513  -70.690  6.989 0.4000000060
43328  -50.347  -65.001  9.950 0.3000000119
39271  -48.721  -66.686  10.866 0.4000000060
259295  -48.426  -66.204  10.737 0.4000000060
269908  -47.799  -67.180  10.739 0.4000000060
35138  -46.816  -68.490  10.161 0.4000000060
33750  -46.372  -69.575  9.428 0.4000000060
30812  -46.063  -70.405  8.120 0.4000000060
269145  -50.604  -64.586  8.268 0.3000000119
246420  -49.063  -65.070  9.918 0.4000000060
42005  -47.800  -65.225  9.515 0.4000000060
41982  -48.084  -65.372  9.998 0.4000000060
39268  -46.873  -66.631  10.578 0.4000000060
41980  -46.871  -65.539  9.687 0.4000000060
36561  -46.530  -68.169  10.351 0.4000000060
37942  -46.155  -67.763  10.372 0.4000000060
33722  -46.122  -69.313  9.808 0.4000000060
32323  -45.738  -70.297  8.680 0.4000000060
43391  -49.504  -64.430  7.887 0.4000000060
287983  -48.253  -64.715  8.571 0.4000000060
40652  -46.325  -65.760  9.478 0.4000000060
39290  -45.838  -66.781  10.136 0.4000000060
32300  -45.428  -70.162  9.174 0.4000000060
35168  -45.862  -68.855  10.077 0.4000000060
263288  -45.346  -70.940  7.362 0.4000000060
43406  -48.386  -64.629  7.308 0.4000000060
42029  -47.015  -65.302  8.794 0.4000000060
42048  -46.510  -65.326  7.976 0.4000000060
39306  -45.496  -66.536  9.666 0.4000000060
33748  -45.119  -69.835  9.505 0.4000000060
261923  -45.229  -67.893  9.986 0.4000000060
43405  -47.750  -64.791  7.019 0.4000000060
42085  -46.949  -65.164  6.479 0.4000000060
42066  -46.051  -65.697  7.053 0.4000000060
43484  -48.729  -64.501  4.509 0.4000000060
43428  -47.540  -64.846  6.314 0.4000000060
43446  -47.562  -64.937  5.558 0.4000000060
46241  -49.542  -63.223  3.706 0.3000000119
49331  -48.990  -61.921  3.751 0.3000000119
40665  -45.606  -66.044  8.531 0.4000000060
260276  -48.081  -64.747  5.098 0.4000000060
50941  -48.653  -61.341  2.957 0.3000000119
42101  -46.485  -65.495  6.064 0.4000000060
33771  -48.105  -69.354  8.487 0.4000000060
33752  -47.718  -69.160  9.038 0.4000000060
35170  -47.082  -68.781  9.913 0.4000000060
32325  -46.982  -69.889  8.402 0.4000000060
258617  -50.309  -64.646  8.902 0.4000000060
43326  -49.275  -65.251  10.401 0.4000000060
43368  -51.122  -64.845  8.601 0.3000000119
39269  -47.477  -66.765  10.717 0.4000000060
43409  -50.706  -64.398  6.948 0.3000000119
261945  -49.832  -64.477  8.441 0.4000000060
287943  -48.925  -64.633  9.017 0.4000000060
42004  -47.301  -65.291  9.253 0.4000000060
43407  -49.231  -64.509  7.202 0.4000000060
43387  -46.934  -65.088  7.657 0.4000000060
36595  -45.452  -68.414  10.135 0.4000000060
42047  -46.040  -65.545  7.671 0.4000000060
43466  -48.690  -64.548  5.272 0.4000000060
265541  -50.072  -66.934  10.942 0.3000000119
33773  -49.774  -69.313  8.289 0.3000000119
33801  -49.644  -69.757  6.804 0.3000000119
33754  -49.305  -69.054  8.735 0.3000000119
36565  -49.261  -67.868  10.572 0.3000000119
33800  -49.179  -69.504  6.987 0.3000000119
35186  -48.860  -68.766  9.218 0.3000000119
39272  -49.477  -66.660  10.909 0.3000000119
279650  -48.970  -67.184  10.868 0.3000000119
43302  -49.734  -65.362  10.665 0.3000000119
43408  -49.978  -64.407  6.751 0.3000000119
43449  -49.670  -64.302  5.801 0.3000000119
43467  -49.271  -64.279  5.251 0.3000000119
46220  -49.569  -63.532  4.271 0.3000000119
41984  -50.898  -65.297  9.934 0.3000000119
43430  -48.731  -64.601  6.781 0.3000000119
30811  -45.533  -70.554  8.246 0.4000000060
30819  -41.528  -70.476  7.853 0.4000000060
30820  -42.137  -70.559  7.618 0.4000000060
30821  -43.106  -70.658  8.002 0.4000000060
30825  -45.718  -70.697  7.703 0.4000000060
30840  -41.623  -70.655  7.287 0.4000000060
30841  -42.544  -70.825  7.192 0.4000000060
30843  -45.286  -71.090  6.866 0.4000000060
30844  -45.912  -70.884  7.062 0.4000000060
30864  -41.689  -70.885  6.721 0.4000000060
30868  -45.214  -71.158  6.436 0.4000000060
30870  -46.354  -70.813  6.456 0.4000000060
30871  -46.912  -70.575  6.173 0.4000000060
30895  -46.617  -70.831  5.795 0.3000000119
30909  -41.279  -70.998  4.875 0.4000000060
30913  -46.960  -70.717  5.086 0.3000000119
30914  -47.635  -70.417  5.097 0.3000000119
30932  -46.938  -70.820  4.226 0.3000000119
30933  -47.653  -70.470  4.403 0.3000000119
30990  -47.540  -70.853  1.702 0.3000000119
32283  -41.503  -70.123  9.826 0.4000000060
32294  -41.570  -70.239  9.394 0.4000000060
32295  -42.166  -70.270  9.279 0.4000000060
32296  -42.830  -70.299  9.214 0.4000000060
32297  -43.487  -70.225  9.308 0.4000000060
32301  -46.038  -69.973  9.092 0.4000000060
32302  -46.651  -69.730  8.934 0.4000000060
32316  -41.083  -70.274  8.859 0.4000000060
32317  -41.757  -70.332  8.814 0.4000000060
32319  -42.948  -70.480  8.579 0.4000000060
32324  -46.328  -70.058  8.543 0.4000000060
32326  -47.663  -69.680  8.201 0.4000000060
32345  -42.536  -70.526  8.139 0.4000000060
32346  -46.665  -70.203  8.013 0.4000000060
32348  -47.890  -69.811  7.729 0.4000000060
32367  -46.932  -70.363  7.143 0.4000000060
32369  -48.420  -69.615  7.252 0.4000000060
32387  -47.567  -70.295  6.230 0.3000000119
32421  -48.194  -70.102  4.759 0.3000000119
32451  -48.252  -70.255  3.631 0.3000000119
32480  -48.033  -70.667  2.610 0.3000000119
33716  -41.849  -69.781  9.984 0.4000000060
33717  -42.452  -69.909  9.939 0.4000000060
33718  -43.424  -69.549  9.783 0.4000000060
33719  -44.087  -69.482  9.719 0.4000000060
33720  -44.776  -69.425  9.738 0.5000000000
33721  -45.467  -69.332  9.739 0.4000000060
33723  -46.725  -69.190  9.722 0.4000000060
33724  -47.373  -68.991  9.541 0.4000000060
33743  -40.267  -69.917  9.574 0.4000000060
33744  -42.499  -70.167  9.669 0.4000000060
33749  -45.757  -69.727  9.477 0.4000000060
33751  -46.988  -69.319  9.242 0.4000000060
33753  -48.534  -69.074  8.826 0.4000000060
33770  -47.330  -69.520  8.743 0.4000000060
33772  -49.005  -69.272  8.202 0.3000000119
33786  -49.079  -69.395  7.539 0.3000000119
33787  -49.658  -69.446  7.749 0.3000000119
33816  -49.247  -69.669  6.475 0.3000000119
33817  -49.484  -69.907  6.215 0.3000000119
35137  -46.337  -68.588  10.204 0.4000000060
35139  -47.408  -68.384  10.169 0.4000000060
35141  -48.679  -68.319  10.004 0.3000000119
35161  -40.914  -69.121  10.064 0.4000000060
35162  -41.588  -69.045  10.013 0.4000000060
35163  -42.364  -69.181  9.928 0.4000000060
35164  -43.057  -69.043  9.816 0.4000000060
35165  -43.714  -68.999  9.801 0.4000000060
35166  -44.421  -68.960  9.841 0.5000000000
35167  -45.140  -68.901  9.922 0.4000000060
35169  -46.486  -68.915  10.014 0.4000000060
35171  -47.733  -68.615  9.796 0.4000000060
36560  -46.000  -68.313  10.261 0.4000000060
36562  -47.104  -68.076  10.418 0.4000000060
36563  -47.691  -67.971  10.403 0.4000000060
36564  -48.677  -68.023  10.295 0.3000000119
36587  -39.957  -68.477  10.171 0.4000000060
36588  -40.475  -68.116  9.998 0.4000000060
36589  -41.076  -68.160  9.941 0.4000000060
36592  -43.310  -68.558  9.612 0.4000000060
36593  -44.066  -68.470  9.707 0.5000000000
36609  -42.261  -68.072  9.588 0.4000000060
36610  -42.888  -68.129  9.414 0.4000000060
36612  -44.101  -68.032  9.356 0.5000000000
37943  -46.760  -67.650  10.535 0.4000000060
37944  -47.408  -67.554  10.596 0.4000000060
37945  -48.016  -67.534  10.566 0.4000000060
37946  -48.654  -67.585  10.616 0.3000000119
37947  -49.587  -67.374  10.854 0.3000000119
37964  -40.170  -67.148  9.816 0.4000000060
37966  -41.293  -67.724  9.728 0.4000000060
37976  -41.170  -67.280  9.543 0.4000000060
37977  -41.807  -67.561  9.468 0.4000000060
37980  -43.743  -67.699  9.049 0.4000000060
37981  -44.422  -67.677  9.194 0.5000000000
37993  -43.259  -67.493  8.851 0.3000000119
37994  -43.587  -67.368  8.695 0.4000000060
39267  -46.361  -67.111  10.470 0.4000000060
39270  -48.101  -66.718  10.791 0.4000000060
39286  -39.762  -66.627  10.070 0.4000000060
39288  -40.696  -67.041  9.660 0.4000000060
39289  -45.344  -67.063  9.901 0.4000000060
39291  -46.376  -66.450  10.321 0.4000000060
39301  -40.969  -66.774  9.398 0.4000000060
39302  -41.558  -66.991  9.255 0.4000000060
39304  -44.745  -67.259  8.975 0.5000000000
39305  -45.154  -66.965  9.318 0.4000000060
39315  -41.837  -66.741  8.819 0.5000000000
39316  -42.423  -66.984  8.589 0.5000000000
39317  -43.074  -67.204  8.448 0.4000000060
39330  -42.677  -66.755  7.991 0.4000000060
39332  -43.802  -66.804  7.839 0.4000000060
40612  -46.807  -66.161  10.379 0.4000000060
40613  -47.260  -66.160  10.555 0.4000000060
40614  -47.838  -66.187  10.670 0.4000000060
40615  -49.036  -66.122  10.844 0.4000000060
40616  -49.786  -65.931  10.910 0.3000000119
40633  -39.525  -66.021  10.033 0.4000000060
40634  -46.038  -66.229  9.842 0.4000000060
40635  -46.565  -65.946  10.005 0.4000000060
40636  -47.067  -65.749  10.198 0.4000000060
40637  -47.611  -65.677  10.393 0.4000000060
40648  -40.249  -65.989  9.336 0.4000000060
40649  -40.765  -66.264  9.229 0.4000000060
40650  -45.358  -66.496  8.997 0.4000000060
40651  -45.801  -66.080  9.250 0.4000000060
40660  -40.567  -65.789  8.905 0.4000000060
40661  -41.019  -66.077  8.722 0.4000000060
40662  -41.502  -66.280  8.520 0.5000000000
40663  -42.073  -66.460  8.223 0.5000000000
40664  -45.066  -66.538  8.429 0.5000000000
40675  -41.244  -65.865  8.303 0.5000000000
40677  -42.100  -66.075  7.718 0.5000000000
40678  -43.121  -66.681  7.565 0.5000000000
40679  -44.579  -66.631  7.913 0.5000000000
40680  -45.163  -66.257  7.940 0.5000000000
40681  -45.643  -65.888  7.876 0.4000000060
40690  -42.580  -66.334  7.434 0.5000000000
40692  -43.558  -66.569  7.194 0.5000000000
40695  -45.494  -66.028  6.771 0.5000000000
40708  -43.298  -66.236  6.727 0.5000000000
40710  -44.466  -66.338  6.473 0.5000000000
40711  -44.984  -66.221  6.293 0.5000000000
40712  -45.479  -66.014  6.055 0.5000000000
40727  -44.059  -66.219  6.184 0.4000000060
40729  -44.973  -65.981  5.757 0.5000000000
40730  -45.387  -65.866  5.578 0.5000000000
41961  -48.215  -65.746  10.487 0.4000000060
41962  -48.705  -65.799  10.648 0.4000000060
41963  -49.197  -65.609  10.682 0.4000000060
41964  -50.337  -65.322  10.514 0.3000000119
41979  -39.387  -65.415  9.917 0.4000000060
41981  -47.436  -65.425  9.883 0.4000000060
41983  -48.715  -65.420  10.307 0.4000000060
42002  -46.131  -65.640  8.893 0.4000000060
42003  -46.676  -65.443  9.131 0.4000000060
42027  -46.044  -65.563  8.273 0.4000000060
42028  -46.560  -65.390  8.569 0.4000000060
42044  -40.748  -65.145  8.031 0.5000000000
42046  -41.695  -65.626  7.521 0.6000000238
42049  -47.094  -65.190  8.264 0.4000000060
42062  -41.402  -65.183  7.411 0.5000000000
42065  -42.681  -66.013  6.806 0.5000000000
42067  -46.493  -65.372  7.370 0.4000000060
42068  -46.928  -65.171  7.079 0.4000000060
42080  -42.235  -65.483  6.570 0.6000000238
42081  -42.976  -65.917  6.341 0.5000000000
42083  -46.008  -65.807  6.376 0.4000000060
42084  -46.492  -65.463  6.736 0.4000000060
42098  -43.880  -65.880  5.701 0.5000000000
42099  -44.488  -65.769  5.454 0.4000000060
42100  -45.006  -65.662  5.302 0.5000000000
42102  -47.033  -65.229  5.830 0.4000000060
42115  -33.492  -65.277  5.194 0.4000000060
42117  -44.609  -65.428  5.051 0.4000000060
42118  -45.162  -65.311  4.972 0.6000000238
42121  -47.089  -65.234  5.275 0.5000000000
42132  -45.686  -65.247  4.843 0.6000000238
42133  -46.242  -65.324  4.737 0.5000000000
42144  -32.482  -65.482  3.221 0.5000000000
42152  -31.940  -65.411  3.182 0.4000000060
42153  -32.107  -65.498  2.994 0.4000000060
42162  -31.849  -65.274  2.717 0.4000000060
42163  -31.949  -65.282  2.409 0.5000000000
43289  -36.560  -64.775  10.851 0.5000000000
43301  -37.802  -64.836  10.930 0.5000000000
43319  -36.329  -64.419  10.392 0.5000000000
43320  -36.833  -64.431  10.418 0.5000000000
43321  -37.481  -64.394  10.452 0.5000000000
43325  -48.591  -65.163  9.818 0.4000000060
43327  -49.738  -64.982  10.176 0.4000000060
43341  -39.035  -64.472  9.830 0.4000000060
43343  -39.861  -65.172  9.093 0.5000000000
43344  -47.895  -65.001  8.977 0.4000000060
43345  -48.280  -65.041  9.466 0.4000000060
43346  -48.874  -64.835  9.431 0.4000000060
43347  -49.422  -64.816  9.644 0.4000000060
43348  -50.010  -64.776  9.552 0.4000000060
43349  -50.806  -64.956  9.341 0.3000000119
43363  -40.034  -64.828  8.629 0.4000000060
43364  -47.427  -65.177  8.712 0.4000000060
43365  -48.510  -64.765  8.998 0.4000000060
43366  -48.928  -64.533  8.494 0.4000000060
43367  -49.462  -64.599  9.093 0.4000000060
43385  -40.352  -64.707  8.134 0.5000000000
43386  -40.764  -64.738  7.653 0.6000000238
43388  -47.368  -64.930  7.848 0.4000000060
43389  -48.302  -64.635  8.030 0.4000000060
43390  -48.844  -64.531  7.796 0.4000000060
43392  -50.188  -64.446  7.914 0.3000000119
43402  -35.072  -64.388  7.279 0.5000000000
43404  -41.536  -64.914  7.111 0.6000000238
43422  -34.274  -64.887  6.183 0.6000000238
43424  -35.103  -64.323  6.737 0.5000000000
43425  -41.795  -64.855  6.571 0.6000000238
43427  -42.660  -65.519  6.152 0.6000000238
43429  -48.192  -64.678  6.606 0.4000000060
43431  -49.988  -64.348  6.217 0.3000000119
43432  -50.559  -64.301  6.358 0.3000000119
43441  -34.657  -64.581  5.642 0.5000000000
43443  -42.471  -64.645  5.924 0.6000000238
43444  -42.897  -65.051  5.808 0.6000000238
43445  -43.476  -65.395  5.417 0.6000000238
43447  -48.226  -64.692  5.855 0.4000000060
43448  -48.996  -64.508  5.787 0.3000000119
43459  -33.941  -64.953  4.910 0.6000000238
43460  -34.417  -64.667  5.160 0.5000000000
43461  -43.286  -64.733  5.314 0.6000000238
43462  -44.225  -65.143  4.878 0.6000000238
43464  -46.840  -65.242  4.797 0.5000000000
43465  -47.444  -64.998  4.917 0.4000000060
43468  -49.968  -64.111  5.404 0.3000000119
43478  -45.095  -64.483  4.542 0.6999999881
43479  -45.415  -64.949  4.667 0.6000000238
43485  -49.459  -64.031  4.971 0.3000000119
43492  -33.041  -65.209  3.134 0.5000000000
43493  -33.678  -64.863  3.562 0.5000000000
43494  -34.404  -64.489  3.968 0.5000000000
43495  -46.444  -64.641  4.002 0.6000000238
43496  -47.045  -64.764  3.927 0.6000000238
43497  -47.631  -64.795  3.903 0.5000000000
43505  -31.744  -65.190  2.821 0.4000000060
43507  -33.518  -64.892  3.023 0.5000000000
43516  -31.692  -65.124  2.312 0.5000000000
43517  -31.861  -64.959  1.895 0.5000000000
43518  -32.373  -65.236  2.098 0.5000000000
43519  -33.245  -64.943  2.058 0.6000000238
43530  -32.577  -65.245  1.499 0.6000000238
43531  -33.203  -64.790  1.370 0.6000000238
44688  -36.985  -63.876  10.168 0.5000000000
44689  -37.957  -64.096  10.213 0.5000000000
44690  -38.526  -64.256  10.095 0.4000000060
44700  -36.612  -63.565  9.702 0.5000000000
44701  -37.227  -63.435  9.892 0.5000000000
44702  -38.267  -63.827  9.915 0.5000000000
44703  -38.761  -63.898  9.535 0.4000000060
44704  -39.313  -64.282  9.247 0.4000000060
44717  -39.577  -64.139  8.683 0.6000000238
44718  -39.956  -64.399  8.451 0.5000000000
44730  -35.695  -63.644  8.129 0.5000000000
44731  -39.828  -64.019  8.278 0.5000000000
44733  -40.481  -64.408  7.676 0.5000000000
44747  -35.366  -64.006  7.707 0.5000000000
44748  -35.659  -63.620  7.518 0.5000000000
44749  -40.344  -64.031  7.473 0.6999999881
44750  -40.823  -64.355  7.211 0.6000000238
44751  -41.342  -64.516  6.897 0.6000000238
44765  -41.123  -64.066  6.743 0.6000000238
44767  -42.008  -64.519  6.108 0.6000000238
44781  -41.920  -63.955  6.159 0.6000000238
44782  -42.412  -64.163  5.855 0.6000000238
44798  -34.783  -64.332  5.118 0.5000000000
44799  -35.108  -63.848  5.019 0.5000000000
44800  -42.924  -64.101  5.521 0.6000000238
44816  -35.116  -63.721  4.429 0.5000000000
44817  -44.128  -64.104  4.746 0.6999999881
44818  -44.651  -64.121  4.603 0.6999999881
44819  -45.009  -63.786  4.352 0.6999999881
44828  -31.749  -64.830  3.247 0.4000000060
44830  -34.776  -64.209  3.546 0.6000000238
44833  -46.029  -64.218  3.913 0.6000000238
44834  -46.906  -64.501  3.488 0.6000000238
44835  -47.868  -64.558  2.907 0.5000000000
44836  -48.468  -64.498  3.103 0.5000000000
44837  -48.886  -64.258  3.540 0.5000000000
44850  -31.724  -64.948  2.471 0.4000000060
44853  -35.193  -63.914  3.262 0.6000000238
44854  -46.250  -63.767  3.377 0.6000000238
44855  -46.777  -64.001  3.174 0.6000000238
44856  -47.710  -64.205  2.464 0.5000000000
44858  -49.006  -64.072  2.763 0.4000000060
44869  -31.860  -64.611  2.169 0.5000000000
44871  -34.666  -64.322  2.238 0.6000000238
44874  -48.704  -63.875  2.162 0.5000000000
44885  -31.884  -64.742  1.680 0.5000000000
44886  -33.892  -64.489  1.197 0.6000000238
44887  -34.600  -64.274  1.565 0.6000000238
44888  -35.207  -64.052  1.942 0.6000000238
44896  -32.509  -64.229  0.797 0.6000000238
44897  -33.033  -64.377  0.518 0.6000000238
44898  -33.742  -64.265  0.634 0.6000000238
44899  -34.484  -64.183  0.890 0.6000000238
44906  -32.657  -63.787  0.314 0.6000000238
44907  -33.115  -64.000  0.137 0.6000000238
44908  -33.545  -64.042  0.022 0.6999999881
44910  -34.966  -63.974  0.538 0.6999999881
46086  -37.804  -63.545  9.961 0.5000000000
46100  -36.298  -63.435  9.088 0.5000000000
46102  -37.633  -63.214  9.508 0.5000000000
46116  -36.911  -63.057  8.644 0.5000000000
46118  -38.069  -63.161  9.003 0.5000000000
46119  -39.040  -63.344  8.499 0.5000000000
46130  -36.063  -63.376  7.897 0.5000000000
46131  -36.504  -63.223  8.264 0.5000000000
46132  -39.334  -63.419  7.930 0.6000000238
46147  -36.052  -63.351  7.291 0.5000000000
46149  -40.163  -63.556  7.254 0.6999999881
46162  -35.520  -63.655  6.518 0.5000000000
46163  -35.963  -63.373  6.673 0.5000000000
46164  -36.484  -63.042  6.946 0.5000000000
46166  -40.922  -63.566  6.591 0.6000000238
46167  -41.456  -63.713  6.392 0.6000000238
46178  -35.375  -63.716  6.025 0.4000000060
46179  -35.721  -63.463  6.051 0.4000000060
46182  -41.725  -63.473  6.053 0.6000000238
46199  -42.412  -63.400  5.478 0.6000000238
46214  -35.486  -63.479  4.813 0.4000000060
46215  -35.971  -63.204  4.521 0.5000000000
46216  -42.631  -63.161  4.927 0.6000000238
46218  -43.848  -63.525  4.625 0.6000000238
46233  -35.527  -63.438  4.211 0.5000000000
46234  -36.031  -63.175  3.918 0.5000000000
46235  -36.578  -62.941  3.608 0.5000000000
46236  -43.463  -63.114  4.165 0.6000000238
46238  -44.748  -63.286  4.006 0.6999999881
46239  -45.270  -63.500  3.811 0.6999999881
46240  -45.767  -63.668  3.602 0.6000000238
46257  -36.693  -63.132  2.963 0.5000000000
46259  -45.469  -63.316  3.169 0.6999999881
46261  -46.568  -63.541  2.838 0.6000000238
46264  -49.327  -63.498  3.010 0.4000000060
46274  -32.293  -63.895  2.597 0.4000000060
46276  -35.693  -63.686  2.958 0.5000000000
46277  -36.241  -63.479  2.596 0.5000000000
46280  -46.253  -63.267  2.387 0.6000000238
46282  -47.566  -63.643  2.210 0.6000000238
46283  -48.109  -63.369  2.023 0.5000000000
46292  -32.135  -63.740  1.921 0.5000000000
46294  -35.747  -63.938  1.674 0.6000000238
46296  -36.916  -63.633  1.009 0.6999999881
46298  -38.277  -63.624  0.505 0.6999999881
46300  -39.823  -63.684  -0.058 0.8000000119
46309  -37.341  -63.648  0.101 0.6999999881
46310  -38.045  -63.717  -0.155 0.6999999881
46311  -38.699  -63.640  -0.348 0.6999999881
46316  -32.684  -63.281  0.285 0.6999999881
46318  -34.505  -63.508  -0.571 0.6999999881
46320  -36.321  -63.378  -0.304 0.6999999881
46324  -39.132  -63.724  -1.183 0.6999999881
46330  -34.616  -63.127  -0.959 0.6999999881
46331  -35.240  -63.183  -0.644 0.6999999881
46332  -35.931  -63.151  -0.632 0.6999999881
46333  -38.291  -63.387  -1.459 0.6999999881
46334  -38.729  -63.558  -1.458 0.6999999881
47628  -36.902  -62.915  8.073 0.5000000000
47629  -37.350  -62.824  8.395 0.5000000000
47630  -37.869  -62.865  8.521 0.5000000000
47631  -38.519  -62.975  8.484 0.5000000000
47645  -37.430  -62.659  7.857 0.5000000000
47646  -38.059  -62.669  8.013 0.5000000000
47647  -38.612  -62.798  7.840 0.5000000000
47661  -37.427  -62.485  7.203 0.5000000000
47662  -37.850  -62.471  7.561 0.5000000000
47663  -39.669  -63.196  7.406 0.6000000238
47664  -40.030  -63.152  6.996 0.6000000238
47676  -36.753  -62.750  6.371 0.5000000000
47678  -39.663  -62.765  6.873 0.6000000238
47679  -40.165  -62.874  6.608 0.6999999881
47680  -40.655  -63.076  6.380 0.6999999881
47695  -36.089  -63.191  5.665 0.5000000000
47697  -37.119  -62.485  5.946 0.5000000000
47699  -40.231  -62.586  6.011 0.6999999881
47701  -41.397  -63.055  5.763 0.6000000238
47712  -36.329  -62.982  5.250 0.5000000000
47713  -36.783  -62.718  5.087 0.5000000000
47715  -40.424  -62.467  5.399 0.6999999881
47716  -40.976  -62.675  5.315 0.6000000238
47729  -36.400  -62.978  4.780 0.6000000238
47730  -36.936  -62.752  4.534 0.5000000000
47731  -37.508  -62.609  4.396 0.5000000000
47732  -38.081  -62.563  4.279 0.5000000000
47733  -38.659  -62.561  4.146 0.6000000238
47734  -41.075  -62.513  4.677 0.6000000238
47736  -42.228  -62.753  4.390 0.6000000238
47754  -37.738  -62.725  3.970 0.5000000000
47756  -38.871  -62.823  3.588 0.5000000000
47758  -39.992  -62.711  3.285 0.6000000238
47760  -41.724  -62.499  3.783 0.6000000238
47762  -43.050  -62.731  3.629 0.6000000238
47763  -43.697  -62.845  3.554 0.6000000238
47764  -44.321  -62.989  3.434 0.6999999881
47765  -49.629  -62.609  3.906 0.3000000119
47777  -37.172  -62.955  3.320 0.6000000238
47779  -38.540  -63.016  3.153 0.5000000000
47782  -40.304  -62.999  2.613 0.6000000238
47783  -41.091  -62.435  3.435 0.6000000238
47784  -41.977  -62.620  3.104 0.6000000238
47787  -43.819  -62.757  2.816 0.6999999881
47790  -49.139  -63.016  2.664 0.4000000060
47791  -49.424  -62.790  3.301 0.4000000060
47800  -37.272  -63.114  2.686 0.6000000238
47801  -37.772  -63.216  2.552 0.6000000238
47802  -38.712  -63.213  2.362 0.6999999881
47806  -41.504  -62.909  2.547 0.6000000238
47807  -42.530  -62.768  2.193 0.6999999881
47808  -43.137  -62.701  2.517 0.6999999881
47810  -44.765  -63.000  2.077 0.6999999881
47811  -45.393  -63.054  2.017 0.6999999881
47813  -46.817  -62.922  1.778 0.6000000238
47826  -38.565  -63.409  1.649 0.6999999881
47828  -39.639  -63.626  1.256 0.6999999881
47829  -40.270  -63.561  0.953 0.6999999881
47835  -45.103  -62.783  1.514 0.6999999881
47837  -46.459  -62.720  1.201 0.6000000238
47838  -47.053  -62.664  1.575 0.6000000238
47839  -47.691  -62.713  1.826 0.6000000238
47840  -48.329  -62.738  1.999 0.5000000000
47842  -32.636  -62.593  0.425 0.6999999881
47843  -38.766  -63.619  0.725 0.6999999881
47845  -41.136  -62.968  -0.158 0.8000000119
47849  -44.787  -62.518  1.004 0.6999999881
47851  -45.975  -62.538  0.840 0.6999999881
47855  -32.810  -62.843  -0.194 0.6999999881
47857  -37.773  -63.070  -1.540 0.6999999881
47858  -38.432  -63.166  -1.614 0.6999999881
47860  -39.620  -63.545  -1.373 0.6999999881
47861  -40.782  -63.114  -0.827 0.8000000119
47863  -41.480  -62.523  -0.231 0.8000000119
47864  -42.037  -62.401  0.175 0.8000000119
47865  -42.612  -62.419  0.405 0.5000000000
47869  -33.191  -63.067  -0.712 0.6999999881
47870  -33.551  -62.602  -0.980 0.6999999881
47871  -34.346  -62.634  -1.005 0.6999999881
47873  -35.888  -62.914  -0.879 0.6999999881
49224  -38.041  -62.180  7.175 0.5000000000
49225  -38.550  -62.034  7.074 0.5000000000
49246  -38.187  -62.027  6.677 0.5000000000
49247  -39.262  -62.180  6.211 0.5000000000
49268  -37.675  -62.280  6.246 0.5000000000
49270  -38.768  -61.973  5.792 0.5000000000
49271  -39.667  -62.233  5.801 0.6999999881
49287  -37.602  -62.198  5.480 0.5000000000
49288  -38.286  -62.043  5.299 0.6000000238
49289  -38.877  -62.008  5.156 0.5000000000
49291  -40.040  -62.073  4.914 0.6999999881
49310  -39.622  -62.061  4.442 0.6999999881
49312  -40.683  -62.154  4.214 0.6999999881
49326  -39.221  -62.395  3.983 0.6999999881
49327  -39.781  -62.326  3.854 0.6999999881
49328  -40.320  -62.265  3.768 0.6999999881
49329  -40.761  -62.270  3.740 0.6000000238
49340  -33.341  -62.198  2.488 0.5000000000
49341  -33.678  -61.845  2.823 0.4000000060
49344  -49.471  -62.239  3.573 0.3000000119
49359  -47.350  -62.224  1.377 0.5000000000
49367  -37.349  -61.840  -0.303 0.6000000238
49368  -37.753  -61.989  -0.309 0.6999999881
49371  -39.977  -62.593  -0.787 0.6999999881
49373  -41.236  -61.667  -0.335 0.8000000119
49374  -43.174  -62.262  0.498 0.6000000238
49375  -43.806  -62.184  0.646 0.6000000238
49376  -44.471  -62.161  0.641 0.6999999881
49377  -45.106  -62.106  0.614 0.6999999881
49378  -45.687  -62.101  0.613 0.6999999881
49379  -47.434  -61.346  1.155 0.5000000000
49383  -32.866  -61.819  -0.410 0.6000000238
49388  -38.749  -62.760  -1.407 0.6999999881
49389  -39.482  -63.047  -1.464 0.6999999881
49391  -40.955  -62.378  -0.625 0.8000000119
49394  -43.442  -61.839  0.247 0.5000000000
49397  -33.305  -61.932  -0.706 0.6999999881
49398  -35.126  -62.149  -0.737 0.6999999881
49399  -36.130  -62.434  -0.830 0.6999999881
50933  -48.745  -61.731  3.265 0.3000000119
50940  -48.497  -60.817  3.135 0.3000000119
50945  -33.320  -60.842  2.058 0.6000000238
50947  -39.252  -60.991  2.030 0.6000000238
50948  -39.945  -60.983  1.956 0.6000000238
50950  -48.590  -61.293  2.261 0.4000000060
50956  -32.604  -60.913  1.424 0.6000000238
50964  -47.972  -61.096  1.397 0.4000000060
50965  -48.244  -61.549  1.703 0.4000000060
50969  -32.402  -60.996  0.600 0.6000000238
50970  -37.119  -61.148  -0.019 0.6999999881
50973  -38.694  -61.752  0.581 0.6000000238
50975  -40.117  -61.807  0.318 0.8000000119
50976  -41.135  -61.309  0.122 0.6999999881
50977  -41.582  -61.231  0.007 0.6999999881
50982  -46.315  -61.397  0.746 0.5000000000
50985  -32.588  -61.449  -0.028 0.6000000238
50986  -33.119  -60.707  -0.598 0.6000000238
50987  -33.894  -60.583  -0.765 0.6000000238
50988  -36.705  -61.217  -0.402 0.5000000000
50989  -41.204  -61.934  -0.406 0.8000000119
50990  -41.640  -61.639  -0.279 0.8000000119
50991  -42.365  -61.509  -0.167 0.8000000119
50992  -43.035  -61.444  0.017 0.5000000000
50994  -44.240  -61.247  0.400 0.6000000238
50998  -35.861  -61.782  -0.722 0.6999999881
52553  -39.390  -60.014  3.419 0.5000000000
52564  -39.026  -60.171  3.226 0.5000000000
52568  -41.420  -60.268  2.527 0.6999999881
52581  -38.955  -60.561  2.636 0.6000000238
52582  -39.612  -60.655  2.533 0.6000000238
52584  -40.813  -60.442  2.470 0.6999999881
52585  -41.946  -60.428  1.987 0.6000000238
52586  -48.464  -60.213  1.900 0.3000000119
52587  -48.591  -60.605  2.240 0.3000000119
52593  -37.038  -60.273  1.121 0.5000000000
52594  -37.495  -60.592  1.562 0.5000000000
52595  -38.033  -60.854  1.877 0.6000000238
52597  -41.636  -60.819  1.271 0.6999999881
52600  -48.364  -60.870  1.819 0.4000000060
52603  -37.309  -60.887  0.879 0.6000000238
52604  -41.930  -60.968  0.616 0.6000000238
52605  -42.461  -60.727  0.554 0.6000000238
52607  -43.593  -60.331  0.537 0.5000000000
52612  -46.874  -60.274  0.889 0.3000000119
52614  -32.715  -60.194  -0.375 0.6000000238
52618  -36.437  -60.565  -0.393 0.5000000000
52620  -43.311  -60.906  0.419 0.5000000000
52621  -43.934  -60.810  0.445 0.5000000000
52622  -34.561  -60.416  -0.754 0.6000000238
52624  -35.817  -60.954  -0.526 0.6000000238
54106  -40.459  -59.321  4.109 0.5000000000
54107  -41.141  -59.433  4.037 0.5000000000
54116  -38.621  -59.409  3.565 0.5000000000
54118  -39.627  -59.662  3.742 0.5000000000
54119  -40.161  -59.586  3.731 0.6000000238
54121  -41.674  -59.678  3.764 0.6000000238
54122  -42.077  -59.737  3.483 0.6000000238
54133  -33.627  -59.945  2.989 0.3000000119
54135  -38.346  -59.604  3.116 0.5000000000
54136  -38.760  -59.834  3.307 0.5000000000
54138  -40.525  -59.737  3.287 0.6000000238
54140  -42.806  -59.651  2.757 0.6000000238
54143  -48.550  -60.131  2.413 0.3000000119
54150  -37.458  -59.510  2.251 0.5000000000
54151  -38.020  -59.900  2.657 0.5000000000
54153  -42.407  -59.963  2.352 0.6000000238
54154  -42.949  -59.698  2.065 0.6000000238
54158  -36.757  -59.152  0.643 0.5000000000
54164  -47.983  -59.893  1.438 0.3000000119
54165  -32.542  -59.535  -0.112 0.6000000238
54166  -33.486  -59.205  -0.116 0.6000000238
54168  -43.338  -59.989  0.910 0.5000000000
54169  -43.961  -59.870  0.706 0.5000000000
54170  -45.064  -59.546  0.702 0.5000000000
54171  -45.663  -59.640  0.774 0.5000000000
54176  -34.439  -59.515  -0.189 0.6000000238
54178  -36.181  -59.739  -0.173 0.5000000000
54179  -36.455  -59.437  0.144 0.5000000000
55528  -39.877  -58.786  4.949 0.5000000000
55529  -40.472  -58.695  4.841 0.5000000000
55530  -41.091  -58.600  4.737 0.5000000000
55542  -39.042  -59.025  4.558 0.5000000000
55543  -39.598  -59.089  4.583 0.5000000000
55545  -40.766  -59.018  4.433 0.5000000000
55557  -38.433  -59.061  3.914 0.5000000000
55558  -38.843  -59.206  4.053 0.5000000000
55559  -41.706  -59.389  4.183 0.5000000000
55570  -37.811  -58.751  2.954 0.5000000000
55571  -38.169  -59.070  3.406 0.5000000000
55572  -42.521  -59.468  3.336 0.6000000238
55573  -43.124  -59.152  3.163 0.6000000238
55579  -32.334  -59.203  2.004 0.5000000000
55580  -37.580  -58.997  2.522 0.5000000000
55582  -43.881  -58.888  2.088 0.6000000238
55584  -47.878  -58.361  2.436 0.3000000119
55585  -47.989  -58.934  2.086 0.3000000119
55590  -44.031  -59.016  1.393 0.5000000000
55591  -44.698  -58.901  1.229 0.5000000000
55593  -45.715  -58.428  1.037 0.5000000000
55594  -47.649  -58.588  1.542 0.3000000119
55595  -32.278  -58.760  0.868 0.5000000000
55596  -32.453  -59.096  0.450 0.5000000000
55601  -44.968  -59.102  0.957 0.6000000238
55603  -45.907  -58.831  0.823 0.5000000000
55604  -46.503  -58.694  0.863 0.5000000000
55605  -47.174  -58.657  1.088 0.4000000060
55606  -35.143  -59.107  0.170 0.6000000238
55607  -35.986  -59.233  0.065 0.6000000238
56990  -39.300  -57.994  5.578 0.4000000060
56991  -39.909  -58.041  5.671 0.5000000000
56992  -40.557  -58.038  5.611 0.3000000119
57005  -39.045  -58.387  5.197 0.5000000000
57006  -39.598  -58.421  5.287 0.5000000000
57009  -41.439  -58.299  5.086 0.5000000000
57024  -38.829  -58.691  4.866 0.3000000119
57026  -43.258  -57.870  4.820 0.5000000000
57030  -46.984  -57.720  4.008 0.3000000119
57040  -42.555  -58.851  4.150 0.5000000000
57041  -43.099  -58.749  3.793 0.5000000000
57045  -47.319  -58.081  3.506 0.3000000119
57046  -47.478  -57.513  3.165 0.3000000119
57050  -32.455  -58.502  2.850 0.4000000060
57051  -37.986  -58.549  3.403 0.5000000000
57052  -43.703  -58.595  3.322 0.6000000238
57056  -31.996  -58.198  1.656 0.5000000000
57057  -37.580  -58.491  2.367 0.5000000000
57058  -44.364  -58.496  2.132 0.5000000000
57060  -45.210  -57.783  2.007 0.4000000060
57061  -47.784  -57.580  2.101 0.3000000119
57065  -33.753  -58.058  0.730 0.5000000000
57066  -34.765  -58.253  0.882 0.5000000000
57068  -44.972  -58.568  1.443 0.6000000238
57070  -46.612  -57.549  1.119 0.4000000060
57071  -47.176  -57.581  1.264 0.3000000119
57072  -47.605  -57.841  1.594 0.3000000119
57073  -32.629  -58.558  0.507 0.5000000000
57075  -34.078  -58.498  0.448 0.5000000000
57079  -37.290  -57.968  0.861 0.5000000000
58488  -45.072  -57.287  7.128 0.3000000119
58493  -40.150  -57.277  6.392 0.3000000119
58507  -38.925  -57.403  5.648 0.4000000060
58508  -39.606  -57.553  6.036 0.3000000119
58510  -40.968  -57.772  6.017 0.4000000060
58511  -41.611  -57.790  5.942 0.3000000119
58515  -45.633  -57.513  6.133 0.3000000119
58523  -38.477  -57.528  5.145 0.3000000119
58525  -42.367  -57.987  5.351 0.5000000000
58526  -42.922  -57.668  5.370 0.4000000060
58527  -43.494  -57.466  5.113 0.4000000060
58529  -46.190  -57.512  5.255 0.3000000119
58530  -46.698  -56.986  4.891 0.3000000119
58541  -38.232  -57.661  4.646 0.3000000119
58542  -43.819  -57.527  4.702 0.5000000000
58544  -46.781  -57.308  4.395 0.3000000119
58553  -44.728  -57.563  3.742 0.5000000000
58554  -45.177  -57.412  3.264 0.5000000000
58556  -47.183  -56.987  3.162 0.3000000119
58562  -45.588  -57.196  2.859 0.4000000060
58563  -46.038  -57.040  2.600 0.3000000119
58565  -31.982  -57.712  1.961 0.4000000060
58566  -32.259  -57.262  1.512 0.5000000000
58569  -34.599  -57.505  1.658 0.5000000000
58571  -38.051  -57.355  1.675 0.5000000000
58573  -46.376  -57.064  2.082 0.3000000119
58575  -32.053  -57.801  1.372 0.5000000000
58576  -32.595  -57.572  0.965 0.5000000000
58577  -33.402  -57.503  0.842 0.5000000000
58581  -37.710  -57.595  1.133 0.5000000000
58582  -45.866  -57.542  1.694 0.3000000119
58583  -46.521  -57.259  1.457 0.3000000119
58584  -47.021  -57.086  1.445 0.3000000119
58586  -35.696  -57.962  0.842 0.5000000000
58588  -36.724  -57.738  0.672 0.4000000060
60052  -39.241  -56.601  6.219 0.3000000119
60054  -40.544  -56.968  6.700 0.3000000119
60059  -46.607  -55.816  6.040 0.3000000119
60066  -38.830  -56.763  5.836 0.3000000119
60068  -41.899  -57.475  6.228 0.3000000119
60071  -44.352  -56.585  5.559 0.4000000060
60072  -46.080  -56.692  6.131 0.3000000119
60073  -46.716  -56.074  5.610 0.3000000119
60074  -46.866  -56.004  5.142 0.3000000119
60084  -38.275  -57.069  4.870 0.4000000060
60085  -38.486  -56.912  5.363 0.4000000060
60086  -43.395  -57.131  5.463 0.4000000060
60088  -45.096  -56.300  5.185 0.3000000119
60089  -45.630  -56.162  4.588 0.4000000060
60090  -46.675  -56.571  5.229 0.3000000119
60102  -38.189  -57.130  4.310 0.3000000119
60103  -44.332  -57.242  4.595 0.5000000000
60106  -46.157  -56.256  3.930 0.3000000119
60107  -46.856  -56.608  4.362 0.3000000119
60113  -38.191  -57.113  3.618 0.4000000060
60114  -45.281  -57.075  3.738 0.5000000000
60116  -46.468  -56.471  3.435 0.3000000119
60120  -46.030  -56.770  3.082 0.4000000060
60125  -33.680  -56.762  1.620 0.5000000000
60129  -38.298  -57.036  2.241 0.5000000000
60130  -46.988  -56.774  2.293 0.3000000119
60131  -47.206  -56.831  2.528 0.3000000119
60132  -35.335  -57.374  1.554 0.5000000000
60133  -36.098  -57.141  1.133 0.5000000000
60136  -36.605  -57.329  0.882 0.4000000060
60137  -37.182  -57.287  0.685 0.5000000000
60138  -37.778  -57.093  0.647 0.5000000000
60139  -38.212  -56.709  0.789 0.5000000000
61615  -46.612  -54.931  6.054 0.3000000119
61621  -38.929  -56.309  5.970 0.3000000119
61622  -43.343  -56.425  6.155 0.3000000119
61625  -45.757  -55.373  5.340 0.3000000119
61627  -46.627  -55.361  5.270 0.3000000119
61648  -38.476  -56.311  4.576 0.3000000119
61650  -46.378  -55.764  4.507 0.3000000119
61651  -46.690  -55.959  4.614 0.3000000119
61653  -38.400  -56.598  3.957 0.3000000119
61660  -34.106  -56.083  2.697 0.5000000000
61663  -38.467  -56.692  2.948 0.4000000060
61664  -38.945  -56.246  2.388 0.4000000060
61666  -32.725  -56.392  2.103 0.5000000000
61668  -34.343  -56.587  2.268 0.5000000000
61669  -35.237  -56.606  2.320 0.4000000060
61670  -35.993  -56.383  2.022 0.4000000060
61672  -38.655  -56.549  1.839 0.4000000060
61673  -39.071  -56.122  1.454 0.5000000000
61674  -36.401  -56.648  1.374 0.4000000060
61675  -37.081  -56.429  0.968 0.4000000060
61677  -38.684  -56.311  0.961 0.4000000060
61678  -39.042  -55.899  1.019 0.4000000060
61679  -37.446  -56.747  0.636 0.4000000060
61680  -37.936  -56.636  0.629 0.4000000060
63113  -39.206  -56.060  6.339 0.3000000119
63139  -38.744  -55.778  5.466 0.3000000119
63141  -46.422  -55.202  5.174 0.3000000119
63149  -39.051  -55.621  3.658 0.3000000119
63153  -33.169  -55.414  2.505 0.5000000000
63154  -33.906  -55.523  2.760 0.4000000060
63156  -35.235  -55.681  3.215 0.4000000060
63157  -35.955  -55.672  3.127 0.4000000060
63158  -36.649  -55.511  2.919 0.4000000060
63160  -39.677  -55.361  2.911 0.4000000060
63162  -37.041  -55.711  2.143 0.4000000060
63164  -39.442  -55.716  1.287 0.4000000060
63165  -39.854  -55.513  1.865 0.4000000060
63168  -38.747  -55.932  0.864 0.4000000060
63170  -39.792  -55.343  1.196 0.4000000060
64468  -39.000  -55.299  5.675 0.3000000119
64480  -39.266  -54.789  4.843 0.3000000119
64482  -39.152  -55.237  4.313 0.3000000119
64485  -35.527  -54.702  3.811 0.4000000060
64486  -36.267  -54.606  3.797 0.4000000060
64494  -34.294  -55.024  3.145 0.5000000000
64498  -37.352  -54.586  2.876 0.4000000060
64499  -40.116  -55.011  2.363 0.4000000060
64503  -38.306  -54.948  1.806 0.4000000060
64504  -38.987  -54.972  1.516 0.4000000060
64506  -39.989  -54.649  1.624 0.4000000060
64508  -39.476  -55.108  1.188 0.4000000060
64509  -39.848  -54.943  1.284 0.4000000060
65818  -35.352  -54.123  3.729 0.4000000060
65819  -35.814  -54.239  3.905 0.4000000060
65825  -33.795  -54.482  3.081 0.4000000060
65826  -34.933  -54.286  3.630 0.4000000060
65827  -36.675  -53.711  3.774 0.4000000060
65829  -40.717  -53.816  2.798 0.4000000060
65831  -38.603  -54.587  2.119 0.4000000060
65832  -39.647  -54.187  1.909 0.4000000060
65835  -40.053  -54.197  1.879 0.4000000060
67149  -39.645  -53.741  5.309 0.3000000119
67164  -33.115  -53.893  3.479 0.3000000119
67166  -34.657  -53.731  3.549 0.4000000060
67167  -34.948  -53.497  3.468 0.5000000000
67168  -35.312  -53.302  3.636 0.4000000060
67169  -36.069  -53.198  3.835 0.4000000060
67170  -37.363  -53.522  3.252 0.4000000060
67171  -38.075  -53.316  2.855 0.4000000060
67172  -41.097  -53.283  2.861 0.4000000060
67173  -38.693  -53.157  2.458 0.4000000060
67175  -40.177  -53.641  2.180 0.4000000060
68457  -41.266  -52.504  3.317 0.3000000119
68466  -41.178  -52.938  3.015 0.3000000119
68469  -40.525  -53.094  2.344 0.4000000060
68470  -41.120  -52.903  2.540 0.4000000060
69702  -39.845  -52.126  4.999 0.3000000119
69719  -34.400  -52.343  3.268 0.4000000060
69720  -34.878  -52.417  3.339 0.4000000060
69721  -35.290  -52.391  3.475 0.4000000060
69722  -35.893  -52.298  3.582 0.4000000060
69723  -36.602  -52.203  3.457 0.4000000060
69724  -37.665  -52.170  2.917 0.4000000060
69725  -38.210  -52.255  2.562 0.4000000060
69726  -38.817  -52.312  2.381 0.4000000060
69728  -39.834  -52.167  2.310 0.4000000060
70936  -39.579  -51.515  5.373 0.3000000119
70943  -40.018  -51.582  4.718 0.3000000119
70944  -40.504  -51.645  4.194 0.3000000119
70950  -41.837  -51.823  3.253 0.3000000119
70958  -35.161  -51.472  3.287 0.4000000060
70961  -42.057  -51.699  2.766 0.4000000060
70963  -43.040  -50.918  2.849 0.4000000060
70965  -39.521  -51.663  2.366 0.4000000060
70968  -41.886  -51.728  2.556 0.3000000119
70969  -42.354  -51.271  2.631 0.4000000060
72249  -39.475  -50.858  5.542 0.4000000060
72257  -40.832  -51.189  4.001 0.3000000119
72267  -43.307  -50.463  2.958 0.4000000060
72277  -37.275  -50.537  3.060 0.4000000060
72278  -43.702  -50.123  2.814 0.3000000119
72279  -38.518  -51.236  2.417 0.4000000060
72280  -39.088  -51.132  2.237 0.4000000060
72282  -40.589  -51.032  2.331 0.4000000060
72283  -41.534  -51.397  2.431 0.4000000060
72285  -42.584  -50.927  2.503 0.3000000119
73582  -39.910  -50.326  4.752 0.4000000060
73583  -40.599  -50.438  4.239 0.4000000060
73594  -43.699  -50.040  2.954 0.4000000060
73598  -35.395  -50.212  2.989 0.4000000060
73599  -35.953  -50.196  2.961 0.4000000060
73606  -39.966  -50.420  2.396 0.4000000060
73608  -41.207  -50.618  2.358 0.5000000000
73609  -42.798  -50.431  2.327 0.4000000060
73610  -43.302  -50.441  2.241 0.4000000060
74964  -39.748  -49.407  5.408 0.4000000060
74965  -40.040  -49.192  5.035 0.4000000060
74970  -39.940  -49.669  4.912 0.4000000060
74973  -41.580  -49.132  4.162 0.4000000060
74982  -41.351  -49.697  4.091 0.4000000060
74989  -34.650  -49.520  3.119 0.3000000119
74990  -35.198  -49.578  3.012 0.3000000119
74992  -36.651  -49.423  2.828 0.4000000060
74993  -37.214  -49.462  2.694 0.4000000060
74998  -41.240  -49.539  2.213 0.4000000060
74999  -42.202  -49.870  2.273 0.5000000000
76387  -39.954  -48.838  5.410 0.4000000060
76394  -40.303  -48.784  4.882 0.4000000060
76418  -37.385  -48.207  2.434 0.4000000060
76422  -42.348  -49.165  2.260 0.5000000000
76423  -42.901  -49.214  2.275 0.5000000000
77655  -39.869  -48.428  5.917 0.4000000060
77665  -40.727  -48.413  4.739 0.4000000060
77667  -41.959  -47.990  4.564 0.4000000060
77684  -34.761  -47.889  3.446 0.3000000119
77685  -35.318  -47.887  3.222 0.4000000060
77686  -35.853  -47.896  2.917 0.4000000060
77687  -36.407  -47.903  2.722 0.4000000060
77691  -37.406  -47.618  2.385 0.4000000060
77692  -37.860  -47.917  2.237 0.4000000060
78912  -40.364  -47.264  6.044 0.4000000060
78915  -41.115  -47.309  5.229 0.4000000060
78949  -36.606  -47.447  2.697 0.4000000060
78954  -37.984  -46.898  2.202 0.4000000060
78960  -43.296  -47.175  2.199 0.5000000000
80290  -36.529  -46.875  2.732 0.4000000060
80293  -37.038  -46.633  2.423 0.4000000060
81632  -37.189  -45.352  2.253 0.4000000060
81643  -37.076  -45.983  2.267 0.4000000060
81644  -37.596  -45.760  2.219 0.4000000060
81645  -38.079  -45.611  2.268 0.5000000000
82898  -36.426  -45.138  2.971 0.4000000060
82902  -38.988  -45.099  2.766 0.5000000000
244946  -48.332  -69.912  6.018 0.4000000060
246475  -47.691  -70.533  2.702 0.3000000119
246611  -46.243  -71.083  5.337 0.3000000119
247021  -48.779  -61.878  2.577 0.4000000060
247242  -41.993  -71.052  6.238 0.4000000060
247384  -39.068  -63.059  7.593 0.5000000000
247522  -47.798  -64.758  7.650 0.4000000060
247760  -47.737  -64.918  8.294 0.4000000060
248072  -47.327  -70.621  1.731 0.3000000119
248454  -38.202  -58.234  4.330 0.5000000000
248710  -40.825  -63.309  0.356 0.6999999881
249159  -40.716  -61.488  0.225 0.8000000119
249814  -33.617  -64.814  2.673 0.6000000238
250111  -35.242  -64.039  6.367 0.4000000060
250258  -32.098  -64.281  1.193 0.5000000000
250276  -36.293  -46.266  2.929 0.4000000060
250560  -38.820  -62.515  7.362 0.5000000000
250905  -49.305  -64.488  6.414 0.3000000119
251160  -41.134  -59.769  3.520 0.5000000000
251385  -39.493  -51.728  6.132 0.4000000060
252502  -41.511  -71.005  6.262 0.4000000060
252833  -40.741  -63.416  1.351 0.6999999881
253028  -44.600  -59.979  0.487 0.5000000000
253036  -39.830  -53.150  2.266 0.4000000060
253586  -36.111  -63.823  1.034 0.6999999881
254239  -36.182  -51.276  3.386 0.4000000060
254505  -39.486  -50.322  5.746 0.4000000060
254588  -46.064  -57.794  1.183 0.5000000000
254966  -46.399  -70.529  7.515 0.4000000060
255800  -47.338  -64.917  7.358 0.4000000060
255982  -42.054  -58.284  5.029 0.5000000000
256676  -46.963  -70.247  7.574 0.4000000060
256771  -44.283  -58.235  3.120 0.5000000000
256772  -43.537  -58.377  3.934 0.5000000000
256784  -46.525  -58.056  4.464 0.3000000119
257270  -48.428  -61.673  3.837 0.3000000119
257569  -40.815  -49.808  4.401 0.4000000060
257614  -37.989  -57.519  2.564 0.4000000060
257622  -45.592  -60.990  0.542 0.6000000238
258017  -33.067  -61.364  1.777 0.6000000238
258135  -47.306  -64.364  2.961 0.6000000238
258509  -33.141  -62.762  2.621 0.5000000000
258703  -41.016  -63.246  2.058 0.5000000000
259130  -34.302  -50.590  3.073 0.3000000119
259626  -47.385  -70.237  6.815 0.3000000119
259798  -38.155  -63.325  2.138 0.6000000238
260021  -34.382  -53.342  3.609 0.4000000060
260321  -50.084  -64.414  7.390 0.3000000119
260329  -39.284  -50.479  2.357 0.4000000060
260615  -33.658  -53.364  3.573 0.3000000119
260916  -44.611  -58.066  2.476 0.4000000060
261168  -47.319  -57.442  3.606 0.3000000119
261298  -36.900  -53.114  3.571 0.4000000060
261379  -36.955  -51.107  3.191 0.4000000060
261908  -36.798  -48.462  2.606 0.4000000060
262341  -35.666  -46.218  3.002 0.4000000060
262342  -42.878  -69.571  9.906 0.4000000060
262482  -41.409  -51.890  2.411 0.4000000060
262740  -49.538  -69.563  7.291 0.3000000119
263367  -34.876  -64.013  4.054 0.5000000000
263629  -38.550  -56.012  5.064 0.4000000060
264437  -46.231  -59.984  0.808 0.5000000000
264846  -50.233  -66.396  10.945 0.3000000119
264854  -36.542  -62.747  -0.979 0.6999999881
264909  -39.528  -54.229  5.075 0.3000000119
264959  -41.038  -65.072  7.636 0.6000000238
265596  -40.301  -49.906  4.619 0.4000000060
265857  -48.217  -67.829  10.330 0.4000000060
266313  -46.890  -61.813  1.016 0.5000000000
266674  -39.375  -49.765  2.260 0.4000000060
266716  -40.863  -49.976  2.192 0.4000000060
266820  -37.995  -58.138  3.695 0.5000000000
267222  -39.263  -54.673  5.531 0.3000000119
267467  -40.161  -52.658  2.296 0.4000000060
267499  -39.569  -53.359  5.638 0.3000000119
268284  -32.107  -58.136  2.320 0.4000000060
268588  -39.903  -60.378  2.875 0.6000000238
268725  -37.887  -48.501  2.279 0.4000000060
268796  -39.944  -66.160  9.747 0.4000000060
268958  -42.851  -50.887  2.694 0.3000000119
269106  -47.053  -67.160  10.620 0.4000000060
269353  -38.481  -53.936  2.427 0.4000000060
269704  -39.189  -53.709  2.315 0.4000000060
269815  -45.706  -65.858  7.361 0.4000000060
269855  -38.922  -52.805  2.353 0.4000000060
269879  -40.903  -52.601  2.412 0.4000000060
269995  -50.901  -64.546  7.591 0.3000000119
270111  -45.909  -63.107  1.992 0.6999999881
270229  -48.373  -67.166  10.778 0.4000000060
270405  -40.157  -52.678  4.778 0.3000000119
270436  -49.083  -68.594  9.747 0.3000000119
270574  -42.914  -62.548  1.080 0.6999999881
270719  -36.659  -63.554  0.317 0.6999999881
271765  -45.182  -61.036  0.393 0.6000000238
272752  -37.052  -62.514  5.416 0.5000000000
273035  -40.646  -68.587  10.077 0.4000000060
273512  -45.691  -67.957  10.217 0.4000000060
273610  -39.590  -50.482  5.239 0.4000000060
274096  -41.770  -63.052  1.175 0.6000000238
275192  -34.819  -53.278  3.493 0.4000000060
275675  -43.666  -62.647  1.539 0.6999999881
275740  -47.342  -56.933  1.974 0.3000000119
275852  -36.542  -63.267  8.758 0.5000000000
276044  -40.435  -53.916  2.297 0.4000000060
276312  -36.946  -62.697  6.916 0.5000000000
276968  -34.861  -50.457  3.077 0.3000000119
276978  -38.974  -51.740  2.422 0.4000000060
277057  -35.578  -51.221  3.332 0.4000000060
277207  -47.898  -70.835  2.211 0.3000000119
277845  -38.072  -62.985  3.302 0.6999999881
278405  -37.434  -51.626  2.981 0.4000000060
278593  -36.762  -54.315  3.410 0.4000000060
278805  -41.293  -63.095  0.560 0.8000000119
278855  -37.113  -57.742  0.716 0.5000000000
279355  -32.991  -65.298  3.805 0.4000000060
280242  -47.769  -61.718  1.381 0.5000000000
280520  -47.453  -59.871  1.058 0.4000000060
280888  -47.358  -58.106  1.214 0.3000000119
280951  -44.754  -66.413  7.406 0.5000000000
281214  -42.065  -70.741  7.087 0.4000000060
281830  -37.700  -62.253  6.799 0.5000000000
281867  -45.946  -65.482  5.113 0.6000000238
282339  -43.762  -49.967  3.034 0.4000000060
282535  -43.791  -56.815  5.603 0.4000000060
282542  -43.866  -64.676  4.932 0.6000000238
282757  -36.112  -49.305  2.890 0.4000000060
283066  -40.706  -48.904  4.607 0.4000000060
283093  -37.149  -52.050  3.207 0.4000000060
283131  -45.669  -67.407  10.187 0.4000000060
283213  -41.517  -68.465  9.961 0.4000000060
283365  -45.940  -61.019  0.627 0.6999999881
283817  -48.108  -68.852  9.357 0.4000000060
284351  -44.983  -67.493  9.592 0.5000000000
284772  -39.118  -62.384  6.834 0.6000000238
285207  -36.907  -59.727  1.172 0.5000000000
285533  -48.046  -64.735  3.453 0.5000000000
286198  -36.894  -62.550  -1.027 0.6999999881
286204  -37.687  -62.880  3.574 0.6999999881
288070  -40.670  -63.152  2.351 0.6999999881
288118  -46.055  -64.628  4.192 0.6000000238
288411  -48.667  -64.602  6.302 0.3000000119
288457  -50.095  -65.579  10.775 0.3000000119
288518  -38.348  -52.923  2.597 0.4000000060
288585  -37.196  -54.021  3.198 0.4000000060
288696  -49.185  -64.025  4.236 0.4000000060
289072  -42.604  -63.750  5.679 0.6000000238
289634  -48.208  -64.760  3.962 0.5000000000
289675  -48.866  -64.404  3.969 0.5000000000
289898  -42.058  -62.968  1.858 0.6999999881
290079  -37.994  -49.015  2.291 0.4000000060
290431  -43.550  -62.712  2.175 0.6999999881
290433  -49.105  -67.506  10.767 0.3000000119
291657  -36.352  -60.093  -0.314 0.5000000000
291888  -47.296  -64.964  6.853 0.4000000060
292046  -40.403  -54.144  2.525 0.4000000060
292079  -45.288  -67.437  9.968 0.4000000060
292291  -51.323  -64.714  8.048 0.3000000119
292721  -44.446  -66.472  6.939 0.5000000000
292754  -35.965  -48.842  2.903 0.4000000060
292922  -35.302  -48.732  3.159 0.3000000119
292993  -47.438  -67.190  10.710 0.4000000060
293121  -47.876  -70.461  3.221 0.3000000119
293129  -35.743  -63.424  5.607 0.4000000060
293350  -33.916  -63.729  -0.455 0.6000000238
293362  -40.755  -52.011  4.125 0.3000000119
293434  -39.653  -65.284  9.525 0.4000000060
293591  -33.391  -60.229  -0.662 0.6000000238
293741  -32.366  -59.865  1.255 0.6000000238
293775  -39.462  -62.461  6.571 0.6000000238
294004  -42.005  -59.011  4.400 0.6000000238
294078  -49.203  -68.307  10.164 0.3000000119
