#!ascii label  , from subject sub-v2s5x29549_ses-1 vox2ras=TkReg
1023
291100  -32.644  -17.388  3.962 0.0000000000
142998  -32.972  -13.432  1.333 0.0000000000
175028  -32.151  3.763  2.820 0.0000000000
270180  -33.665  -1.454  5.792 0.0000000000
155806  -36.118  -6.808  3.102 0.0000000000
146883  -39.188  -11.470  3.618 0.0000000000
292458  -31.228  6.277  1.766 0.0000000000
159828  -35.133  -4.180  5.387 0.0000000000
276252  -32.940  -8.112  4.941 0.0000000000
138908  -34.430  -16.676  1.198 0.0000000000
144314  -37.226  -13.630  1.530 0.0000000000
142973  -34.973  -13.978  3.563 0.0000000000
127324  -27.367  -22.153  5.501 0.0000000000
135161  -30.936  -18.656  2.657 0.0000000000
189283  -28.245  13.088  -0.927 0.0000000000
187229  -30.070  11.851  1.141 0.0000000000
185188  -31.495  10.446  2.574 0.0000000000
183108  -33.510  8.614  4.390 0.0000000000
177373  -35.285  5.632  5.145 0.0000000000
169538  -32.868  1.069  4.410 0.0000000000
173762  -36.847  2.873  4.582 0.0000000000
166989  -37.034  -0.357  3.424 0.0000000000
162326  -36.834  -3.204  2.155 0.0000000000
157211  -39.032  -6.226  1.166 0.0000000000
148201  -34.427  -10.547  2.777 0.0000000000
150827  -37.998  -9.342  2.108 0.0000000000
155785  -31.611  -6.803  5.033 0.0000000000
151971  -30.941  -8.248  4.238 0.0000000000
138893  -33.845  -16.840  2.618 0.0000000000
140225  -34.960  -15.370  2.215 0.0000000000
140211  -33.727  -15.190  3.803 0.0000000000
120594  -26.429  -25.405  8.939 0.0000000000
123232  -27.007  -24.340  8.679 0.0000000000
124547  -27.595  -23.501  8.193 0.0000000000
137638  -30.449  -17.034  2.075 0.0000000000
135150  -29.211  -18.280  2.924 0.0000000000
258723  -30.821  11.192  1.636 0.0000000000
177414  -31.630  5.140  2.418 0.0000000000
273664  -31.839  6.854  3.199 0.0000000000
178575  -32.770  6.248  3.692 0.0000000000
180860  -34.130  7.150  4.752 0.0000000000
176175  -33.451  4.593  4.047 0.0000000000
166948  -33.273  -0.473  5.287 0.0000000000
170954  -34.783  1.898  5.361 0.0000000000
252172  -35.344  0.820  5.343 0.0000000000
169549  -36.949  1.207  3.777 0.0000000000
166950  -35.391  -0.654  5.258 0.0000000000
158489  -35.526  -5.194  4.680 0.0000000000
161090  -36.519  -3.552  4.181 0.0000000000
251047  -36.802  -5.025  2.933 0.0000000000
158551  -37.809  -5.038  0.360 0.0000000000
247359  -37.442  -6.507  1.917 0.0000000000
256947  -32.312  -12.273  2.692 0.0000000000
148187  -32.905  -10.679  3.443 0.0000000000
145622  -33.943  -12.197  2.160 0.0000000000
146900  -37.950  -12.282  2.613 0.0000000000
247292  -37.394  -10.928  2.301 0.0000000000
148219  -39.107  -10.996  2.727 0.0000000000
152006  -39.692  -8.979  2.450 0.0000000000
149507  -40.288  -10.108  3.986 0.0000000000
128675  -28.214  -21.834  6.037 0.0000000000
128700  -28.111  -21.807  4.453 0.0000000000
130028  -29.076  -21.241  5.405 0.0000000000
131317  -30.175  -20.170  4.445 0.0000000000
161071  -32.332  -3.638  5.512 0.0000000000
162262  -34.070  -3.120  6.014 0.0000000000
158464  -32.903  -5.036  5.548 0.0000000000
157161  -34.066  -5.946  5.216 0.0000000000
154496  -34.360  -7.341  4.375 0.0000000000
141679  -33.864  -14.729  0.706 0.0000000000
144311  -34.409  -13.108  1.340 0.0000000000
140248  -36.660  -15.031  1.159 0.0000000000
142987  -36.838  -13.691  2.447 0.0000000000
145592  -36.488  -12.277  3.458 0.0000000000
125896  -27.883  -22.635  7.417 0.0000000000
141671  -31.969  -14.481  1.972 0.0000000000
138901  -32.748  -16.927  1.469 0.0000000000
136399  -32.750  -18.304  1.779 0.0000000000
135154  -32.521  -18.938  2.509 0.0000000000
192713  -27.988  14.911  -0.522 0.0000000000
256762  -28.093  11.457  -0.892 0.0000000000
188255  -29.655  12.359  0.036 0.0000000000
274536  -31.140  13.157  1.631 0.0000000000
188238  -32.285  12.403  2.492 0.0000000000
187200  -32.828  11.342  3.437 0.0000000000
182044  -31.316  8.341  2.593 0.0000000000
184191  -32.529  9.221  3.725 0.0000000000
185173  -33.815  10.328  4.373 0.0000000000
275510  -35.104  9.387  4.768 0.0000000000
180846  -36.183  7.637  5.140 0.0000000000
178560  -37.051  6.309  4.904 0.0000000000
172391  -32.690  2.531  3.823 0.0000000000
174987  -34.188  3.453  5.006 0.0000000000
176165  -36.226  4.411  4.710 0.0000000000
176176  -37.716  4.453  3.851 0.0000000000
294639  -38.078  2.487  2.893 0.0000000000
167017  -37.324  -0.375  1.264 0.0000000000
163462  -36.110  -2.553  4.707 0.0000000000
164642  -36.832  -1.990  2.715 0.0000000000
150783  -31.850  -9.599  4.281 0.0000000000
150796  -33.614  -9.303  4.109 0.0000000000
152003  -35.234  -8.314  2.968 0.0000000000
146920  -35.164  -11.670  1.972 0.0000000000
150824  -36.354  -9.708  2.194 0.0000000000
153222  -36.909  -7.817  2.862 0.0000000000
154527  -38.411  -7.242  1.952 0.0000000000
155808  -40.132  -6.591  2.857 0.0000000000
133888  -30.272  -19.573  3.222 0.0000000000
132642  -31.403  -19.775  3.340 0.0000000000
133871  -31.829  -18.662  4.530 0.0000000000
137628  -33.490  -17.276  3.000 0.0000000000
140223  -33.867  -15.943  3.071 0.0000000000
138880  -33.393  -16.048  3.602 0.0000000000
140199  -33.265  -15.305  4.433 0.0000000000
136364  -32.633  -16.726  4.324 0.0000000000
120580  -26.997  -25.321  9.201 0.0000000000
121935  -26.792  -24.907  8.776 0.0000000000
121925  -27.367  -24.711  9.099 0.0000000000
268245  -32.112  4.248  2.801 0.0000000000
274795  -31.932  5.585  3.468 0.0000000000
177400  -32.236  5.030  3.497 0.0000000000
178576  -33.231  5.769  4.016 0.0000000000
175015  -32.850  3.998  3.501 0.0000000000
271108  -32.470  -2.082  5.380 0.0000000000
165824  -32.056  -1.464  4.819 0.0000000000
165805  -33.427  -0.967  5.613 0.0000000000
168177  -34.073  0.415  5.484 0.0000000000
262337  -34.140  -0.626  5.830 0.0000000000
259347  -35.467  -0.086  5.267 0.0000000000
165808  -34.804  -1.136  5.597 0.0000000000
157183  -35.798  -5.926  3.696 0.0000000000
264960  -35.961  -5.246  3.959 0.0000000000
290103  -36.450  -5.954  2.962 0.0000000000
158534  -36.987  -5.369  2.345 0.0000000000
155807  -36.431  -6.381  2.740 0.0000000000
145620  -32.787  -12.641  2.391 0.0000000000
145608  -32.876  -12.036  2.597 0.0000000000
144308  -33.768  -12.657  1.624 0.0000000000
248472  -38.577  -12.151  2.803 0.0000000000
146901  -39.007  -11.971  2.713 0.0000000000
146902  -39.298  -11.757  2.877 0.0000000000
148204  -39.902  -10.887  3.011 0.0000000000
146884  -40.033  -11.030  3.991 0.0000000000
146885  -40.330  -10.967  4.515 0.0000000000
146862  -39.175  -11.443  4.493 0.0000000000
128691  -28.707  -21.629  5.633 0.0000000000
158483  -31.333  -4.862  5.081 0.0000000000
161049  -32.717  -4.096  5.601 0.0000000000
261912  -31.475  -5.548  5.236 0.0000000000
154492  -31.828  -7.388  4.831 0.0000000000
155775  -32.595  -6.521  5.239 0.0000000000
154480  -32.825  -7.093  5.219 0.0000000000
155786  -34.107  -6.959  4.836 0.0000000000
280824  -33.609  -7.752  4.352 0.0000000000
140242  -34.324  -15.922  0.947 0.0000000000
141683  -34.368  -15.057  0.749 0.0000000000
140243  -35.367  -15.763  1.331 0.0000000000
141660  -35.166  -14.733  2.474 0.0000000000
141674  -36.204  -14.778  2.142 0.0000000000
280854  -35.944  -13.407  2.634 0.0000000000
145609  -36.813  -12.729  2.845 0.0000000000
144281  -35.554  -13.151  3.316 0.0000000000
145578  -36.285  -12.316  4.199 0.0000000000
144264  -35.421  -13.049  4.171 0.0000000000
249275  -25.562  -25.811  8.546 0.0000000000
119242  -25.603  -26.501  8.671 0.0000000000
125879  -27.734  -23.039  7.870 0.0000000000
252309  -28.281  -22.296  7.604 0.0000000000
138905  -32.447  -15.807  1.626 0.0000000000
136392  -30.893  -17.944  2.458 0.0000000000
136398  -32.053  -18.251  1.858 0.0000000000
136393  -31.742  -18.457  2.119 0.0000000000
136395  -33.042  -18.780  2.066 0.0000000000
135163  -32.031  -19.008  2.328 0.0000000000
189282  -27.353  13.039  -0.810 0.0000000000
191520  -26.996  14.368  -0.818 0.0000000000
259608  -28.226  14.103  -0.774 0.0000000000
192714  -28.613  14.792  -0.376 0.0000000000
190413  -28.604  13.643  -0.858 0.0000000000
263933  -29.398  11.110  0.197 0.0000000000
187237  -29.526  11.738  0.103 0.0000000000
188248  -29.751  12.092  0.772 0.0000000000
190400  -30.028  13.240  0.429 0.0000000000
189273  -30.451  12.950  0.862 0.0000000000
189274  -30.826  13.298  1.221 0.0000000000
188250  -30.905  12.623  1.339 0.0000000000
186201  -31.169  10.954  2.196 0.0000000000
188237  -31.495  11.844  2.250 0.0000000000
187216  -31.819  11.553  2.547 0.0000000000
188229  -32.618  12.137  3.097 0.0000000000
186196  -32.486  11.032  3.278 0.0000000000
180901  -31.342  7.335  2.397 0.0000000000
283266  -32.476  7.566  3.701 0.0000000000
182035  -32.115  8.413  3.410 0.0000000000
183123  -32.912  8.983  4.171 0.0000000000
185172  -33.379  9.995  4.233 0.0000000000
184172  -33.442  9.377  4.421 0.0000000000
184174  -34.616  9.675  4.557 0.0000000000
260185  -33.923  9.021  4.575 0.0000000000
178569  -34.683  6.205  4.895 0.0000000000
180844  -35.122  7.375  5.092 0.0000000000
273356  -35.565  6.985  5.156 0.0000000000
179704  -36.626  6.730  5.132 0.0000000000
178558  -35.798  5.987  5.143 0.0000000000
289670  -32.010  -0.273  4.106 0.0000000000
168204  -32.157  0.177  4.059 0.0000000000
253530  -32.455  1.434  4.056 0.0000000000
173759  -33.416  3.014  4.423 0.0000000000
282167  -33.273  2.041  4.471 0.0000000000
172369  -35.682  2.356  5.161 0.0000000000
173745  -35.354  2.968  5.181 0.0000000000
173761  -36.498  3.247  4.779 0.0000000000
176166  -36.916  4.546  4.472 0.0000000000
265663  -37.194  3.616  4.243 0.0000000000
173788  -37.980  3.429  3.035 0.0000000000
172395  -37.470  2.814  3.702 0.0000000000
168195  -36.808  0.531  3.969 0.0000000000
169557  -37.478  1.022  2.910 0.0000000000
168211  -37.323  0.389  2.978 0.0000000000
168228  -37.450  0.201  1.449 0.0000000000
165861  -37.322  -0.578  2.634 0.0000000000
161053  -34.859  -3.768  5.832 0.0000000000
163445  -35.231  -2.699  5.482 0.0000000000
162284  -35.568  -3.185  5.355 0.0000000000
162318  -36.867  -3.173  2.820 0.0000000000
163474  -36.679  -2.515  3.525 0.0000000000
163494  -36.788  -2.590  2.537 0.0000000000
289865  -36.856  -1.919  1.613 0.0000000000
163508  -36.723  -2.786  0.986 0.0000000000
158552  -38.344  -5.240  0.442 0.0000000000
158536  -40.024  -5.616  1.825 0.0000000000
150793  -30.424  -9.652  3.797 0.0000000000
148200  -33.885  -10.818  3.040 0.0000000000
149503  -32.940  -10.200  3.830 0.0000000000
149505  -34.345  -9.717  3.483 0.0000000000
151989  -34.566  -8.642  3.615 0.0000000000
150810  -34.753  -9.353  3.020 0.0000000000
144313  -36.104  -13.102  1.409 0.0000000000
144312  -35.101  -12.670  1.397 0.0000000000
146921  -35.894  -12.007  2.031 0.0000000000
149532  -37.811  -10.460  2.086 0.0000000000
249841  -36.572  -10.490  2.107 0.0000000000
282310  -37.000  -9.481  2.446 0.0000000000
152005  -36.839  -8.446  3.058 0.0000000000
152016  -37.548  -8.678  2.357 0.0000000000
268074  -37.796  -7.741  2.073 0.0000000000
153225  -38.871  -8.459  1.995 0.0000000000
153200  -39.956  -8.380  3.287 0.0000000000
153214  -40.083  -7.874  3.058 0.0000000000
154517  -40.134  -7.349  3.573 0.0000000000
132626  -30.670  -19.880  5.217 0.0000000000
132635  -30.765  -20.081  4.208 0.0000000000
132627  -31.082  -19.452  4.880 0.0000000000
133880  -31.778  -19.373  3.688 0.0000000000
133870  -31.501  -19.059  4.648 0.0000000000
155773  -31.453  -6.196  5.163 0.0000000000
153181  -30.934  -7.675  4.348 0.0000000000
153182  -31.437  -8.197  4.391 0.0000000000
137640  -34.358  -17.449  1.882 0.0000000000
138903  -34.885  -16.441  1.490 0.0000000000
138894  -34.341  -16.502  2.377 0.0000000000
140224  -34.333  -15.529  2.837 0.0000000000
141648  -34.310  -14.776  3.547 0.0000000000
141649  -34.555  -14.246  4.015 0.0000000000
141637  -34.134  -14.564  4.370 0.0000000000
140200  -33.606  -14.821  4.705 0.0000000000
120579  -26.532  -25.859  9.322 0.0000000000
124560  -26.961  -23.460  7.415 0.0000000000
124533  -27.311  -23.920  8.455 0.0000000000
124534  -27.858  -23.757  8.747 0.0000000000
137642  -30.910  -16.616  1.856 0.0000000000
137637  -29.558  -16.636  2.110 0.0000000000
136391  -29.850  -17.447  2.271 0.0000000000
135160  -30.248  -18.214  2.650 0.0000000000
188261  -27.151  12.394  -0.637 0.0000000000
186206  -29.811  11.012  1.394 0.0000000000
187222  -30.311  11.372  1.390 0.0000000000
186207  -30.370  10.783  1.545 0.0000000000
185193  -30.518  10.141  1.730 0.0000000000
185194  -30.908  9.703  2.133 0.0000000000
179754  -31.473  6.805  2.610 0.0000000000
274791  -31.460  6.356  2.993 0.0000000000
179741  -32.193  6.543  3.565 0.0000000000
180875  -32.777  7.176  3.948 0.0000000000
182012  -33.895  8.039  4.538 0.0000000000
179716  -33.272  6.871  4.284 0.0000000000
280077  -33.793  5.722  4.320 0.0000000000
177379  -34.129  5.267  4.490 0.0000000000
168175  -32.983  0.518  4.717 0.0000000000
265884  -33.826  1.508  5.087 0.0000000000
169524  -33.926  0.936  5.266 0.0000000000
169525  -35.060  1.352  5.363 0.0000000000
170966  -35.929  1.786  5.003 0.0000000000
172393  -36.874  1.840  4.112 0.0000000000
272763  -35.839  0.726  5.026 0.0000000000
166967  -36.330  -0.215  4.607 0.0000000000
165843  -36.671  -0.528  4.221 0.0000000000
158488  -35.152  -5.186  5.315 0.0000000000
270874  -35.845  -4.071  4.771 0.0000000000
159848  -35.902  -4.621  4.436 0.0000000000
159855  -36.780  -4.470  3.243 0.0000000000
259349  -36.992  -4.188  2.716 0.0000000000
161129  -37.172  -4.297  1.039 0.0000000000
266919  -37.240  -4.958  1.917 0.0000000000
158535  -37.362  -5.458  1.582 0.0000000000
157210  -38.307  -6.183  1.205 0.0000000000
148185  -31.918  -11.148  3.747 0.0000000000
146897  -32.388  -11.751  2.971 0.0000000000
146899  -33.707  -11.395  2.874 0.0000000000
148212  -34.233  -11.083  2.493 0.0000000000
145625  -37.563  -12.876  1.994 0.0000000000
146917  -37.410  -12.100  1.922 0.0000000000
249530  -37.868  -11.847  1.970 0.0000000000
246682  -38.419  -10.891  2.573 0.0000000000
149533  -38.388  -10.119  2.499 0.0000000000
152017  -38.880  -9.085  1.997 0.0000000000
149535  -39.786  -9.958  2.586 0.0000000000
150799  -39.948  -9.834  3.264 0.0000000000
150800  -39.901  -9.335  3.994 0.0000000000
151964  -39.828  -8.768  4.924 0.0000000000
279439  -40.401  -9.794  4.524 0.0000000000
127313  -27.610  -22.137  6.113 0.0000000000
128689  -27.746  -21.926  4.895 0.0000000000
128690  -28.169  -21.887  5.071 0.0000000000
128701  -28.539  -21.601  4.873 0.0000000000
131315  -29.138  -20.808  4.295 0.0000000000
131325  -29.755  -20.842  3.753 0.0000000000
131316  -29.695  -20.415  4.746 0.0000000000
262401  -30.217  -20.192  5.223 0.0000000000
162282  -31.989  -3.150  5.282 0.0000000000
163420  -32.693  -2.532  5.602 0.0000000000
267757  -33.864  -2.507  5.997 0.0000000000
269264  -33.263  -3.417  5.918 0.0000000000
161050  -33.320  -3.973  5.894 0.0000000000
159811  -34.278  -4.595  5.936 0.0000000000
157159  -32.419  -5.929  5.237 0.0000000000
158485  -33.127  -5.417  5.420 0.0000000000
158487  -34.361  -5.471  5.382 0.0000000000
157162  -34.676  -5.923  5.146 0.0000000000
155788  -35.080  -6.645  4.356 0.0000000000
155799  -35.313  -6.911  3.746 0.0000000000
143004  -33.398  -13.940  1.079 0.0000000000
144310  -33.522  -13.187  1.154 0.0000000000
141680  -34.486  -14.433  1.044 0.0000000000
143008  -36.128  -14.375  1.100 0.0000000000
143006  -36.788  -13.978  1.207 0.0000000000
140236  -36.143  -15.398  1.337 0.0000000000
253200  -37.246  -14.622  1.588 0.0000000000
144315  -37.797  -13.750  1.897 0.0000000000
144294  -37.709  -13.041  2.300 0.0000000000
146880  -37.573  -12.179  2.984 0.0000000000
146881  -37.666  -11.757  3.352 0.0000000000
146861  -38.443  -11.428  4.117 0.0000000000
145579  -36.659  -12.065  4.537 0.0000000000
142944  -34.788  -13.562  4.939 0.0000000000
117815  -25.285  -27.155  8.770 0.0000000000
127312  -27.086  -22.555  6.092 0.0000000000
125906  -27.016  -22.804  6.639 0.0000000000
127298  -27.492  -22.563  6.727 0.0000000000
127299  -28.146  -22.193  6.884 0.0000000000
128652  -28.624  -21.825  7.518 0.0000000000
253668  -32.181  -13.964  1.659 0.0000000000
141672  -32.496  -14.346  1.525 0.0000000000
284912  -33.812  -15.774  1.403 0.0000000000
138907  -33.973  -16.745  1.142 0.0000000000
137643  -31.805  -17.485  1.753 0.0000000000
137644  -32.253  -17.351  1.502 0.0000000000
137646  -33.872  -17.889  1.572 0.0000000000
136396  -33.582  -18.417  1.686 0.0000000000
137627  -33.345  -18.078  2.421 0.0000000000
136384  -32.754  -18.099  3.104 0.0000000000
192705  -26.946  14.874  -0.066 0.0000000000
186225  -27.568  11.406  -0.654 0.0000000000
187246  -28.412  11.976  -0.864 0.0000000000
188254  -29.134  12.112  -0.464 0.0000000000
188263  -28.734  12.562  -0.898 0.0000000000
190407  -29.695  13.465  -0.099 0.0000000000
190408  -30.004  13.810  0.345 0.0000000000
188244  -31.210  12.177  1.868 0.0000000000
189261  -31.897  12.900  2.163 0.0000000000
189262  -32.413  13.112  2.472 0.0000000000
189252  -32.724  12.762  2.949 0.0000000000
188230  -33.148  12.406  3.320 0.0000000000
188220  -33.532  11.945  3.739 0.0000000000
183146  -31.013  8.551  2.160 0.0000000000
184189  -31.428  9.327  2.943 0.0000000000
182045  -31.573  7.812  2.745 0.0000000000
183133  -31.824  8.849  3.170 0.0000000000
278144  -32.182  10.058  3.230 0.0000000000
257597  -32.549  10.429  3.380 0.0000000000
253616  -33.507  10.986  3.784 0.0000000000
187203  -34.293  11.561  3.837 0.0000000000
186177  -34.820  10.625  4.581 0.0000000000
293320  -35.957  9.294  4.736 0.0000000000
182013  -34.358  8.087  4.788 0.0000000000
183098  -35.410  8.481  5.154 0.0000000000
170986  -31.720  1.604  3.222 0.0000000000
172406  -32.324  2.812  3.422 0.0000000000
175016  -33.245  3.959  3.999 0.0000000000
175000  -33.696  4.176  4.302 0.0000000000
176163  -34.915  4.787  4.896 0.0000000000
173743  -34.348  2.893  5.183 0.0000000000
176157  -35.112  4.217  5.012 0.0000000000
177381  -35.398  5.118  5.052 0.0000000000
177383  -36.573  5.027  4.728 0.0000000000
177390  -37.533  5.054  4.043 0.0000000000
172394  -37.288  2.145  3.642 0.0000000000
170998  -37.997  1.850  2.400 0.0000000000
169584  -37.693  1.173  1.149 0.0000000000
168237  -37.288  0.418  0.364 0.0000000000
274061  -34.932  -2.186  5.730 0.0000000000
164609  -35.589  -1.624  5.297 0.0000000000
259446  -36.533  -1.486  4.271 0.0000000000
162297  -36.261  -3.067  4.412 0.0000000000
164628  -36.584  -1.972  3.903 0.0000000000
256466  -36.884  -1.238  3.270 0.0000000000
164655  -37.301  -1.035  2.194 0.0000000000
161136  -38.232  -4.270  -0.161 0.0000000000
150782  -31.489  -9.206  4.241 0.0000000000
151974  -32.430  -8.855  4.635 0.0000000000
148178  -32.223  -10.210  4.029 0.0000000000
150785  -32.954  -9.199  4.377 0.0000000000
151975  -32.978  -8.600  4.777 0.0000000000
265269  -33.878  -8.210  4.269 0.0000000000
153197  -34.643  -7.647  3.740 0.0000000000
154514  -35.411  -7.327  3.318 0.0000000000
145626  -34.417  -12.421  1.691 0.0000000000
146914  -34.684  -11.407  2.100 0.0000000000
148213  -34.769  -10.839  2.391 0.0000000000
146916  -36.444  -11.680  2.248 0.0000000000
149531  -35.888  -10.148  2.042 0.0000000000
149530  -35.415  -10.027  2.200 0.0000000000
150823  -35.539  -8.760  2.689 0.0000000000
270618  -36.454  -8.253  2.991 0.0000000000
154516  -36.476  -7.393  2.987 0.0000000000
154525  -37.209  -6.929  2.375 0.0000000000
155819  -37.958  -6.805  1.822 0.0000000000
155820  -38.592  -6.641  1.648 0.0000000000
153226  -39.520  -8.419  2.264 0.0000000000
274149  -39.613  -7.234  2.276 0.0000000000
157208  -39.809  -6.116  2.165 0.0000000000
135151  -29.867  -18.600  2.966 0.0000000000
135152  -30.675  -19.006  2.943 0.0000000000
131326  -30.347  -20.700  3.438 0.0000000000
132641  -30.782  -20.020  3.502 0.0000000000
133890  -31.654  -19.558  2.952 0.0000000000
135153  -32.105  -19.153  2.977 0.0000000000
135143  -32.137  -18.477  4.032 0.0000000000
136371  -32.458  -17.870  4.006 0.0000000000
119226  -25.823  -26.886  9.068 0.0000000000
119243  -26.002  -25.910  8.973 0.0000000000
124546  -27.125  -23.715  7.927 0.0000000000
124561  -27.362  -23.348  7.737 0.0000000000
125895  -27.313  -23.000  7.258 0.0000000000
127325  -27.751  -21.991  5.377 0.0000000000
130040  -28.828  -21.216  4.655 0.0000000000
130041  -29.284  -20.669  5.134 0.0000000000
132634  -29.566  -19.881  3.272 0.0000000000
132636  -31.232  -19.685  3.986 0.0000000000
132640  -30.226  -20.499  3.218 0.0000000000
133887  -29.271  -18.965  3.083 0.0000000000
133889  -31.162  -19.663  3.107 0.0000000000
133897  -31.350  -19.308  2.645 0.0000000000
133898  -31.746  -19.299  2.534 0.0000000000
135135  -31.996  -18.054  4.952 0.0000000000
135162  -31.442  -18.943  2.261 0.0000000000
136382  -29.459  -17.879  2.521 0.0000000000
136383  -32.444  -18.576  3.290 0.0000000000
136394  -32.406  -18.716  2.101 0.0000000000
136397  -31.363  -17.597  1.984 0.0000000000
137639  -33.896  -17.902  2.081 0.0000000000
137645  -33.301  -17.961  1.374 0.0000000000
137647  -34.448  -16.980  1.565 0.0000000000
137649  -33.627  -17.374  1.246 0.0000000000
137650  -34.067  -17.249  1.478 0.0000000000
138867  -32.842  -16.118  4.686 0.0000000000
138868  -33.106  -15.872  4.356 0.0000000000
138879  -33.042  -16.526  3.937 0.0000000000
138900  -31.883  -16.215  2.044 0.0000000000
138902  -34.471  -16.820  1.936 0.0000000000
138906  -33.290  -16.424  1.313 0.0000000000
138909  -34.762  -16.047  1.061 0.0000000000
140232  -31.723  -15.246  2.229 0.0000000000
140233  -32.287  -14.956  1.734 0.0000000000
140234  -34.943  -16.284  2.139 0.0000000000
140235  -35.361  -15.798  1.552 0.0000000000
140240  -33.160  -15.183  1.569 0.0000000000
140241  -33.836  -15.224  1.317 0.0000000000
140244  -36.031  -15.358  1.263 0.0000000000
140245  -36.707  -15.120  1.255 0.0000000000
140246  -34.434  -15.416  0.793 0.0000000000
140247  -34.979  -15.537  0.976 0.0000000000
141661  -35.396  -14.219  2.674 0.0000000000
141670  -31.371  -14.583  2.522 0.0000000000
141673  -35.849  -15.176  1.805 0.0000000000
141675  -36.813  -15.007  1.540 0.0000000000
141678  -33.217  -14.422  1.188 0.0000000000
141681  -34.952  -14.017  1.185 0.0000000000
141682  -37.098  -14.865  1.295 0.0000000000
141684  -35.433  -14.947  1.038 0.0000000000
142958  -34.767  -13.737  4.334 0.0000000000
142974  -35.090  -13.464  3.835 0.0000000000
142999  -36.701  -14.379  2.206 0.0000000000
143000  -37.658  -14.079  1.948 0.0000000000
143003  -32.707  -13.906  1.286 0.0000000000
143005  -34.017  -13.846  1.317 0.0000000000
143007  -37.376  -14.415  1.514 0.0000000000
143009  -37.074  -14.715  1.150 0.0000000000
144250  -35.010  -13.329  4.459 0.0000000000
144265  -35.814  -12.735  4.581 0.0000000000
144282  -35.986  -12.673  3.633 0.0000000000
144292  -32.205  -12.919  2.541 0.0000000000
144293  -36.203  -13.030  2.731 0.0000000000
144295  -38.058  -13.123  2.145 0.0000000000
144306  -32.638  -13.171  2.014 0.0000000000
144307  -33.165  -12.904  1.793 0.0000000000
144309  -38.008  -13.434  2.023 0.0000000000
145580  -37.180  -11.914  4.868 0.0000000000
145591  -31.840  -12.009  3.096 0.0000000000
145593  -36.938  -12.044  3.658 0.0000000000
145594  -37.167  -11.857  4.105 0.0000000000
145610  -37.114  -12.380  2.989 0.0000000000
145611  -37.603  -12.644  2.369 0.0000000000
145621  -33.321  -12.355  2.160 0.0000000000
145623  -34.905  -12.116  1.872 0.0000000000
145624  -36.868  -12.342  1.856 0.0000000000
145627  -35.483  -12.389  1.836 0.0000000000
145628  -36.423  -12.715  1.767 0.0000000000
145629  -38.127  -13.342  2.074 0.0000000000
146859  -31.278  -11.517  4.183 0.0000000000
146860  -37.662  -11.540  4.130 0.0000000000
146877  -31.855  -11.665  3.583 0.0000000000
146878  -32.546  -11.226  3.357 0.0000000000
146879  -33.290  -11.057  3.207 0.0000000000
146882  -38.947  -11.911  3.069 0.0000000000
146898  -33.062  -11.554  2.948 0.0000000000
146912  -33.461  -11.845  2.498 0.0000000000
146913  -34.129  -11.746  2.500 0.0000000000
146915  -35.626  -11.363  2.298 0.0000000000
146918  -37.632  -12.444  2.345 0.0000000000
146919  -38.384  -12.067  2.492 0.0000000000
148177  -31.690  -10.777  4.092 0.0000000000
148179  -40.580  -10.722  4.710 0.0000000000
148186  -32.379  -10.693  3.738 0.0000000000
148188  -33.438  -10.445  3.376 0.0000000000
148189  -39.741  -11.284  3.321 0.0000000000
148190  -40.077  -10.939  3.522 0.0000000000
148191  -40.395  -10.699  4.070 0.0000000000
148202  -39.261  -11.788  2.739 0.0000000000
148203  -39.508  -11.302  2.966 0.0000000000
148214  -35.378  -10.705  2.331 0.0000000000
148215  -36.106  -10.983  2.326 0.0000000000
148216  -36.940  -11.364  2.293 0.0000000000
148217  -38.074  -11.315  2.401 0.0000000000
148218  -38.888  -11.774  2.585 0.0000000000
149482  -40.578  -10.250  4.925 0.0000000000
149490  -32.641  -9.767  4.228 0.0000000000
149491  -40.598  -10.319  4.425 0.0000000000
149501  -30.828  -10.138  4.169 0.0000000000
149502  -31.328  -9.877  4.069 0.0000000000
149504  -33.747  -9.905  3.814 0.0000000000
149506  -40.067  -10.492  3.417 0.0000000000
149515  -34.156  -10.281  3.353 0.0000000000
149516  -34.658  -9.985  2.984 0.0000000000
149517  -39.798  -10.645  2.731 0.0000000000
149518  -40.021  -10.293  2.774 0.0000000000
149529  -34.944  -10.290  2.559 0.0000000000
149534  -39.241  -10.245  2.654 0.0000000000
150784  -32.327  -9.407  4.477 0.0000000000
150786  -39.969  -9.217  4.625 0.0000000000
150794  -30.892  -9.307  3.994 0.0000000000
150795  -33.194  -9.695  4.097 0.0000000000
150797  -34.393  -9.082  3.422 0.0000000000
150798  -37.115  -8.404  3.130 0.0000000000
150811  -35.172  -9.632  2.497 0.0000000000
150812  -39.855  -9.634  2.574 0.0000000000
150825  -37.096  -10.096  2.319 0.0000000000
150826  -37.521  -9.707  2.208 0.0000000000
150828  -38.939  -9.678  2.459 0.0000000000
150829  -39.505  -9.311  2.385 0.0000000000
151972  -31.172  -8.709  4.205 0.0000000000
151973  -31.606  -8.725  4.364 0.0000000000
151976  -33.510  -8.721  4.390 0.0000000000
151987  -30.627  -8.641  4.125 0.0000000000
151988  -34.170  -8.841  4.056 0.0000000000
151990  -34.852  -8.241  3.486 0.0000000000
151991  -39.776  -9.036  3.120 0.0000000000
151992  -39.821  -8.656  3.781 0.0000000000
152002  -34.823  -8.750  3.154 0.0000000000
152004  -35.735  -8.206  2.746 0.0000000000
152013  -36.082  -8.627  2.703 0.0000000000
152014  -36.675  -8.985  2.647 0.0000000000
152015  -37.224  -8.528  2.993 0.0000000000
152018  -39.369  -8.909  2.068 0.0000000000
153183  -31.943  -7.946  4.666 0.0000000000
153184  -32.493  -8.297  4.823 0.0000000000
153185  -33.339  -8.145  4.586 0.0000000000
153186  -34.057  -7.726  4.128 0.0000000000
153195  -30.451  -8.071  4.262 0.0000000000
153196  -34.421  -8.227  3.917 0.0000000000
153198  -34.987  -7.691  3.076 0.0000000000
153199  -37.241  -8.344  3.018 0.0000000000
153210  -35.437  -7.756  2.929 0.0000000000
153211  -36.312  -7.887  3.124 0.0000000000
153212  -36.935  -8.278  3.040 0.0000000000
153213  -39.993  -8.436  2.647 0.0000000000
153223  -37.391  -8.177  2.720 0.0000000000
153224  -38.002  -8.290  2.112 0.0000000000
154479  -32.235  -7.023  5.239 0.0000000000
154481  -33.439  -6.986  4.923 0.0000000000
154491  -31.244  -7.190  4.648 0.0000000000
154493  -32.496  -7.649  5.001 0.0000000000
154494  -33.188  -7.574  4.777 0.0000000000
154495  -33.756  -7.403  4.533 0.0000000000
154506  -35.670  -6.979  3.362 0.0000000000
154515  -35.928  -7.364  3.157 0.0000000000
154526  -37.647  -7.126  2.064 0.0000000000
154528  -39.238  -7.736  1.891 0.0000000000
154529  -39.830  -7.826  2.423 0.0000000000
155774  -32.026  -6.394  5.178 0.0000000000
155776  -33.147  -6.534  5.202 0.0000000000
155777  -34.401  -6.470  5.034 0.0000000000
155784  -30.988  -6.567  4.807 0.0000000000
155787  -34.656  -6.867  4.678 0.0000000000
155798  -34.836  -7.129  4.067 0.0000000000
155800  -35.666  -6.488  3.448 0.0000000000
155818  -36.912  -6.422  2.345 0.0000000000
155821  -39.161  -6.986  1.956 0.0000000000
155822  -39.746  -6.685  2.384 0.0000000000
157158  -31.879  -5.918  5.219 0.0000000000
157160  -33.372  -5.948  5.280 0.0000000000
157163  -35.149  -5.743  4.948 0.0000000000
157172  -34.861  -6.302  4.782 0.0000000000
157173  -35.209  -6.161  4.500 0.0000000000
157174  -35.481  -5.745  4.279 0.0000000000
157182  -35.437  -6.326  4.027 0.0000000000
157191  -36.109  -6.193  3.213 0.0000000000
157192  -36.752  -5.954  2.530 0.0000000000
157204  -37.131  -5.974  1.966 0.0000000000
157205  -37.699  -5.958  1.461 0.0000000000
157206  -37.937  -6.443  1.576 0.0000000000
157207  -39.368  -6.519  1.708 0.0000000000
157212  -39.643  -5.994  1.403 0.0000000000
157217  -38.647  -5.718  0.920 0.0000000000
158465  -33.415  -5.037  5.680 0.0000000000
158466  -34.061  -5.051  5.823 0.0000000000
158467  -34.703  -5.057  5.738 0.0000000000
158468  -35.062  -4.735  5.511 0.0000000000
158484  -31.969  -4.965  5.298 0.0000000000
158486  -33.725  -5.451  5.416 0.0000000000
158513  -36.521  -5.090  3.429 0.0000000000
158522  -36.254  -5.645  3.375 0.0000000000
158543  -37.733  -5.405  0.929 0.0000000000
158544  -38.095  -5.708  0.983 0.0000000000
158545  -39.294  -5.675  0.952 0.0000000000
158546  -39.798  -5.406  1.273 0.0000000000
158553  -38.932  -5.314  0.621 0.0000000000
159808  -32.513  -4.673  5.464 0.0000000000
159809  -33.083  -4.578  5.710 0.0000000000
159810  -33.692  -4.566  5.891 0.0000000000
159812  -34.729  -4.402  5.705 0.0000000000
159827  -31.722  -4.331  5.178 0.0000000000
159829  -35.456  -4.580  5.034 0.0000000000
159854  -36.345  -4.576  3.866 0.0000000000
159873  -37.025  -4.712  2.548 0.0000000000
159874  -37.149  -4.393  1.969 0.0000000000
159875  -40.077  -5.053  1.747 0.0000000000
159883  -37.357  -4.955  1.023 0.0000000000
159889  -37.675  -4.616  0.231 0.0000000000
161051  -33.970  -4.050  5.947 0.0000000000
161052  -34.419  -4.079  5.846 0.0000000000
161070  -31.845  -3.749  5.261 0.0000000000
161072  -35.389  -3.664  5.530 0.0000000000
161073  -35.823  -3.612  5.142 0.0000000000
161089  -36.200  -3.587  4.686 0.0000000000
161098  -36.254  -4.062  4.295 0.0000000000
161099  -36.621  -3.979  3.776 0.0000000000
161109  -36.848  -3.731  3.187 0.0000000000
161119  -36.966  -3.738  2.475 0.0000000000
161128  -36.948  -3.795  1.721 0.0000000000
161134  -36.978  -3.780  1.077 0.0000000000
161135  -37.431  -3.983  0.521 0.0000000000
162260  -32.981  -3.012  5.806 0.0000000000
162261  -33.519  -3.015  5.959 0.0000000000
162263  -34.592  -3.227  5.955 0.0000000000
162264  -35.112  -3.253  5.757 0.0000000000
162281  -31.438  -3.258  5.044 0.0000000000
162283  -32.484  -3.061  5.558 0.0000000000
162285  -35.992  -3.123  4.953 0.0000000000
162298  -36.527  -3.044  3.875 0.0000000000
162309  -36.729  -3.111  3.363 0.0000000000
162333  -36.837  -3.280  1.420 0.0000000000
162339  -37.733  -3.623  0.160 0.0000000000
163421  -33.236  -2.510  5.838 0.0000000000
163422  -34.342  -2.782  5.995 0.0000000000
163423  -34.740  -2.749  5.797 0.0000000000
163444  -32.156  -2.489  5.258 0.0000000000
163446  -35.755  -2.618  5.180 0.0000000000
163463  -36.347  -2.529  4.105 0.0000000000
163484  -36.787  -2.337  3.044 0.0000000000
163503  -36.738  -2.690  1.779 0.0000000000
164584  -32.932  -2.023  5.577 0.0000000000
164585  -33.472  -1.970  5.892 0.0000000000
164586  -34.001  -1.883  5.969 0.0000000000
164587  -34.528  -1.660  5.811 0.0000000000
164588  -35.103  -1.650  5.514 0.0000000000
164606  -32.158  -1.899  5.133 0.0000000000
164607  -32.472  -1.465  5.357 0.0000000000
164608  -33.152  -1.474  5.564 0.0000000000
164610  -35.958  -1.947  5.028 0.0000000000
164627  -36.289  -2.008  4.450 0.0000000000
164636  -36.798  -1.861  3.317 0.0000000000
164654  -37.041  -1.570  2.397 0.0000000000
164665  -36.795  -1.807  1.159 0.0000000000
164666  -37.121  -1.534  1.769 0.0000000000
165806  -33.877  -0.991  5.797 0.0000000000
165807  -34.321  -1.050  5.802 0.0000000000
165826  -32.900  -0.941  5.245 0.0000000000
165827  -35.298  -1.166  5.358 0.0000000000
165828  -35.790  -1.185  4.969 0.0000000000
165841  -32.374  -0.480  4.298 0.0000000000
165842  -36.324  -0.931  4.530 0.0000000000
165851  -36.877  -0.790  3.704 0.0000000000
165860  -37.144  -0.732  3.160 0.0000000000
165872  -37.073  -1.125  2.765 0.0000000000
165885  -37.281  -0.917  1.584 0.0000000000
166927  -33.775  -0.523  5.702 0.0000000000
166928  -34.231  -0.120  5.768 0.0000000000
166929  -34.612  -0.553  5.782 0.0000000000
166930  -35.041  -0.754  5.547 0.0000000000
166947  -32.748  -0.417  4.821 0.0000000000
166949  -33.709  -0.053  5.316 0.0000000000
166951  -35.827  -0.487  4.875 0.0000000000
166966  -31.589  -0.570  4.230 0.0000000000
166968  -36.615  0.034  4.263 0.0000000000
166978  -36.840  -0.165  3.837 0.0000000000
166990  -37.248  -0.195  3.032 0.0000000000
168158  -34.726  -0.040  5.749 0.0000000000
168159  -35.072  -0.274  5.628 0.0000000000
168176  -33.511  0.471  5.124 0.0000000000
168178  -34.572  0.373  5.649 0.0000000000
168179  -35.106  0.309  5.590 0.0000000000
168180  -35.935  0.140  4.968 0.0000000000
168194  -32.728  0.003  4.388 0.0000000000
168205  -37.046  0.161  3.423 0.0000000000
168219  -37.436  0.404  2.058 0.0000000000
168233  -37.539  0.614  0.983 0.0000000000
169523  -33.346  1.035  4.948 0.0000000000
169526  -35.595  1.288  5.090 0.0000000000
169539  -36.126  1.210  4.756 0.0000000000
169540  -36.598  1.183  4.319 0.0000000000
169548  -32.430  0.803  4.020 0.0000000000
169550  -37.107  0.766  3.376 0.0000000000
169578  -37.590  0.793  1.593 0.0000000000
169588  -37.566  1.088  0.538 0.0000000000
170952  -33.768  2.121  4.793 0.0000000000
170953  -34.249  1.969  5.234 0.0000000000
170955  -35.351  1.850  5.259 0.0000000000
170964  -32.913  1.728  4.281 0.0000000000
170965  -33.283  1.593  4.725 0.0000000000
170967  -36.470  1.773  4.686 0.0000000000
170975  -32.147  1.794  3.699 0.0000000000
170976  -32.626  1.993  3.908 0.0000000000
170977  -32.984  2.256  4.171 0.0000000000
170978  -37.173  1.629  3.595 0.0000000000
170987  -37.530  1.699  3.154 0.0000000000
170988  -37.984  2.014  2.815 0.0000000000
170997  -37.764  1.510  2.630 0.0000000000
172366  -34.154  2.464  5.116 0.0000000000
172367  -34.558  2.407  5.271 0.0000000000
172368  -35.083  2.387  5.307 0.0000000000
172378  -33.394  2.509  4.462 0.0000000000
172379  -33.860  2.865  4.803 0.0000000000
172380  -36.276  2.290  4.975 0.0000000000
172381  -36.699  2.340  4.613 0.0000000000
172382  -37.071  2.522  4.174 0.0000000000
172390  -32.375  2.274  3.624 0.0000000000
172392  -33.022  2.797  4.158 0.0000000000
172405  -32.018  2.250  3.316 0.0000000000
172407  -37.712  2.341  3.217 0.0000000000
172408  -37.895  2.888  3.183 0.0000000000
172419  -38.157  2.362  2.398 0.0000000000
173744  -34.806  2.792  5.243 0.0000000000
173746  -36.062  2.829  5.039 0.0000000000
173760  -33.644  3.569  4.533 0.0000000000
173763  -37.162  3.088  4.223 0.0000000000
173773  -32.814  3.087  3.708 0.0000000000
173774  -33.171  3.332  4.100 0.0000000000
173775  -37.384  3.352  3.905 0.0000000000
173776  -37.634  3.382  3.490 0.0000000000
173786  -32.086  3.215  2.945 0.0000000000
173787  -32.626  3.486  3.212 0.0000000000
174988  -34.657  3.863  5.055 0.0000000000
174989  -35.233  3.647  5.133 0.0000000000
174990  -35.848  3.425  4.984 0.0000000000
175001  -35.686  4.022  4.921 0.0000000000
175002  -36.208  3.803  4.751 0.0000000000
175003  -36.797  3.872  4.539 0.0000000000
175017  -37.523  3.832  3.871 0.0000000000
175018  -37.857  3.928  3.433 0.0000000000
175029  -32.472  4.089  3.102 0.0000000000
175042  -31.802  4.081  2.434 0.0000000000
176161  -33.877  4.678  4.438 0.0000000000
176162  -34.329  4.733  4.744 0.0000000000
176164  -35.554  4.586  4.976 0.0000000000
176167  -37.303  4.171  4.233 0.0000000000
176174  -32.998  4.507  3.741 0.0000000000
176187  -32.202  4.596  3.078 0.0000000000
176188  -32.565  4.526  3.462 0.0000000000
176200  -31.896  4.641  2.601 0.0000000000
177378  -33.592  5.184  4.205 0.0000000000
177380  -34.528  5.665  4.689 0.0000000000
177382  -35.973  5.002  4.990 0.0000000000
177384  -37.113  5.072  4.424 0.0000000000
177388  -32.673  4.930  3.669 0.0000000000
177389  -33.113  5.081  3.856 0.0000000000
177399  -31.885  5.112  3.026 0.0000000000
178557  -35.154  6.141  5.123 0.0000000000
178559  -36.510  6.113  5.162 0.0000000000
178567  -33.568  6.279  4.292 0.0000000000
178568  -34.203  6.139  4.438 0.0000000000
178570  -35.760  5.433  5.134 0.0000000000
178571  -36.289  5.515  5.080 0.0000000000
178572  -36.911  5.637  4.753 0.0000000000
178573  -37.404  5.974  4.446 0.0000000000
178581  -32.211  6.019  3.584 0.0000000000
178589  -31.299  6.196  2.343 0.0000000000
178590  -31.555  5.743  2.910 0.0000000000
178600  -31.178  5.809  1.689 0.0000000000
179701  -34.972  6.741  5.078 0.0000000000
179702  -35.496  6.499  5.125 0.0000000000
179703  -36.033  6.579  5.186 0.0000000000
179717  -33.861  6.765  4.534 0.0000000000
179718  -34.385  6.710  4.824 0.0000000000
179730  -32.577  6.759  3.756 0.0000000000
179731  -32.903  6.690  3.968 0.0000000000
179753  -31.154  6.770  1.957 0.0000000000
180845  -35.675  7.521  5.148 0.0000000000
180847  -36.618  7.302  5.083 0.0000000000
180859  -33.708  7.409  4.464 0.0000000000
180861  -34.575  7.237  4.956 0.0000000000
180876  -33.208  7.437  4.159 0.0000000000
180887  -32.041  7.687  3.278 0.0000000000
180888  -32.273  7.102  3.620 0.0000000000
180902  -31.680  7.306  2.832 0.0000000000
182000  -34.716  7.788  4.970 0.0000000000
182001  -35.248  7.942  5.135 0.0000000000
182002  -35.807  8.028  5.155 0.0000000000
182003  -36.292  8.073  5.092 0.0000000000
182011  -33.387  7.942  4.203 0.0000000000
182024  -32.463  8.076  3.714 0.0000000000
182025  -32.959  8.340  4.003 0.0000000000
182034  -31.741  8.313  3.012 0.0000000000
183097  -34.764  8.435  5.049 0.0000000000
183109  -34.516  9.070  4.733 0.0000000000
183110  -35.649  9.021  4.891 0.0000000000
183122  -32.505  8.657  3.767 0.0000000000
183132  -31.464  8.757  2.905 0.0000000000
183134  -32.210  8.903  3.441 0.0000000000
183139  -31.211  8.912  2.545 0.0000000000
184173  -34.066  9.498  4.506 0.0000000000
184175  -35.643  9.567  4.663 0.0000000000
184176  -36.171  9.613  4.647 0.0000000000
184182  -32.958  9.601  4.009 0.0000000000
184190  -32.066  9.432  3.266 0.0000000000
184196  -31.132  9.390  2.489 0.0000000000
184203  -30.948  9.115  2.065 0.0000000000
185161  -33.759  9.853  4.420 0.0000000000
185162  -34.174  10.025  4.504 0.0000000000
185163  -34.596  10.192  4.566 0.0000000000
185171  -33.001  10.204  3.741 0.0000000000
185180  -31.687  9.953  2.973 0.0000000000
185181  -32.602  9.805  3.471 0.0000000000
185187  -31.191  9.858  2.658 0.0000000000
185192  -29.964  10.412  1.280 0.0000000000
186176  -34.276  10.560  4.550 0.0000000000
186186  -33.019  10.840  3.568 0.0000000000
186187  -33.444  10.549  3.998 0.0000000000
186188  -33.952  10.908  4.128 0.0000000000
186189  -34.550  11.070  4.385 0.0000000000
186195  -32.018  10.614  3.018 0.0000000000
186202  -31.659  11.047  2.629 0.0000000000
186208  -30.812  10.660  1.829 0.0000000000
186213  -29.628  10.847  0.917 0.0000000000
186226  -28.170  10.986  -0.806 0.0000000000
187201  -33.245  11.375  3.644 0.0000000000
187202  -33.745  11.323  3.764 0.0000000000
187209  -32.129  11.272  2.907 0.0000000000
187210  -32.521  11.589  3.205 0.0000000000
187211  -32.939  11.823  3.483 0.0000000000
187215  -31.406  11.406  2.369 0.0000000000
187217  -32.243  11.819  2.744 0.0000000000
187223  -31.151  11.567  1.941 0.0000000000
187228  -29.676  11.469  0.997 0.0000000000
187236  -28.864  11.438  -0.526 0.0000000000
187245  -27.637  11.896  -0.867 0.0000000000
188231  -33.726  12.635  3.519 0.0000000000
188243  -30.861  11.845  1.304 0.0000000000
188249  -30.341  12.360  1.002 0.0000000000
188262  -27.915  12.479  -0.932 0.0000000000
188264  -29.322  12.699  -0.472 0.0000000000
189253  -33.263  13.024  3.216 0.0000000000
189260  -31.642  12.358  2.229 0.0000000000
189268  -31.320  12.780  1.946 0.0000000000
189269  -31.546  13.335  1.893 0.0000000000
189272  -29.942  12.684  0.563 0.0000000000
189278  -29.715  12.931  -0.017 0.0000000000
189284  -28.973  13.120  -0.782 0.0000000000
189285  -29.429  13.158  -0.428 0.0000000000
190380  -32.824  13.405  2.887 0.0000000000
190386  -32.572  13.748  2.372 0.0000000000
190406  -29.229  13.593  -0.531 0.0000000000
190412  -27.669  13.757  -0.883 0.0000000000
191515  -26.467  14.268  -0.309 0.0000000000
191516  -29.218  14.601  0.006 0.0000000000
191521  -27.616  14.519  -0.838 0.0000000000
191522  -28.260  14.487  -0.611 0.0000000000
191523  -28.872  14.180  -0.547 0.0000000000
193945  -28.415  15.258  -0.310 0.0000000000
244759  -35.658  -9.614  2.075 0.0000000000
246418  -35.021  -11.127  2.055 0.0000000000
249146  -35.572  -13.486  1.219 0.0000000000
249944  -35.087  11.162  4.582 0.0000000000
250381  -38.191  2.919  2.722 0.0000000000
250658  -31.057  10.280  2.156 0.0000000000
250679  -33.065  0.040  5.011 0.0000000000
251450  -35.457  -13.695  2.961 0.0000000000
251713  -34.743  3.284  5.198 0.0000000000
252234  -37.549  -13.408  2.333 0.0000000000
252506  -32.252  -17.764  4.654 0.0000000000
252624  -34.730  -14.406  3.157 0.0000000000
253321  -36.660  -6.862  2.696 0.0000000000
254791  -31.220  7.867  2.298 0.0000000000
254929  -32.064  -5.532  5.260 0.0000000000
255032  -33.904  -14.454  0.895 0.0000000000
255538  -37.412  -13.114  1.844 0.0000000000
256402  -34.432  1.343  5.377 0.0000000000
256642  -29.922  -20.423  5.563 0.0000000000
258728  -34.139  4.118  4.715 0.0000000000
259246  -32.825  -3.536  5.758 0.0000000000
259337  -33.328  -15.077  5.048 0.0000000000
261259  -33.766  -6.485  5.115 0.0000000000
261710  -34.230  12.269  3.735 0.0000000000
261804  -37.308  -9.096  2.552 0.0000000000
261986  -37.355  -0.314  1.968 0.0000000000
262221  -33.742  -3.534  6.029 0.0000000000
263015  -36.813  -2.066  2.048 0.0000000000
263234  -35.188  -9.016  2.834 0.0000000000
263837  -31.952  -9.058  4.472 0.0000000000
264212  -34.541  5.162  4.768 0.0000000000
264989  -34.301  -3.628  6.002 0.0000000000
265872  -34.156  8.545  4.688 0.0000000000
266038  -31.985  0.675  3.753 0.0000000000
266077  -37.304  -7.551  2.367 0.0000000000
266427  -32.891  -6.139  5.273 0.0000000000
266472  -34.243  7.624  4.718 0.0000000000
266513  -32.890  7.764  3.932 0.0000000000
267133  -31.482  -7.671  4.524 0.0000000000
267716  -38.489  -7.877  2.008 0.0000000000
267926  -39.615  -11.322  4.016 0.0000000000
268645  -32.229  -4.168  5.383 0.0000000000
269109  -36.738  -1.398  3.776 0.0000000000
270049  -32.719  0.451  4.225 0.0000000000
270055  -37.326  0.071  0.882 0.0000000000
270214  -32.974  3.559  3.655 0.0000000000
270592  -34.076  -1.415  5.783 0.0000000000
271600  -36.759  -2.740  3.063 0.0000000000
271614  -34.415  -2.286  5.989 0.0000000000
271938  -36.767  -2.260  1.416 0.0000000000
272590  -32.526  -13.632  1.627 0.0000000000
273448  -35.049  8.876  5.029 0.0000000000
274127  -36.213  -1.517  4.663 0.0000000000
274203  -37.375  5.468  4.336 0.0000000000
274390  -37.373  0.049  2.549 0.0000000000
274785  -32.544  5.503  3.737 0.0000000000
274786  -31.733  6.183  3.405 0.0000000000
274787  -35.470  -2.120  5.415 0.0000000000
274792  -33.151  6.367  4.045 0.0000000000
274978  -31.971  -8.505  4.556 0.0000000000
274999  -27.252  14.847  -0.737 0.0000000000
275274  -35.507  -4.021  5.135 0.0000000000
275482  -38.358  -11.869  3.410 0.0000000000
277764  -34.102  -9.404  3.853 0.0000000000
279719  -30.028  -8.511  4.207 0.0000000000
280225  -36.524  2.712  4.871 0.0000000000
280256  -35.944  -9.172  2.528 0.0000000000
280559  -36.662  -5.511  2.963 0.0000000000
281026  -32.874  -5.746  5.330 0.0000000000
281471  -37.247  1.259  3.353 0.0000000000
281758  -31.963  11.974  2.393 0.0000000000
282054  -36.335  0.518  4.566 0.0000000000
282515  -37.460  0.581  2.559 0.0000000000
282691  -34.620  4.352  4.898 0.0000000000
283195  -37.321  4.671  4.191 0.0000000000
283565  -34.899  5.353  4.993 0.0000000000
284216  -33.034  -17.399  3.472 0.0000000000
284634  -36.123  7.135  5.172 0.0000000000
284956  -36.853  -1.542  2.889 0.0000000000
285141  -35.538  0.389  5.258 0.0000000000
285418  -35.042  -7.368  3.567 0.0000000000
285951  -34.827  0.842  5.491 0.0000000000
286177  -31.109  8.202  2.243 0.0000000000
286179  -32.548  -5.327  5.361 0.0000000000
286746  -32.134  -9.801  4.204 0.0000000000
287456  -27.827  11.088  -0.824 0.0000000000
287861  -36.682  -1.036  4.129 0.0000000000
288124  -40.147  -7.437  4.032 0.0000000000
288191  -28.519  -21.703  6.803 0.0000000000
288195  -36.922  3.332  4.500 0.0000000000
288670  -36.686  -3.488  3.704 0.0000000000
288750  -32.126  -4.524  5.341 0.0000000000
289031  -35.457  -9.249  2.511 0.0000000000
289084  -36.932  -7.333  2.665 0.0000000000
289173  -34.220  5.727  4.366 0.0000000000
290354  -34.623  -14.931  2.880 0.0000000000
290450  -34.375  0.795  5.482 0.0000000000
291662  -26.859  14.603  -0.565 0.0000000000
292136  -34.888  -5.499  5.394 0.0000000000
293118  -39.839  -8.408  4.788 0.0000000000
293669  -34.479  -12.069  2.207 0.0000000000
294600  -40.017  -7.180  2.856 0.0000000000
294784  -38.221  -8.796  2.038 0.0000000000
295169  -34.883  5.792  5.041 0.0000000000
