#!ascii label  , from subject sub-v2s5x29549_ses-1 vox2ras=TkReg
1990
269635  12.532  -40.384  89.419 0.0000000000
88379  4.825  -41.897  77.789 0.0000000000
83985  3.729  -44.347  90.668 0.0000000000
98309  5.128  -37.073  88.130 0.0000000000
95410  1.575  -38.916  79.008 0.0000000000
86824  8.250  -43.312  91.306 0.0000000000
96765  6.744  -38.294  92.762 0.0000000000
85405  15.828  -43.700  88.312 0.0000000000
80039  11.533  -46.220  88.294 0.0000000000
297678  6.446  -47.169  88.969 0.0000000000
109360  3.179  -33.169  86.127 0.0000000000
96866  2.455  -38.002  84.161 0.0000000000
108105  0.757  -32.395  81.058 0.0000000000
267573  1.061  -43.937  86.905 0.0000000000
91188  3.291  -41.400  85.944 0.0000000000
91144  3.246  -40.689  89.937 0.0000000000
103924  4.737  -34.877  90.021 0.0000000000
92677  7.241  -40.502  84.642 0.0000000000
98488  8.106  -37.561  79.984 0.0000000000
264477  6.485  -37.698  75.306 0.0000000000
101475  1.947  -36.550  74.644 0.0000000000
88272  9.977  -42.297  89.362 0.0000000000
92615  9.751  -40.066  91.052 0.0000000000
283978  14.258  -42.265  89.380 0.0000000000
288656  13.548  -44.795  87.789 0.0000000000
85400  11.577  -43.410  88.107 0.0000000000
254538  9.755  -44.568  89.446 0.0000000000
109381  2.300  -32.840  83.792 0.0000000000
84007  2.175  -44.239  88.715 0.0000000000
88287  2.486  -42.557  88.250 0.0000000000
89637  3.141  -41.787  90.687 0.0000000000
102642  8.193  -35.487  90.665 0.0000000000
101308  5.317  -36.466  92.445 0.0000000000
81360  4.547  -45.848  90.134 0.0000000000
78574  4.483  -46.948  88.068 0.0000000000
81372  2.981  -45.996  88.712 0.0000000000
80054  1.777  -46.021  87.204 0.0000000000
94072  4.928  -40.120  87.901 0.0000000000
258915  4.970  -40.959  85.697 0.0000000000
95352  5.938  -38.224  87.158 0.0000000000
95379  2.337  -38.680  81.573 0.0000000000
96898  5.494  -37.966  82.409 0.0000000000
98502  4.766  -37.845  79.455 0.0000000000
98551  7.841  -37.570  77.250 0.0000000000
254992  4.450  -37.994  77.486 0.0000000000
83972  5.942  -44.048  91.637 0.0000000000
89628  5.486  -41.608  92.214 0.0000000000
91120  7.427  -40.849  92.526 0.0000000000
98277  9.315  -37.351  91.522 0.0000000000
84024  16.745  -42.780  85.749 0.0000000000
249182  15.608  -43.918  83.111 0.0000000000
81385  14.663  -45.473  85.943 0.0000000000
80067  12.395  -46.911  85.343 0.0000000000
78571  8.609  -47.172  88.692 0.0000000000
270484  6.961  -46.070  90.592 0.0000000000
101340  3.742  -35.878  87.372 0.0000000000
98373  3.805  -37.262  86.655 0.0000000000
99925  2.814  -36.111  85.451 0.0000000000
101391  1.775  -35.800  83.222 0.0000000000
271493  1.728  -35.771  80.191 0.0000000000
96789  14.914  -38.597  88.800 0.0000000000
88321  20.555  -40.870  84.162 0.0000000000
89674  22.465  -41.804  86.654 0.0000000000
89662  18.528  -41.672  88.348 0.0000000000
279723  16.630  -40.370  89.208 0.0000000000
82627  0.202  -44.753  84.757 0.0000000000
88315  1.892  -43.879  84.388 0.0000000000
88304  2.358  -43.128  86.217 0.0000000000
291984  3.870  -41.364  87.969 0.0000000000
256158  4.342  -39.407  89.188 0.0000000000
94027  4.201  -39.596  91.968 0.0000000000
274203  3.770  -37.645  90.251 0.0000000000
99882  4.743  -36.166  89.251 0.0000000000
106646  3.970  -33.870  88.140 0.0000000000
89720  3.132  -42.334  83.559 0.0000000000
89743  4.814  -41.781  82.479 0.0000000000
89772  5.849  -41.693  80.965 0.0000000000
96849  6.186  -37.872  84.897 0.0000000000
94104  7.801  -39.738  82.408 0.0000000000
91295  6.960  -40.727  79.141 0.0000000000
92771  7.504  -40.218  77.538 0.0000000000
92790  8.583  -39.891  75.664 0.0000000000
108130  1.287  -32.318  79.373 0.0000000000
102782  2.301  -34.973  78.779 0.0000000000
104070  2.469  -34.613  77.153 0.0000000000
98571  1.527  -38.009  76.810 0.0000000000
95487  2.563  -39.446  75.048 0.0000000000
254212  11.131  -41.681  88.891 0.0000000000
92620  10.589  -40.462  89.666 0.0000000000
259624  11.950  -39.517  89.242 0.0000000000
89646  13.029  -41.525  89.593 0.0000000000
86846  13.015  -42.964  88.946 0.0000000000
88269  12.151  -42.184  88.766 0.0000000000
86849  10.642  -43.146  88.610 0.0000000000
86941  4.707  -43.014  77.205 0.0000000000
89856  5.250  -41.788  77.634 0.0000000000
83990  2.744  -44.146  89.793 0.0000000000
289035  2.674  -43.257  90.054 0.0000000000
86829  3.532  -43.377  90.800 0.0000000000
250019  16.620  -42.093  82.977 0.0000000000
81354  4.287  -45.388  90.485 0.0000000000
81366  3.805  -45.913  89.426 0.0000000000
82586  3.308  -44.952  89.947 0.0000000000
82595  2.684  -44.792  89.107 0.0000000000
95345  5.067  -38.597  88.598 0.0000000000
94071  5.280  -39.638  88.086 0.0000000000
95344  5.248  -37.790  88.012 0.0000000000
95398  1.590  -38.797  80.272 0.0000000000
281394  3.921  -38.257  80.690 0.0000000000
96936  3.276  -38.544  79.121 0.0000000000
98536  4.756  -37.677  78.268 0.0000000000
95440  2.499  -38.970  78.263 0.0000000000
85376  6.890  -44.068  92.412 0.0000000000
88249  6.784  -42.824  92.585 0.0000000000
89630  8.187  -41.661  92.053 0.0000000000
96776  9.661  -38.395  91.303 0.0000000000
101322  8.931  -36.553  89.738 0.0000000000
84009  16.802  -43.843  87.195 0.0000000000
82619  16.462  -44.278  85.812 0.0000000000
82611  15.218  -45.005  86.824 0.0000000000
80037  12.314  -45.806  87.629 0.0000000000
80051  12.979  -46.505  87.127 0.0000000000
78585  12.138  -47.011  87.190 0.0000000000
80041  10.258  -46.640  88.519 0.0000000000
83982  8.531  -44.216  90.610 0.0000000000
81347  8.461  -45.486  90.341 0.0000000000
82574  7.653  -44.888  91.115 0.0000000000
82576  6.490  -45.111  91.255 0.0000000000
103937  3.000  -34.124  87.132 0.0000000000
99913  3.071  -35.892  85.977 0.0000000000
105291  2.439  -34.312  85.904 0.0000000000
295404  1.098  -32.397  82.607 0.0000000000
103984  1.829  -34.554  83.504 0.0000000000
105379  1.385  -33.920  81.814 0.0000000000
99990  1.713  -36.077  81.650 0.0000000000
104008  1.645  -34.632  80.960 0.0000000000
88291  19.251  -42.372  87.150 0.0000000000
84022  0.428  -44.506  86.070 0.0000000000
85430  1.156  -44.142  85.528 0.0000000000
262129  1.295  -43.285  86.586 0.0000000000
260258  2.985  -41.480  89.239 0.0000000000
91161  3.305  -42.203  88.070 0.0000000000
92638  3.615  -40.866  89.024 0.0000000000
92643  3.848  -40.780  88.955 0.0000000000
94052  3.982  -39.744  89.513 0.0000000000
92607  5.951  -40.175  92.759 0.0000000000
91126  4.836  -40.643  92.279 0.0000000000
95295  5.467  -39.265  92.710 0.0000000000
102640  4.882  -35.030  91.226 0.0000000000
99872  4.342  -37.169  91.924 0.0000000000
276025  3.973  -36.276  90.355 0.0000000000
98288  4.185  -37.292  89.529 0.0000000000
101324  4.946  -35.893  89.039 0.0000000000
102653  4.384  -35.031  88.882 0.0000000000
276621  4.823  -34.094  89.002 0.0000000000
82639  13.514  -44.691  82.785 0.0000000000
84047  13.888  -43.466  81.421 0.0000000000
77200  7.166  -47.727  87.897 0.0000000000
77221  6.558  -47.417  86.650 0.0000000000
77212  5.692  -47.223  87.666 0.0000000000
78576  3.583  -46.629  87.672 0.0000000000
78589  4.129  -46.810  87.187 0.0000000000
82613  1.508  -44.876  87.504 0.0000000000
284692  0.716  -45.357  86.886 0.0000000000
89689  2.908  -42.503  85.500 0.0000000000
88329  2.823  -43.171  83.683 0.0000000000
89696  2.946  -41.970  84.901 0.0000000000
91194  6.265  -40.969  85.242 0.0000000000
249143  4.544  -41.242  84.006 0.0000000000
281320  5.866  -41.449  83.528 0.0000000000
89758  5.154  -41.741  81.949 0.0000000000
300127  6.839  -41.409  82.843 0.0000000000
96853  3.282  -37.846  85.101 0.0000000000
96841  4.494  -37.568  85.676 0.0000000000
96864  4.214  -37.951  84.466 0.0000000000
98470  7.187  -37.513  81.385 0.0000000000
96896  6.743  -37.842  82.460 0.0000000000
95384  8.067  -38.676  81.077 0.0000000000
92732  7.572  -40.486  80.449 0.0000000000
94131  8.413  -39.586  79.577 0.0000000000
92761  7.448  -40.288  78.195 0.0000000000
295654  8.565  -39.183  78.562 0.0000000000
98580  7.277  -37.501  75.971 0.0000000000
95461  8.204  -38.817  76.562 0.0000000000
97018  8.264  -38.103  75.506 0.0000000000
276168  1.995  -32.323  78.584 0.0000000000
275816  2.007  -33.626  79.156 0.0000000000
271432  2.320  -33.167  78.405 0.0000000000
104089  2.802  -35.015  75.487 0.0000000000
102820  2.172  -35.482  75.698 0.0000000000
263072  1.866  -35.859  77.008 0.0000000000
283389  1.693  -37.005  75.725 0.0000000000
95464  0.837  -39.251  76.078 0.0000000000
98597  1.534  -37.621  75.025 0.0000000000
86822  9.070  -42.654  90.638 0.0000000000
89635  8.818  -41.744  91.293 0.0000000000
260003  9.956  -41.073  90.384 0.0000000000
86842  15.313  -42.978  88.977 0.0000000000
82596  14.656  -44.644  88.125 0.0000000000
83993  13.530  -43.904  88.484 0.0000000000
84006  12.253  -44.079  87.899 0.0000000000
82600  11.407  -44.813  87.959 0.0000000000
81364  10.735  -45.509  88.956 0.0000000000
83986  10.476  -44.077  88.946 0.0000000000
85391  9.854  -43.711  89.655 0.0000000000
112040  3.988  -31.856  84.941 0.0000000000
110693  3.049  -32.607  84.708 0.0000000000
112092  3.566  -31.805  83.717 0.0000000000
260203  2.595  -31.607  82.746 0.0000000000
255188  1.595  -31.403  81.732 0.0000000000
297307  1.604  -44.443  87.839 0.0000000000
86861  1.904  -43.208  87.450 0.0000000000
86854  2.098  -43.066  88.547 0.0000000000
88280  2.604  -42.308  89.327 0.0000000000
91134  3.153  -40.832  90.466 0.0000000000
99870  7.585  -36.477  92.189 0.0000000000
98273  6.380  -37.247  92.722 0.0000000000
101312  7.024  -35.509  91.871 0.0000000000
103916  7.016  -34.620  91.132 0.0000000000
106614  6.104  -34.149  90.079 0.0000000000
107998  5.779  -33.223  89.123 0.0000000000
78558  5.657  -46.673  89.362 0.0000000000
78573  5.066  -46.999  88.455 0.0000000000
80034  4.665  -46.449  89.208 0.0000000000
80042  3.904  -46.522  88.632 0.0000000000
80048  2.946  -46.355  87.536 0.0000000000
80053  2.396  -46.269  87.161 0.0000000000
81378  2.120  -45.876  88.144 0.0000000000
82603  1.745  -44.938  88.114 0.0000000000
92663  3.904  -41.114  86.923 0.0000000000
284040  4.049  -40.982  85.875 0.0000000000
92662  5.001  -40.617  87.017 0.0000000000
92661  5.494  -40.491  86.911 0.0000000000
278443  6.797  -39.408  86.423 0.0000000000
250018  2.882  -38.222  82.587 0.0000000000
250670  4.153  -38.157  83.416 0.0000000000
96912  3.678  -38.274  81.793 0.0000000000
98483  5.006  -37.930  80.701 0.0000000000
100021  6.694  -36.953  79.821 0.0000000000
284265  8.206  -37.524  78.823 0.0000000000
100050  6.436  -36.828  78.381 0.0000000000
281833  6.111  -36.994  77.396 0.0000000000
98583  5.170  -37.729  76.087 0.0000000000
102829  2.481  -35.913  73.800 0.0000000000
255988  1.720  -37.237  73.630 0.0000000000
100107  2.225  -36.733  72.963 0.0000000000
83979  4.742  -44.328  91.324 0.0000000000
86825  4.643  -43.228  91.553 0.0000000000
86820  6.097  -43.032  92.174 0.0000000000
91117  6.306  -40.953  92.788 0.0000000000
94019  7.371  -39.468  92.673 0.0000000000
92610  8.926  -40.118  91.780 0.0000000000
95290  8.210  -39.023  92.301 0.0000000000
98270  8.194  -37.777  92.123 0.0000000000
276890  8.778  -36.170  90.951 0.0000000000
84027  17.283  -42.144  84.771 0.0000000000
85444  16.737  -42.510  83.817 0.0000000000
84030  16.808  -43.859  84.682 0.0000000000
81381  14.258  -45.678  86.949 0.0000000000
260022  13.672  -46.093  85.563 0.0000000000
80074  12.570  -46.297  84.142 0.0000000000
77199  8.453  -47.702  87.623 0.0000000000
77189  7.148  -47.170  88.915 0.0000000000
80020  9.048  -46.086  89.443 0.0000000000
80022  7.976  -46.305  89.762 0.0000000000
80024  6.528  -46.547  89.893 0.0000000000
81351  5.965  -45.889  90.666 0.0000000000
82583  5.102  -45.346  91.023 0.0000000000
99900  4.068  -36.145  87.807 0.0000000000
98352  4.273  -37.039  87.060 0.0000000000
99911  3.377  -36.373  86.897 0.0000000000
98376  2.270  -36.655  86.363 0.0000000000
96855  1.817  -37.504  85.005 0.0000000000
103969  2.210  -34.418  84.385 0.0000000000
99963  1.919  -36.133  84.199 0.0000000000
278249  1.710  -37.793  83.707 0.0000000000
96892  1.674  -37.623  82.398 0.0000000000
96915  1.499  -37.737  81.235 0.0000000000
98504  1.615  -37.434  79.393 0.0000000000
269912  13.429  -39.923  89.724 0.0000000000
252310  19.181  -40.913  84.142 0.0000000000
89685  24.691  -41.510  85.605 0.0000000000
91170  24.057  -41.111  86.958 0.0000000000
88306  22.792  -41.345  85.613 0.0000000000
282390  21.240  -40.756  85.311 0.0000000000
86873  20.152  -41.020  85.369 0.0000000000
85426  18.689  -41.661  85.241 0.0000000000
85410  17.738  -43.214  87.122 0.0000000000
86852  17.250  -42.853  88.207 0.0000000000
89654  17.578  -41.509  88.883 0.0000000000
89656  16.474  -41.892  89.055 0.0000000000
89643  15.524  -41.373  89.560 0.0000000000
271327  14.532  -40.529  89.716 0.0000000000
295427  1.983  -43.570  85.542 0.0000000000
89682  3.168  -42.133  85.967 0.0000000000
88293  2.803  -42.678  87.564 0.0000000000
272640  3.597  -42.370  86.857 0.0000000000
91173  3.888  -41.490  87.072 0.0000000000
92650  3.966  -40.851  87.988 0.0000000000
94062  4.495  -40.021  88.813 0.0000000000
95339  4.735  -38.537  89.190 0.0000000000
89633  4.166  -41.579  91.850 0.0000000000
273609  3.761  -40.664  91.457 0.0000000000
92622  3.386  -40.026  90.841 0.0000000000
275873  4.877  -37.949  92.580 0.0000000000
256401  3.854  -38.584  91.470 0.0000000000
95307  3.466  -38.934  90.493 0.0000000000
95315  3.797  -38.522  89.935 0.0000000000
96794  4.757  -37.847  89.207 0.0000000000
98297  4.929  -37.051  88.720 0.0000000000
99885  3.938  -36.119  88.025 0.0000000000
103933  3.675  -34.204  88.187 0.0000000000
109347  3.872  -32.994  86.976 0.0000000000
109335  5.085  -32.499  88.398 0.0000000000
110659  4.881  -32.055  87.216 0.0000000000
112022  4.626  -31.687  85.554 0.0000000000
78626  5.597  -46.917  85.264 0.0000000000
78580  5.048  -47.034  87.781 0.0000000000
89694  3.830  -41.158  84.810 0.0000000000
295766  3.682  -41.733  83.315 0.0000000000
89807  5.165  -41.478  79.283 0.0000000000
98350  5.220  -37.370  86.927 0.0000000000
96839  6.341  -37.938  85.936 0.0000000000
95359  6.996  -38.853  85.293 0.0000000000
96874  5.420  -38.105  83.637 0.0000000000
96871  7.084  -38.911  83.712 0.0000000000
92682  7.598  -40.156  83.579 0.0000000000
286601  7.509  -40.807  81.896 0.0000000000
91285  6.765  -41.086  80.100 0.0000000000
89823  5.545  -41.240  78.415 0.0000000000
91335  5.934  -40.889  77.721 0.0000000000
252654  8.239  -38.740  77.505 0.0000000000
270169  8.126  -39.804  76.570 0.0000000000
110758  1.500  -30.675  80.730 0.0000000000
110777  1.190  -30.771  79.691 0.0000000000
108118  0.875  -32.382  79.937 0.0000000000
105409  1.661  -33.651  79.647 0.0000000000
102775  1.938  -35.272  79.621 0.0000000000
98518  1.737  -37.104  78.348 0.0000000000
278747  2.345  -34.662  78.037 0.0000000000
279582  1.834  -36.167  77.678 0.0000000000
95454  0.571  -38.832  77.484 0.0000000000
95462  2.199  -39.246  76.960 0.0000000000
292210  3.589  -38.910  76.480 0.0000000000
97020  4.984  -38.336  75.126 0.0000000000
97045  4.006  -38.746  74.210 0.0000000000
89648  11.964  -41.360  89.018 0.0000000000
91142  11.158  -40.561  89.219 0.0000000000
92627  12.144  -40.072  89.312 0.0000000000
91141  12.779  -40.915  89.449 0.0000000000
88268  12.639  -41.913  89.230 0.0000000000
287503  12.198  -41.720  88.987 0.0000000000
88270  11.365  -42.099  88.623 0.0000000000
88385  4.303  -42.369  77.711 0.0000000000
263161  4.579  -42.449  77.542 0.0000000000
88391  5.132  -42.331  77.465 0.0000000000
83989  3.238  -44.342  90.135 0.0000000000
85392  2.905  -43.754  90.102 0.0000000000
85387  3.385  -43.864  90.569 0.0000000000
85441  17.892  -41.670  83.724 0.0000000000
85454  17.168  -41.880  82.860 0.0000000000
288169  17.131  -41.983  83.413 0.0000000000
82585  4.071  -44.845  90.739 0.0000000000
82590  3.853  -45.153  90.208 0.0000000000
291474  3.703  -44.692  90.307 0.0000000000
83998  2.845  -44.655  89.692 0.0000000000
96813  5.053  -38.116  88.737 0.0000000000
96827  5.186  -37.700  88.194 0.0000000000
256019  1.542  -38.832  79.595 0.0000000000
95408  2.712  -38.824  79.872 0.0000000000
95409  2.146  -38.993  79.348 0.0000000000
95426  2.654  -38.851  78.890 0.0000000000
95427  2.049  -39.059  78.565 0.0000000000
85374  7.649  -43.564  91.710 0.0000000000
86818  7.528  -43.129  92.020 0.0000000000
86817  7.972  -43.090  91.764 0.0000000000
84000  16.119  -44.028  87.908 0.0000000000
84017  16.189  -44.349  87.056 0.0000000000
84011  15.792  -44.454  87.573 0.0000000000
80038  11.784  -45.758  87.829 0.0000000000
299803  12.340  -46.431  87.582 0.0000000000
80047  11.635  -46.610  87.824 0.0000000000
77195  11.082  -47.391  87.178 0.0000000000
259238  10.921  -47.170  87.689 0.0000000000
78579  10.357  -47.320  87.772 0.0000000000
80040  10.876  -46.441  88.403 0.0000000000
85379  8.514  -43.795  90.989 0.0000000000
83983  8.161  -44.612  90.848 0.0000000000
85380  7.976  -43.867  91.275 0.0000000000
83975  7.179  -44.431  91.437 0.0000000000
106676  2.836  -33.267  87.001 0.0000000000
259609  2.496  -33.846  86.767 0.0000000000
106691  2.832  -33.619  85.963 0.0000000000
108093  0.883  -32.588  81.904 0.0000000000
106727  1.142  -33.777  82.352 0.0000000000
106734  1.135  -33.684  81.669 0.0000000000
260125  1.692  -34.502  81.735 0.0000000000
106744  1.196  -33.619  80.954 0.0000000000
84021  0.647  -44.150  86.525 0.0000000000
85423  0.933  -43.643  86.362 0.0000000000
91145  3.300  -41.073  89.414 0.0000000000
92630  3.575  -40.656  89.546 0.0000000000
92637  3.902  -40.420  89.377 0.0000000000
92629  3.495  -40.072  89.848 0.0000000000
260281  6.208  -39.416  92.782 0.0000000000
94022  5.753  -39.832  92.760 0.0000000000
96766  6.073  -38.392  92.779 0.0000000000
102644  4.492  -35.094  90.502 0.0000000000
101319  4.587  -35.695  91.332 0.0000000000
101320  4.179  -35.676  90.492 0.0000000000
101323  4.435  -35.718  89.748 0.0000000000
102645  4.547  -35.231  89.877 0.0000000000
103927  4.738  -35.050  89.088 0.0000000000
105196  4.895  -34.640  89.279 0.0000000000
77193  6.719  -47.492  88.364 0.0000000000
77202  6.134  -47.406  87.991 0.0000000000
77194  6.054  -47.240  88.514 0.0000000000
78583  3.338  -46.563  87.053 0.0000000000
289409  1.048  -44.496  87.054 0.0000000000
82614  1.130  -45.110  87.136 0.0000000000
82617  0.628  -44.820  86.741 0.0000000000
82618  0.300  -45.273  86.296 0.0000000000
89688  2.881  -42.100  85.583 0.0000000000
89697  3.102  -42.192  84.769 0.0000000000
89687  3.182  -41.506  85.525 0.0000000000
91193  6.932  -40.841  85.006 0.0000000000
282382  6.001  -41.254  84.118 0.0000000000
89704  6.456  -41.244  83.918 0.0000000000
89728  6.506  -41.354  83.191 0.0000000000
91216  6.959  -41.007  83.649 0.0000000000
96865  3.209  -38.017  84.358 0.0000000000
287221  3.822  -37.918  84.742 0.0000000000
290394  3.822  -38.055  84.251 0.0000000000
98480  7.295  -37.330  80.804 0.0000000000
96918  7.524  -37.665  81.127 0.0000000000
260238  8.112  -38.281  80.756 0.0000000000
94124  8.230  -39.482  80.258 0.0000000000
95407  8.493  -38.853  79.936 0.0000000000
94140  8.539  -39.680  78.877 0.0000000000
95425  8.648  -38.859  79.166 0.0000000000
98593  6.792  -37.538  75.720 0.0000000000
97019  7.857  -37.685  75.702 0.0000000000
288849  7.849  -37.876  75.250 0.0000000000
110796  1.926  -31.327  78.164 0.0000000000
109452  2.107  -31.981  78.132 0.0000000000
295342  2.222  -32.951  78.592 0.0000000000
108143  2.237  -32.665  78.283 0.0000000000
285085  2.457  -35.473  75.035 0.0000000000
260427  1.854  -36.132  75.882 0.0000000000
101473  1.795  -36.544  75.382 0.0000000000
255844  1.654  -37.216  75.208 0.0000000000
255813  1.652  -37.177  74.695 0.0000000000
86827  9.585  -42.638  89.964 0.0000000000
89639  9.582  -41.622  90.467 0.0000000000
89638  9.936  -41.467  89.996 0.0000000000
92619  10.970  -39.616  89.668 0.0000000000
86832  14.490  -42.578  89.177 0.0000000000
85396  14.430  -43.457  88.884 0.0000000000
86844  14.177  -43.026  89.043 0.0000000000
85399  12.235  -43.267  88.201 0.0000000000
83994  12.657  -43.577  88.140 0.0000000000
83995  11.922  -43.716  87.974 0.0000000000
82599  11.909  -44.544  87.835 0.0000000000
82591  11.556  -44.237  87.905 0.0000000000
82592  10.954  -44.477  88.182 0.0000000000
83997  10.756  -44.040  88.464 0.0000000000
86836  10.231  -42.669  88.808 0.0000000000
263187  10.154  -43.228  88.963 0.0000000000
86837  9.969  -42.906  89.413 0.0000000000
86828  9.258  -43.214  90.291 0.0000000000
112075  3.901  -31.611  84.154 0.0000000000
112113  3.168  -31.546  82.633 0.0000000000
112136  2.780  -31.242  81.989 0.0000000000
110727  2.360  -31.308  82.190 0.0000000000
112157  2.796  -31.064  81.585 0.0000000000
84008  1.790  -44.353  88.307 0.0000000000
85408  1.870  -43.670  88.432 0.0000000000
85407  2.322  -43.665  88.889 0.0000000000
86831  2.706  -42.740  90.313 0.0000000000
86839  2.515  -42.896  89.664 0.0000000000
88262  2.758  -42.121  90.309 0.0000000000
89640  2.862  -41.643  90.259 0.0000000000
259566  3.056  -41.302  90.479 0.0000000000
101310  7.956  -36.119  91.716 0.0000000000
101311  7.328  -36.057  92.007 0.0000000000
102636  7.613  -35.533  91.523 0.0000000000
103921  7.163  -34.595  90.497 0.0000000000
105181  6.679  -34.334  91.047 0.0000000000
106613  6.648  -34.013  89.966 0.0000000000
107996  6.175  -33.548  89.636 0.0000000000
80026  5.406  -46.399  89.820 0.0000000000
80033  5.160  -46.546  89.296 0.0000000000
80027  4.846  -46.279  89.747 0.0000000000
81367  3.301  -45.645  89.142 0.0000000000
80036  3.604  -46.099  88.869 0.0000000000
80043  3.301  -46.528  88.375 0.0000000000
81377  2.548  -46.259  88.315 0.0000000000
300007  2.430  -44.528  88.855 0.0000000000
82602  2.194  -44.920  88.616 0.0000000000
92649  4.277  -40.755  87.739 0.0000000000
284747  4.315  -40.807  87.292 0.0000000000
92655  4.692  -40.405  87.667 0.0000000000
296970  5.895  -38.939  87.423 0.0000000000
94077  5.837  -39.702  87.325 0.0000000000
94082  6.217  -39.924  86.799 0.0000000000
94076  6.332  -38.971  86.985 0.0000000000
96902  2.489  -38.531  82.093 0.0000000000
96900  3.540  -38.245  82.361 0.0000000000
289691  2.799  -38.582  81.645 0.0000000000
96926  4.360  -38.095  80.378 0.0000000000
288855  4.373  -38.098  80.991 0.0000000000
98492  5.287  -37.692  80.243 0.0000000000
256572  5.655  -37.587  80.661 0.0000000000
98491  5.797  -37.423  80.042 0.0000000000
100031  6.746  -36.849  79.320 0.0000000000
98500  5.751  -37.293  79.012 0.0000000000
96983  4.363  -38.030  77.951 0.0000000000
98535  5.257  -37.435  78.008 0.0000000000
98554  5.234  -37.465  77.445 0.0000000000
98568  5.571  -37.403  76.565 0.0000000000
98569  4.996  -37.696  76.617 0.0000000000
102828  2.873  -35.445  73.992 0.0000000000
249473  2.899  -35.624  73.490 0.0000000000
101479  2.346  -36.239  73.577 0.0000000000
102834  2.609  -36.037  73.337 0.0000000000
85382  5.432  -43.957  91.540 0.0000000000
85378  5.245  -43.561  91.631 0.0000000000
85377  5.782  -43.645  91.906 0.0000000000
89626  7.253  -42.072  93.157 0.0000000000
88238  6.804  -42.194  93.244 0.0000000000
294480  7.081  -40.955  92.651 0.0000000000
91121  6.569  -40.725  92.743 0.0000000000
92605  7.571  -39.970  92.645 0.0000000000
91129  9.344  -40.523  91.248 0.0000000000
91124  8.895  -40.752  91.722 0.0000000000
92616  9.382  -39.973  91.374 0.0000000000
96770  9.124  -38.358  91.568 0.0000000000
96771  8.655  -38.267  91.890 0.0000000000
258998  8.273  -38.530  92.195 0.0000000000
98278  8.714  -37.431  91.878 0.0000000000
99868  8.562  -36.883  91.831 0.0000000000
98283  9.316  -36.922  91.258 0.0000000000
84028  16.925  -42.608  85.136 0.0000000000
84034  16.882  -43.089  84.344 0.0000000000
283530  16.718  -43.148  85.495 0.0000000000
82621  15.282  -45.090  85.622 0.0000000000
82625  15.321  -45.057  84.975 0.0000000000
82626  14.693  -45.368  84.835 0.0000000000
82597  14.130  -44.827  87.984 0.0000000000
82606  14.310  -45.176  87.645 0.0000000000
81374  14.144  -45.613  87.462 0.0000000000
78607  12.665  -46.931  86.339 0.0000000000
80056  13.501  -46.335  86.202 0.0000000000
270190  12.845  -46.575  85.237 0.0000000000
80066  12.990  -46.373  84.670 0.0000000000
249962  12.462  -46.646  84.769 0.0000000000
78634  11.977  -47.041  84.913 0.0000000000
77246  10.381  -47.441  84.559 0.0000000000
77191  9.383  -47.397  88.086 0.0000000000
77192  8.733  -47.641  88.195 0.0000000000
267505  7.520  -47.701  88.365 0.0000000000
78561  8.102  -47.091  88.949 0.0000000000
298812  9.889  -44.953  89.255 0.0000000000
80019  9.556  -45.929  89.168 0.0000000000
81356  9.217  -45.586  89.498 0.0000000000
81348  7.894  -45.700  90.564 0.0000000000
81358  8.199  -45.910  90.068 0.0000000000
80014  7.703  -46.132  90.320 0.0000000000
80023  7.095  -46.514  89.853 0.0000000000
80016  6.786  -46.405  90.399 0.0000000000
80017  6.248  -46.412  90.420 0.0000000000
81350  6.536  -45.979  90.658 0.0000000000
83976  6.335  -44.720  92.118 0.0000000000
82577  6.076  -45.129  91.313 0.0000000000
82578  5.550  -45.005  91.267 0.0000000000
82579  4.946  -44.852  91.178 0.0000000000
99891  3.893  -35.991  87.804 0.0000000000
98331  3.761  -36.495  87.131 0.0000000000
99901  3.744  -36.111  87.315 0.0000000000
99924  2.890  -36.004  85.844 0.0000000000
99923  2.883  -36.242  86.204 0.0000000000
98377  2.330  -36.243  85.880 0.0000000000
297779  1.772  -37.166  85.687 0.0000000000
98397  1.796  -36.364  85.436 0.0000000000
298780  2.647  -32.805  84.029 0.0000000000
299544  2.343  -33.868  84.631 0.0000000000
106710  2.090  -33.601  83.752 0.0000000000
102725  1.767  -34.992  83.099 0.0000000000
102715  1.888  -34.972  83.827 0.0000000000
101385  1.767  -35.900  83.772 0.0000000000
98426  1.747  -36.431  83.876 0.0000000000
98440  1.730  -36.967  83.259 0.0000000000
96878  1.728  -37.463  82.849 0.0000000000
98450  1.772  -37.250  82.654 0.0000000000
99999  1.645  -36.195  81.027 0.0000000000
100000  1.682  -36.639  81.247 0.0000000000
100011  1.636  -36.626  80.699 0.0000000000
98495  1.558  -37.385  80.073 0.0000000000
100024  1.687  -36.657  80.149 0.0000000000
95310  14.170  -39.077  89.330 0.0000000000
95323  13.873  -38.794  88.977 0.0000000000
96811  14.630  -38.600  88.286 0.0000000000
88327  20.338  -40.889  83.833 0.0000000000
88340  19.903  -40.393  82.862 0.0000000000
88328  19.507  -40.604  83.795 0.0000000000
86884  19.460  -40.798  84.304 0.0000000000
89665  22.917  -41.429  87.274 0.0000000000
91171  23.555  -41.205  87.225 0.0000000000
89673  23.119  -41.685  86.656 0.0000000000
89686  23.271  -41.808  86.169 0.0000000000
89681  22.615  -41.833  86.087 0.0000000000
88308  21.831  -40.841  85.264 0.0000000000
88302  21.424  -41.016  85.632 0.0000000000
86868  20.093  -41.035  85.730 0.0000000000
85425  19.061  -41.527  85.267 0.0000000000
85419  18.860  -41.670  85.653 0.0000000000
88283  19.018  -42.042  87.851 0.0000000000
86857  18.441  -42.559  87.072 0.0000000000
86850  18.373  -42.770  87.538 0.0000000000
86859  17.614  -43.249  87.605 0.0000000000
88285  17.638  -42.337  88.339 0.0000000000
92635  17.925  -40.319  88.892 0.0000000000
91152  17.102  -41.140  89.014 0.0000000000
89655  16.985  -41.678  88.952 0.0000000000
89641  16.548  -41.386  89.154 0.0000000000
89642  16.019  -41.658  89.307 0.0000000000
279692  16.106  -41.112  89.452 0.0000000000
95308  15.449  -39.280  89.304 0.0000000000
273519  15.309  -40.011  89.692 0.0000000000
274062  14.802  -40.027  89.690 0.0000000000
92625  14.145  -39.999  89.703 0.0000000000
82628  0.153  -44.985  84.176 0.0000000000
84031  0.872  -44.709  84.612 0.0000000000
88309  1.953  -43.370  85.833 0.0000000000
86875  1.601  -43.980  85.415 0.0000000000
89683  2.885  -42.901  86.201 0.0000000000
86860  2.064  -42.970  87.932 0.0000000000
88294  2.494  -43.119  87.189 0.0000000000
91160  3.655  -41.594  88.236 0.0000000000
91166  3.740  -41.588  87.662 0.0000000000
92651  3.903  -41.268  87.541 0.0000000000
254041  3.919  -41.088  88.285 0.0000000000
256267  4.276  -40.104  89.185 0.0000000000
95338  4.760  -39.032  88.835 0.0000000000
272095  5.017  -42.422  92.045 0.0000000000
88256  4.106  -42.843  91.418 0.0000000000
89632  4.801  -41.642  92.122 0.0000000000
92613  4.525  -40.106  92.143 0.0000000000
91127  4.262  -40.608  91.997 0.0000000000
92614  3.986  -40.105  91.752 0.0000000000
92617  3.596  -40.065  91.248 0.0000000000
94029  3.820  -39.583  91.478 0.0000000000
99864  6.051  -36.760  92.602 0.0000000000
98275  5.331  -37.445  92.653 0.0000000000
98276  4.734  -37.362  92.428 0.0000000000
98284  3.908  -37.423  90.918 0.0000000000
96773  3.989  -38.062  91.763 0.0000000000
96777  3.810  -38.064  91.130 0.0000000000
95303  3.666  -39.039  91.212 0.0000000000
95304  3.618  -38.401  90.836 0.0000000000
253026  3.724  -38.114  90.060 0.0000000000
276106  4.505  -36.818  89.304 0.0000000000
98292  4.593  -37.301  89.191 0.0000000000
273060  4.733  -36.618  88.853 0.0000000000
99890  4.277  -36.243  88.082 0.0000000000
99884  4.351  -36.110  88.453 0.0000000000
298902  4.009  -34.223  88.574 0.0000000000
102654  3.766  -34.826  88.765 0.0000000000
105219  3.769  -33.992  88.205 0.0000000000
106654  3.337  -33.910  87.721 0.0000000000
108014  4.234  -33.321  87.850 0.0000000000
108011  5.221  -33.136  89.005 0.0000000000
84042  16.229  -43.190  83.037 0.0000000000
85451  15.860  -43.135  82.456 0.0000000000
77222  6.172  -47.300  86.955 0.0000000000
78598  6.426  -47.320  86.128 0.0000000000
82623  -0.046  -45.362  85.439 0.0000000000
81393  -0.195  -45.391  84.597 0.0000000000
249898  3.260  -42.498  83.856 0.0000000000
251366  2.351  -43.132  83.219 0.0000000000
88337  2.371  -42.865  82.885 0.0000000000
88336  2.703  -42.566  82.621 0.0000000000
91186  4.325  -40.911  86.016 0.0000000000
89695  3.577  -41.231  85.386 0.0000000000
91197  4.274  -41.108  85.357 0.0000000000
89718  4.735  -41.513  83.483 0.0000000000
250287  4.141  -41.548  83.522 0.0000000000
285895  3.948  -41.711  82.919 0.0000000000
89745  3.692  -41.814  82.381 0.0000000000
250643  4.556  -41.728  81.899 0.0000000000
251905  5.517  -41.767  81.402 0.0000000000
249270  4.826  -41.838  81.275 0.0000000000
89773  5.303  -41.699  80.712 0.0000000000
89808  4.791  -41.700  79.705 0.0000000000
89789  5.891  -41.542  80.449 0.0000000000
98351  4.691  -37.202  86.975 0.0000000000
98372  4.601  -37.381  86.398 0.0000000000
96851  5.136  -37.600  85.386 0.0000000000
96840  5.700  -37.514  86.069 0.0000000000
249385  5.888  -37.686  85.411 0.0000000000
96838  6.793  -38.417  85.713 0.0000000000
96848  6.687  -38.226  85.094 0.0000000000
286846  4.518  -38.148  82.592 0.0000000000
251135  5.075  -38.154  83.239 0.0000000000
96885  5.580  -38.092  83.014 0.0000000000
96895  7.127  -38.181  82.572 0.0000000000
96882  7.084  -38.495  83.128 0.0000000000
95370  7.168  -39.153  83.334 0.0000000000
95366  7.126  -39.080  83.922 0.0000000000
94100  7.654  -39.663  83.152 0.0000000000
92688  7.781  -40.362  82.971 0.0000000000
92707  7.739  -40.258  81.732 0.0000000000
295836  7.454  -40.575  79.992 0.0000000000
91284  7.177  -40.862  80.294 0.0000000000
266055  7.020  -40.782  79.772 0.0000000000
91296  6.394  -41.084  79.545 0.0000000000
91306  6.349  -40.740  78.754 0.0000000000
91321  5.922  -40.919  78.307 0.0000000000
92781  7.488  -40.443  77.004 0.0000000000
98533  7.960  -37.594  77.818 0.0000000000
96967  8.323  -38.285  77.924 0.0000000000
96982  8.109  -38.095  77.280 0.0000000000
95473  8.460  -39.030  76.083 0.0000000000
94164  8.281  -39.298  76.567 0.0000000000
92791  8.231  -40.141  76.111 0.0000000000
110789  1.484  -31.150  79.087 0.0000000000
109430  0.915  -31.594  79.739 0.0000000000
106756  1.282  -33.130  79.821 0.0000000000
106770  1.359  -32.806  79.527 0.0000000000
104051  2.318  -34.274  79.070 0.0000000000
104044  2.180  -34.795  79.378 0.0000000000
259203  2.130  -35.375  79.075 0.0000000000
263737  1.830  -36.186  78.727 0.0000000000
101440  1.987  -35.829  78.633 0.0000000000
105442  2.700  -34.192  76.791 0.0000000000
106793  2.528  -33.580  77.087 0.0000000000
106787  2.393  -33.360  77.662 0.0000000000
275204  2.392  -33.544  78.071 0.0000000000
105435  2.429  -34.009  77.531 0.0000000000
101465  1.653  -36.649  76.766 0.0000000000
102804  1.939  -35.769  77.488 0.0000000000
100063  1.711  -36.733  77.371 0.0000000000
100051  1.736  -36.946  77.794 0.0000000000
96986  0.682  -38.562  77.188 0.0000000000
95452  0.967  -39.333  77.165 0.0000000000
255980  0.569  -39.226  76.618 0.0000000000
268391  2.417  -39.409  75.508 0.0000000000
95475  2.895  -39.267  76.086 0.0000000000
95474  3.198  -39.261  75.516 0.0000000000
97009  4.335  -38.569  75.860 0.0000000000
97022  3.868  -38.917  75.407 0.0000000000
95518  1.552  -38.338  73.669 0.0000000000
89649  10.658  -41.412  89.171 0.0000000000
91132  10.229  -41.031  89.662 0.0000000000
91143  10.733  -40.915  89.268 0.0000000000
92628  11.510  -40.054  89.250 0.0000000000
94041  11.433  -39.307  89.222 0.0000000000
88266  13.789  -42.172  89.525 0.0000000000
86834  13.396  -42.551  89.250 0.0000000000
266791  12.800  -42.435  89.086 0.0000000000
86847  12.394  -42.826  88.593 0.0000000000
291718  11.866  -43.035  88.276 0.0000000000
85401  10.964  -43.555  88.353 0.0000000000
86835  10.909  -42.599  88.533 0.0000000000
88271  10.566  -42.026  88.898 0.0000000000
86940  5.366  -42.854  77.222 0.0000000000
88390  5.598  -42.227  77.427 0.0000000000
83999  2.531  -44.239  89.234 0.0000000000
85402  2.504  -43.617  89.589 0.0000000000
85388  2.988  -43.308  90.447 0.0000000000
299829  3.295  -42.570  90.791 0.0000000000
80028  4.305  -46.115  89.626 0.0000000000
81361  4.016  -45.689  89.975 0.0000000000
81362  3.510  -45.465  89.759 0.0000000000
82601  2.769  -45.348  88.864 0.0000000000
82594  3.036  -45.169  89.437 0.0000000000
95349  4.980  -39.503  88.460 0.0000000000
291536  5.303  -38.584  88.254 0.0000000000
96830  5.613  -37.654  87.342 0.0000000000
95386  2.246  -38.776  81.025 0.0000000000
95385  2.804  -38.696  81.163 0.0000000000
95396  2.676  -38.787  80.519 0.0000000000
96927  3.736  -38.355  80.134 0.0000000000
96935  3.785  -38.320  79.438 0.0000000000
98517  4.744  -37.740  78.861 0.0000000000
96950  3.811  -38.321  78.811 0.0000000000
96969  3.826  -38.334  78.201 0.0000000000
96970  3.218  -38.733  77.909 0.0000000000
83970  6.411  -44.438  92.463 0.0000000000
86816  6.462  -43.297  92.249 0.0000000000
86819  6.730  -43.515  92.259 0.0000000000
88248  7.283  -42.667  92.221 0.0000000000
89625  7.501  -41.484  92.328 0.0000000000
94028  9.678  -39.511  91.233 0.0000000000
274482  9.758  -37.752  90.862 0.0000000000
98286  9.581  -37.376  90.626 0.0000000000
99873  9.406  -36.915  90.734 0.0000000000
297581  9.221  -36.822  90.067 0.0000000000
84015  17.171  -43.623  86.778 0.0000000000
84020  16.881  -43.524  86.015 0.0000000000
82609  16.304  -44.321  86.495 0.0000000000
82615  15.806  -44.761  86.377 0.0000000000
82616  15.217  -45.097  86.220 0.0000000000
81369  12.655  -45.125  87.584 0.0000000000
81375  13.616  -45.725  87.569 0.0000000000
80045  12.837  -46.356  87.524 0.0000000000
78595  12.659  -46.934  86.908 0.0000000000
78596  12.155  -47.121  86.591 0.0000000000
78569  9.980  -47.151  88.233 0.0000000000
78559  9.611  -46.812  88.642 0.0000000000
83981  8.953  -44.181  90.111 0.0000000000
82589  8.884  -45.205  89.837 0.0000000000
82580  8.643  -44.815  90.376 0.0000000000
82581  8.009  -45.061  90.594 0.0000000000
82582  7.448  -45.408  90.809 0.0000000000
265467  6.895  -45.611  90.867 0.0000000000
82575  7.078  -45.071  91.197 0.0000000000
83969  6.586  -44.178  91.789 0.0000000000
102662  3.540  -34.694  87.499 0.0000000000
101341  3.496  -35.665  86.977 0.0000000000
102670  3.053  -34.682  86.835 0.0000000000
102686  2.766  -35.094  86.146 0.0000000000
102687  2.639  -35.045  85.877 0.0000000000
109390  1.273  -32.701  83.184 0.0000000000
106717  1.687  -33.661  83.644 0.0000000000
106721  1.227  -33.848  82.927 0.0000000000
103994  1.843  -34.616  82.917 0.0000000000
101389  1.785  -34.812  82.682 0.0000000000
101398  1.749  -36.039  82.293 0.0000000000
102734  1.799  -35.092  82.023 0.0000000000
270667  1.845  -34.907  81.349 0.0000000000
276958  1.671  -35.107  80.593 0.0000000000
88320  21.073  -40.922  84.310 0.0000000000
89666  22.345  -41.565  87.316 0.0000000000
86855  19.267  -41.810  86.508 0.0000000000
89660  19.462  -41.708  88.045 0.0000000000
89661  19.042  -41.469  88.304 0.0000000000
94034  16.272  -39.955  89.339 0.0000000000
261005  0.251  -44.829  85.553 0.0000000000
84026  0.606  -44.366  85.288 0.0000000000
85424  0.686  -43.925  85.930 0.0000000000
85429  1.240  -43.532  85.984 0.0000000000
86871  1.837  -43.190  86.346 0.0000000000
89657  2.718  -41.871  88.927 0.0000000000
89664  2.994  -42.224  88.177 0.0000000000
89663  3.006  -41.846  88.624 0.0000000000
91153  3.388  -41.305  88.794 0.0000000000
92644  3.800  -41.189  88.447 0.0000000000
91119  5.796  -40.892  92.707 0.0000000000
255533  4.979  -41.080  92.202 0.0000000000
92608  5.614  -40.235  92.751 0.0000000000
94023  5.303  -39.727  92.676 0.0000000000
95296  4.930  -39.119  92.516 0.0000000000
101314  5.442  -35.902  92.216 0.0000000000
99871  4.652  -36.854  92.155 0.0000000000
99874  4.323  -36.414  91.439 0.0000000000
99875  4.091  -36.936  91.135 0.0000000000
99878  3.974  -36.815  90.009 0.0000000000
98287  3.978  -37.042  89.902 0.0000000000
99879  4.570  -36.652  89.657 0.0000000000
277397  4.845  -35.974  89.079 0.0000000000
101329  4.799  -35.606  88.878 0.0000000000
102650  4.684  -35.242  89.126 0.0000000000
261109  4.232  -34.737  88.771 0.0000000000
106645  4.264  -34.030  88.526 0.0000000000
84040  14.784  -44.510  83.331 0.0000000000
267674  15.083  -43.794  82.493 0.0000000000
84044  13.641  -44.106  82.103 0.0000000000
77209  7.167  -47.715  87.342 0.0000000000
77210  6.637  -47.571  87.159 0.0000000000
77211  6.197  -47.421  87.461 0.0000000000
282800  5.823  -47.196  87.201 0.0000000000
294303  4.072  -46.782  87.698 0.0000000000
251160  1.620  -45.483  87.373 0.0000000000
81384  1.204  -45.659  87.094 0.0000000000
88314  2.366  -43.612  84.648 0.0000000000
88322  2.345  -43.581  84.046 0.0000000000
89711  2.811  -43.403  84.301 0.0000000000
268092  3.103  -42.176  84.463 0.0000000000
89709  3.147  -42.130  84.067 0.0000000000
91195  5.445  -41.030  85.161 0.0000000000
91196  4.834  -40.952  85.066 0.0000000000
91205  5.055  -41.048  84.453 0.0000000000
89705  5.483  -41.265  84.003 0.0000000000
89730  5.016  -41.658  83.019 0.0000000000
284466  5.372  -41.783  82.582 0.0000000000
89742  5.858  -41.695  82.090 0.0000000000
89741  6.430  -41.615  81.918 0.0000000000
98394  3.178  -37.399  86.147 0.0000000000
98393  3.858  -37.492  85.987 0.0000000000
96842  3.886  -37.706  85.338 0.0000000000
96852  4.460  -37.754  84.973 0.0000000000
96850  5.453  -37.781  84.757 0.0000000000
98472  6.058  -37.625  81.697 0.0000000000
96897  6.146  -37.875  82.599 0.0000000000
98459  7.138  -37.661  82.056 0.0000000000
256177  7.485  -38.218  82.114 0.0000000000
95378  7.743  -38.953  82.018 0.0000000000
94108  7.854  -39.575  81.769 0.0000000000
94116  8.087  -39.325  80.871 0.0000000000
92731  7.955  -40.162  79.953 0.0000000000
92742  7.521  -40.520  79.492 0.0000000000
91305  6.849  -40.473  78.463 0.0000000000
92752  7.522  -40.425  78.843 0.0000000000
92751  8.135  -40.124  78.547 0.0000000000
92760  7.958  -40.050  77.993 0.0000000000
98566  7.574  -37.329  76.906 0.0000000000
96995  8.084  -38.286  76.628 0.0000000000
98579  8.015  -37.953  76.124 0.0000000000
97008  8.253  -38.487  76.065 0.0000000000
94172  8.579  -39.340  75.640 0.0000000000
109445  1.713  -31.747  78.633 0.0000000000
109440  1.694  -32.341  78.933 0.0000000000
108129  1.658  -32.832  79.223 0.0000000000
108136  2.018  -32.774  78.791 0.0000000000
106777  2.187  -33.274  78.752 0.0000000000
104058  2.420  -34.349  78.509 0.0000000000
262517  2.414  -34.893  76.395 0.0000000000
104071  2.151  -35.249  77.153 0.0000000000
102814  1.978  -35.634  76.469 0.0000000000
282635  1.734  -36.218  76.593 0.0000000000
252424  1.685  -37.426  76.300 0.0000000000
96999  0.632  -38.954  76.514 0.0000000000
268630  1.663  -37.722  75.677 0.0000000000
97023  1.553  -38.313  75.309 0.0000000000
95489  1.404  -38.958  75.041 0.0000000000
289034  8.639  -42.883  91.111 0.0000000000
88254  8.653  -42.338  91.165 0.0000000000
88253  9.102  -42.008  90.778 0.0000000000
91133  9.480  -41.057  90.819 0.0000000000
91128  9.826  -40.550  90.736 0.0000000000
250102  10.326  -40.559  90.310 0.0000000000
292128  10.315  -39.550  90.600 0.0000000000
85394  15.555  -43.344  88.674 0.0000000000
84001  15.546  -44.199  88.140 0.0000000000
83991  14.665  -43.830  88.560 0.0000000000
84003  14.226  -44.272  88.346 0.0000000000
84004  13.528  -44.438  88.084 0.0000000000
85398  13.171  -43.488  88.748 0.0000000000
84005  12.934  -44.093  88.044 0.0000000000
257044  13.062  -44.622  87.682 0.0000000000
82598  12.446  -44.543  87.727 0.0000000000
81370  11.951  -45.123  87.737 0.0000000000
81371  11.490  -45.473  88.176 0.0000000000
80029  11.049  -45.820  88.550 0.0000000000
81363  11.070  -45.103  88.402 0.0000000000
255874  10.758  -44.848  88.814 0.0000000000
82587  10.311  -44.578  89.105 0.0000000000
85389  10.505  -43.643  88.769 0.0000000000
85390  10.167  -43.673  89.164 0.0000000000
83988  9.504  -44.133  89.718 0.0000000000
85384  9.311  -43.685  89.964 0.0000000000
85385  8.856  -43.713  90.420 0.0000000000
110685  4.062  -32.157  85.271 0.0000000000
109366  3.226  -33.002  85.620 0.0000000000
110692  3.396  -32.390  84.842 0.0000000000
110699  3.216  -32.252  84.343 0.0000000000
299068  2.707  -32.061  83.564 0.0000000000
255944  3.694  -31.709  83.326 0.0000000000
110713  3.058  -31.770  83.160 0.0000000000
110714  2.410  -31.988  83.207 0.0000000000
110728  1.982  -31.696  82.491 0.0000000000
109398  1.331  -31.939  82.169 0.0000000000
262976  0.986  -31.854  81.471 0.0000000000
84013  1.413  -44.140  87.365 0.0000000000
85418  1.451  -43.458  87.179 0.0000000000
85413  1.663  -43.767  87.810 0.0000000000
250161  1.805  -43.247  88.060 0.0000000000
297733  2.420  -43.205  89.087 0.0000000000
272643  2.503  -42.705  88.916 0.0000000000
88281  2.633  -42.262  88.675 0.0000000000
89651  2.762  -41.848  89.734 0.0000000000
91135  3.002  -41.234  89.931 0.0000000000
98272  6.991  -37.602  92.683 0.0000000000
265334  6.416  -37.842  92.767 0.0000000000
272356  6.905  -37.009  92.584 0.0000000000
99863  6.573  -36.649  92.516 0.0000000000
101306  6.242  -36.234  92.412 0.0000000000
103915  7.302  -34.938  91.196 0.0000000000
102637  6.721  -35.028  91.719 0.0000000000
102638  5.857  -35.545  92.060 0.0000000000
102639  5.459  -35.148  91.724 0.0000000000
103919  5.252  -34.499  91.085 0.0000000000
293713  5.404  -34.235  90.164 0.0000000000
105187  5.624  -34.192  89.879 0.0000000000
106615  5.882  -34.009  89.907 0.0000000000
78564  5.884  -47.027  88.988 0.0000000000
78572  5.583  -47.081  88.596 0.0000000000
78565  5.360  -46.931  88.957 0.0000000000
267543  4.937  -46.801  88.934 0.0000000000
78566  4.467  -46.708  88.657 0.0000000000
80035  4.145  -46.329  89.080 0.0000000000
78575  3.937  -46.804  88.252 0.0000000000
80049  2.406  -46.108  87.721 0.0000000000
81383  2.084  -45.843  87.481 0.0000000000
81373  2.421  -45.653  88.483 0.0000000000
82608  1.983  -45.421  88.294 0.0000000000
81379  1.831  -45.419  87.787 0.0000000000
91180  3.802  -41.165  86.482 0.0000000000
91187  3.407  -41.188  85.926 0.0000000000
249929  4.012  -40.996  86.298 0.0000000000
91179  4.288  -40.957  86.716 0.0000000000
91178  4.862  -40.842  86.448 0.0000000000
94078  5.239  -40.119  87.524 0.0000000000
92669  5.370  -40.758  86.217 0.0000000000
261564  5.921  -40.484  86.316 0.0000000000
92668  6.360  -40.514  85.847 0.0000000000
256755  7.192  -40.310  85.278 0.0000000000
96875  2.807  -38.080  83.681 0.0000000000
250681  3.592  -38.142  83.719 0.0000000000
287931  3.450  -38.206  82.814 0.0000000000
255370  4.142  -38.173  82.215 0.0000000000
96899  4.828  -38.044  82.115 0.0000000000
96920  3.803  -38.253  81.206 0.0000000000
96919  4.924  -37.999  81.405 0.0000000000
96910  5.463  -37.855  81.833 0.0000000000
98482  6.158  -37.487  81.133 0.0000000000
98490  6.892  -37.076  80.336 0.0000000000
98489  7.495  -37.188  80.212 0.0000000000
98498  8.220  -37.530  79.349 0.0000000000
100030  7.219  -36.879  79.142 0.0000000000
100040  7.315  -36.841  78.427 0.0000000000
100048  7.183  -36.774  77.731 0.0000000000
98516  5.252  -37.469  78.607 0.0000000000
100062  6.269  -36.796  77.870 0.0000000000
100061  6.638  -36.786  77.393 0.0000000000
100073  6.689  -37.016  76.741 0.0000000000
100082  6.167  -37.269  76.354 0.0000000000
291608  6.271  -37.499  75.819 0.0000000000
104093  2.870  -35.202  74.658 0.0000000000
102825  2.203  -36.204  74.266 0.0000000000
100093  1.853  -36.887  74.367 0.0000000000
101477  2.070  -36.609  74.083 0.0000000000
100115  2.411  -36.720  72.739 0.0000000000
88380  4.518  -42.082  78.326 0.0000000000
83980  4.127  -44.385  91.036 0.0000000000
85386  3.844  -43.920  90.933 0.0000000000
85383  4.740  -43.739  91.363 0.0000000000
86821  5.267  -43.035  91.885 0.0000000000
88251  5.678  -42.389  92.202 0.0000000000
88250  6.485  -42.671  92.746 0.0000000000
88244  6.056  -42.445  93.074 0.0000000000
89623  5.933  -41.222  92.698 0.0000000000
91122  6.124  -40.603  92.744 0.0000000000
94020  6.679  -39.493  92.774 0.0000000000
95292  7.212  -38.841  92.676 0.0000000000
88246  8.336  -42.119  91.861 0.0000000000
89629  8.574  -41.279  91.850 0.0000000000
263449  8.421  -40.509  92.162 0.0000000000
94024  9.167  -39.608  91.555 0.0000000000
94025  8.666  -39.420  91.953 0.0000000000
92611  8.128  -40.031  92.490 0.0000000000
95291  7.727  -39.126  92.545 0.0000000000
293222  7.563  -38.498  92.556 0.0000000000
96764  7.334  -38.191  92.597 0.0000000000
98279  8.103  -37.248  92.136 0.0000000000
288681  8.395  -36.471  91.638 0.0000000000
101318  8.468  -35.792  90.784 0.0000000000
284342  8.787  -36.117  90.037 0.0000000000
85438  17.484  -41.793  84.387 0.0000000000
85443  16.782  -42.224  83.909 0.0000000000
84033  16.833  -42.514  84.136 0.0000000000
84039  16.100  -43.867  83.648 0.0000000000
84025  16.834  -43.780  85.216 0.0000000000
82629  15.914  -44.504  84.582 0.0000000000
84035  15.340  -44.473  83.775 0.0000000000
82635  14.393  -45.068  83.826 0.0000000000
82636  13.316  -45.300  83.435 0.0000000000
84012  15.163  -44.579  87.901 0.0000000000
81380  14.736  -45.390  86.611 0.0000000000
81386  14.320  -45.701  86.424 0.0000000000
81382  13.741  -45.910  87.137 0.0000000000
81387  13.868  -45.961  86.602 0.0000000000
81390  14.287  -45.728  85.318 0.0000000000
81395  13.399  -46.098  84.633 0.0000000000
81398  13.167  -45.992  84.253 0.0000000000
81402  12.273  -45.897  83.576 0.0000000000
78621  10.937  -47.409  84.850 0.0000000000
251101  8.299  -47.715  86.759 0.0000000000
251482  7.767  -47.729  87.616 0.0000000000
80030  10.522  -46.114  88.786 0.0000000000
80031  9.334  -46.416  89.051 0.0000000000
80032  8.797  -46.463  89.249 0.0000000000
81357  8.677  -45.717  89.763 0.0000000000
80021  8.528  -46.177  89.660 0.0000000000
300115  8.356  -46.474  89.410 0.0000000000
78555  7.578  -46.574  89.581 0.0000000000
78563  7.241  -46.781  89.374 0.0000000000
78557  6.208  -46.795  89.417 0.0000000000
80025  5.967  -46.493  89.866 0.0000000000
80018  5.671  -46.214  90.301 0.0000000000
81359  5.059  -46.060  90.139 0.0000000000
260218  6.228  -45.494  91.003 0.0000000000
81352  5.350  -45.757  90.660 0.0000000000
81353  4.801  -45.598  90.612 0.0000000000
82584  4.562  -45.152  90.915 0.0000000000
83984  4.436  -44.746  91.086 0.0000000000
98310  4.791  -36.672  88.049 0.0000000000
98329  4.703  -36.782  87.541 0.0000000000
98330  4.509  -36.591  87.539 0.0000000000
98353  3.882  -37.026  86.868 0.0000000000
98374  3.122  -37.145  86.557 0.0000000000
99912  3.280  -36.159  86.560 0.0000000000
98355  2.944  -36.546  86.521 0.0000000000
98395  2.565  -37.294  86.170 0.0000000000
96845  2.189  -37.464  85.633 0.0000000000
285132  2.023  -37.909  84.498 0.0000000000
106698  2.809  -33.597  85.568 0.0000000000
105308  2.236  -34.008  85.162 0.0000000000
102701  2.373  -35.102  84.956 0.0000000000
103976  2.002  -34.577  83.946 0.0000000000
249928  2.150  -35.326  84.367 0.0000000000
99950  2.184  -36.027  84.581 0.0000000000
98412  1.999  -36.472  84.663 0.0000000000
96867  1.715  -37.625  84.280 0.0000000000
295778  1.965  -37.955  84.029 0.0000000000
96890  2.007  -38.276  83.038 0.0000000000
96903  1.836  -38.196  82.593 0.0000000000
298607  1.690  -38.205  82.171 0.0000000000
98461  1.713  -37.366  82.091 0.0000000000
96905  1.569  -37.697  81.900 0.0000000000
259431  1.528  -38.485  81.229 0.0000000000
95388  1.218  -38.547  80.669 0.0000000000
95399  1.069  -38.627  79.906 0.0000000000
96937  1.391  -37.917  79.138 0.0000000000
271338  13.101  -40.425  89.666 0.0000000000
92626  12.635  -39.798  89.489 0.0000000000
95311  13.467  -39.032  89.241 0.0000000000
96791  13.542  -38.547  88.596 0.0000000000
85437  18.017  -41.529  83.810 0.0000000000
89679  24.553  -41.589  86.144 0.0000000000
88312  21.646  -40.886  84.976 0.0000000000
281862  21.027  -40.806  84.946 0.0000000000
267277  21.074  -41.524  86.177 0.0000000000
86877  20.218  -40.946  85.051 0.0000000000
86881  19.362  -41.001  84.861 0.0000000000
288051  18.770  -41.525  84.925 0.0000000000
85433  17.847  -41.678  84.384 0.0000000000
85434  17.762  -41.841  84.880 0.0000000000
86865  18.232  -41.866  86.652 0.0000000000
85409  17.865  -42.360  86.929 0.0000000000
84014  17.170  -42.827  86.555 0.0000000000
85411  17.291  -43.602  87.242 0.0000000000
85403  16.959  -43.378  87.901 0.0000000000
86853  16.599  -43.043  88.338 0.0000000000
91149  19.111  -40.860  88.583 0.0000000000
89652  18.730  -41.184  88.536 0.0000000000
91150  18.481  -40.738  88.692 0.0000000000
88274  17.934  -41.846  88.543 0.0000000000
88275  17.384  -42.015  88.783 0.0000000000
86840  16.752  -42.571  88.590 0.0000000000
86841  16.280  -42.763  88.689 0.0000000000
88277  15.611  -42.521  89.072 0.0000000000
88278  15.054  -42.528  89.148 0.0000000000
88265  14.733  -42.141  89.404 0.0000000000
274402  15.715  -40.242  89.616 0.0000000000
91139  15.004  -40.990  89.687 0.0000000000
256076  14.271  -41.845  89.636 0.0000000000
89645  13.665  -41.649  89.688 0.0000000000
265341  13.443  -41.045  89.717 0.0000000000
85435  1.157  -44.542  85.127 0.0000000000
86879  1.897  -43.826  85.038 0.0000000000
265034  2.353  -43.385  85.312 0.0000000000
273392  2.995  -42.250  85.848 0.0000000000
91182  3.007  -41.903  86.029 0.0000000000
86866  1.961  -43.276  86.887 0.0000000000
263706  2.389  -43.297  86.700 0.0000000000
89671  3.293  -42.380  87.417 0.0000000000
88300  2.895  -43.045  86.398 0.0000000000
89677  3.308  -42.591  86.422 0.0000000000
91174  3.575  -42.224  86.614 0.0000000000
91181  3.660  -41.494  86.488 0.0000000000
91172  3.947  -41.211  86.828 0.0000000000
92656  4.136  -41.008  87.256 0.0000000000
94067  4.260  -40.679  88.240 0.0000000000
94066  4.635  -40.223  88.378 0.0000000000
296416  4.771  -39.485  88.675 0.0000000000
86826  3.641  -42.847  91.009 0.0000000000
89636  3.653  -41.794  91.261 0.0000000000
274856  4.599  -41.095  92.087 0.0000000000
91131  3.791  -41.230  91.472 0.0000000000
272278  3.350  -41.142  90.993 0.0000000000
92618  3.341  -40.494  90.947 0.0000000000
92623  3.270  -40.284  90.432 0.0000000000
96767  5.491  -38.112  92.691 0.0000000000
96768  5.160  -38.585  92.607 0.0000000000
95299  4.424  -39.090  92.104 0.0000000000
98280  4.440  -37.767  92.127 0.0000000000
268691  4.116  -38.659  91.905 0.0000000000
95300  3.964  -39.097  91.742 0.0000000000
94032  3.428  -39.525  91.020 0.0000000000
94033  3.414  -39.697  90.432 0.0000000000
94042  3.653  -39.323  89.916 0.0000000000
95324  4.071  -38.957  89.490 0.0000000000
296545  4.016  -37.677  89.707 0.0000000000
96786  4.207  -37.738  89.593 0.0000000000
261175  4.388  -38.340  89.456 0.0000000000
96814  4.950  -37.494  88.931 0.0000000000
101333  3.655  -35.499  88.111 0.0000000000
102657  3.821  -35.086  88.854 0.0000000000
102658  3.636  -35.210  88.528 0.0000000000
102661  3.575  -35.105  87.879 0.0000000000
103934  3.435  -34.188  87.693 0.0000000000
106665  2.956  -33.806  87.603 0.0000000000
109354  3.739  -33.070  86.862 0.0000000000
106631  4.894  -33.823  89.086 0.0000000000
108012  5.131  -33.271  88.885 0.0000000000
109324  5.005  -32.980  88.387 0.0000000000
110648  5.027  -32.015  87.906 0.0000000000
109337  4.904  -32.796  88.076 0.0000000000
110650  4.319  -32.693  86.979 0.0000000000
110661  4.286  -32.668  86.797 0.0000000000
110677  4.048  -32.565  85.871 0.0000000000
249434  4.396  -31.634  85.147 0.0000000000
94040  12.329  -39.153  89.267 0.0000000000
85449  16.820  -42.242  83.489 0.0000000000
85457  15.825  -42.409  82.113 0.0000000000
85466  15.184  -42.319  81.571 0.0000000000
85458  15.241  -42.976  81.740 0.0000000000
77203  5.584  -47.214  88.175 0.0000000000
78588  5.290  -47.055  87.176 0.0000000000
78600  5.158  -47.042  86.634 0.0000000000
88330  2.249  -43.524  83.553 0.0000000000
286215  3.321  -41.475  84.928 0.0000000000
283713  3.257  -41.895  83.950 0.0000000000
89707  4.407  -41.018  84.620 0.0000000000
284155  3.635  -41.645  83.792 0.0000000000
89719  3.323  -41.934  83.432 0.0000000000
89733  3.102  -42.097  82.346 0.0000000000
88343  2.836  -42.079  81.689 0.0000000000
89824  5.081  -41.599  78.530 0.0000000000
98328  4.961  -37.025  87.688 0.0000000000
96831  5.275  -37.271  87.552 0.0000000000
96835  5.668  -37.613  86.743 0.0000000000
275345  5.059  -37.473  86.002 0.0000000000
98371  5.271  -37.445  86.441 0.0000000000
96834  6.206  -38.040  86.593 0.0000000000
95356  6.758  -38.610  86.340 0.0000000000
94081  7.085  -39.129  85.917 0.0000000000
94091  7.258  -39.871  84.793 0.0000000000
250671  4.221  -38.122  84.003 0.0000000000
96862  5.259  -38.012  84.144 0.0000000000
96861  5.908  -38.010  84.187 0.0000000000
96884  5.902  -37.984  82.923 0.0000000000
251172  6.418  -38.195  83.879 0.0000000000
96860  6.530  -38.160  84.483 0.0000000000
95363  6.997  -38.972  84.356 0.0000000000
94090  7.243  -39.453  84.311 0.0000000000
92683  7.254  -40.555  83.954 0.0000000000
91215  7.514  -40.721  83.357 0.0000000000
89740  6.930  -41.447  82.099 0.0000000000
89756  6.697  -41.492  81.455 0.0000000000
91263  7.442  -40.830  81.389 0.0000000000
91276  6.841  -41.219  80.645 0.0000000000
89771  6.383  -41.569  80.873 0.0000000000
298304  5.979  -41.386  79.928 0.0000000000
268206  5.465  -41.291  78.938 0.0000000000
89841  5.331  -41.497  77.916 0.0000000000
89855  5.640  -41.422  77.551 0.0000000000
89871  6.021  -41.921  77.230 0.0000000000
96948  8.569  -38.514  78.508 0.0000000000
297264  8.445  -38.984  78.048 0.0000000000
273913  8.061  -39.807  77.582 0.0000000000
95450  8.195  -39.062  77.066 0.0000000000
94157  8.108  -39.541  77.072 0.0000000000
92770  7.888  -40.042  77.057 0.0000000000
91347  7.648  -40.763  76.684 0.0000000000
261420  2.216  -30.874  81.081 0.0000000000
110743  1.544  -31.015  81.163 0.0000000000
109408  0.648  -31.700  80.877 0.0000000000
262222  0.937  -30.886  80.224 0.0000000000
109419  0.594  -31.606  80.301 0.0000000000
271476  0.603  -32.191  80.519 0.0000000000
259186  0.954  -32.923  80.529 0.0000000000
250994  1.355  -33.640  80.222 0.0000000000
102765  1.758  -35.231  80.249 0.0000000000
104030  2.058  -34.159  79.577 0.0000000000
104031  1.907  -34.702  79.916 0.0000000000
266323  1.781  -35.694  79.766 0.0000000000
101423  1.792  -36.124  79.321 0.0000000000
98503  1.719  -37.161  79.080 0.0000000000
96953  1.451  -37.894  78.770 0.0000000000
105429  2.403  -34.129  78.054 0.0000000000
104059  2.311  -34.976  78.248 0.0000000000
102796  2.061  -35.647  77.952 0.0000000000
274761  1.995  -35.777  78.015 0.0000000000
282394  1.783  -37.044  77.828 0.0000000000
289321  1.570  -37.616  78.056 0.0000000000
255348  0.730  -38.827  78.164 0.0000000000
95441  1.509  -39.099  77.957 0.0000000000
95451  2.307  -39.108  77.612 0.0000000000
96985  3.144  -38.874  77.299 0.0000000000
95463  1.289  -39.343  76.441 0.0000000000
96998  3.031  -39.049  76.732 0.0000000000
96997  3.750  -38.654  76.954 0.0000000000
98584  4.689  -38.072  76.241 0.0000000000
98595  5.338  -37.875  75.530 0.0000000000
98594  5.871  -37.749  75.410 0.0000000000
98608  1.571  -37.544  74.528 0.0000000000
95502  1.296  -38.760  74.116 0.0000000000
97035  3.955  -38.908  74.803 0.0000000000
97034  4.490  -38.576  74.654 0.0000000000
98605  6.698  -37.962  74.753 0.0000000000
77187  8.128  -47.465  88.507 0.0000000000
77188  7.709  -47.301  88.794 0.0000000000
77190  9.784  -47.495  87.730 0.0000000000
77201  6.652  -47.629  87.701 0.0000000000
78554  8.015  -46.678  89.317 0.0000000000
78556  6.774  -46.814  89.398 0.0000000000
78560  9.043  -46.877  88.948 0.0000000000
78562  7.634  -46.962  89.172 0.0000000000
78567  11.224  -46.783  88.031 0.0000000000
78568  10.651  -47.051  88.252 0.0000000000
78570  9.156  -47.165  88.475 0.0000000000
78577  12.061  -46.765  87.588 0.0000000000
78578  11.578  -47.086  87.566 0.0000000000
78584  12.551  -46.746  87.359 0.0000000000
78586  11.620  -47.266  86.900 0.0000000000
78599  6.047  -47.223  86.480 0.0000000000
78608  12.184  -47.145  85.915 0.0000000000
78613  5.845  -47.146  85.929 0.0000000000
78635  11.436  -47.106  84.501 0.0000000000
80015  7.239  -46.325  90.416 0.0000000000
80044  13.400  -46.270  87.495 0.0000000000
80046  11.914  -46.273  87.803 0.0000000000
80050  13.463  -46.326  86.921 0.0000000000
80057  13.040  -46.598  86.580 0.0000000000
80060  13.181  -46.457  85.672 0.0000000000
80061  12.739  -46.802  85.771 0.0000000000
80065  13.329  -46.289  85.126 0.0000000000
81349  7.360  -45.841  90.615 0.0000000000
81355  9.723  -45.409  89.222 0.0000000000
81365  10.141  -45.757  89.051 0.0000000000
81368  13.283  -45.185  87.677 0.0000000000
81376  13.077  -45.840  87.628 0.0000000000
81391  14.049  -45.887  86.006 0.0000000000
81394  13.761  -45.956  84.959 0.0000000000
81396  -0.299  -46.039  84.351 0.0000000000
81401  12.900  -45.781  83.771 0.0000000000
82588  9.153  -44.641  89.790 0.0000000000
82593  10.281  -45.183  89.108 0.0000000000
82604  15.268  -44.899  87.423 0.0000000000
82605  14.736  -44.947  87.742 0.0000000000
82607  13.872  -45.266  87.734 0.0000000000
82610  15.754  -44.667  86.982 0.0000000000
82612  14.666  -45.233  87.237 0.0000000000
82620  15.797  -44.838  85.864 0.0000000000
82622  14.846  -45.389  85.345 0.0000000000
82624  16.032  -44.526  85.235 0.0000000000
82634  14.813  -44.949  83.958 0.0000000000
82638  14.038  -44.923  83.358 0.0000000000
83967  6.230  -44.314  92.537 0.0000000000
83968  6.058  -43.952  92.000 0.0000000000
83971  6.107  -44.585  92.429 0.0000000000
83973  8.224  -44.197  91.021 0.0000000000
83974  7.798  -44.352  91.205 0.0000000000
83977  6.140  -44.487  91.478 0.0000000000
83978  5.511  -44.435  91.351 0.0000000000
83987  10.047  -44.113  89.332 0.0000000000
83992  14.125  -43.780  88.611 0.0000000000
83996  11.204  -43.893  88.030 0.0000000000
84002  14.935  -44.266  88.308 0.0000000000
84010  16.412  -44.168  87.388 0.0000000000
84016  16.655  -43.911  86.705 0.0000000000
84019  16.886  -43.100  86.216 0.0000000000
84029  16.919  -43.052  84.953 0.0000000000
84038  16.635  -43.167  83.918 0.0000000000
84043  14.274  -44.235  82.556 0.0000000000
84046  14.577  -43.503  81.677 0.0000000000
85372  6.567  -44.064  92.507 0.0000000000
85373  6.172  -43.793  92.250 0.0000000000
85375  7.177  -43.830  91.853 0.0000000000
85381  7.512  -44.003  91.476 0.0000000000
85393  16.073  -43.213  88.498 0.0000000000
85395  15.007  -43.426  88.821 0.0000000000
85397  13.816  -43.500  88.896 0.0000000000
85404  16.374  -43.552  88.130 0.0000000000
85406  15.261  -43.794  88.470 0.0000000000
85412  16.642  -43.781  87.643 0.0000000000
85415  17.807  -41.938  86.488 0.0000000000
85416  17.458  -42.543  86.813 0.0000000000
85417  17.571  -43.454  86.830 0.0000000000
85431  19.162  -41.435  85.211 0.0000000000
85432  18.540  -41.496  84.462 0.0000000000
85436  18.635  -41.434  84.169 0.0000000000
85439  17.022  -42.467  84.540 0.0000000000
85442  17.406  -41.840  83.732 0.0000000000
85448  17.498  -41.944  83.280 0.0000000000
85450  16.654  -42.612  83.305 0.0000000000
85455  16.806  -41.908  82.845 0.0000000000
86823  8.743  -43.252  90.770 0.0000000000
86830  3.167  -42.857  90.648 0.0000000000
86833  13.957  -42.600  89.241 0.0000000000
86838  9.679  -43.240  89.785 0.0000000000
86843  14.754  -43.000  89.010 0.0000000000
86845  13.590  -43.033  89.049 0.0000000000
86848  11.270  -43.062  88.304 0.0000000000
86851  17.861  -42.750  87.823 0.0000000000
86856  18.863  -42.198  86.854 0.0000000000
86858  18.034  -42.975  87.355 0.0000000000
86869  19.643  -41.201  86.076 0.0000000000
86874  19.606  -41.124  85.463 0.0000000000
86876  20.665  -40.849  84.822 0.0000000000
86878  19.528  -41.072  85.217 0.0000000000
86880  19.875  -40.812  84.583 0.0000000000
86882  18.850  -41.344  84.747 0.0000000000
88239  6.288  -42.113  93.194 0.0000000000
88240  6.056  -42.138  92.643 0.0000000000
88241  5.814  -41.552  92.478 0.0000000000
88242  7.040  -42.524  93.139 0.0000000000
88243  6.568  -42.526  93.194 0.0000000000
88245  5.888  -42.201  92.241 0.0000000000
88247  7.909  -42.686  92.039 0.0000000000
88252  4.118  -42.264  91.603 0.0000000000
88255  8.296  -42.744  91.568 0.0000000000
88257  3.769  -42.418  91.257 0.0000000000
88258  3.400  -42.277  90.938 0.0000000000
88259  9.710  -41.946  89.855 0.0000000000
88260  9.448  -42.190  90.362 0.0000000000
88261  3.049  -42.371  90.589 0.0000000000
88263  15.997  -42.157  89.116 0.0000000000
88264  15.412  -42.007  89.357 0.0000000000
88267  13.199  -42.076  89.552 0.0000000000
88273  2.648  -42.388  89.915 0.0000000000
88276  16.411  -42.347  88.896 0.0000000000
88279  11.690  -42.628  88.446 0.0000000000
88282  19.483  -42.160  87.605 0.0000000000
88284  18.298  -42.285  87.973 0.0000000000
88286  17.159  -42.359  88.545 0.0000000000
88292  18.808  -42.615  87.431 0.0000000000
88295  21.777  -41.645  86.063 0.0000000000
88299  3.115  -42.924  86.895 0.0000000000
88301  22.043  -41.094  85.610 0.0000000000
88307  22.268  -40.878  85.368 0.0000000000
88310  22.792  -40.920  85.248 0.0000000000
88313  21.253  -40.906  84.719 0.0000000000
88326  20.993  -41.037  83.811 0.0000000000
88331  1.990  -43.831  83.463 0.0000000000
88334  20.015  -40.678  83.407 0.0000000000
88338  1.925  -43.507  83.141 0.0000000000
88351  4.268  -41.785  81.430 0.0000000000
89619  7.134  -41.583  92.780 0.0000000000
89620  7.051  -41.860  93.163 0.0000000000
89621  6.547  -41.724  93.015 0.0000000000
89622  6.150  -41.536  92.787 0.0000000000
89624  5.643  -41.146  92.640 0.0000000000
89627  5.210  -42.146  92.142 0.0000000000
89631  7.479  -42.121  92.224 0.0000000000
89634  9.197  -41.508  90.910 0.0000000000
89644  14.875  -41.606  89.657 0.0000000000
89647  12.455  -41.374  89.191 0.0000000000
89650  10.100  -41.657  89.418 0.0000000000
89653  18.201  -41.350  88.794 0.0000000000
89670  19.878  -41.978  87.691 0.0000000000
89672  23.720  -41.530  86.614 0.0000000000
89680  23.911  -41.678  86.178 0.0000000000
89690  2.702  -42.872  85.663 0.0000000000
89693  24.046  -41.289  85.258 0.0000000000
89698  2.774  -43.039  84.988 0.0000000000
89706  5.005  -41.311  83.881 0.0000000000
89708  3.502  -41.496  84.347 0.0000000000
89710  3.108  -42.789  84.376 0.0000000000
89717  5.254  -41.488  83.500 0.0000000000
89721  2.798  -42.739  83.311 0.0000000000
89727  7.181  -41.416  82.627 0.0000000000
89729  5.929  -41.640  82.835 0.0000000000
89731  4.482  -41.654  82.974 0.0000000000
89732  3.456  -41.897  82.909 0.0000000000
89755  7.047  -41.191  81.173 0.0000000000
89757  6.123  -41.683  81.440 0.0000000000
89788  6.401  -41.384  80.248 0.0000000000
89790  5.408  -41.544  79.968 0.0000000000
89806  5.718  -41.289  79.443 0.0000000000
89840  5.641  -41.140  77.928 0.0000000000
91116  7.088  -41.116  92.660 0.0000000000
91118  6.131  -40.989  92.759 0.0000000000
91123  5.477  -40.690  92.677 0.0000000000
91125  7.985  -40.995  92.202 0.0000000000
91130  9.066  -41.146  91.309 0.0000000000
91136  16.616  -40.844  89.187 0.0000000000
91137  16.172  -40.555  89.421 0.0000000000
91138  15.628  -40.789  89.635 0.0000000000
91140  14.238  -41.175  89.711 0.0000000000
91148  19.766  -40.607  88.696 0.0000000000
91151  17.757  -40.937  88.920 0.0000000000
91163  23.205  -41.015  87.761 0.0000000000
91167  3.607  -42.167  87.102 0.0000000000
91185  5.705  -40.863  85.753 0.0000000000
91203  6.891  -40.919  84.320 0.0000000000
91204  5.773  -41.097  84.582 0.0000000000
91229  7.605  -40.982  82.804 0.0000000000
91247  7.456  -41.161  82.277 0.0000000000
91275  7.315  -40.868  80.826 0.0000000000
91307  5.885  -41.062  78.924 0.0000000000
92603  5.793  -40.580  92.737 0.0000000000
92604  8.044  -39.559  92.500 0.0000000000
92606  6.427  -40.145  92.763 0.0000000000
92609  4.970  -39.954  92.473 0.0000000000
92612  7.837  -40.403  92.453 0.0000000000
92624  15.172  -40.434  89.698 0.0000000000
92667  7.028  -39.970  85.886 0.0000000000
92672  6.898  -40.627  85.522 0.0000000000
92676  7.398  -40.013  84.189 0.0000000000
92696  7.796  -40.616  82.382 0.0000000000
92706  7.859  -39.782  81.241 0.0000000000
92719  7.844  -39.929  80.624 0.0000000000
92720  7.634  -40.385  81.036 0.0000000000
92741  8.102  -40.147  79.229 0.0000000000
92780  7.897  -40.345  76.604 0.0000000000
94021  6.085  -39.765  92.766 0.0000000000
94026  4.751  -39.609  92.327 0.0000000000
94036  15.105  -39.618  89.578 0.0000000000
94037  14.477  -39.527  89.603 0.0000000000
94038  13.798  -39.461  89.611 0.0000000000
94039  13.066  -39.355  89.470 0.0000000000
94070  5.623  -39.394  87.734 0.0000000000
94086  7.222  -39.586  85.407 0.0000000000
94095  7.447  -39.600  83.770 0.0000000000
94107  7.918  -39.131  81.429 0.0000000000
94148  8.421  -39.673  78.177 0.0000000000
94173  8.435  -39.566  76.109 0.0000000000
95293  6.462  -38.944  92.790 0.0000000000
95294  5.912  -39.244  92.763 0.0000000000
95297  9.262  -38.987  91.492 0.0000000000
95298  8.689  -38.770  91.890 0.0000000000
95302  9.979  -38.818  91.098 0.0000000000
95309  14.832  -39.166  89.334 0.0000000000
95312  12.733  -38.960  89.203 0.0000000000
95321  15.180  -38.838  89.077 0.0000000000
95322  14.562  -38.799  89.068 0.0000000000
95348  5.423  -37.831  87.806 0.0000000000
95367  6.784  -38.572  84.078 0.0000000000
95373  1.929  -38.536  82.071 0.0000000000
95374  1.598  -38.250  81.762 0.0000000000
95377  7.774  -38.432  81.581 0.0000000000
95380  1.876  -38.636  81.427 0.0000000000
95381  1.460  -38.121  81.279 0.0000000000
95382  1.258  -38.061  80.790 0.0000000000
95387  1.748  -38.707  80.874 0.0000000000
95389  0.910  -38.327  80.186 0.0000000000
95395  8.300  -38.820  80.552 0.0000000000
95397  2.129  -38.902  80.029 0.0000000000
95400  0.922  -38.346  79.474 0.0000000000
95411  1.056  -38.596  79.158 0.0000000000
95412  1.183  -38.244  78.907 0.0000000000
95428  1.114  -39.041  78.166 0.0000000000
95429  1.010  -38.625  78.603 0.0000000000
95430  0.848  -38.453  78.416 0.0000000000
95442  0.619  -39.088  77.741 0.0000000000
95443  0.664  -38.650  77.953 0.0000000000
95453  0.450  -39.180  77.080 0.0000000000
95472  8.519  -38.713  75.568 0.0000000000
95476  1.706  -39.374  75.838 0.0000000000
95477  1.335  -39.110  75.450 0.0000000000
95488  1.783  -39.478  75.118 0.0000000000
95499  3.333  -39.221  74.923 0.0000000000
95501  1.382  -39.286  74.633 0.0000000000
96762  8.313  -38.147  92.101 0.0000000000
96763  7.882  -38.223  92.373 0.0000000000
96772  4.584  -38.464  92.223 0.0000000000
96790  14.284  -38.658  88.682 0.0000000000
96812  13.950  -38.518  88.201 0.0000000000
96843  3.390  -37.632  85.632 0.0000000000
96844  2.848  -37.612  85.609 0.0000000000
96854  2.538  -37.862  84.922 0.0000000000
96856  1.580  -37.169  84.604 0.0000000000
96863  4.756  -37.949  84.418 0.0000000000
96868  1.541  -37.251  83.919 0.0000000000
96872  6.723  -38.365  83.513 0.0000000000
96873  5.946  -38.124  83.506 0.0000000000
96876  2.060  -38.147  83.573 0.0000000000
96877  1.685  -37.451  83.296 0.0000000000
96883  6.617  -38.114  82.955 0.0000000000
96886  4.592  -38.159  83.086 0.0000000000
96887  3.687  -38.187  83.180 0.0000000000
96888  3.138  -38.171  83.181 0.0000000000
96889  2.424  -38.260  83.144 0.0000000000
96891  1.675  -37.792  82.740 0.0000000000
96901  3.102  -38.393  81.977 0.0000000000
96904  1.606  -37.938  82.212 0.0000000000
96908  7.557  -37.801  81.632 0.0000000000
96909  5.945  -37.760  82.152 0.0000000000
96911  4.282  -38.123  81.613 0.0000000000
96913  3.264  -38.469  81.424 0.0000000000
96914  1.587  -38.184  81.816 0.0000000000
96917  7.817  -38.066  81.141 0.0000000000
96921  3.368  -38.569  80.770 0.0000000000
96922  1.251  -37.768  80.494 0.0000000000
96925  8.334  -38.178  80.292 0.0000000000
96928  3.180  -38.668  80.208 0.0000000000
96929  1.191  -37.827  79.767 0.0000000000
96933  8.573  -38.091  79.652 0.0000000000
96934  4.308  -38.124  79.759 0.0000000000
96949  4.331  -38.140  79.139 0.0000000000
96951  3.251  -38.626  78.528 0.0000000000
96952  1.292  -38.225  78.116 0.0000000000
96968  4.324  -38.064  78.530 0.0000000000
96971  1.059  -38.161  77.663 0.0000000000
96984  3.905  -38.395  77.554 0.0000000000
96996  4.305  -38.207  77.064 0.0000000000
97010  3.732  -38.912  75.999 0.0000000000
97011  1.150  -38.670  75.864 0.0000000000
97021  4.432  -38.604  75.264 0.0000000000
97036  1.468  -38.255  74.708 0.0000000000
97044  4.540  -38.475  74.013 0.0000000000
97046  1.581  -37.814  74.046 0.0000000000
98271  7.660  -37.676  92.415 0.0000000000
98274  5.912  -37.704  92.746 0.0000000000
98281  4.066  -37.496  91.717 0.0000000000
98282  9.573  -37.328  91.112 0.0000000000
98354  3.357  -36.904  86.822 0.0000000000
98375  2.626  -36.970  86.426 0.0000000000
98396  1.791  -36.821  85.902 0.0000000000
98398  2.127  -36.178  84.910 0.0000000000
98410  1.573  -36.938  85.321 0.0000000000
98411  1.628  -36.864  85.099 0.0000000000
98425  1.572  -36.998  84.298 0.0000000000
98439  1.595  -37.271  83.803 0.0000000000
98460  1.708  -36.388  81.432 0.0000000000
98471  6.666  -37.490  81.590 0.0000000000
98473  5.556  -37.813  81.228 0.0000000000
98474  1.619  -37.390  81.457 0.0000000000
98479  7.834  -37.702  80.634 0.0000000000
98481  6.774  -37.334  80.985 0.0000000000
98484  1.525  -37.411  80.788 0.0000000000
98493  4.828  -37.913  80.043 0.0000000000
98494  1.724  -36.999  79.740 0.0000000000
98499  7.631  -37.185  79.580 0.0000000000
98501  5.207  -37.549  79.193 0.0000000000
98513  8.410  -37.788  78.397 0.0000000000
98514  7.730  -37.192  78.961 0.0000000000
98515  5.886  -37.185  78.349 0.0000000000
98519  1.639  -37.547  78.474 0.0000000000
98520  1.581  -37.658  79.172 0.0000000000
98534  7.588  -37.047  77.972 0.0000000000
98537  1.631  -37.378  77.871 0.0000000000
98552  7.546  -37.149  77.463 0.0000000000
98553  5.703  -37.330  77.165 0.0000000000
98555  4.758  -37.636  77.709 0.0000000000
98556  1.597  -37.597  77.401 0.0000000000
98565  7.929  -37.757  76.748 0.0000000000
98567  7.218  -37.212  76.538 0.0000000000
98570  4.778  -37.732  77.143 0.0000000000
98581  6.723  -37.329  76.194 0.0000000000
98582  5.703  -37.528  75.947 0.0000000000
98585  1.416  -38.145  76.223 0.0000000000
98592  7.254  -37.676  75.322 0.0000000000
98596  4.835  -38.188  75.689 0.0000000000
98606  6.033  -37.942  74.880 0.0000000000
98607  5.478  -38.026  74.972 0.0000000000
98614  1.725  -37.214  74.164 0.0000000000
99862  7.493  -37.018  92.435 0.0000000000
99865  5.528  -36.854  92.626 0.0000000000
99866  5.020  -36.885  92.518 0.0000000000
99867  8.909  -36.541  91.376 0.0000000000
99869  8.011  -36.704  92.014 0.0000000000
99877  9.432  -37.058  90.209 0.0000000000
99902  3.506  -35.912  86.950 0.0000000000
99938  2.517  -36.059  85.355 0.0000000000
99939  2.415  -35.995  84.970 0.0000000000
99976  1.790  -36.352  83.565 0.0000000000
99985  1.785  -36.716  82.985 0.0000000000
99991  1.770  -36.529  81.911 0.0000000000
99992  1.798  -36.929  82.348 0.0000000000
100001  1.744  -36.740  81.649 0.0000000000
100010  1.694  -36.165  80.351 0.0000000000
100012  1.641  -36.968  80.951 0.0000000000
100020  7.126  -36.904  79.763 0.0000000000
100022  6.372  -37.153  80.067 0.0000000000
100023  1.741  -36.526  79.596 0.0000000000
100025  1.628  -37.016  80.401 0.0000000000
100032  6.183  -37.100  79.530 0.0000000000
100033  1.753  -36.777  79.076 0.0000000000
100041  6.825  -36.744  78.717 0.0000000000
100042  6.293  -36.889  78.901 0.0000000000
100043  1.772  -36.621  78.250 0.0000000000
100049  6.798  -36.687  78.081 0.0000000000
100060  7.163  -36.897  77.109 0.0000000000
100074  6.147  -37.089  76.919 0.0000000000
100075  1.694  -37.196  76.873 0.0000000000
100100  1.884  -36.876  73.821 0.0000000000
100116  1.975  -37.052  73.132 0.0000000000
101304  7.119  -36.536  92.409 0.0000000000
101305  6.773  -36.097  92.254 0.0000000000
101307  5.755  -36.368  92.454 0.0000000000
101309  8.478  -36.106  91.234 0.0000000000
101313  5.932  -35.933  92.297 0.0000000000
101315  4.875  -36.264  92.100 0.0000000000
101316  9.123  -36.495  90.308 0.0000000000
101317  9.083  -36.498  90.840 0.0000000000
101321  9.311  -37.046  89.642 0.0000000000
101327  4.780  -35.610  88.936 0.0000000000
101330  3.872  -35.561  88.530 0.0000000000
101334  3.660  -35.299  87.556 0.0000000000
101342  3.247  -35.203  86.843 0.0000000000
101348  3.330  -35.670  86.655 0.0000000000
101349  3.023  -35.153  86.495 0.0000000000
101355  2.850  -35.317  86.006 0.0000000000
101356  2.739  -35.404  85.625 0.0000000000
101363  2.605  -35.513  85.199 0.0000000000
101371  2.387  -35.742  84.869 0.0000000000
101379  2.009  -35.950  84.284 0.0000000000
101390  1.705  -35.840  82.941 0.0000000000
101397  1.728  -35.722  82.048 0.0000000000
101399  1.781  -36.409  82.658 0.0000000000
101407  1.594  -35.695  81.257 0.0000000000
101414  1.720  -35.602  80.655 0.0000000000
101430  1.911  -35.754  79.188 0.0000000000
101446  1.780  -36.442  77.900 0.0000000000
101480  2.126  -36.557  73.643 0.0000000000
101483  2.713  -36.216  72.971 0.0000000000
101484  2.323  -36.374  73.325 0.0000000000
102634  6.375  -35.629  92.090 0.0000000000
102635  8.145  -35.633  91.140 0.0000000000
102643  7.850  -35.182  90.942 0.0000000000
102649  4.810  -35.307  89.568 0.0000000000
102659  3.455  -34.896  88.105 0.0000000000
102669  3.330  -35.137  86.952 0.0000000000
102678  2.837  -34.412  86.631 0.0000000000
102695  2.553  -35.100  85.421 0.0000000000
102708  2.021  -34.968  84.196 0.0000000000
102716  1.775  -35.288  83.809 0.0000000000
102726  1.625  -35.726  83.312 0.0000000000
102744  1.781  -35.282  81.439 0.0000000000
102755  1.751  -35.265  80.748 0.0000000000
102789  2.161  -35.535  78.409 0.0000000000
102821  2.069  -35.988  75.009 0.0000000000
102824  2.443  -35.689  74.380 0.0000000000
102830  2.243  -36.262  74.060 0.0000000000
103917  6.364  -34.469  91.282 0.0000000000
103918  5.753  -34.457  91.261 0.0000000000
103922  5.547  -34.176  90.488 0.0000000000
103923  4.967  -34.396  90.415 0.0000000000
103930  3.845  -34.372  88.567 0.0000000000
103944  3.069  -34.693  86.940 0.0000000000
103945  2.636  -33.767  86.963 0.0000000000
103951  2.564  -34.092  86.433 0.0000000000
103956  2.485  -34.457  85.816 0.0000000000
103962  2.397  -34.258  85.517 0.0000000000
103963  2.545  -34.810  84.993 0.0000000000
103970  2.227  -34.986  84.623 0.0000000000
103993  1.911  -34.389  82.471 0.0000000000
104016  1.669  -34.658  80.412 0.0000000000
104064  2.313  -34.651  77.635 0.0000000000
104065  2.189  -35.193  77.766 0.0000000000
104092  3.265  -34.904  74.293 0.0000000000
105182  6.111  -34.057  90.819 0.0000000000
105185  6.509  -34.004  90.438 0.0000000000
105186  6.093  -33.876  90.166 0.0000000000
105188  5.276  -34.403  89.838 0.0000000000
105195  5.366  -34.242  89.507 0.0000000000
105197  4.684  -34.377  88.914 0.0000000000
105209  4.245  -34.218  88.630 0.0000000000
105210  3.909  -34.037  88.472 0.0000000000
105220  3.405  -33.981  88.147 0.0000000000
105236  2.954  -34.008  87.659 0.0000000000
105237  2.506  -34.102  87.015 0.0000000000
105255  2.573  -33.745  86.974 0.0000000000
105274  2.513  -33.918  86.503 0.0000000000
105309  2.345  -34.400  84.934 0.0000000000
105327  2.293  -34.012  84.580 0.0000000000
105341  1.988  -34.012  83.981 0.0000000000
105354  1.836  -34.281  83.744 0.0000000000
105369  1.599  -33.854  82.469 0.0000000000
105370  1.786  -34.375  83.095 0.0000000000
105389  1.408  -34.150  81.334 0.0000000000
105397  1.497  -34.168  80.618 0.0000000000
105410  1.719  -34.057  79.912 0.0000000000
106616  4.849  -34.143  89.361 0.0000000000
106629  6.150  -33.998  89.985 0.0000000000
106630  5.910  -33.678  89.642 0.0000000000
106632  4.719  -34.139  88.944 0.0000000000
106653  3.852  -33.846  88.121 0.0000000000
106666  2.943  -33.319  86.945 0.0000000000
106675  3.310  -33.069  87.123 0.0000000000
106683  2.994  -33.506  86.006 0.0000000000
106704  2.618  -33.567  85.018 0.0000000000
106722  1.541  -33.975  83.364 0.0000000000
106769  1.625  -33.210  79.359 0.0000000000
107999  4.747  -33.570  89.203 0.0000000000
108013  4.549  -33.141  87.944 0.0000000000
108020  4.003  -33.195  87.644 0.0000000000
108028  4.062  -33.176  87.589 0.0000000000
108029  3.920  -32.918  87.124 0.0000000000
108035  3.371  -33.197  86.946 0.0000000000
108036  3.189  -33.203  86.886 0.0000000000
108043  3.253  -33.261  86.447 0.0000000000
108044  2.911  -32.940  86.117 0.0000000000
108051  2.939  -33.301  85.763 0.0000000000
108056  3.036  -33.016  85.215 0.0000000000
108062  2.897  -32.836  84.770 0.0000000000
108066  2.482  -33.037  83.910 0.0000000000
108071  2.082  -33.327  83.802 0.0000000000
108076  1.325  -33.437  83.321 0.0000000000
108077  1.689  -33.081  83.604 0.0000000000
108084  0.981  -33.186  82.670 0.0000000000
109323  5.056  -32.899  89.063 0.0000000000
109336  5.005  -32.497  88.188 0.0000000000
109338  4.276  -33.155  87.704 0.0000000000
109345  4.314  -32.972  87.430 0.0000000000
109346  4.176  -32.944  87.063 0.0000000000
109353  4.003  -32.966  86.959 0.0000000000
109367  3.092  -33.073  85.664 0.0000000000
109373  2.978  -32.845  85.143 0.0000000000
109377  2.796  -32.783  84.434 0.0000000000
109386  1.866  -32.404  83.415 0.0000000000
109391  1.613  -32.068  82.914 0.0000000000
110634  5.081  -32.007  87.829 0.0000000000
110635  5.020  -32.241  88.117 0.0000000000
110636  4.992  -32.251  87.946 0.0000000000
110649  4.797  -32.370  87.637 0.0000000000
110660  4.566  -32.447  86.972 0.0000000000
110662  4.144  -32.989  86.829 0.0000000000
110668  4.517  -32.439  86.565 0.0000000000
110669  4.108  -32.723  86.354 0.0000000000
110670  3.789  -32.938  86.342 0.0000000000
110678  3.462  -33.025  85.760 0.0000000000
110686  3.589  -32.707  85.518 0.0000000000
110687  3.190  -32.720  85.273 0.0000000000
110700  2.729  -32.660  84.122 0.0000000000
110706  3.018  -31.955  83.631 0.0000000000
110707  2.431  -32.400  83.675 0.0000000000
110744  1.054  -31.331  81.207 0.0000000000
110759  0.851  -31.042  80.788 0.0000000000
111981  4.917  -31.966  87.035 0.0000000000
112003  4.707  -32.092  85.852 0.0000000000
112023  4.386  -32.186  85.504 0.0000000000
112041  3.752  -32.075  84.827 0.0000000000
112059  3.802  -31.843  84.701 0.0000000000
112060  3.534  -32.222  84.728 0.0000000000
112112  3.789  -31.575  82.935 0.0000000000
249104  2.117  -38.537  82.647 0.0000000000
249161  16.041  -42.817  82.753 0.0000000000
249609  6.277  -37.323  80.547 0.0000000000
250054  -0.067  -45.469  83.856 0.0000000000
250574  4.779  -38.118  83.711 0.0000000000
250844  17.163  -41.914  84.139 0.0000000000
251112  4.015  -38.184  82.808 0.0000000000
251444  7.031  -42.978  92.270 0.0000000000
251864  5.418  -33.161  89.012 0.0000000000
252383  16.859  -42.137  88.818 0.0000000000
252438  11.705  -41.701  88.812 0.0000000000
252647  4.183  -31.415  85.121 0.0000000000
252650  6.548  -41.572  82.525 0.0000000000
253001  16.863  -42.009  83.103 0.0000000000
253002  3.102  -42.278  82.996 0.0000000000
253177  8.127  -47.733  88.103 0.0000000000
253558  6.358  -38.172  83.363 0.0000000000
253573  10.470  -47.562  85.129 0.0000000000
254069  2.148  -33.893  84.112 0.0000000000
255365  5.011  -38.097  82.743 0.0000000000
255598  4.195  -38.506  76.487 0.0000000000
256023  8.264  -39.341  77.594 0.0000000000
256486  8.713  -47.728  87.118 0.0000000000
256862  2.193  -31.106  81.581 0.0000000000
257066  2.081  -38.850  80.556 0.0000000000
257142  9.036  -36.994  91.635 0.0000000000
257629  1.809  -37.980  83.155 0.0000000000
257662  6.418  -41.097  84.554 0.0000000000
257724  12.029  -46.369  83.813 0.0000000000
258180  2.215  -39.409  76.394 0.0000000000
258637  5.617  -38.698  92.722 0.0000000000
259328  18.240  -41.674  84.890 0.0000000000
259482  2.894  -32.224  83.908 0.0000000000
259714  1.723  -36.605  76.129 0.0000000000
259779  5.219  -32.983  88.624 0.0000000000
259789  0.896  -33.125  81.342 0.0000000000
260211  7.699  -37.545  76.326 0.0000000000
260531  17.202  -40.502  89.055 0.0000000000
260604  6.075  -35.006  91.783 0.0000000000
261480  1.912  -33.844  84.012 0.0000000000
261734  7.025  -39.872  92.759 0.0000000000
261962  3.083  -34.011  87.514 0.0000000000
262131  6.290  -42.382  92.317 0.0000000000
262584  7.069  -40.394  92.704 0.0000000000
262668  5.668  -45.437  91.060 0.0000000000
263567  7.526  -34.962  90.442 0.0000000000
264011  8.592  -37.990  78.989 0.0000000000
264068  5.012  -33.039  88.399 0.0000000000
264079  3.648  -34.654  88.614 0.0000000000
264587  9.063  -37.845  91.787 0.0000000000
264663  12.003  -40.746  89.165 0.0000000000
264877  2.544  -33.733  85.116 0.0000000000
264944  4.555  -42.673  91.815 0.0000000000
265704  3.146  -41.836  84.456 0.0000000000
266037  13.043  -46.649  86.103 0.0000000000
266052  6.858  -33.677  89.640 0.0000000000
266767  1.745  -36.872  74.982 0.0000000000
267229  5.237  -37.641  79.744 0.0000000000
267532  7.077  -39.227  84.808 0.0000000000
267850  15.816  -42.898  88.825 0.0000000000
269047  2.305  -33.875  78.864 0.0000000000
269534  2.452  -33.357  84.187 0.0000000000
269696  10.006  -43.341  89.409 0.0000000000
269838  6.705  -44.756  91.417 0.0000000000
270485  2.125  -33.882  85.899 0.0000000000
271175  6.075  -33.855  90.076 0.0000000000
271339  13.815  -40.519  89.728 0.0000000000
271964  1.926  -35.993  83.916 0.0000000000
272275  1.904  -35.414  84.036 0.0000000000
272544  6.901  -38.593  84.690 0.0000000000
273202  10.955  -40.092  89.535 0.0000000000
274010  8.587  -37.901  91.957 0.0000000000
274138  4.237  -33.744  87.984 0.0000000000
274748  3.992  -41.289  84.173 0.0000000000
274841  7.171  -43.557  92.072 0.0000000000
275776  16.535  -43.840  84.115 0.0000000000
276074  7.516  -46.346  89.988 0.0000000000
276488  5.011  -35.597  91.837 0.0000000000
278454  4.363  -36.207  89.610 0.0000000000
278815  19.886  -41.519  88.219 0.0000000000
278901  4.085  -43.436  91.195 0.0000000000
279017  9.940  -46.310  88.928 0.0000000000
279226  1.840  -36.220  78.223 0.0000000000
279680  1.806  -34.676  82.057 0.0000000000
279878  8.521  -39.922  92.285 0.0000000000
280227  2.815  -42.604  83.093 0.0000000000
280332  5.834  -37.202  92.710 0.0000000000
280381  1.896  -33.115  79.022 0.0000000000
280914  1.675  -36.932  76.371 0.0000000000
280948  7.892  -37.277  78.404 0.0000000000
281005  5.764  -37.240  77.700 0.0000000000
281007  12.726  -43.215  88.505 0.0000000000
281575  5.247  -37.509  76.981 0.0000000000
281722  2.813  -38.775  79.394 0.0000000000
281762  3.263  -38.586  79.698 0.0000000000
282280  1.693  -36.250  77.172 0.0000000000
282615  7.819  -38.713  92.474 0.0000000000
282625  2.359  -33.930  86.731 0.0000000000
283260  1.722  -35.471  82.518 0.0000000000
283486  21.039  -40.976  85.785 0.0000000000
283695  10.703  -44.384  88.707 0.0000000000
284059  2.345  -43.223  85.876 0.0000000000
284145  2.148  -34.758  84.133 0.0000000000
284283  7.098  -41.130  83.086 0.0000000000
284739  23.450  -41.612  85.762 0.0000000000
285123  2.162  -35.473  78.733 0.0000000000
285287  0.920  -33.335  81.992 0.0000000000
285837  2.395  -33.682  78.465 0.0000000000
287200  6.485  -40.074  86.289 0.0000000000
287402  11.727  -39.171  89.078 0.0000000000
287717  2.005  -37.135  86.127 0.0000000000
288179  11.336  -41.210  89.067 0.0000000000
288549  3.478  -31.993  84.139 0.0000000000
288698  15.767  -44.373  84.104 0.0000000000
288792  1.743  -36.042  79.858 0.0000000000
288852  8.185  -47.717  87.194 0.0000000000
288911  7.189  -41.191  81.712 0.0000000000
289039  3.117  -33.137  85.816 0.0000000000
289293  4.400  -32.377  85.798 0.0000000000
289340  5.630  -37.416  79.502 0.0000000000
289669  8.501  -46.818  89.117 0.0000000000
289939  1.717  -35.375  80.506 0.0000000000
290300  5.653  -38.524  87.748 0.0000000000
290315  16.942  -39.963  89.125 0.0000000000
290392  9.420  -45.050  89.481 0.0000000000
290476  2.419  -34.080  86.203 0.0000000000
290608  7.530  -38.844  82.710 0.0000000000
290693  6.908  -33.246  89.385 0.0000000000
290888  4.604  -42.102  91.924 0.0000000000
290923  4.253  -43.980  91.189 0.0000000000
291516  4.831  -33.450  88.853 0.0000000000
291581  6.513  -37.648  82.130 0.0000000000
292441  1.716  -35.110  82.992 0.0000000000
292494  8.173  -38.597  77.017 0.0000000000
292505  19.083  -41.149  88.468 0.0000000000
292635  16.039  -42.550  88.961 0.0000000000
292981  17.030  -42.165  84.436 0.0000000000
293771  4.066  -41.034  91.836 0.0000000000
294464  7.481  -40.349  92.603 0.0000000000
294575  4.077  -41.007  87.126 0.0000000000
295167  19.864  -40.744  84.187 0.0000000000
295542  14.115  -43.809  81.913 0.0000000000
295812  5.475  -41.605  83.091 0.0000000000
296946  3.980  -42.701  77.650 0.0000000000
297276  2.297  -34.060  85.920 0.0000000000
297643  13.057  -43.729  88.381 0.0000000000
297754  21.702  -40.950  84.735 0.0000000000
298022  6.737  -41.401  81.031 0.0000000000
298196  9.533  -47.126  88.356 0.0000000000
298474  4.948  -37.752  84.880 0.0000000000
298765  4.595  -38.011  76.710 0.0000000000
298775  6.427  -37.932  85.422 0.0000000000
298855  4.888  -35.059  89.613 0.0000000000
299125  1.950  -35.079  83.000 0.0000000000
299296  1.924  -35.947  84.216 0.0000000000
299625  2.810  -36.498  72.629 0.0000000000
299881  9.692  -37.812  90.441 0.0000000000
300050  10.005  -39.716  90.931 0.0000000000
300211  1.771  -34.975  80.837 0.0000000000
