#!ascii label  , from subject sub-v2s5x29555_ses-1 vox2ras=TkReg
1425
231388  -21.177  -25.555  79.654 0.0000000000
103902  -40.928  -11.752  71.271 0.0000000000
109040  -45.138  -9.294  65.381 0.0000000000
117553  -48.641  -4.156  57.706 0.0000000000
98379  -38.560  -15.548  72.646 0.0000000000
112839  -48.592  -7.543  62.340 0.0000000000
121398  -44.026  -2.420  55.019 0.0000000000
127281  -48.331  0.957  54.053 0.0000000000
103917  -43.025  -12.397  70.576 0.0000000000
106390  -45.160  -10.248  68.071 0.0000000000
209992  -42.211  -9.252  68.043 0.0000000000
82271  -23.197  -24.172  81.069 0.0000000000
78279  -27.135  -25.929  77.908 0.0000000000
78312  -29.665  -25.567  75.499 0.0000000000
82355  -33.386  -23.800  76.916 0.0000000000
85277  -38.053  -22.253  76.075 0.0000000000
242603  -39.635  -18.797  74.814 0.0000000000
224693  -41.912  -14.809  73.550 0.0000000000
106443  -48.426  -10.636  64.054 0.0000000000
127301  -51.127  0.912  52.287 0.0000000000
106336  -42.034  -11.090  71.881 0.0000000000
228231  -42.837  -9.506  70.150 0.0000000000
227386  -41.119  -10.456  69.523 0.0000000000
82322  -22.869  -24.111  79.357 0.0000000000
78229  -26.206  -25.317  80.447 0.0000000000
89342  -37.587  -20.552  75.392 0.0000000000
88054  -38.875  -20.714  75.587 0.0000000000
91964  -38.060  -18.706  74.917 0.0000000000
101168  -40.058  -14.070  72.387 0.0000000000
99674  -39.917  -14.548  74.140 0.0000000000
103850  -41.133  -12.494  73.599 0.0000000000
102471  -42.852  -13.318  72.231 0.0000000000
219300  -45.526  -8.445  67.245 0.0000000000
106414  -46.787  -10.860  66.065 0.0000000000
111588  -47.273  -8.548  65.624 0.0000000000
115164  -49.089  -5.540  60.099 0.0000000000
227858  -50.790  -6.932  61.896 0.0000000000
114029  -51.082  -6.534  59.269 0.0000000000
219293  -50.840  -8.452  57.202 0.0000000000
120149  -46.268  -3.091  53.056 0.0000000000
115250  -45.673  -6.082  52.859 0.0000000000
93334  -37.736  -17.408  72.467 0.0000000000
231640  -46.581  -6.439  57.985 0.0000000000
125123  -45.220  0.133  54.617 0.0000000000
122658  -48.622  -1.835  53.770 0.0000000000
123988  -51.536  -0.969  51.300 0.0000000000
102543  -43.056  -13.201  69.676 0.0000000000
106374  -43.903  -10.786  68.960 0.0000000000
110267  -44.433  -8.663  68.535 0.0000000000
78223  -22.640  -25.017  80.657 0.0000000000
74696  -27.883  -27.525  75.882 0.0000000000
77007  -28.071  -26.563  76.703 0.0000000000
75855  -29.377  -26.715  74.773 0.0000000000
77027  -31.613  -25.845  75.231 0.0000000000
212870  -33.537  -25.282  75.925 0.0000000000
79558  -35.811  -24.844  75.616 0.0000000000
82359  -35.589  -23.565  76.575 0.0000000000
83881  -39.817  -23.044  74.544 0.0000000000
95823  -38.781  -16.739  75.259 0.0000000000
95843  -41.160  -16.450  74.517 0.0000000000
93326  -42.965  -17.184  72.799 0.0000000000
97059  -42.784  -15.844  71.991 0.0000000000
238673  -42.876  -13.895  70.908 0.0000000000
112814  -49.040  -7.709  63.800 0.0000000000
114089  -46.133  -5.898  54.994 0.0000000000
112919  -48.572  -7.330  56.380 0.0000000000
243239  -21.181  -25.308  80.890 0.0000000000
106334  -41.297  -11.019  71.709 0.0000000000
107668  -41.618  -10.376  70.951 0.0000000000
232069  -41.034  -11.256  70.808 0.0000000000
228663  -37.556  -20.260  74.247 0.0000000000
90610  -37.892  -19.676  74.915 0.0000000000
90623  -37.987  -19.181  74.587 0.0000000000
102485  -40.717  -12.839  71.928 0.0000000000
102454  -40.484  -12.990  72.912 0.0000000000
103874  -40.836  -12.265  72.381 0.0000000000
105085  -41.373  -11.499  72.650 0.0000000000
111572  -46.257  -8.699  66.414 0.0000000000
111607  -45.974  -8.814  65.384 0.0000000000
117527  -49.052  -4.294  59.241 0.0000000000
117507  -50.201  -4.979  60.238 0.0000000000
116330  -50.285  -4.859  58.384 0.0000000000
112900  -50.992  -7.284  58.160 0.0000000000
115212  -50.068  -6.214  57.557 0.0000000000
219815  -48.554  -4.941  53.408 0.0000000000
115252  -47.322  -5.797  52.798 0.0000000000
114123  -50.650  -6.518  52.074 0.0000000000
123956  -45.071  -0.635  53.264 0.0000000000
126243  -46.265  0.429  54.657 0.0000000000
123928  -47.036  -0.863  54.892 0.0000000000
126237  -48.004  0.191  54.954 0.0000000000
234545  -49.256  -1.339  53.817 0.0000000000
126248  -49.809  0.629  54.199 0.0000000000
125159  -52.225  -0.278  52.185 0.0000000000
103934  -43.099  -12.805  70.336 0.0000000000
105145  -43.584  -11.885  69.101 0.0000000000
105118  -43.061  -11.768  70.219 0.0000000000
110253  -42.635  -8.900  69.530 0.0000000000
108959  -43.652  -9.204  69.538 0.0000000000
110265  -43.094  -8.740  68.618 0.0000000000
111543  -43.739  -8.639  67.962 0.0000000000
110312  -42.866  -9.208  67.568 0.0000000000
78239  -23.551  -25.235  79.826 0.0000000000
78225  -24.317  -25.164  80.580 0.0000000000
242121  -26.498  -25.632  79.232 0.0000000000
79538  -29.141  -25.026  75.861 0.0000000000
77010  -29.116  -26.041  75.990 0.0000000000
77009  -28.853  -26.604  76.118 0.0000000000
77024  -29.566  -26.157  75.291 0.0000000000
77042  -30.569  -26.298  75.049 0.0000000000
216664  -30.851  -25.694  75.265 0.0000000000
79525  -33.614  -24.755  76.627 0.0000000000
78319  -34.594  -24.971  75.956 0.0000000000
79527  -34.534  -24.769  76.373 0.0000000000
86658  -36.884  -21.767  75.808 0.0000000000
85287  -35.635  -22.474  75.829 0.0000000000
83840  -37.105  -22.804  76.354 0.0000000000
82375  -36.925  -23.932  76.714 0.0000000000
82377  -38.204  -23.476  76.163 0.0000000000
82416  -38.988  -23.521  75.233 0.0000000000
85302  -38.673  -22.284  75.810 0.0000000000
89348  -39.420  -20.081  74.910 0.0000000000
206953  -39.401  -20.594  74.924 0.0000000000
89355  -39.921  -20.048  74.293 0.0000000000
210217  -40.510  -18.755  73.757 0.0000000000
94624  -38.063  -17.154  74.211 0.0000000000
98362  -38.513  -15.860  73.932 0.0000000000
101088  -41.065  -14.435  74.324 0.0000000000
98350  -40.668  -15.193  74.731 0.0000000000
97032  -41.645  -15.815  73.941 0.0000000000
94640  -41.827  -16.983  73.416 0.0000000000
95853  -42.493  -16.279  73.109 0.0000000000
98373  -42.558  -15.232  73.171 0.0000000000
224824  -42.814  -12.475  71.742 0.0000000000
217480  -43.025  -13.940  71.740 0.0000000000
232554  -43.070  -13.269  71.245 0.0000000000
101198  -42.945  -13.543  70.096 0.0000000000
82293  -21.465  -24.086  80.433 0.0000000000
82278  -22.003  -24.101  81.608 0.0000000000
79450  -22.140  -24.547  82.046 0.0000000000
105164  -44.594  -11.638  67.532 0.0000000000
105173  -45.445  -11.733  66.804 0.0000000000
106422  -47.408  -10.890  65.171 0.0000000000
111642  -47.954  -8.047  63.250 0.0000000000
112812  -48.202  -7.898  63.858 0.0000000000
112825  -49.039  -7.115  62.776 0.0000000000
111662  -50.478  -7.997  61.358 0.0000000000
110393  -50.182  -8.679  62.104 0.0000000000
111777  -46.626  -7.698  53.185 0.0000000000
201518  -45.400  -6.521  53.382 0.0000000000
111756  -46.779  -7.856  54.582 0.0000000000
209366  -47.323  -6.774  55.612 0.0000000000
110485  -48.179  -8.439  55.265 0.0000000000
225554  -50.163  -8.885  55.991 0.0000000000
126276  -48.229  0.180  52.731 0.0000000000
127290  -49.717  1.117  53.339 0.0000000000
126286  -49.587  0.404  51.395 0.0000000000
127330  -50.533  0.729  50.534 0.0000000000
105107  -42.538  -11.901  71.323 0.0000000000
106354  -42.969  -11.100  70.456 0.0000000000
107656  -42.171  -10.217  71.067 0.0000000000
108944  -41.987  -9.547  70.251 0.0000000000
108968  -41.471  -9.570  68.719 0.0000000000
82295  -22.867  -24.054  80.377 0.0000000000
79471  -25.022  -24.651  81.072 0.0000000000
80840  -26.316  -24.707  78.686 0.0000000000
86649  -37.720  -21.247  76.096 0.0000000000
86660  -38.277  -21.235  76.064 0.0000000000
88044  -38.042  -20.319  76.075 0.0000000000
90592  -38.361  -19.558  75.940 0.0000000000
91927  -39.229  -18.707  75.862 0.0000000000
99732  -39.161  -14.909  72.553 0.0000000000
240820  -39.080  -15.197  73.697 0.0000000000
101133  -40.054  -14.145  73.186 0.0000000000
102420  -41.022  -13.194  73.992 0.0000000000
102423  -41.746  -13.332  73.846 0.0000000000
99707  -42.447  -14.345  73.136 0.0000000000
103852  -42.088  -12.383  73.214 0.0000000000
105086  -42.109  -11.927  72.544 0.0000000000
229199  -21.301  -24.056  79.541 0.0000000000
108983  -45.637  -9.074  67.843 0.0000000000
106409  -46.163  -10.861  66.776 0.0000000000
107729  -46.547  -9.573  66.906 0.0000000000
225536  -47.098  -9.470  66.250 0.0000000000
109042  -48.049  -9.049  65.141 0.0000000000
114001  -49.158  -6.585  60.866 0.0000000000
113985  -49.967  -6.347  62.260 0.0000000000
116287  -50.117  -5.713  61.312 0.0000000000
114003  -50.874  -6.716  60.587 0.0000000000
121406  -45.275  -2.522  53.791 0.0000000000
120147  -45.045  -3.531  53.790 0.0000000000
117607  -45.788  -4.554  52.814 0.0000000000
114110  -46.990  -6.777  52.774 0.0000000000
102515  -40.851  -12.758  70.540 0.0000000000
207624  -40.453  -13.802  70.831 0.0000000000
110363  -46.335  -8.702  64.623 0.0000000000
111667  -48.393  -7.912  60.643 0.0000000000
114013  -48.493  -6.785  59.565 0.0000000000
115177  -47.617  -5.682  58.681 0.0000000000
116327  -46.937  -4.811  57.897 0.0000000000
122633  -44.213  -1.286  54.888 0.0000000000
232705  -45.632  -1.531  54.678 0.0000000000
120150  -47.693  -2.752  53.339 0.0000000000
118850  -48.792  -3.664  53.482 0.0000000000
125142  -51.217  -0.235  53.512 0.0000000000
123967  -51.436  -1.048  52.631 0.0000000000
102560  -43.490  -12.738  68.618 0.0000000000
105155  -43.839  -11.887  68.482 0.0000000000
106375  -44.264  -10.722  68.538 0.0000000000
224918  -43.431  -10.395  69.737 0.0000000000
107683  -44.112  -9.375  69.082 0.0000000000
108971  -44.961  -9.034  68.431 0.0000000000
110280  -44.975  -8.463  68.075 0.0000000000
110314  -44.820  -8.660  67.132 0.0000000000
105144  -40.957  -11.347  68.939 0.0000000000
106388  -40.954  -10.498  68.037 0.0000000000
109012  -41.822  -9.704  67.041 0.0000000000
207331  -21.950  -25.156  80.203 0.0000000000
203353  -22.630  -25.421  79.240 0.0000000000
74710  -27.840  -27.417  75.019 0.0000000000
80850  -26.085  -24.330  78.121 0.0000000000
78288  -26.930  -25.464  77.909 0.0000000000
76993  -27.513  -26.825  77.255 0.0000000000
74698  -28.519  -27.200  75.510 0.0000000000
78347  -32.012  -25.563  74.485 0.0000000000
78336  -33.117  -25.298  75.022 0.0000000000
85284  -33.327  -22.652  76.514 0.0000000000
85286  -34.437  -22.657  76.244 0.0000000000
82358  -34.529  -23.786  76.670 0.0000000000
80886  -35.919  -24.353  76.497 0.0000000000
79547  -37.330  -24.785  75.651 0.0000000000
86687  -39.183  -21.565  75.190 0.0000000000
93304  -38.024  -17.648  74.555 0.0000000000
94596  -38.026  -17.589  74.912 0.0000000000
93287  -39.321  -17.802  75.590 0.0000000000
98347  -39.808  -15.564  74.847 0.0000000000
213993  -40.078  -16.145  75.547 0.0000000000
94625  -40.397  -17.331  74.611 0.0000000000
93314  -41.421  -17.505  73.666 0.0000000000
92006  -42.508  -17.962  72.833 0.0000000000
97068  -42.669  -16.222  71.429 0.0000000000
99734  -42.934  -14.503  72.258 0.0000000000
98405  -42.562  -15.038  71.713 0.0000000000
98404  -42.498  -15.567  71.347 0.0000000000
99761  -42.567  -14.431  70.643 0.0000000000
78209  -21.689  -24.866  81.723 0.0000000000
224638  -47.047  -8.197  64.792 0.0000000000
111611  -48.025  -8.226  64.869 0.0000000000
109057  -49.068  -9.084  64.022 0.0000000000
112833  -50.017  -7.096  62.735 0.0000000000
109078  -49.687  -8.879  62.964 0.0000000000
106467  -49.057  -10.514  63.106 0.0000000000
115199  -45.831  -5.410  57.270 0.0000000000
238120  -46.408  -4.241  56.825 0.0000000000
116377  -44.950  -4.753  53.760 0.0000000000
201444  -45.080  -4.837  54.989 0.0000000000
115227  -46.144  -5.005  55.561 0.0000000000
115220  -47.199  -5.400  55.902 0.0000000000
115210  -48.726  -5.874  56.786 0.0000000000
112909  -49.804  -7.176  57.061 0.0000000000
78249  -20.585  -25.715  79.690 0.0000000000
105106  -41.014  -11.418  71.421 0.0000000000
242560  -40.944  -11.788  70.721 0.0000000000
88070  -37.554  -20.526  73.789 0.0000000000
207351  -37.796  -19.916  74.359 0.0000000000
89360  -38.030  -19.484  73.467 0.0000000000
102486  -40.860  -12.253  71.639 0.0000000000
103889  -40.918  -11.782  71.900 0.0000000000
105096  -41.069  -11.475  71.946 0.0000000000
110350  -45.231  -8.986  65.909 0.0000000000
111585  -46.166  -8.729  65.940 0.0000000000
110331  -45.686  -8.837  65.655 0.0000000000
118803  -48.771  -3.975  58.490 0.0000000000
118805  -49.809  -4.035  58.803 0.0000000000
117555  -49.971  -4.854  57.978 0.0000000000
116344  -50.099  -5.155  57.978 0.0000000000
116343  -49.581  -4.844  57.717 0.0000000000
116394  -48.972  -5.052  53.302 0.0000000000
115254  -48.874  -5.670  52.985 0.0000000000
125140  -47.172  0.366  53.775 0.0000000000
206962  -47.030  0.606  54.452 0.0000000000
126236  -47.209  0.268  55.041 0.0000000000
127267  -48.248  0.804  54.577 0.0000000000
126238  -48.805  0.129  54.694 0.0000000000
127268  -48.789  0.926  54.432 0.0000000000
103918  -43.119  -12.270  70.057 0.0000000000
203193  -42.129  -9.106  68.616 0.0000000000
110264  -42.599  -8.855  68.975 0.0000000000
110277  -42.622  -9.008  68.400 0.0000000000
110278  -42.915  -8.970  67.938 0.0000000000
110293  -42.681  -9.084  67.924 0.0000000000
79459  -23.045  -24.645  81.312 0.0000000000
79470  -23.874  -24.966  80.913 0.0000000000
210946  -26.725  -25.921  78.757 0.0000000000
76970  -26.426  -26.110  78.836 0.0000000000
79539  -29.687  -25.055  75.545 0.0000000000
78311  -29.211  -25.621  75.967 0.0000000000
77025  -30.353  -26.108  75.122 0.0000000000
78313  -30.303  -25.592  75.254 0.0000000000
80863  -33.131  -24.051  77.031 0.0000000000
79524  -32.941  -24.639  76.731 0.0000000000
79511  -33.881  -24.440  76.764 0.0000000000
79526  -34.091  -24.825  76.399 0.0000000000
80865  -34.188  -23.988  76.889 0.0000000000
86648  -37.256  -22.167  75.989 0.0000000000
85289  -36.773  -22.310  75.908 0.0000000000
85276  -37.585  -22.328  76.137 0.0000000000
83852  -37.689  -23.151  76.531 0.0000000000
83853  -38.096  -22.835  76.265 0.0000000000
83854  -38.554  -22.878  76.004 0.0000000000
225978  -38.210  -22.347  76.120 0.0000000000
90617  -39.558  -19.258  74.821 0.0000000000
89354  -39.583  -19.995  74.672 0.0000000000
90618  -39.824  -19.399  74.417 0.0000000000
90625  -40.092  -19.407  73.907 0.0000000000
91978  -39.856  -18.728  74.518 0.0000000000
97044  -38.085  -16.315  73.331 0.0000000000
97038  -38.419  -15.894  73.493 0.0000000000
98364  -41.425  -14.727  74.044 0.0000000000
98357  -41.243  -15.220  74.268 0.0000000000
98365  -41.785  -15.285  73.758 0.0000000000
95845  -41.988  -16.145  73.470 0.0000000000
98372  -42.306  -15.367  73.308 0.0000000000
97040  -42.494  -15.968  73.144 0.0000000000
224570  -42.376  -14.888  73.181 0.0000000000
103903  -42.935  -12.447  71.148 0.0000000000
102500  -43.023  -12.880  71.481 0.0000000000
224140  -43.064  -12.862  71.029 0.0000000000
102516  -43.082  -13.271  70.844 0.0000000000
83809  -22.258  -24.033  81.032 0.0000000000
83808  -22.001  -24.028  81.108 0.0000000000
82279  -22.635  -24.027  81.358 0.0000000000
205078  -22.558  -24.273  81.924 0.0000000000
105157  -44.865  -10.994  67.782 0.0000000000
105165  -45.147  -11.383  67.282 0.0000000000
106402  -45.433  -10.725  67.571 0.0000000000
106442  -47.747  -10.781  64.804 0.0000000000
105199  -47.454  -11.471  64.661 0.0000000000
106457  -47.924  -11.123  64.324 0.0000000000
105210  -48.160  -11.325  63.765 0.0000000000
111648  -48.091  -8.009  62.708 0.0000000000
112831  -48.578  -7.584  62.884 0.0000000000
112832  -48.875  -7.286  62.727 0.0000000000
120125  -43.610  -2.968  54.873 0.0000000000
110515  -47.321  -8.550  53.776 0.0000000000
111766  -46.535  -7.971  54.074 0.0000000000
111757  -47.323  -8.225  54.770 0.0000000000
106337  -42.303  -11.306  71.652 0.0000000000
107645  -42.261  -10.611  71.457 0.0000000000
107644  -41.973  -10.457  71.564 0.0000000000
226713  -41.582  -10.208  70.501 0.0000000000
107669  -41.872  -9.955  70.643 0.0000000000
108943  -41.682  -9.808  70.061 0.0000000000
108957  -41.595  -9.608  69.369 0.0000000000
107691  -41.229  -9.984  69.084 0.0000000000
82309  -22.814  -24.071  79.904 0.0000000000
208419  -25.961  -24.336  78.790 0.0000000000
88063  -37.203  -20.886  74.717 0.0000000000
88052  -37.332  -20.935  75.332 0.0000000000
204710  -37.280  -21.194  75.609 0.0000000000
88042  -37.641  -20.622  75.750 0.0000000000
88043  -37.791  -20.622  76.139 0.0000000000
227185  -38.003  -18.939  74.887 0.0000000000
90591  -37.989  -19.327  75.751 0.0000000000
227525  -38.283  -19.273  75.789 0.0000000000
226806  -38.881  -18.891  76.140 0.0000000000
91926  -38.747  -18.802  75.919 0.0000000000
207129  -39.559  -14.686  72.221 0.0000000000
99720  -39.828  -14.504  73.223 0.0000000000
101154  -40.064  -13.993  72.927 0.0000000000
103860  -40.791  -12.534  73.213 0.0000000000
102438  -40.754  -12.984  73.668 0.0000000000
102439  -41.006  -13.063  73.949 0.0000000000
102421  -41.093  -13.251  73.946 0.0000000000
103838  -41.300  -12.771  73.833 0.0000000000
102440  -42.030  -13.003  73.634 0.0000000000
103851  -41.514  -12.395  73.517 0.0000000000
106324  -41.805  -11.175  72.119 0.0000000000
106317  -42.021  -11.747  72.800 0.0000000000
106325  -42.026  -11.554  72.232 0.0000000000
105098  -42.396  -11.939  71.802 0.0000000000
82321  -21.685  -24.028  79.242 0.0000000000
82308  -21.656  -24.068  79.864 0.0000000000
110298  -45.661  -8.703  67.560 0.0000000000
108998  -45.999  -9.140  67.500 0.0000000000
110299  -46.067  -8.833  67.181 0.0000000000
110332  -46.646  -8.773  66.215 0.0000000000
109017  -46.835  -8.975  66.425 0.0000000000
109028  -47.251  -9.072  65.988 0.0000000000
109041  -47.694  -9.140  65.544 0.0000000000
110334  -47.462  -8.683  65.615 0.0000000000
115149  -49.355  -5.808  60.786 0.0000000000
115135  -49.861  -5.868  61.671 0.0000000000
116296  -49.896  -5.350  60.882 0.0000000000
115179  -50.840  -5.464  59.701 0.0000000000
115165  -50.664  -5.514  60.298 0.0000000000
114015  -50.941  -6.591  59.906 0.0000000000
112862  -50.894  -7.236  60.006 0.0000000000
208456  -51.099  -7.674  58.874 0.0000000000
121425  -45.750  -2.755  53.270 0.0000000000
118860  -45.657  -3.883  52.876 0.0000000000
205997  -46.144  -4.166  52.789 0.0000000000
111779  -47.698  -8.008  52.935 0.0000000000
242642  -40.560  -13.581  70.472 0.0000000000
112860  -48.494  -7.559  60.024 0.0000000000
112890  -47.084  -6.841  58.367 0.0000000000
114044  -46.950  -6.066  58.236 0.0000000000
115189  -47.139  -5.479  58.297 0.0000000000
115188  -46.596  -5.452  57.898 0.0000000000
125146  -45.039  -0.262  53.969 0.0000000000
123944  -44.181  -0.636  54.355 0.0000000000
123943  -43.762  -1.140  54.118 0.0000000000
123926  -44.228  -0.738  54.703 0.0000000000
122640  -45.103  -1.490  54.919 0.0000000000
122641  -45.612  -0.954  55.014 0.0000000000
122643  -47.526  -1.315  54.359 0.0000000000
122642  -46.839  -1.396  54.516 0.0000000000
121410  -47.844  -2.292  53.629 0.0000000000
120134  -48.250  -3.327  53.452 0.0000000000
223359  -48.404  -2.735  53.555 0.0000000000
120151  -49.095  -3.627  53.357 0.0000000000
121411  -48.763  -2.435  53.583 0.0000000000
122646  -49.675  -1.008  53.888 0.0000000000
127300  -50.517  0.983  52.527 0.0000000000
127285  -50.558  0.712  53.461 0.0000000000
127292  -50.915  0.774  52.918 0.0000000000
123978  -52.130  -0.854  51.728 0.0000000000
218078  -52.119  -0.709  52.355 0.0000000000
102559  -43.190  -13.091  68.941 0.0000000000
102571  -43.427  -13.019  68.204 0.0000000000
223716  -43.660  -11.353  69.177 0.0000000000
105146  -43.897  -11.333  68.714 0.0000000000
105156  -44.286  -11.310  68.130 0.0000000000
107670  -42.852  -10.376  70.535 0.0000000000
226414  -43.144  -10.571  70.157 0.0000000000
107671  -43.170  -10.037  70.042 0.0000000000
110256  -44.010  -8.949  69.019 0.0000000000
107693  -44.452  -9.704  68.841 0.0000000000
108970  -44.637  -9.147  68.686 0.0000000000
226735  -45.028  -8.662  68.226 0.0000000000
110279  -44.787  -8.499  68.231 0.0000000000
110295  -43.852  -8.754  67.656 0.0000000000
110296  -44.399  -8.667  67.431 0.0000000000
78222  -21.901  -25.042  80.612 0.0000000000
204405  -22.181  -25.313  79.733 0.0000000000
206403  -22.434  -25.093  80.055 0.0000000000
78254  -23.963  -25.423  79.478 0.0000000000
79473  -25.880  -25.085  80.946 0.0000000000
214408  -25.905  -25.622  80.311 0.0000000000
74694  -26.935  -27.587  75.762 0.0000000000
74695  -27.456  -27.663  75.898 0.0000000000
74709  -27.475  -27.537  74.983 0.0000000000
74706  -27.731  -27.591  75.468 0.0000000000
80851  -26.400  -24.560  77.847 0.0000000000
75811  -27.984  -26.871  76.701 0.0000000000
77008  -28.449  -26.797  76.363 0.0000000000
75835  -28.861  -26.936  75.439 0.0000000000
75834  -28.552  -27.063  75.876 0.0000000000
75854  -28.913  -27.028  75.149 0.0000000000
75874  -29.347  -26.850  74.785 0.0000000000
77079  -29.649  -26.653  74.224 0.0000000000
77043  -31.171  -26.170  74.949 0.0000000000
77062  -30.684  -26.357  74.684 0.0000000000
77063  -31.304  -26.117  74.689 0.0000000000
222585  -31.722  -25.900  74.728 0.0000000000
77044  -31.689  -25.948  74.998 0.0000000000
78317  -32.977  -25.354  76.202 0.0000000000
78316  -32.637  -25.471  75.922 0.0000000000
78328  -33.223  -25.385  75.678 0.0000000000
78327  -32.630  -25.501  75.320 0.0000000000
78337  -33.696  -25.238  75.348 0.0000000000
78329  -34.132  -25.151  75.764 0.0000000000
79557  -35.135  -24.933  75.701 0.0000000000
203370  -36.288  -24.869  75.131 0.0000000000
216066  -35.892  -22.963  76.148 0.0000000000
222847  -35.056  -22.776  76.157 0.0000000000
83838  -35.118  -22.960  76.297 0.0000000000
83837  -34.380  -23.493  76.643 0.0000000000
221114  -35.125  -23.381  76.511 0.0000000000
222873  -35.110  -23.876  76.645 0.0000000000
80868  -35.783  -23.890  76.674 0.0000000000
80906  -37.628  -24.587  75.909 0.0000000000
80905  -36.968  -24.602  76.056 0.0000000000
79548  -37.913  -24.641  75.423 0.0000000000
79561  -37.641  -24.766  75.158 0.0000000000
83873  -39.470  -23.137  74.777 0.0000000000
80936  -39.364  -23.880  74.678 0.0000000000
82430  -39.740  -23.531  74.590 0.0000000000
88053  -38.645  -20.977  75.932 0.0000000000
86673  -38.621  -21.575  75.804 0.0000000000
232903  -38.872  -21.302  75.532 0.0000000000
92002  -38.071  -18.005  73.418 0.0000000000
93313  -38.033  -17.583  73.917 0.0000000000
95832  -38.398  -16.814  74.664 0.0000000000
94611  -38.140  -17.017  74.889 0.0000000000
94597  -38.377  -17.325  75.229 0.0000000000
94588  -39.006  -18.169  75.888 0.0000000000
94598  -38.883  -16.806  75.580 0.0000000000
99690  -39.619  -14.965  74.286 0.0000000000
98363  -38.795  -15.460  74.118 0.0000000000
99659  -39.980  -15.012  74.608 0.0000000000
237415  -40.786  -16.132  74.941 0.0000000000
95826  -40.226  -16.082  75.240 0.0000000000
94613  -40.567  -16.726  74.726 0.0000000000
94612  -40.197  -17.145  75.034 0.0000000000
93306  -40.736  -17.575  74.114 0.0000000000
94639  -41.194  -17.027  74.057 0.0000000000
94650  -42.454  -17.096  73.114 0.0000000000
93324  -42.039  -17.451  73.171 0.0000000000
93325  -42.683  -17.409  72.989 0.0000000000
97052  -43.002  -16.082  72.285 0.0000000000
239117  -42.908  -16.130  71.960 0.0000000000
102456  -42.645  -13.333  72.709 0.0000000000
99721  -42.795  -14.500  72.628 0.0000000000
101156  -42.943  -13.931  72.466 0.0000000000
99754  -42.846  -14.248  71.406 0.0000000000
99747  -42.717  -14.607  71.856 0.0000000000
98416  -42.526  -14.800  71.109 0.0000000000
98415  -42.437  -15.138  70.911 0.0000000000
99762  -42.783  -14.056  70.796 0.0000000000
224286  -42.893  -13.568  69.788 0.0000000000
101205  -42.923  -13.442  69.233 0.0000000000
79468  -21.830  -24.865  81.784 0.0000000000
79457  -21.976  -24.996  81.855 0.0000000000
78210  -21.975  -24.970  81.103 0.0000000000
208260  -21.549  -25.099  80.931 0.0000000000
106410  -46.516  -10.640  66.497 0.0000000000
105175  -46.374  -11.247  66.322 0.0000000000
105182  -46.620  -11.600  65.931 0.0000000000
110371  -46.504  -8.700  64.168 0.0000000000
111631  -46.745  -8.445  64.447 0.0000000000
112813  -48.676  -7.776  63.825 0.0000000000
112799  -48.201  -7.965  64.119 0.0000000000
111626  -48.324  -8.179  64.582 0.0000000000
110364  -48.614  -8.496  64.449 0.0000000000
110365  -49.028  -8.453  64.025 0.0000000000
115105  -50.079  -6.296  62.117 0.0000000000
113978  -49.914  -6.571  62.406 0.0000000000
112834  -50.198  -7.052  62.376 0.0000000000
110379  -49.958  -8.305  62.689 0.0000000000
109086  -49.933  -9.043  62.567 0.0000000000
107789  -49.425  -9.210  63.425 0.0000000000
211467  -49.419  -10.056  62.764 0.0000000000
230878  -46.055  -4.438  57.010 0.0000000000
117571  -46.081  -4.105  56.532 0.0000000000
117605  -45.198  -4.674  53.008 0.0000000000
117599  -44.956  -4.456  53.564 0.0000000000
228343  -44.909  -5.098  53.179 0.0000000000
201405  -45.622  -6.465  54.039 0.0000000000
239682  -45.038  -5.485  53.791 0.0000000000
201097  -45.185  -5.159  54.514 0.0000000000
201231  -44.646  -4.845  55.107 0.0000000000
201655  -45.295  -5.189  54.853 0.0000000000
114082  -45.982  -5.266  55.170 0.0000000000
112918  -47.886  -6.885  56.021 0.0000000000
114076  -47.361  -6.194  55.746 0.0000000000
114077  -47.884  -5.984  56.084 0.0000000000
115221  -47.713  -5.246  56.266 0.0000000000
114078  -48.514  -6.527  56.508 0.0000000000
114068  -49.235  -6.553  56.945 0.0000000000
112920  -49.159  -7.196  56.780 0.0000000000
106335  -41.642  -10.949  71.823 0.0000000000
107643  -41.647  -10.576  71.441 0.0000000000
106345  -41.281  -10.840  71.180 0.0000000000
225210  -41.291  -10.637  70.620 0.0000000000
106353  -41.029  -10.976  70.049 0.0000000000
88060  -37.583  -20.344  74.765 0.0000000000
89343  -37.772  -20.221  75.445 0.0000000000
89353  -37.865  -19.769  74.733 0.0000000000
223253  -38.001  -18.936  74.804 0.0000000000
219230  -38.048  -18.601  74.658 0.0000000000
101169  -40.377  -13.391  72.173 0.0000000000
101155  -40.262  -13.395  72.704 0.0000000000
102470  -40.608  -12.872  72.566 0.0000000000
212724  -40.770  -12.521  72.905 0.0000000000
103875  -40.910  -12.157  72.903 0.0000000000
105067  -41.326  -12.110  73.281 0.0000000000
105084  -41.153  -11.809  72.935 0.0000000000
106323  -41.286  -11.229  71.960 0.0000000000
111584  -45.512  -8.577  66.854 0.0000000000
111571  -45.807  -8.628  67.030 0.0000000000
111586  -46.641  -8.709  65.944 0.0000000000
111587  -46.951  -8.678  65.862 0.0000000000
116317  -48.835  -4.753  59.383 0.0000000000
117505  -49.664  -4.899  60.249 0.0000000000
237551  -49.845  -4.150  59.432 0.0000000000
117529  -50.437  -4.647  59.253 0.0000000000
205039  -50.882  -5.568  59.145 0.0000000000
114046  -51.005  -6.893  58.665 0.0000000000
114045  -50.827  -6.588  58.401 0.0000000000
114061  -50.868  -6.965  57.977 0.0000000000
112911  -50.641  -7.225  57.600 0.0000000000
230236  -47.723  -4.269  53.115 0.0000000000
214983  -47.072  -4.734  52.892 0.0000000000
116393  -47.960  -5.329  53.065 0.0000000000
114112  -49.017  -6.223  52.736 0.0000000000
201965  -45.751  0.117  53.794 0.0000000000
126242  -45.570  0.493  54.679 0.0000000000
123920  -45.906  -0.236  55.042 0.0000000000
125117  -46.153  0.214  55.024 0.0000000000
123922  -47.191  -0.342  55.080 0.0000000000
123930  -48.386  -0.746  54.492 0.0000000000
227219  -48.905  -1.316  53.995 0.0000000000
125125  -49.056  -0.724  54.233 0.0000000000
123931  -49.605  -0.716  54.110 0.0000000000
123932  -50.506  -0.495  53.937 0.0000000000
127313  -51.710  0.797  51.376 0.0000000000
126280  -52.069  0.305  52.174 0.0000000000
213783  -52.329  0.133  51.850 0.0000000000
125167  -52.629  -0.364  51.323 0.0000000000
124002  -51.586  -0.986  50.532 0.0000000000
102531  -43.133  -12.824  69.889 0.0000000000
102544  -43.229  -12.779  69.290 0.0000000000
103935  -43.240  -12.412  69.606 0.0000000000
105131  -43.327  -11.706  69.644 0.0000000000
106364  -43.587  -10.922  69.449 0.0000000000
110247  -42.741  -9.168  69.930 0.0000000000
108946  -43.204  -9.547  69.900 0.0000000000
242401  -43.044  -8.937  69.602 0.0000000000
110254  -43.085  -8.743  69.190 0.0000000000
111522  -43.608  -8.696  68.806 0.0000000000
111533  -44.594  -8.555  68.274 0.0000000000
111531  -43.670  -8.637  68.335 0.0000000000
110294  -43.253  -8.885  67.813 0.0000000000
205707  -43.422  -9.063  67.523 0.0000000000
79469  -22.431  -24.972  80.754 0.0000000000
202127  -23.023  -25.051  80.171 0.0000000000
78224  -23.106  -24.981  80.724 0.0000000000
207549  -23.898  -25.215  80.078 0.0000000000
240443  -24.625  -25.418  80.192 0.0000000000
74684  -27.656  -27.548  76.365 0.0000000000
77023  -29.023  -26.611  75.660 0.0000000000
75836  -29.263  -26.616  75.214 0.0000000000
77061  -30.081  -26.576  74.776 0.0000000000
77041  -29.845  -26.326  75.146 0.0000000000
77026  -31.038  -26.033  75.152 0.0000000000
214576  -33.613  -25.092  76.397 0.0000000000
78304  -34.626  -25.066  76.163 0.0000000000
79543  -34.964  -24.898  75.982 0.0000000000
79528  -35.056  -24.696  76.444 0.0000000000
86657  -36.273  -22.008  75.678 0.0000000000
86671  -35.728  -22.217  75.579 0.0000000000
85288  -36.178  -22.327  75.790 0.0000000000
85274  -36.219  -22.758  76.016 0.0000000000
83839  -36.317  -23.211  76.280 0.0000000000
221550  -36.113  -23.633  76.670 0.0000000000
82397  -38.374  -23.909  75.787 0.0000000000
83862  -38.906  -22.971  75.560 0.0000000000
85315  -39.292  -22.637  75.052 0.0000000000
89344  -38.960  -20.087  75.539 0.0000000000
88061  -39.130  -21.019  75.224 0.0000000000
223414  -39.672  -20.688  74.510 0.0000000000
90626  -40.475  -19.312  73.409 0.0000000000
94649  -37.775  -17.084  72.962 0.0000000000
94638  -37.908  -17.112  73.571 0.0000000000
95852  -37.907  -16.730  73.683 0.0000000000
95841  -37.949  -16.841  73.764 0.0000000000
97023  -38.562  -16.372  74.443 0.0000000000
99675  -40.514  -14.596  74.552 0.0000000000
99660  -40.123  -15.149  74.828 0.0000000000
226016  -41.321  -14.988  74.824 0.0000000000
97025  -41.131  -15.600  74.554 0.0000000000
95834  -41.250  -15.999  74.562 0.0000000000
94627  -41.459  -16.709  74.008 0.0000000000
207910  -41.803  -16.583  73.546 0.0000000000
240916  -42.277  -16.407  73.249 0.0000000000
95861  -42.742  -16.751  73.040 0.0000000000
95854  -42.664  -16.361  73.018 0.0000000000
97046  -42.781  -16.047  72.781 0.0000000000
226098  -42.816  -15.507  72.727 0.0000000000
103876  -42.773  -12.711  72.199 0.0000000000
102487  -42.918  -12.949  71.941 0.0000000000
210096  -43.043  -13.405  71.576 0.0000000000
213698  -43.003  -13.658  71.237 0.0000000000
101190  -42.975  -13.623  70.702 0.0000000000
102530  -43.088  -13.226  70.295 0.0000000000
82292  -20.903  -24.071  80.565 0.0000000000
83807  -20.828  -23.989  81.140 0.0000000000
83802  -20.817  -24.091  81.627 0.0000000000
79458  -22.298  -24.865  81.915 0.0000000000
106415  -47.142  -10.872  65.624 0.0000000000
105183  -46.944  -11.415  65.707 0.0000000000
105189  -47.152  -11.573  65.243 0.0000000000
111641  -47.329  -8.388  63.539 0.0000000000
111632  -47.213  -8.251  64.185 0.0000000000
111633  -47.757  -8.103  63.787 0.0000000000
219173  -48.718  -7.559  63.381 0.0000000000
113953  -49.053  -7.381  63.289 0.0000000000
112848  -50.537  -7.324  61.636 0.0000000000
111650  -50.240  -7.466  61.997 0.0000000000
114108  -46.020  -6.546  52.894 0.0000000000
228344  -45.382  -6.349  53.070 0.0000000000
112944  -45.818  -7.071  53.524 0.0000000000
112937  -45.838  -7.097  54.011 0.0000000000
112938  -46.264  -7.338  54.357 0.0000000000
112933  -46.327  -6.618  54.784 0.0000000000
112934  -47.059  -7.678  55.094 0.0000000000
112927  -47.507  -7.445  55.561 0.0000000000
111740  -48.097  -7.673  56.008 0.0000000000
110472  -49.167  -8.267  56.209 0.0000000000
208303  -48.533  0.636  53.167 0.0000000000
126268  -49.124  1.021  53.438 0.0000000000
212279  -48.954  0.452  52.596 0.0000000000
126278  -49.613  0.683  52.149 0.0000000000
126287  -50.077  0.775  51.635 0.0000000000
126297  -50.030  0.579  51.009 0.0000000000
127322  -50.585  0.917  51.259 0.0000000000
127324  -51.672  0.671  50.731 0.0000000000
105117  -42.783  -11.833  70.750 0.0000000000
106346  -42.579  -11.044  71.035 0.0000000000
107657  -42.454  -10.386  70.953 0.0000000000
108931  -42.502  -9.959  70.540 0.0000000000
107655  -41.924  -10.176  71.118 0.0000000000
108930  -42.121  -9.881  70.658 0.0000000000
108945  -42.400  -9.511  70.269 0.0000000000
110246  -42.301  -9.209  69.861 0.0000000000
108969  -41.837  -9.285  69.010 0.0000000000
110276  -41.727  -9.363  68.411 0.0000000000
82280  -22.895  -24.022  80.937 0.0000000000
79461  -24.433  -24.536  81.080 0.0000000000
82297  -24.006  -24.056  80.354 0.0000000000
82298  -24.656  -24.134  80.656 0.0000000000
80819  -26.150  -24.684  80.182 0.0000000000
80820  -26.423  -24.942  79.848 0.0000000000
79498  -26.662  -25.165  78.963 0.0000000000
78278  -26.804  -25.549  78.526 0.0000000000
83834  -32.903  -23.432  76.836 0.0000000000
230045  -36.830  -21.549  75.610 0.0000000000
242943  -37.380  -21.339  75.829 0.0000000000
213322  -37.852  -21.819  76.039 0.0000000000
85290  -38.243  -21.779  75.996 0.0000000000
86650  -37.944  -21.412  76.113 0.0000000000
88045  -38.277  -20.694  76.122 0.0000000000
88046  -38.681  -20.424  75.926 0.0000000000
89335  -37.959  -20.038  76.083 0.0000000000
89336  -38.066  -19.927  76.045 0.0000000000
89338  -38.776  -20.031  75.816 0.0000000000
207769  -39.149  -19.587  75.445 0.0000000000
90602  -39.236  -19.172  75.543 0.0000000000
90603  -39.566  -18.914  75.055 0.0000000000
98387  -38.825  -15.267  72.356 0.0000000000
98370  -38.627  -15.485  73.161 0.0000000000
99719  -39.290  -14.844  73.072 0.0000000000
210595  -39.495  -14.864  73.565 0.0000000000
99691  -39.940  -14.593  73.968 0.0000000000
101134  -40.213  -13.545  72.871 0.0000000000
102419  -40.563  -13.494  73.777 0.0000000000
101102  -40.265  -14.024  73.981 0.0000000000
102407  -40.787  -13.782  74.094 0.0000000000
99692  -41.230  -14.163  74.086 0.0000000000
99693  -41.664  -14.215  73.798 0.0000000000
99706  -42.081  -14.317  73.415 0.0000000000
215536  -42.070  -13.353  73.630 0.0000000000
102441  -42.377  -13.292  73.277 0.0000000000
102455  -42.342  -12.756  73.120 0.0000000000
105076  -42.072  -12.029  73.116 0.0000000000
103862  -42.185  -12.280  72.930 0.0000000000
103863  -42.595  -12.801  72.596 0.0000000000
105087  -42.449  -12.205  72.158 0.0000000000
82307  -21.092  -24.076  79.832 0.0000000000
240208  -22.333  -24.046  80.550 0.0000000000
107705  -45.489  -9.598  68.035 0.0000000000
106403  -45.967  -10.360  67.334 0.0000000000
107719  -45.868  -9.662  67.682 0.0000000000
106404  -46.410  -10.189  66.893 0.0000000000
107740  -46.803  -10.017  66.475 0.0000000000
110317  -46.260  -8.765  66.765 0.0000000000
107730  -46.817  -9.372  66.622 0.0000000000
107741  -47.118  -10.152  65.961 0.0000000000
106423  -47.417  -10.235  65.520 0.0000000000
107756  -47.813  -9.690  65.331 0.0000000000
107778  -47.970  -10.138  64.867 0.0000000000
112840  -49.074  -7.062  61.755 0.0000000000
113984  -49.384  -6.556  61.869 0.0000000000
113993  -49.766  -6.113  61.940 0.0000000000
115120  -50.110  -5.949  61.947 0.0000000000
115122  -50.290  -5.998  61.996 0.0000000000
116297  -50.121  -5.342  60.805 0.0000000000
115136  -50.393  -5.926  61.375 0.0000000000
113994  -50.444  -6.331  61.702 0.0000000000
112855  -50.736  -7.555  61.095 0.0000000000
121399  -44.799  -2.544  54.905 0.0000000000
120132  -44.954  -3.268  54.610 0.0000000000
120133  -45.106  -3.063  53.756 0.0000000000
118859  -45.299  -4.285  52.990 0.0000000000
117606  -45.403  -4.937  52.859 0.0000000000
116391  -46.533  -5.247  52.734 0.0000000000
215187  -46.116  -5.800  52.698 0.0000000000
233096  -46.094  -6.327  52.769 0.0000000000
112955  -46.714  -7.258  52.927 0.0000000000
234525  -47.380  -8.101  53.096 0.0000000000
229832  -40.904  -12.240  70.957 0.0000000000
103916  -40.919  -12.155  70.294 0.0000000000
102529  -40.876  -12.710  69.886 0.0000000000
98386  -38.561  -15.643  72.155 0.0000000000
99744  -39.087  -15.057  72.025 0.0000000000
99745  -39.939  -14.427  71.830 0.0000000000
99753  -40.228  -14.118  71.348 0.0000000000
101179  -40.509  -13.446  71.455 0.0000000000
102499  -40.791  -12.804  71.226 0.0000000000
109054  -45.247  -9.417  64.813 0.0000000000
110351  -45.608  -9.063  65.165 0.0000000000
207979  -45.932  -9.101  64.215 0.0000000000
218877  -46.583  -8.757  63.767 0.0000000000
111654  -47.605  -8.382  62.445 0.0000000000
111655  -48.143  -8.093  62.062 0.0000000000
112846  -48.603  -7.629  61.677 0.0000000000
112854  -48.822  -7.354  60.658 0.0000000000
112861  -48.876  -6.968  60.213 0.0000000000
114014  -49.025  -6.312  60.138 0.0000000000
114028  -47.937  -6.182  58.995 0.0000000000
116305  -48.693  -5.286  59.463 0.0000000000
116316  -48.180  -5.098  58.910 0.0000000000
116329  -47.824  -4.637  58.489 0.0000000000
118815  -47.689  -4.147  57.725 0.0000000000
122653  -43.369  -1.610  53.845 0.0000000000
121393  -44.310  -1.945  55.014 0.0000000000
122639  -44.688  -1.795  54.959 0.0000000000
122654  -45.417  -2.000  54.318 0.0000000000
121426  -46.362  -2.583  53.370 0.0000000000
123927  -46.337  -0.831  54.928 0.0000000000
122656  -46.624  -1.812  54.050 0.0000000000
217044  -46.963  -2.894  53.194 0.0000000000
236188  -47.499  -3.200  53.177 0.0000000000
118863  -48.335  -3.943  53.460 0.0000000000
116395  -49.256  -5.220  52.870 0.0000000000
122659  -48.960  -1.822  53.699 0.0000000000
127270  -49.738  1.055  54.009 0.0000000000
126249  -50.401  0.117  54.069 0.0000000000
123947  -50.989  -0.644  53.635 0.0000000000
125152  -51.871  0.150  52.641 0.0000000000
123960  -51.504  -0.696  53.281 0.0000000000
103947  -43.533  -12.377  68.908 0.0000000000
103952  -43.758  -12.353  68.236 0.0000000000
103953  -44.104  -11.962  67.849 0.0000000000
106389  -44.665  -10.664  68.216 0.0000000000
106355  -43.252  -11.082  69.944 0.0000000000
107682  -43.596  -9.730  69.623 0.0000000000
107692  -43.903  -10.147  69.217 0.0000000000
223796  -44.252  -10.260  68.818 0.0000000000
107703  -44.693  -10.059  68.500 0.0000000000
107704  -45.102  -9.546  68.337 0.0000000000
108982  -45.286  -9.037  68.182 0.0000000000
110281  -45.132  -8.639  68.107 0.0000000000
110297  -45.287  -8.516  67.624 0.0000000000
111545  -44.873  -8.421  68.041 0.0000000000
111546  -44.980  -8.409  67.882 0.0000000000
111570  -45.177  -8.517  67.362 0.0000000000
109039  -44.805  -9.387  65.848 0.0000000000
238234  -40.932  -11.864  69.975 0.0000000000
211981  -40.985  -10.974  69.411 0.0000000000
105154  -40.962  -11.149  68.239 0.0000000000
106373  -41.024  -10.614  68.819 0.0000000000
107702  -41.143  -10.083  68.454 0.0000000000
108981  -41.433  -9.647  68.136 0.0000000000
110275  -41.650  -9.526  67.986 0.0000000000
108997  -41.758  -9.527  67.638 0.0000000000
110311  -42.219  -9.387  67.515 0.0000000000
109053  -44.694  -9.670  65.150 0.0000000000
78237  -21.489  -25.453  79.743 0.0000000000
239580  -21.686  -25.470  79.549 0.0000000000
78213  -24.870  -25.156  80.822 0.0000000000
78226  -25.049  -25.308  80.659 0.0000000000
79503  -26.674  -24.984  78.276 0.0000000000
78289  -27.190  -26.158  77.640 0.0000000000
74685  -27.944  -27.379  76.178 0.0000000000
75823  -28.683  -26.913  75.941 0.0000000000
74707  -28.157  -27.425  75.525 0.0000000000
75853  -28.444  -27.237  75.195 0.0000000000
78315  -31.464  -25.550  75.485 0.0000000000
239040  -31.875  -25.625  75.548 0.0000000000
78326  -32.109  -25.665  75.450 0.0000000000
79556  -34.641  -25.050  75.593 0.0000000000
79572  -34.881  -24.988  75.079 0.0000000000
85283  -32.790  -22.721  76.463 0.0000000000
83835  -33.539  -23.474  76.862 0.0000000000
85300  -34.466  -22.307  75.804 0.0000000000
85285  -33.854  -22.637  76.471 0.0000000000
83836  -34.019  -23.309  76.690 0.0000000000
82357  -34.131  -23.812  76.743 0.0000000000
80866  -34.179  -23.902  76.738 0.0000000000
80867  -35.233  -24.387  76.605 0.0000000000
79529  -35.613  -24.660  76.342 0.0000000000
80887  -36.599  -24.292  76.398 0.0000000000
79530  -36.282  -24.585  76.174 0.0000000000
79545  -36.056  -24.746  75.907 0.0000000000
79560  -37.012  -24.846  75.324 0.0000000000
86686  -38.966  -21.953  75.431 0.0000000000
85324  -39.575  -22.756  74.740 0.0000000000
88064  -39.483  -21.349  74.787 0.0000000000
86702  -39.450  -22.145  74.882 0.0000000000
85325  -39.831  -22.579  74.533 0.0000000000
91990  -38.056  -18.731  73.579 0.0000000000
207218  -38.091  -18.224  74.033 0.0000000000
91977  -38.073  -18.246  74.831 0.0000000000
93285  -38.111  -18.195  75.003 0.0000000000
93277  -39.036  -18.190  75.996 0.0000000000
93278  -39.267  -18.044  75.653 0.0000000000
220171  -39.714  -18.169  75.005 0.0000000000
230996  -38.838  -15.433  73.984 0.0000000000
98354  -38.921  -15.898  74.530 0.0000000000
98346  -39.321  -15.948  74.829 0.0000000000
98348  -40.133  -15.039  74.950 0.0000000000
97015  -39.700  -16.119  75.304 0.0000000000
95824  -39.325  -16.580  75.515 0.0000000000
94600  -39.758  -17.280  75.431 0.0000000000
93297  -40.085  -17.634  74.861 0.0000000000
213896  -39.719  -18.342  74.851 0.0000000000
91991  -40.326  -18.302  74.104 0.0000000000
91992  -40.948  -18.068  73.732 0.0000000000
92004  -41.172  -18.543  73.316 0.0000000000
92005  -42.005  -18.072  73.072 0.0000000000
222289  -42.632  -14.936  72.883 0.0000000000
213903  -42.768  -14.838  72.516 0.0000000000
98388  -42.776  -15.568  72.219 0.0000000000
219570  -43.041  -14.147  71.931 0.0000000000
226214  -42.724  -14.893  72.098 0.0000000000
98395  -42.595  -15.298  71.939 0.0000000000
99768  -42.535  -14.252  69.969 0.0000000000
99769  -42.785  -13.870  70.268 0.0000000000
78208  -21.135  -25.125  81.418 0.0000000000
210021  -21.534  -25.225  80.522 0.0000000000
105166  -45.689  -11.120  67.053 0.0000000000
111622  -45.969  -8.885  64.974 0.0000000000
111623  -46.502  -8.539  65.008 0.0000000000
225128  -47.224  -8.308  65.365 0.0000000000
112798  -47.634  -8.085  64.398 0.0000000000
111625  -47.889  -8.175  64.839 0.0000000000
111610  -47.647  -8.254  65.313 0.0000000000
110353  -48.196  -8.550  64.872 0.0000000000
109056  -48.371  -9.173  64.660 0.0000000000
212997  -48.742  -9.963  64.076 0.0000000000
113977  -49.531  -6.765  62.606 0.0000000000
113965  -49.551  -6.953  62.861 0.0000000000
112815  -49.580  -7.829  63.621 0.0000000000
111643  -49.911  -7.929  62.914 0.0000000000
110372  -49.363  -8.385  63.648 0.0000000000
109067  -49.117  -9.016  63.963 0.0000000000
107788  -49.126  -9.589  63.832 0.0000000000
107797  -48.958  -10.279  63.681 0.0000000000
114060  -46.042  -6.198  57.563 0.0000000000
116342  -46.350  -4.806  57.425 0.0000000000
217507  -46.492  -4.356  57.030 0.0000000000
117563  -47.578  -4.360  56.949 0.0000000000
118843  -44.833  -3.626  55.122 0.0000000000
117589  -44.979  -4.003  54.798 0.0000000000
118834  -44.260  -3.768  55.366 0.0000000000
234485  -44.974  -5.382  53.349 0.0000000000
117590  -45.049  -4.210  54.858 0.0000000000
201565  -44.633  -4.529  54.282 0.0000000000
114081  -45.032  -4.954  55.320 0.0000000000
115226  -45.655  -4.465  55.700 0.0000000000
114083  -46.336  -5.884  55.198 0.0000000000
115228  -46.714  -5.617  55.583 0.0000000000
116362  -46.145  -4.258  56.186 0.0000000000
116363  -46.920  -4.616  56.335 0.0000000000
116351  -47.887  -4.505  56.885 0.0000000000
116352  -48.529  -4.800  57.080 0.0000000000
115211  -49.415  -5.900  57.205 0.0000000000
114069  -49.819  -6.629  57.211 0.0000000000
210050  -50.632  -8.153  57.225 0.0000000000
234183  -49.661  -8.106  56.664 0.0000000000
111744  -50.794  -8.611  56.868 0.0000000000
110453  -51.301  -8.870  56.926 0.0000000000
74697  -28.215  -27.316  75.844 0.0000000000
75872  -28.213  -27.200  74.711 0.0000000000
75873  -28.824  -27.093  74.767 0.0000000000
78228  -26.178  -25.317  81.008 0.0000000000
78240  -24.921  -25.577  79.856 0.0000000000
78242  -25.884  -25.778  79.891 0.0000000000
78256  -26.486  -25.322  79.695 0.0000000000
78267  -26.617  -25.589  79.023 0.0000000000
78303  -34.001  -24.997  76.288 0.0000000000
78318  -34.089  -25.024  76.173 0.0000000000
79460  -23.904  -24.647  81.025 0.0000000000
79472  -25.546  -25.094  81.057 0.0000000000
79479  -25.888  -25.141  80.939 0.0000000000
79480  -25.958  -24.963  80.850 0.0000000000
79486  -26.303  -24.930  80.241 0.0000000000
79492  -26.454  -25.030  79.949 0.0000000000
79510  -33.457  -24.410  76.821 0.0000000000
79512  -34.238  -24.421  76.715 0.0000000000
79513  -34.784  -24.363  76.685 0.0000000000
79544  -35.329  -24.859  75.887 0.0000000000
79546  -36.677  -24.753  75.792 0.0000000000
79559  -36.426  -24.824  75.538 0.0000000000
80791  -22.451  -24.210  81.777 0.0000000000
80792  -22.275  -24.474  81.985 0.0000000000
80793  -23.107  -24.402  81.345 0.0000000000
80794  -23.815  -24.226  80.933 0.0000000000
80801  -22.683  -24.050  81.543 0.0000000000
80802  -25.429  -24.923  81.058 0.0000000000
80812  -26.059  -24.821  80.584 0.0000000000
80864  -33.765  -24.054  76.870 0.0000000000
80869  -36.353  -23.879  76.674 0.0000000000
80888  -37.295  -24.237  76.359 0.0000000000
82281  -23.865  -24.148  80.792 0.0000000000
82282  -24.302  -24.215  80.818 0.0000000000
82283  -25.004  -24.220  80.884 0.0000000000
82294  -22.045  -24.059  80.219 0.0000000000
82296  -23.173  -24.092  80.416 0.0000000000
82299  -25.127  -24.066  80.582 0.0000000000
82314  -26.232  -24.411  80.078 0.0000000000
82354  -32.890  -23.782  76.871 0.0000000000
82356  -33.792  -23.830  76.852 0.0000000000
82417  -39.270  -23.536  74.845 0.0000000000
82431  -40.098  -23.330  74.410 0.0000000000
82443  -40.147  -23.632  74.390 0.0000000000
83803  -21.209  -23.985  81.386 0.0000000000
83816  -20.678  -24.040  80.980 0.0000000000
83817  -21.179  -24.053  80.881 0.0000000000
83818  -21.746  -24.102  80.845 0.0000000000
83841  -37.434  -22.876  76.520 0.0000000000
83842  -37.807  -22.562  76.267 0.0000000000
83849  -33.798  -22.815  76.573 0.0000000000
83850  -34.141  -22.893  76.517 0.0000000000
83851  -34.670  -22.917  76.377 0.0000000000
83872  -39.155  -23.074  75.117 0.0000000000
85273  -35.633  -22.794  76.064 0.0000000000
85275  -37.168  -22.411  76.060 0.0000000000
85278  -38.125  -21.362  76.080 0.0000000000
85314  -38.979  -22.567  75.471 0.0000000000
86651  -38.042  -21.104  76.172 0.0000000000
86659  -37.662  -20.791  76.104 0.0000000000
86672  -36.292  -21.828  75.548 0.0000000000
88036  -37.951  -20.869  76.198 0.0000000000
88059  -37.289  -20.865  74.954 0.0000000000
88079  -37.429  -20.874  73.276 0.0000000000
89337  -38.420  -20.074  76.033 0.0000000000
89347  -37.726  -20.195  74.895 0.0000000000
90593  -38.786  -19.641  75.803 0.0000000000
90601  -37.959  -19.511  75.473 0.0000000000
90611  -39.410  -19.295  75.273 0.0000000000
90624  -38.030  -19.347  73.827 0.0000000000
91925  -38.185  -18.936  75.558 0.0000000000
91947  -37.954  -19.032  75.135 0.0000000000
91948  -38.091  -18.301  75.064 0.0000000000
91949  -39.327  -18.327  75.606 0.0000000000
91993  -41.494  -17.864  73.366 0.0000000000
93276  -38.561  -18.108  75.569 0.0000000000
93286  -38.268  -17.883  75.283 0.0000000000
93288  -39.719  -18.078  75.354 0.0000000000
93296  -38.061  -17.878  74.938 0.0000000000
93305  -40.140  -17.984  74.551 0.0000000000
93323  -37.946  -17.462  73.201 0.0000000000
93335  -42.834  -17.618  72.776 0.0000000000
94587  -38.606  -17.741  75.499 0.0000000000
94599  -39.276  -17.208  75.588 0.0000000000
94610  -38.060  -17.387  74.716 0.0000000000
94626  -40.951  -17.004  74.319 0.0000000000
94641  -42.459  -16.714  73.154 0.0000000000
94651  -42.780  -17.045  72.992 0.0000000000
94661  -37.620  -17.009  72.388 0.0000000000
95825  -40.004  -16.729  75.661 0.0000000000
95831  -38.174  -17.032  74.499 0.0000000000
95833  -40.237  -16.643  75.213 0.0000000000
95842  -38.315  -16.713  74.349 0.0000000000
95844  -41.577  -16.270  74.054 0.0000000000
97013  -38.777  -16.321  74.910 0.0000000000
97014  -39.236  -16.265  75.175 0.0000000000
97016  -40.019  -15.810  75.188 0.0000000000
97017  -40.402  -15.636  74.959 0.0000000000
97024  -41.059  -15.800  74.831 0.0000000000
97031  -38.355  -16.187  74.008 0.0000000000
97037  -38.200  -16.321  73.827 0.0000000000
97039  -42.153  -15.789  73.384 0.0000000000
97045  -38.307  -15.920  72.959 0.0000000000
97051  -38.238  -15.969  72.410 0.0000000000
98349  -40.207  -15.316  74.806 0.0000000000
98355  -39.403  -15.354  74.507 0.0000000000
98356  -41.210  -15.177  74.570 0.0000000000
98371  -39.015  -15.165  73.339 0.0000000000
98380  -38.851  -15.150  72.861 0.0000000000
98394  -39.394  -14.854  71.676 0.0000000000
99661  -40.789  -15.074  74.662 0.0000000000
99676  -40.979  -14.884  74.572 0.0000000000
99677  -41.178  -14.981  74.575 0.0000000000
99705  -39.302  -15.068  73.955 0.0000000000
99733  -39.658  -14.527  72.759 0.0000000000
99746  -40.225  -13.885  71.852 0.0000000000
101086  -40.194  -13.909  74.094 0.0000000000
101087  -40.762  -14.312  74.375 0.0000000000
101103  -40.615  -13.754  74.053 0.0000000000
101104  -41.565  -13.763  73.895 0.0000000000
101116  -40.274  -14.005  73.714 0.0000000000
101117  -42.022  -13.878  73.497 0.0000000000
101118  -42.265  -13.820  73.330 0.0000000000
101135  -42.570  -13.945  72.986 0.0000000000
101170  -43.014  -13.399  71.875 0.0000000000
102408  -41.016  -13.915  74.091 0.0000000000
102422  -41.350  -13.543  73.972 0.0000000000
102437  -40.431  -13.311  73.461 0.0000000000
102514  -40.632  -13.278  70.765 0.0000000000
103849  -40.846  -12.598  73.546 0.0000000000
103861  -40.907  -12.320  73.174 0.0000000000
105068  -41.702  -11.935  73.033 0.0000000000
105075  -41.488  -11.810  72.993 0.0000000000
105097  -42.176  -11.625  72.096 0.0000000000
105116  -40.947  -11.592  70.259 0.0000000000
106391  -45.616  -10.123  67.774 0.0000000000
106466  -48.641  -10.956  63.448 0.0000000000
107681  -41.359  -10.347  70.069 0.0000000000
107694  -44.776  -9.452  68.543 0.0000000000
107720  -46.241  -9.677  67.293 0.0000000000
107742  -47.401  -9.579  65.786 0.0000000000
107757  -48.185  -9.501  64.804 0.0000000000
107779  -48.316  -10.004  64.422 0.0000000000
108958  -41.924  -9.343  69.682 0.0000000000
108999  -46.300  -9.202  67.180 0.0000000000
109014  -43.225  -9.363  67.174 0.0000000000
109016  -46.491  -9.103  66.928 0.0000000000
109066  -48.698  -9.381  64.283 0.0000000000
109068  -49.405  -8.992  63.376 0.0000000000
110248  -43.196  -9.167  69.807 0.0000000000
110255  -43.557  -8.838  69.359 0.0000000000
110263  -42.203  -9.028  69.311 0.0000000000
110266  -44.104  -8.900  69.120 0.0000000000
110268  -44.883  -8.827  68.425 0.0000000000
110316  -45.747  -8.582  67.227 0.0000000000
110333  -47.195  -8.994  66.032 0.0000000000
110352  -47.950  -8.785  65.213 0.0000000000
110362  -45.977  -8.912  64.741 0.0000000000
110370  -46.247  -9.003  63.826 0.0000000000
110373  -49.610  -8.311  63.157 0.0000000000
110386  -50.150  -8.149  62.317 0.0000000000
110473  -49.851  -8.455  56.463 0.0000000000
110476  -51.882  -9.299  56.550 0.0000000000
110504  -46.795  -8.309  53.807 0.0000000000
110522  -47.623  -8.388  53.246 0.0000000000
111532  -43.966  -8.642  68.538 0.0000000000
111544  -43.916  -8.599  68.183 0.0000000000
111558  -44.337  -8.541  67.831 0.0000000000
111559  -44.788  -8.458  67.666 0.0000000000
111608  -46.410  -8.668  65.542 0.0000000000
111609  -46.923  -8.391  65.349 0.0000000000
111624  -47.495  -8.102  64.765 0.0000000000
111627  -48.950  -8.006  63.968 0.0000000000
111634  -49.123  -8.135  63.859 0.0000000000
111635  -49.563  -8.020  63.303 0.0000000000
111647  -47.619  -8.313  63.004 0.0000000000
111656  -50.319  -7.642  61.896 0.0000000000
111661  -48.629  -7.691  61.110 0.0000000000
111669  -50.817  -7.765  60.108 0.0000000000
111715  -50.920  -8.292  57.478 0.0000000000
111728  -50.274  -7.762  57.172 0.0000000000
111729  -50.655  -7.880  57.401 0.0000000000
111730  -51.259  -8.705  57.291 0.0000000000
111741  -48.661  -7.867  56.232 0.0000000000
111742  -49.716  -7.764  56.961 0.0000000000
111743  -50.221  -8.226  56.902 0.0000000000
111749  -47.490  -7.961  55.248 0.0000000000
111750  -47.903  -8.007  55.516 0.0000000000
111751  -48.460  -8.147  55.785 0.0000000000
111758  -47.751  -8.277  55.108 0.0000000000
111765  -46.151  -7.554  53.842 0.0000000000
111773  -46.544  -7.918  53.639 0.0000000000
111778  -47.046  -8.157  53.364 0.0000000000
112800  -48.603  -7.961  64.138 0.0000000000
112824  -48.342  -7.799  63.373 0.0000000000
112826  -49.501  -7.375  63.163 0.0000000000
112827  -49.912  -7.642  63.006 0.0000000000
112841  -50.531  -7.102  61.999 0.0000000000
112847  -48.998  -7.162  61.281 0.0000000000
112849  -50.822  -7.067  61.128 0.0000000000
112856  -50.869  -7.390  60.654 0.0000000000
112891  -51.067  -7.527  58.467 0.0000000000
112910  -50.331  -7.253  57.305 0.0000000000
112926  -46.858  -6.908  55.229 0.0000000000
112932  -45.889  -6.528  54.358 0.0000000000
112945  -46.260  -7.502  53.447 0.0000000000
112954  -45.693  -6.764  53.154 0.0000000000
112958  -49.823  -6.591  52.501 0.0000000000
113966  -49.908  -7.086  63.226 0.0000000000
113979  -50.084  -6.704  62.431 0.0000000000
113980  -50.212  -6.867  62.274 0.0000000000
113986  -50.415  -6.654  61.982 0.0000000000
113992  -49.329  -6.475  61.618 0.0000000000
114002  -50.738  -6.184  60.869 0.0000000000
114070  -50.494  -6.567  57.772 0.0000000000
114084  -46.935  -6.309  55.468 0.0000000000
114109  -46.347  -6.763  52.815 0.0000000000
114113  -49.662  -6.177  52.551 0.0000000000
115104  -49.891  -5.916  62.204 0.0000000000
115121  -50.267  -5.997  62.245 0.0000000000
115134  -49.350  -6.020  61.231 0.0000000000
115150  -49.760  -5.555  61.237 0.0000000000
115151  -50.574  -5.664  60.912 0.0000000000
115152  -50.774  -6.076  60.440 0.0000000000
115163  -48.593  -5.927  59.510 0.0000000000
115166  -50.919  -5.966  59.818 0.0000000000
115178  -48.098  -5.535  59.025 0.0000000000
115180  -50.913  -6.221  58.916 0.0000000000
115190  -50.708  -5.847  58.611 0.0000000000
115200  -46.200  -5.414  57.545 0.0000000000
115201  -50.249  -5.838  57.901 0.0000000000
115202  -50.561  -6.228  58.165 0.0000000000
115208  -45.425  -5.338  56.959 0.0000000000
115209  -48.194  -5.166  56.693 0.0000000000
115219  -46.404  -4.804  55.841 0.0000000000
115222  -48.203  -5.756  56.446 0.0000000000
115249  -45.186  -5.707  53.054 0.0000000000
115251  -46.663  -6.240  52.709 0.0000000000
115253  -48.088  -5.791  52.966 0.0000000000
115255  -49.466  -5.709  52.645 0.0000000000
115262  -49.908  -5.840  52.265 0.0000000000
116275  -49.915  -5.804  61.832 0.0000000000
116276  -50.193  -5.928  61.505 0.0000000000
116286  -49.909  -5.812  61.503 0.0000000000
116288  -50.334  -5.560  60.891 0.0000000000
116295  -49.558  -5.253  60.604 0.0000000000
116298  -50.400  -5.330  60.648 0.0000000000
116306  -49.174  -5.180  59.998 0.0000000000
116307  -50.521  -5.105  60.057 0.0000000000
116315  -47.681  -5.227  58.562 0.0000000000
116318  -50.741  -5.170  59.499 0.0000000000
116328  -47.234  -4.856  58.149 0.0000000000
116331  -50.583  -5.118  58.835 0.0000000000
116341  -45.871  -4.839  57.189 0.0000000000
116345  -50.427  -5.477  58.291 0.0000000000
116350  -45.492  -4.894  57.082 0.0000000000
116353  -49.198  -5.159  57.347 0.0000000000
116354  -49.829  -5.496  57.622 0.0000000000
116364  -47.575  -4.736  56.584 0.0000000000
116369  -45.982  -4.096  55.877 0.0000000000
116388  -45.341  -5.121  52.928 0.0000000000
116389  -45.526  -5.530  52.792 0.0000000000
116390  -45.935  -5.159  52.729 0.0000000000
116392  -47.219  -5.290  52.857 0.0000000000
117506  -49.931  -4.945  60.296 0.0000000000
117515  -49.199  -4.982  59.935 0.0000000000
117516  -49.721  -4.512  59.890 0.0000000000
117517  -50.009  -4.508  59.789 0.0000000000
117518  -50.346  -4.711  59.750 0.0000000000
117526  -48.434  -4.422  58.895 0.0000000000
117528  -50.181  -4.313  59.023 0.0000000000
117538  -46.824  -4.506  57.643 0.0000000000
117539  -47.456  -4.465  58.112 0.0000000000
117540  -48.144  -4.113  58.358 0.0000000000
117541  -48.686  -4.104  58.798 0.0000000000
117542  -50.063  -4.383  58.554 0.0000000000
117543  -50.355  -4.621  58.795 0.0000000000
117552  -47.047  -4.199  57.410 0.0000000000
117554  -49.307  -4.289  57.890 0.0000000000
117560  -45.700  -4.435  57.101 0.0000000000
117561  -46.115  -4.229  56.790 0.0000000000
117562  -46.856  -4.293  56.982 0.0000000000
117564  -48.244  -4.356  57.264 0.0000000000
117565  -48.908  -4.569  57.518 0.0000000000
117572  -47.176  -4.319  56.801 0.0000000000
117608  -46.370  -4.677  52.758 0.0000000000
117609  -46.862  -4.086  52.911 0.0000000000
117610  -48.957  -4.592  53.477 0.0000000000
117611  -49.198  -4.710  53.219 0.0000000000
118784  -50.124  -4.139  59.135 0.0000000000
118792  -49.062  -4.052  58.962 0.0000000000
118793  -49.560  -4.004  59.032 0.0000000000
118802  -48.361  -3.957  58.001 0.0000000000
118804  -49.309  -3.952  58.636 0.0000000000
118814  -47.387  -4.135  57.312 0.0000000000
118816  -48.790  -3.940  57.975 0.0000000000
118817  -49.587  -4.135  58.337 0.0000000000
118822  -47.980  -4.135  57.466 0.0000000000
118849  -44.980  -3.818  54.343 0.0000000000
118858  -45.040  -3.985  53.322 0.0000000000
118861  -46.204  -3.640  52.885 0.0000000000
118862  -46.900  -3.444  53.022 0.0000000000
118864  -48.888  -4.113  53.485 0.0000000000
120126  -44.609  -3.075  55.186 0.0000000000
120135  -48.843  -3.162  53.483 0.0000000000
120148  -45.665  -3.281  52.999 0.0000000000
121400  -44.996  -2.185  54.610 0.0000000000
121405  -44.998  -2.729  54.406 0.0000000000
121407  -45.829  -2.316  53.710 0.0000000000
121408  -46.375  -2.167  53.709 0.0000000000
121409  -47.038  -2.332  53.555 0.0000000000
121412  -49.166  -2.260  53.484 0.0000000000
121424  -45.344  -3.019  53.304 0.0000000000
122634  -44.663  -1.185  54.940 0.0000000000
122635  -45.066  -0.839  55.009 0.0000000000
122638  -43.710  -1.610  54.657 0.0000000000
122644  -48.228  -1.303  54.230 0.0000000000
122645  -49.329  -0.838  54.086 0.0000000000
122647  -50.104  -0.807  53.933 0.0000000000
122655  -45.995  -1.855  54.152 0.0000000000
122657  -47.326  -1.818  53.969 0.0000000000
123919  -44.628  -0.702  54.827 0.0000000000
123921  -46.577  -0.263  55.133 0.0000000000
123925  -43.928  -0.980  54.611 0.0000000000
123929  -47.700  -0.783  54.756 0.0000000000
123945  -44.520  -0.573  53.863 0.0000000000
123968  -51.892  -0.929  52.112 0.0000000000
123969  -52.368  -0.659  51.859 0.0000000000
125116  -45.119  -0.291  54.752 0.0000000000
125118  -46.897  0.150  55.105 0.0000000000
125119  -47.736  -0.094  54.987 0.0000000000
125120  -48.549  -0.156  54.640 0.0000000000
125122  -44.684  -0.423  54.556 0.0000000000
125124  -45.581  0.229  54.847 0.0000000000
125126  -49.225  -0.140  54.432 0.0000000000
125127  -49.910  -0.139  54.278 0.0000000000
125137  -45.040  -0.029  54.316 0.0000000000
125138  -45.339  0.263  54.343 0.0000000000
125141  -50.793  -0.261  53.778 0.0000000000
125147  -45.382  -0.147  53.722 0.0000000000
125151  -51.934  -0.515  52.750 0.0000000000
125158  -48.510  -0.124  52.065 0.0000000000
125166  -52.416  -0.096  51.783 0.0000000000
126234  -45.910  0.364  54.786 0.0000000000
126235  -46.542  0.356  54.839 0.0000000000
126244  -47.073  0.548  54.670 0.0000000000
126245  -47.805  0.605  54.696 0.0000000000
126246  -48.479  0.697  54.698 0.0000000000
126247  -49.205  0.586  54.512 0.0000000000
126260  -45.798  0.436  54.361 0.0000000000
126261  -48.456  0.914  53.748 0.0000000000
126262  -50.208  0.697  53.897 0.0000000000
126263  -50.762  0.234  53.688 0.0000000000
126267  -47.961  0.494  53.407 0.0000000000
126269  -49.502  0.942  52.855 0.0000000000
126270  -51.197  0.351  53.282 0.0000000000
126279  -50.133  0.944  52.171 0.0000000000
126288  -52.476  0.179  51.416 0.0000000000
127269  -49.317  1.025  54.175 0.0000000000
127282  -48.992  1.134  54.093 0.0000000000
127283  -49.489  1.206  53.880 0.0000000000
127284  -49.942  1.024  53.671 0.0000000000
127291  -50.255  0.954  53.118 0.0000000000
127293  -51.587  0.472  52.657 0.0000000000
127299  -49.945  1.007  52.691 0.0000000000
127302  -51.724  0.774  51.988 0.0000000000
127303  -52.125  0.517  51.675 0.0000000000
127311  -50.598  1.007  51.904 0.0000000000
127312  -51.197  0.985  51.631 0.0000000000
127323  -51.180  0.925  50.973 0.0000000000
201095  -45.471  -5.817  54.379 0.0000000000
201258  -45.105  -5.986  53.298 0.0000000000
201402  -44.935  -4.976  53.922 0.0000000000
202416  -47.922  0.797  53.895 0.0000000000
202520  -32.105  -25.732  74.981 0.0000000000
202935  -21.193  -24.016  79.171 0.0000000000
203019  -24.138  -25.397  79.830 0.0000000000
203067  -46.115  -7.165  53.076 0.0000000000
203253  -23.027  -24.089  80.923 0.0000000000
203623  -24.485  -23.893  80.064 0.0000000000
204377  -47.618  -3.691  53.125 0.0000000000
204420  -43.042  -13.890  72.215 0.0000000000
204714  -36.735  -22.687  76.078 0.0000000000
204736  -47.702  0.732  54.501 0.0000000000
207235  -48.288  -6.258  52.829 0.0000000000
207556  -22.242  -24.076  79.635 0.0000000000
208339  -51.775  -0.862  52.777 0.0000000000
209780  -40.093  -18.915  74.153 0.0000000000
210253  -46.155  -1.356  54.521 0.0000000000
211266  -32.956  -22.799  76.640 0.0000000000
211618  -47.197  -7.750  52.964 0.0000000000
212016  -37.760  -16.846  73.269 0.0000000000
212438  -39.210  -19.586  75.384 0.0000000000
212618  -49.132  -7.810  56.639 0.0000000000
213792  -47.391  -5.963  58.586 0.0000000000
213798  -49.321  -9.842  63.323 0.0000000000
214893  -47.856  -4.829  53.165 0.0000000000
215186  -46.715  -5.715  52.730 0.0000000000
215950  -51.067  -7.157  58.913 0.0000000000
216286  -38.748  -15.479  73.625 0.0000000000
217240  -40.740  -11.881  72.457 0.0000000000
217367  -26.557  -25.077  79.303 0.0000000000
219212  -48.991  -7.168  62.316 0.0000000000
219778  -39.111  -20.470  75.288 0.0000000000
220279  -51.025  -0.890  53.449 0.0000000000
220892  -40.638  -12.786  73.414 0.0000000000
221081  -50.482  -6.981  61.972 0.0000000000
224230  -50.238  -4.363  59.462 0.0000000000
224332  -38.652  -15.862  74.247 0.0000000000
225296  -39.934  -14.628  74.280 0.0000000000
225525  -42.943  -9.860  70.244 0.0000000000
226243  -39.909  -15.650  75.043 0.0000000000
226350  -38.097  -18.786  73.730 0.0000000000
226725  -41.106  -11.597  72.344 0.0000000000
227137  -46.421  -4.146  56.667 0.0000000000
227448  -24.628  -24.997  81.156 0.0000000000
227537  -48.036  -1.776  53.906 0.0000000000
227814  -44.435  -9.088  68.853 0.0000000000
227946  -39.996  -14.430  73.589 0.0000000000
227980  -25.133  -24.977  81.039 0.0000000000
228551  -49.631  -9.441  62.930 0.0000000000
229274  -48.078  -10.559  64.514 0.0000000000
229480  -48.452  -4.470  53.461 0.0000000000
230843  -48.556  -5.355  53.198 0.0000000000
230859  -21.246  -24.004  81.168 0.0000000000
230893  -50.380  -8.615  56.589 0.0000000000
230965  -47.265  -7.215  52.827 0.0000000000
231068  -38.590  -16.978  75.188 0.0000000000
231333  -35.019  -23.894  76.787 0.0000000000
231411  -39.615  -15.931  75.079 0.0000000000
231530  -45.464  -0.394  55.017 0.0000000000
232120  -47.679  -10.342  65.170 0.0000000000
232228  -45.212  -3.529  53.153 0.0000000000
232720  -45.420  -6.078  53.940 0.0000000000
232807  -48.403  -2.237  53.668 0.0000000000
233061  -41.960  -9.332  68.119 0.0000000000
233472  -42.459  -12.391  72.495 0.0000000000
233565  -48.780  -7.427  63.079 0.0000000000
233721  -51.654  -0.137  53.080 0.0000000000
233892  -48.812  -5.373  56.994 0.0000000000
234969  -46.670  -7.295  54.813 0.0000000000
235022  -26.968  -27.569  76.301 0.0000000000
235701  -41.397  -10.008  69.630 0.0000000000
236201  -50.360  -6.795  57.469 0.0000000000
236227  -51.031  -5.908  59.364 0.0000000000
236844  -49.504  -4.263  59.568 0.0000000000
236871  -38.080  -18.148  73.860 0.0000000000
237631  -20.959  -24.019  79.154 0.0000000000
237795  -51.918  -0.926  51.571 0.0000000000
238941  -36.665  -24.845  75.251 0.0000000000
239178  -33.679  -25.278  75.721 0.0000000000
239432  -23.685  -25.045  80.482 0.0000000000
240449  -22.040  -24.889  82.013 0.0000000000
240452  -41.019  -15.861  74.773 0.0000000000
241116  -40.662  -15.994  75.010 0.0000000000
241234  -46.461  -5.874  57.886 0.0000000000
241632  -44.244  -1.224  54.974 0.0000000000
241735  -23.006  -24.026  81.316 0.0000000000
242050  -42.367  -17.669  73.026 0.0000000000
242429  -37.840  -19.499  75.871 0.0000000000
243321  -41.479  -13.116  73.895 0.0000000000
