#!ascii label  , from subject sub-v2s5x29555_ses-1 vox2ras=TkReg
1636
103674  -19.358  -12.749  1.834 0.5555555820
103676  -20.490  -12.994  1.132 0.6666666865
104909  -21.137  -12.341  0.173 0.7777777910
104921  -21.913  -12.460  -0.142 0.7777777910
107493  -21.349  -10.802  -0.707 0.8888888955
107474  -23.111  -10.839  0.452 0.8888888955
103667  -18.704  -12.729  2.630 0.5555555820
104890  -19.228  -12.244  1.966 0.5555555820
106145  -19.621  -11.868  1.179 0.6666666865
106162  -20.264  -11.476  0.466 0.8888888955
106173  -22.247  -11.881  -0.386 0.8888888955
107495  -22.357  -11.167  -0.585 0.8888888955
224190  -23.303  -9.975  -0.377 1.0000000000
220915  -23.254  -10.234  0.349 0.8888888955
111240  -22.939  -8.806  0.426 1.0000000000
107466  -19.273  -10.721  1.607 0.7777777910
108730  -19.989  -9.955  0.147 1.0000000000
110003  -19.878  -9.075  -0.449 1.0000000000
110005  -20.661  -9.744  -0.968 1.0000000000
110015  -22.020  -8.826  -1.461 1.0000000000
110013  -20.809  -9.329  -1.186 1.0000000000
111264  -22.468  -8.756  -1.238 1.0000000000
112509  -21.843  -8.461  -1.791 1.0000000000
112510  -22.347  -8.410  -1.810 1.0000000000
112511  -22.691  -8.192  -1.357 1.0000000000
112492  -22.792  -8.264  0.065 1.0000000000
112517  -22.575  -8.009  -1.973 1.0000000000
230074  -22.913  -7.630  -0.886 1.0000000000
215161  -22.770  -7.693  0.654 1.0000000000
201791  -22.660  -6.450  -0.489 1.0000000000
222877  -22.637  -6.465  0.307 0.7777777910
112500  -20.039  -7.977  -0.560 0.8888888955
111262  -20.718  -8.885  -1.197 1.0000000000
112516  -22.217  -8.040  -2.141 1.0000000000
113678  -20.974  -7.822  -1.599 1.0000000000
113687  -21.971  -7.521  -2.380 1.0000000000
114808  -22.832  -7.003  -1.827 1.0000000000
114802  -22.836  -7.033  -1.102 1.0000000000
115908  -22.800  -6.367  -1.299 1.0000000000
115901  -22.439  -5.920  0.006 1.0000000000
115895  -22.734  -5.984  0.904 0.8888888955
117139  -22.513  -5.555  0.493 1.0000000000
117131  -22.762  -5.309  1.038 0.7777777910
117119  -23.469  -5.108  1.954 0.7777777910
115906  -19.660  -6.181  -0.671 0.5555555820
117150  -20.029  -5.100  -2.241 0.7777777910
114813  -20.468  -6.128  -1.959 0.8888888955
114823  -21.969  -6.499  -2.765 1.0000000000
114816  -22.252  -7.025  -2.612 1.0000000000
115927  -21.799  -6.005  -2.980 0.8888888955
115919  -22.413  -6.049  -2.864 1.0000000000
117158  -22.727  -5.740  -2.424 1.0000000000
117144  -22.451  -5.286  -0.931 1.0000000000
118392  -22.138  -4.626  0.131 0.8888888955
118396  -22.093  -4.612  -0.539 1.0000000000
227116  -22.094  -4.157  0.002 0.8888888955
119657  -23.241  -3.570  1.314 0.7777777910
119602  -24.107  -4.195  2.243 0.6666666865
119635  -23.940  -3.605  2.078 0.6666666865
118395  -19.377  -4.490  -0.536 0.4444444478
117149  -19.794  -5.114  -1.397 0.7777777910
118406  -19.887  -4.443  -2.147 0.6666666865
118412  -20.971  -4.614  -3.145 0.7777777910
118413  -21.775  -4.774  -3.112 0.8888888955
118414  -22.424  -5.169  -3.258 0.8888888955
210507  -22.678  -5.114  -2.272 1.0000000000
211742  -22.808  -4.073  -2.733 1.0000000000
118401  -22.674  -4.405  -1.959 1.0000000000
119674  -22.242  -3.877  -1.383 1.0000000000
119669  -22.417  -3.366  -0.715 0.8888888955
121002  -22.668  -3.185  0.150 0.7777777910
120985  -23.075  -3.419  0.719 0.7777777910
120925  -24.856  -3.276  2.527 0.5555555820
122194  -23.455  -2.426  1.078 0.7777777910
122169  -24.242  -2.457  1.847 0.6666666865
121014  -19.474  -3.486  -2.272 0.6666666865
119677  -19.392  -3.710  -1.523 0.6666666865
119684  -20.684  -4.100  -3.274 0.7777777910
121019  -20.093  -3.523  -3.006 0.7777777910
119685  -21.719  -4.358  -3.537 0.8888888955
119686  -22.651  -4.105  -3.532 0.8888888955
119693  -22.197  -3.877  -4.207 1.0000000000
121021  -22.928  -3.266  -3.370 1.0000000000
121015  -22.915  -3.412  -2.513 1.0000000000
223320  -22.293  -3.379  -1.638 0.8888888955
122227  -22.494  -2.249  -0.394 0.8888888955
122215  -22.737  -2.492  0.242 0.8888888955
122193  -22.959  -2.767  0.754 0.7777777910
123458  -22.297  -1.761  -0.851 0.8888888955
123441  -22.783  -1.839  0.276 0.7777777910
123442  -23.045  -1.489  0.758 0.7777777910
123401  -23.867  -2.117  1.462 0.7777777910
213748  -24.995  -1.810  2.081 0.6666666865
233496  -19.356  -2.892  -2.152 0.6666666865
121010  -19.322  -3.112  -1.549 0.5555555820
122241  -20.319  -3.018  -3.463 0.7777777910
212428  -21.042  -2.980  -4.175 0.8888888955
122247  -21.737  -2.780  -4.375 0.8888888955
122248  -22.168  -2.482  -4.170 1.0000000000
122242  -22.661  -2.746  -3.597 1.0000000000
223246  -22.357  -2.252  -2.365 1.0000000000
121011  -22.348  -2.929  -1.890 0.8888888955
124648  -22.840  -1.235  0.314 0.7777777910
214588  -23.693  -0.736  1.053 0.7777777910
124617  -24.400  -1.241  1.631 0.6666666865
124619  -25.412  -0.980  1.965 0.5555555820
205582  -25.592  -1.600  2.134 0.5555555820
122240  -19.933  -2.501  -3.322 0.7777777910
123479  -19.415  -1.603  -2.464 0.6666666865
234675  -20.514  -2.589  -3.897 0.8888888955
123492  -22.054  -1.654  -4.378 1.0000000000
123481  -22.455  -1.687  -3.159 1.0000000000
124688  -22.171  -1.159  -1.968 0.8888888955
123467  -22.193  -1.870  -1.719 0.8888888955
125829  -22.505  -0.163  -0.961 0.8888888955
231173  -22.405  -1.248  -0.597 0.8888888955
125783  -23.416  -0.250  0.775 0.7777777910
126877  -23.682  0.188  1.015 0.7777777910
125784  -23.915  -0.273  1.152 0.7777777910
125763  -25.250  -0.485  1.863 0.5555555820
201314  -23.078  0.831  -0.059 0.7777777910
126878  -24.804  0.227  1.513 0.5555555820
211925  -26.238  -0.033  1.864 0.5555555820
207264  -24.568  0.807  1.329 0.6666666865
125827  -19.080  -0.471  -1.446 0.4444444478
124695  -19.349  -0.954  -2.526 0.5555555820
124702  -20.139  -0.681  -3.720 0.7777777910
124708  -21.501  -0.907  -4.796 1.0000000000
233027  -20.755  -1.011  -4.205 0.8888888955
125859  -21.856  -0.444  -4.523 1.0000000000
241055  -22.306  -0.591  -2.910 0.8888888955
125838  -22.034  -0.167  -2.074 0.8888888955
222749  -22.149  -0.527  -2.256 0.8888888955
125839  -22.325  0.041  -1.629 0.8888888955
201108  -22.757  0.332  -0.508 0.8888888955
127864  -23.870  0.793  1.022 0.6666666865
126879  -25.235  0.816  1.746 0.5555555820
128907  -19.530  2.090  -3.291 0.6666666865
126954  -19.847  0.721  -3.510 0.6666666865
127931  -20.822  1.475  -4.062 0.7777777910
126957  -21.556  0.711  -3.817 0.8888888955
201525  -21.846  1.295  -3.410 0.7777777910
201446  -22.188  1.014  -2.844 0.7777777910
126939  -22.120  0.404  -2.345 0.8888888955
201549  -22.505  1.873  -2.534 0.7777777910
201109  -22.457  0.597  -1.766 0.8888888955
201458  -22.964  1.614  -1.149 0.7777777910
201545  -22.714  0.934  -1.552 0.7777777910
228424  -23.256  1.384  -0.406 0.6666666865
129870  -23.255  2.692  -0.882 0.6666666865
129841  -23.920  2.270  -0.067 0.6666666865
128848  -23.871  1.830  0.456 0.6666666865
127881  -24.029  1.378  0.730 0.5555555820
131838  -24.793  3.587  0.148 0.6666666865
130798  -24.794  3.058  0.472 0.5555555820
129824  -25.593  2.433  1.344 0.5555555820
127866  -25.442  1.478  1.673 0.4444444478
130799  -25.238  2.855  0.908 0.5555555820
201113  -20.316  3.145  -2.060 0.3333333433
201510  -20.508  2.467  -2.096 0.3333333433
201116  -19.838  3.056  -3.265 0.5555555820
201879  -20.212  2.592  -3.685 0.6666666865
228472  -20.350  3.359  -3.446 0.5555555820
201118  -20.990  2.337  -3.721 0.7777777910
201353  -21.665  2.186  -3.445 0.7777777910
131884  -22.668  3.492  -2.192 0.6666666865
241704  -22.491  2.253  -2.610 0.6666666865
130856  -22.405  2.973  -2.509 0.6666666865
130844  -22.774  3.008  -1.946 0.6666666865
131872  -23.235  3.609  -1.241 0.6666666865
131851  -23.799  3.667  -0.824 0.6666666865
131853  -24.715  4.110  -0.207 0.6666666865
130813  -25.243  3.522  0.654 0.5555555820
131828  -26.534  3.845  1.018 0.5555555820
131840  -25.565  3.994  0.520 0.6666666865
131883  -20.221  3.704  -2.302 0.4444444478
201112  -21.012  3.281  -1.799 0.4444444478
131896  -19.896  3.570  -2.770 0.4444444478
234254  -21.166  4.865  -2.368 0.5555555820
131915  -20.350  3.662  -3.040 0.5555555820
131897  -21.100  3.860  -3.021 0.6666666865
201495  -20.938  3.369  -3.389 0.6666666865
132986  -22.525  4.241  -2.438 0.6666666865
131871  -22.948  3.428  -1.705 0.6666666865
132978  -23.510  4.196  -1.197 0.6666666865
132964  -24.172  4.300  -0.766 0.6666666865
134196  -25.377  5.059  -0.019 0.6666666865
134186  -26.492  4.940  0.602 0.5555555820
132947  -26.093  4.325  0.643 0.6666666865
134227  -21.134  4.964  -1.952 0.4444444478
134228  -22.627  5.123  -2.635 0.6666666865
132987  -23.141  4.769  -2.170 0.6666666865
131885  -23.123  4.034  -1.823 0.6666666865
216828  -24.957  5.093  -0.472 0.6666666865
107484  -21.031  -11.278  -0.419 0.8888888955
107473  -20.058  -10.928  0.544 1.0000000000
108739  -20.500  -10.116  -0.328 1.0000000000
110006  -21.730  -9.673  -0.966 1.0000000000
109987  -23.236  -9.390  -0.060 1.0000000000
119672  -19.397  -4.048  -0.961 0.5555555820
121006  -22.429  -2.882  -1.024 0.8888888955
122239  -19.451  -2.330  -2.470 0.5555555820
219688  -19.169  -0.172  -1.954 0.5555555820
122245  -20.279  -2.092  -4.004 0.7777777910
124704  -22.074  -0.912  -4.564 1.0000000000
125812  -22.724  -0.324  -0.349 0.8888888955
126928  -19.110  -0.152  -1.603 0.2222222239
224062  -24.397  1.361  1.066 0.6666666865
228928  -22.010  1.847  -3.341 0.7777777910
128828  -25.194  1.968  1.457 0.4444444478
132992  -21.473  4.555  -2.974 0.6666666865
224584  -22.604  5.741  -2.698 0.6666666865
121005  -19.236  -3.388  -0.805 0.4444444478
122235  -19.282  -2.522  -1.644 0.4444444478
219527  -27.553  4.517  0.977 0.5555555820
131829  -27.269  3.934  1.146 0.5555555820
131870  -21.543  3.440  -1.109 0.2222222239
131869  -20.982  4.007  -1.782 0.3333333433
134187  -27.108  5.026  0.778 0.5555555820
100891  -19.656  -14.054  2.625 0.5555555820
100892  -20.064  -14.310  2.213 0.5555555820
102246  -20.104  -13.380  1.634 0.6666666865
102256  -21.161  -13.445  0.877 0.5555555820
102257  -21.887  -13.676  0.743 0.5555555820
243089  -22.885  -11.369  0.596 0.7777777910
107467  -22.969  -11.084  1.155 0.8888888955
241837  -18.963  -14.011  2.939 0.5555555820
103695  -22.194  -12.926  0.145 0.6666666865
104922  -22.495  -12.512  -0.120 0.6666666865
222152  -22.731  -11.910  0.360 0.8888888955
212106  -23.034  -10.479  1.165 0.7777777910
108722  -23.026  -9.817  1.172 0.7777777910
111231  -22.884  -8.665  1.254 0.8888888955
103652  -18.349  -13.157  3.038 0.4444444478
220460  -18.948  -11.245  2.367 0.5555555820
112481  -22.851  -8.185  0.898 1.0000000000
108711  -18.855  -10.057  1.909 0.2222222239
108720  -19.520  -10.165  1.279 0.6666666865
113653  -22.859  -7.425  1.617 0.8888888955
114782  -22.786  -6.875  1.558 0.6666666865
115888  -22.951  -5.680  1.462 0.7777777910
220744  -23.579  -5.604  2.139 0.6666666865
111248  -19.193  -8.928  0.334 0.5555555820
117104  -23.895  -5.162  2.342 0.6666666865
113666  -18.948  -7.264  0.456 0.4444444478
218342  -24.591  -4.249  2.602 0.5555555820
120926  -25.616  -3.399  2.465 0.5555555820
115900  -19.063  -5.611  0.156 0.2222222239
122152  -25.222  -2.788  2.270 0.5555555820
119667  -19.205  -3.945  -0.332 0.4444444478
122171  -25.443  -2.194  2.275 0.5555555820
122213  -18.782  -2.214  0.039 0.3333333433
123404  -26.709  -1.817  2.081 0.5555555820
124687  -19.248  -1.268  -1.852 0.4444444478
206617  -27.167  -0.719  1.816 0.4444444478
124679  -18.800  -0.616  -0.793 0.3333333433
125765  -26.980  -0.180  1.781 0.5555555820
232911  -26.710  1.051  1.792 0.4444444478
201111  -21.048  1.688  -2.038 0.3333333433
228430  -20.060  1.847  -2.142 0.3333333433
128898  -19.320  1.948  -1.979 0.4444444478
129804  -26.569  2.441  1.643 0.4444444478
239451  -27.461  3.413  1.243 0.4444444478
224094  -28.078  4.185  1.064 0.2222222239
132977  -21.072  4.564  -1.605 0.3333333433
135411  -21.600  5.616  -2.930 0.6666666865
134229  -23.156  5.495  -2.422 0.6666666865
134221  -23.542  5.210  -1.843 0.6666666865
134223  -24.450  5.722  -1.316 0.6666666865
135385  -25.212  6.094  -1.100 0.6666666865
135372  -25.666  6.058  -0.540 0.6666666865
134197  -25.725  5.560  0.056 0.6666666865
134199  -26.744  5.473  0.476 0.6666666865
135365  -27.257  5.622  0.866 0.4444444478
132949  -28.143  4.719  0.951 0.3333333433
135413  -22.194  6.117  -2.845 0.5555555820
215952  -19.058  -12.616  2.194 0.5555555820
104898  -19.508  -12.333  1.493 0.6666666865
237941  -18.973  -13.227  2.072 0.5555555820
103668  -19.637  -13.146  1.881 0.6666666865
102247  -20.694  -13.707  1.270 0.6666666865
104899  -20.053  -12.363  1.197 0.6666666865
104908  -20.616  -12.365  0.782 0.7777777910
103684  -21.076  -12.924  0.566 0.7777777910
106153  -20.256  -11.840  0.935 0.7777777910
106163  -20.810  -11.660  0.075 0.8888888955
106172  -21.466  -11.879  -0.346 0.8888888955
108741  -21.722  -10.274  -0.874 1.0000000000
108740  -20.978  -10.285  -0.744 1.0000000000
107494  -21.724  -11.376  -0.690 0.8888888955
108731  -20.752  -10.662  -0.337 1.0000000000
223924  -23.237  -10.607  -0.194 0.8888888955
208226  -23.069  -11.328  -0.035 0.8888888955
237697  -18.645  -13.363  2.565 0.5555555820
104879  -18.346  -12.566  3.220 0.4444444478
104889  -18.983  -12.156  2.488 0.5555555820
106136  -19.139  -11.717  2.202 0.6666666865
106144  -19.314  -11.822  1.615 0.6666666865
106152  -19.882  -11.355  0.937 0.8888888955
106151  -19.436  -11.339  1.322 0.5555555820
107483  -20.390  -11.141  -0.036 0.8888888955
106174  -22.721  -11.454  -0.300 0.8888888955
232596  -23.164  -10.385  -0.672 1.0000000000
222844  -23.255  -9.740  0.288 1.0000000000
218119  -22.364  -9.914  -0.919 1.0000000000
109995  -23.065  -9.479  -0.669 1.0000000000
217317  -23.002  -9.285  0.753 1.0000000000
107457  -18.947  -10.761  2.204 0.5555555820
107472  -19.735  -10.771  1.114 0.8888888955
107458  -19.176  -11.271  1.865 0.6666666865
233080  -20.309  -10.482  0.170 1.0000000000
108729  -19.647  -9.767  0.772 0.8888888955
109994  -19.549  -9.379  0.068 0.8888888955
108721  -19.914  -10.309  0.718 1.0000000000
110004  -20.156  -9.580  -0.445 1.0000000000
111255  -19.429  -8.807  -0.107 0.8888888955
241689  -19.681  -8.715  -0.402 1.0000000000
110014  -21.125  -9.504  -1.208 1.0000000000
111263  -21.325  -9.000  -1.442 1.0000000000
110007  -22.386  -9.320  -0.958 1.0000000000
111258  -22.667  -9.023  -0.754 1.0000000000
112508  -21.199  -8.445  -1.566 1.0000000000
113679  -21.632  -8.004  -2.041 1.0000000000
241019  -22.799  -8.086  -0.595 1.0000000000
225384  -22.781  -7.714  1.219 0.8888888955
230872  -22.833  -7.645  -0.071 1.0000000000
113680  -22.826  -7.620  -1.681 1.0000000000
113688  -22.545  -7.498  -2.259 1.0000000000
204098  -22.730  -7.068  -0.273 1.0000000000
114790  -22.684  -6.670  1.005 0.8888888955
232210  -22.882  -6.285  1.467 0.7777777910
113673  -20.399  -7.547  -0.970 1.0000000000
225683  -19.675  -7.746  -0.113 0.5555555820
112499  -19.511  -8.324  -0.252 0.6666666865
112507  -20.575  -8.241  -1.102 1.0000000000
112491  -19.185  -7.815  0.175 0.5555555820
113686  -21.335  -7.390  -2.132 1.0000000000
114807  -20.718  -7.117  -1.514 0.8888888955
114815  -21.651  -6.989  -2.613 1.0000000000
114824  -22.402  -6.529  -2.586 1.0000000000
223534  -22.810  -6.505  -1.921 1.0000000000
115913  -22.701  -5.782  -1.283 1.0000000000
115907  -22.524  -5.838  -0.668 1.0000000000
117130  -22.333  -4.945  0.618 0.8888888955
118384  -22.826  -4.617  1.164 0.7777777910
118349  -23.719  -4.650  2.151 0.6666666865
219794  -19.349  -6.141  -0.045 0.5555555820
114800  -19.646  -6.737  -0.219 0.5555555820
115912  -20.010  -6.157  -1.324 0.6666666865
113672  -19.893  -7.358  -0.421 0.7777777910
114801  -20.056  -6.813  -0.952 0.7777777910
202251  -19.975  -5.666  -1.789 0.7777777910
117162  -20.874  -5.147  -2.878 0.8888888955
117156  -20.536  -5.649  -2.408 0.8888888955
115926  -21.199  -5.684  -2.862 0.8888888955
240526  -20.462  -6.554  -1.533 0.8888888955
114814  -21.016  -6.678  -2.165 1.0000000000
117163  -21.853  -5.440  -3.121 0.8888888955
117157  -22.548  -5.468  -3.021 1.0000000000
218460  -22.429  -4.840  -1.388 1.0000000000
234141  -22.372  -3.693  -0.153 0.8888888955
119664  -22.569  -3.775  0.371 0.8888888955
119656  -22.829  -3.963  0.973 0.7777777910
119634  -23.174  -4.091  1.507 0.7777777910
120952  -23.639  -3.266  1.630 0.6666666865
119604  -25.067  -3.815  2.653 0.5555555820
120954  -24.551  -2.813  2.257 0.6666666865
118399  -19.666  -4.589  -1.083 0.5555555820
118391  -19.098  -4.518  0.002 0.3333333433
241386  -19.300  -4.800  -0.318 0.3333333433
117143  -19.548  -5.045  -0.673 0.4444444478
115911  -19.676  -5.652  -1.074 0.6666666865
119683  -20.019  -4.009  -2.553 0.6666666865
118411  -20.292  -4.611  -2.777 0.7777777910
205912  -22.542  -4.597  -3.363 0.8888888955
118407  -22.590  -4.796  -2.843 1.0000000000
230213  -22.747  -3.816  -2.060 1.0000000000
121007  -22.604  -2.843  -0.320 0.7777777910
123418  -23.025  -2.130  0.742 0.7777777910
122170  -24.756  -2.270  2.193 0.5555555820
121020  -20.887  -3.487  -3.649 0.8888888955
122236  -22.696  -2.826  -2.703 1.0000000000
124637  -23.509  -1.181  1.116 0.7777777910
123420  -23.908  -1.477  1.468 0.7777777910
123402  -24.416  -1.805  1.803 0.6666666865
122232  -19.186  -2.727  -0.988 0.4444444478
122246  -21.082  -2.261  -4.464 0.8888888955
217413  -22.575  -2.244  -3.009 1.0000000000
123475  -22.362  -1.708  -2.496 0.8888888955
243410  -22.934  -0.836  0.297 0.7777777910
124638  -24.058  -0.827  1.411 0.6666666865
125764  -25.847  -0.536  1.948 0.5555555820
124620  -26.211  -1.196  2.148 0.5555555820
123474  -19.277  -1.907  -1.750 0.5555555820
213255  -19.668  -1.227  -3.147 0.6666666865
237207  -21.478  -1.545  -4.756 0.8888888955
124697  -22.509  -0.983  -2.890 1.0000000000
124682  -22.333  -0.758  -0.758 0.8888888955
201670  -23.330  0.384  0.598 0.8888888955
126853  -24.941  -0.250  1.666 0.6666666865
228366  -22.794  0.940  -0.953 0.8888888955
126854  -25.443  0.046  1.794 0.5555555820
125837  -19.170  -0.618  -2.074 0.5555555820
124696  -19.545  -0.676  -3.100 0.5555555820
125858  -21.612  -0.458  -4.602 1.0000000000
125853  -21.144  0.129  -4.070 0.7777777910
125846  -19.768  -0.087  -3.304 0.7777777910
125855  -21.567  -0.014  -3.658 0.8888888955
125854  -21.336  -0.021  -4.039 0.7777777910
126856  -26.659  0.499  1.800 0.5555555820
128906  -19.423  1.560  -3.032 0.5555555820
127929  -19.502  1.339  -3.262 0.5555555820
202490  -19.485  2.713  -2.796 0.4444444478
127930  -20.112  1.470  -3.677 0.6666666865
127939  -20.225  2.051  -3.779 0.6666666865
126955  -20.690  0.848  -3.871 0.7777777910
125845  -19.296  -0.328  -2.719 0.7777777910
126945  -19.230  0.614  -2.466 0.6666666865
201425  -21.505  1.838  -3.641 0.7777777910
126956  -21.216  0.792  -3.932 0.7777777910
228375  -22.358  1.193  -2.220 0.7777777910
227677  -22.963  2.524  -1.521 0.6666666865
128847  -23.489  1.879  0.003 0.6666666865
129851  -23.498  2.461  -0.259 0.6666666865
131852  -24.393  3.640  -0.398 0.6666666865
224748  -23.597  2.901  -0.482 0.6666666865
129822  -24.648  2.464  0.755 0.5555555820
128827  -24.737  1.914  1.115 0.5555555820
130781  -26.699  2.878  1.419 0.4444444478
127845  -26.489  1.525  1.823 0.4444444478
130800  -26.222  3.217  1.111 0.5555555820
228484  -19.549  2.536  -2.335 0.4444444478
201374  -19.676  3.405  -2.905 0.5555555820
201443  -20.495  2.847  -3.704 0.6666666865
201550  -21.806  2.515  -3.335 0.7777777910
132955  -25.045  4.560  -0.077 0.6666666865
132956  -25.516  4.468  0.276 0.6666666865
204003  -21.001  4.231  -2.703 0.5555555820
134236  -21.666  5.179  -3.031 0.6666666865
233598  -23.449  4.599  -1.667 0.6666666865
134207  -24.484  5.074  -1.010 0.6666666865
134208  -24.879  5.604  -0.996 0.6666666865
206596  -19.170  -2.157  -1.100 0.4444444478
126938  -19.226  0.379  -2.031 0.3333333433
121001  -19.106  -3.372  -0.035 0.4444444478
241782  -19.045  -2.352  -0.581 0.4444444478
131831  -28.441  3.736  1.032 0.3333333433
134189  -28.256  5.245  0.863 0.3333333433
102235  -19.747  -13.650  2.212 0.5555555820
106147  -23.112  -11.400  1.775 0.6666666865
102217  -18.580  -13.749  3.055 0.4444444478
100870  -18.721  -14.314  3.096 0.5555555820
112465  -22.894  -8.036  1.663 0.7777777910
103651  -18.093  -12.960  3.490 0.3333333433
106135  -18.831  -11.593  2.694 0.4444444478
241942  -23.230  -5.950  1.852 0.6666666865
109986  -19.161  -9.293  0.701 0.7777777910
115905  -19.331  -5.639  -0.449 0.3333333433
115899  -18.803  -5.684  0.721 0.1111111119
117136  -18.805  -5.015  0.446 0.1111111119
122225  -19.082  -2.817  -0.319 0.4444444478
123457  -18.927  -1.838  -0.594 0.3333333433
123466  -19.137  -1.557  -1.187 0.3333333433
128891  -19.350  1.304  -1.739 0.3333333433
135373  -26.241  5.982  0.096 0.6666666865
223724  -27.460  6.036  0.555 0.4444444478
102202  -23.401  -13.904  3.626 0.4444444478
102179  -25.448  -13.874  5.279 0.2222222239
99377  -20.258  -14.867  2.275 0.4444444478
208536  -21.169  -15.184  2.735 0.4444444478
100893  -20.713  -14.513  1.829 0.4444444478
100904  -21.790  -14.290  1.711 0.4444444478
102218  -22.575  -13.739  2.643 0.4444444478
103653  -23.635  -13.024  3.106 0.4444444478
103631  -24.844  -12.908  3.972 0.2222222239
102250  -22.493  -13.908  1.245 0.4444444478
103677  -22.651  -13.361  1.548 0.4444444478
103669  -23.209  -12.840  2.657 0.4444444478
104845  -26.025  -12.637  4.298 0.1111111119
103620  -26.534  -12.669  4.673 0.1111111119
104891  -22.780  -12.667  1.971 0.4444444478
104882  -24.197  -12.272  3.215 0.3333333433
102259  -22.531  -13.263  0.908 0.4444444478
237505  -22.681  -12.883  1.278 0.4444444478
104881  -23.683  -12.509  3.009 0.3333333433
217046  -24.254  -11.798  3.088 0.3333333433
104863  -26.053  -12.111  4.098 0.2222222239
104901  -22.984  -12.008  1.856 0.4444444478
104893  -23.739  -11.973  2.917 0.3333333433
103696  -22.559  -12.872  0.319 0.5555555820
104900  -22.732  -12.367  1.395 0.4444444478
204471  -25.059  -10.904  3.474 0.2222222239
107450  -25.895  -10.418  3.598 0.1111111119
108680  -26.663  -9.814  3.664 0.1111111119
107460  -23.974  -10.899  2.926 0.3333333433
108706  -23.956  -10.274  3.002 0.3333333433
108705  -23.007  -10.195  1.972 0.4444444478
109972  -23.002  -9.605  2.119 0.5555555820
111223  -23.073  -8.991  2.402 0.6666666865
224787  -25.252  -8.819  3.174 0.4444444478
111222  -22.896  -8.595  1.944 0.6666666865
112454  -26.128  -7.840  2.929 0.3333333433
112466  -23.214  -8.174  2.386 0.6666666865
230393  -24.189  -7.426  2.980 0.5555555820
113641  -23.106  -7.618  2.071 0.6666666865
113643  -23.820  -7.099  2.789 0.5555555820
114753  -24.411  -6.886  3.018 0.5555555820
113630  -25.699  -7.310  3.105 0.4444444478
115858  -25.230  -6.006  3.068 0.3333333433
114770  -23.139  -7.092  1.959 0.5555555820
117080  -25.359  -5.390  3.128 0.4444444478
118351  -24.709  -4.690  2.888 0.5555555820
117079  -24.734  -5.607  2.942 0.4444444478
118319  -25.161  -4.333  2.723 0.4444444478
134222  -23.927  5.577  -1.424 0.5555555820
135395  -23.625  5.994  -2.185 0.5555555820
135397  -24.678  6.203  -1.383 0.5555555820
136549  -24.929  6.711  -1.504 0.5555555820
135386  -26.041  6.566  -0.542 0.5555555820
136538  -26.418  7.148  -0.630 0.5555555820
99361  -22.261  -14.618  3.272 0.4444444478
102194  -24.861  -13.638  4.585 0.2222222239
102236  -20.346  -13.999  1.731 0.4444444478
235077  -25.287  -11.984  3.685 0.2222222239
106129  -25.534  -10.956  3.668 0.2222222239
107436  -26.091  -11.011  3.811 0.1111111119
212658  -24.607  -9.867  3.134 0.4444444478
109959  -25.937  -9.410  3.315 0.3333333433
241075  -23.571  -10.105  2.778 0.4444444478
208274  -23.669  -8.624  2.689 0.6666666865
111206  -24.416  -8.604  3.025 0.4444444478
115859  -25.901  -5.808  3.063 0.3333333433
221489  -25.313  -4.815  3.126 0.4444444478
122153  -26.054  -2.773  2.285 0.4444444478
210443  -24.489  7.400  -2.105 0.5555555820
137761  -24.034  8.048  -2.436 0.5555555820
102248  -21.404  -14.031  1.101 0.4444444478
111209  -26.427  -8.723  2.796 0.2222222239
136523  -26.638  6.588  -0.030 0.5555555820
98072  -21.475  -15.828  3.739 0.4444444478
98073  -22.018  -15.631  3.982 0.4444444478
99350  -22.728  -15.174  4.357 0.4444444478
100827  -24.422  -14.521  5.215 0.2222222239
100828  -25.034  -14.184  5.260 0.2222222239
100805  -25.458  -14.207  5.820 0.1111111119
99357  -19.456  -14.856  3.004 0.4444444478
98081  -20.758  -15.592  3.081 0.4444444478
103604  -25.659  -13.430  4.959 0.1111111119
102180  -25.898  -13.684  5.608 0.1111111119
104834  -27.324  -12.366  5.020 0.1111111119
106089  -26.947  -11.705  4.318 0.1111111119
107416  -27.790  -11.111  4.216 0.1111111119
108696  -27.656  -9.909  3.076 0.1111111119
108695  -26.964  -9.579  3.214 0.1111111119
113631  -26.363  -7.267  2.948 0.1111111119
226180  -26.537  -8.256  2.598 0.2222222239
115860  -26.337  -6.301  2.983 0.2222222239
214594  -26.569  -5.799  2.841 0.2222222239
117081  -26.050  -5.160  2.986 0.3333333433
119584  -25.755  -4.052  2.448 0.4444444478
120927  -26.357  -3.499  2.123 0.3333333433
120928  -26.971  -3.570  1.650 0.3333333433
123384  -26.656  -2.512  2.046 0.3333333433
127919  -19.183  1.037  -1.887 0.4444444478
128809  -27.437  1.932  1.480 0.3333333433
135402  -21.578  6.030  -2.533 0.4444444478
136524  -27.307  6.580  0.292 0.5555555820
136558  -23.378  6.780  -2.604 0.5555555820
136547  -23.938  7.308  -2.744 0.5555555820
215340  -25.087  7.172  -1.542 0.5555555820
137751  -26.041  7.433  -1.094 0.5555555820
241858  -26.811  7.511  -0.486 0.5555555820
137760  -23.407  8.072  -2.447 0.5555555820
100872  -19.783  -14.585  2.661 0.4444444478
99378  -20.888  -14.901  2.250 0.4444444478
104911  -22.759  -12.581  0.687 0.5555555820
106146  -22.781  -11.783  1.122 0.5555555820
108712  -23.059  -10.803  1.855 0.6666666865
211317  -22.824  -9.162  1.709 0.6666666865
114771  -23.503  -6.770  2.355 0.5555555820
115877  -24.076  -5.764  2.607 0.5555555820
117105  -24.362  -5.161  2.757 0.4444444478
129806  -27.611  2.522  1.281 0.3333333433
100903  -21.422  -14.340  1.503 0.4444444478
219286  -23.450  -11.155  2.407 0.3333333433
106137  -23.397  -11.684  2.416 0.3333333433
100873  -22.402  -14.205  2.982 0.4444444478
102193  -24.330  -13.688  4.404 0.4444444478
100848  -24.111  -14.217  4.726 0.3333333433
100859  -23.255  -14.417  4.109 0.4444444478
100849  -24.689  -14.014  4.834 0.3333333433
102178  -25.203  -13.815  4.826 0.1111111119
99358  -20.005  -15.063  2.872 0.4444444478
99379  -21.389  -14.795  2.346 0.4444444478
240795  -21.542  -15.191  3.038 0.4444444478
99380  -21.679  -14.900  2.645 0.4444444478
102237  -22.145  -14.141  1.708 0.4444444478
202493  -22.037  -14.580  2.735 0.4444444478
100896  -22.155  -14.106  2.357 0.4444444478
102238  -22.365  -13.697  1.969 0.4444444478
102219  -23.207  -13.439  2.985 0.4444444478
102203  -23.907  -13.598  3.967 0.4444444478
238920  -24.473  -12.852  3.714 0.4444444478
206196  -24.689  -13.291  4.339 0.2222222239
103655  -24.607  -12.551  3.535 0.4444444478
103619  -25.679  -13.033  4.516 0.1111111119
104861  -25.120  -12.442  3.730 0.2222222239
104846  -26.493  -12.220  4.331 0.1111111119
103606  -26.956  -12.670  5.106 0.1111111119
106127  -24.556  -11.286  3.214 0.3333333433
106138  -23.907  -11.461  2.838 0.3333333433
106128  -25.133  -11.446  3.605 0.2222222239
211807  -25.709  -11.625  3.877 0.2222222239
108693  -25.357  -9.815  3.360 0.2222222239
108694  -26.138  -9.837  3.608 0.1111111119
107437  -26.419  -10.406  3.689 0.1111111119
210903  -26.392  -9.364  3.329 0.1111111119
107438  -27.104  -10.587  3.747 0.1111111119
107459  -23.333  -10.497  2.608 0.3333333433
109957  -24.489  -9.462  3.030 0.4444444478
208504  -24.793  -9.114  3.087 0.4444444478
112453  -25.861  -8.466  3.050 0.3333333433
109958  -25.095  -9.459  3.208 0.4444444478
239075  -25.985  -9.214  3.166 0.3333333433
113632  -26.680  -7.710  2.554 0.1111111119
112452  -25.045  -8.198  3.152 0.4444444478
208546  -23.679  -7.695  2.765 0.5555555820
113628  -24.315  -7.942  3.032 0.5555555820
114772  -23.968  -6.474  2.728 0.5555555820
114755  -26.026  -6.783  3.070 0.3333333433
119585  -26.302  -4.341  2.494 0.4444444478
136548  -24.337  6.797  -1.878 0.5555555820
135404  -23.901  6.641  -2.237 0.5555555820
136537  -25.791  7.014  -1.145 0.5555555820
99349  -22.334  -15.047  3.795 0.4444444478
240894  -22.860  -14.795  4.069 0.4444444478
106112  -27.280  -11.215  3.974 0.1111111119
232273  -26.287  -9.085  3.052 0.2222222239
98049  -22.248  -15.912  4.406 0.4444444478
98082  -21.235  -15.525  3.248 0.4444444478
205413  -23.477  -14.932  4.914 0.4444444478
99311  -23.883  -15.006  5.300 0.2222222239
100847  -23.573  -14.467  4.623 0.4444444478
98080  -20.213  -15.568  3.085 0.4444444478
99347  -19.089  -15.071  3.353 0.4444444478
239765  -26.112  -13.281  5.265 0.1111111119
104847  -27.457  -12.053  4.709 0.1111111119
90301  -22.654  -19.725  8.832 0.1111111119
93057  -19.353  -18.736  5.768 0.3333333433
91573  -21.118  -19.195  7.198 0.2222222239
91545  -22.383  -19.465  8.401 0.2222222239
243472  -23.127  -19.600  9.019 0.1111111119
91546  -22.996  -19.267  8.580 0.1111111119
96795  -17.572  -16.831  5.501 0.3333333433
94372  -17.834  -17.794  5.947 0.3333333433
93056  -18.703  -18.517  5.949 0.3333333433
93059  -20.408  -18.418  5.618 0.3333333433
93060  -21.044  -18.259  5.920 0.3333333433
93033  -21.653  -18.868  6.850 0.2222222239
94351  -22.399  -18.072  7.005 0.2222222239
93023  -22.457  -18.904  7.553 0.2222222239
232049  -23.078  -18.857  8.213 0.1111111119
93035  -22.579  -18.290  7.474 0.2222222239
99309  -17.339  -15.441  4.965 0.2222222239
98032  -17.795  -15.828  4.981 0.2222222239
96806  -17.674  -16.298  5.266 0.2222222239
95612  -18.624  -17.144  5.060 0.3333333433
94388  -18.810  -17.657  5.354 0.3333333433
94375  -19.796  -18.421  5.295 0.3333333433
94352  -22.853  -17.812  7.229 0.1111111119
215060  -17.815  -14.727  4.491 0.2222222239
99332  -18.307  -15.232  4.284 0.3333333433
98047  -18.406  -15.896  4.512 0.3333333433
221636  -18.730  -15.572  4.075 0.3333333433
96842  -19.403  -16.217  3.910 0.3333333433
96819  -18.546  -16.596  4.762 0.3333333433
96821  -19.486  -16.774  4.204 0.3333333433
95614  -21.028  -17.306  4.773 0.3333333433
95624  -20.794  -16.921  4.484 0.3333333433
94393  -21.830  -17.414  5.360 0.3333333433
95616  -22.240  -16.821  5.079 0.3333333433
243213  -22.725  -17.060  6.064 0.3333333433
95581  -23.073  -17.327  6.956 0.1111111119
95591  -23.238  -16.923  6.722 0.2222222239
100845  -17.838  -14.193  4.263 0.2222222239
100846  -18.199  -14.757  3.910 0.2222222239
98069  -19.223  -15.623  3.691 0.3333333433
98070  -19.837  -16.031  3.373 0.3333333433
96843  -19.928  -16.488  3.865 0.3333333433
96845  -21.246  -16.294  4.002 0.3333333433
210458  -21.565  -16.510  4.402 0.3333333433
96846  -21.797  -16.114  4.172 0.3333333433
95601  -22.752  -16.765  5.654 0.3333333433
96784  -23.593  -16.504  6.684 0.1111111119
102201  -17.865  -13.649  4.103 0.3333333433
100856  -18.198  -14.194  3.525 0.3333333433
100871  -19.279  -14.298  2.902 0.3333333433
221567  -20.379  -16.019  3.170 0.3333333433
96824  -22.483  -16.145  4.840 0.3333333433
98050  -22.638  -15.629  4.623 0.3333333433
99310  -23.431  -15.457  5.178 0.3333333433
118321  -26.385  -4.765  2.598 0.2222222239
119605  -26.428  -4.001  2.274 0.2222222239
118352  -26.859  -4.611  2.116 0.2222222239
124621  -26.944  -1.186  1.956 0.3333333433
203089  -27.217  -1.730  1.616 0.2222222239
93058  -19.935  -18.779  5.834 0.3333333433
91582  -21.090  -18.901  6.669 0.3333333433
91558  -22.145  -19.307  7.882 0.2222222239
93025  -23.261  -18.386  8.131 0.1111111119
99331  -17.818  -15.316  4.678 0.3333333433
96818  -18.113  -16.267  4.959 0.3333333433
94391  -20.524  -17.698  4.979 0.3333333433
94377  -21.438  -17.845  5.641 0.3333333433
95589  -22.518  -17.463  6.214 0.3333333433
98048  -18.949  -15.943  4.088 0.3333333433
100857  -18.499  -14.786  3.284 0.3333333433
98034  -23.272  -15.946  5.502 0.3333333433
90299  -21.622  -20.150  8.559 0.1111111119
90284  -22.380  -20.167  9.089 0.1111111119
94360  -17.460  -18.175  6.190 0.3333333433
93055  -18.036  -18.375  6.053 0.3333333433
91579  -18.630  -19.405  6.528 0.3333333433
217772  -19.504  -19.494  6.436 0.3333333433
91572  -20.413  -19.502  7.080 0.3333333433
91557  -21.530  -19.531  7.711 0.3333333433
90285  -23.250  -20.291  9.604 0.1111111119
90302  -23.501  -19.313  8.981 0.1111111119
231845  -23.942  -19.011  9.065 0.1111111119
98031  -17.233  -15.851  5.255 0.2222222239
94333  -23.730  -18.187  8.425 0.1111111119
99330  -17.162  -14.828  4.855 0.2222222239
95573  -23.656  -17.258  7.820 0.1111111119
225017  -23.992  -16.472  7.259 0.1111111119
100844  -17.274  -14.173  4.638 0.2222222239
96785  -24.028  -16.252  6.755 0.1111111119
98019  -23.534  -16.161  6.060 0.1111111119
229318  -24.292  -14.973  5.776 0.1111111119
215932  -17.591  -13.270  4.474 0.1111111119
124622  -27.376  -1.123  1.619 0.2222222239
217352  -27.524  -1.674  1.197 0.2222222239
109980  -19.193  -9.641  1.278 0.5555555820
104880  -18.701  -12.071  3.007 0.3333333433
102216  -18.073  -13.473  3.497 0.3333333433
100858  -18.953  -14.710  3.066 0.4444444478
122155  -27.013  -3.025  1.552 0.2222222239
226015  -23.514  -19.771  9.356 0.1111111119
90315  -21.844  -19.745  8.208 0.1111111119
93042  -18.949  -19.028  6.228 0.3333333433
94374  -19.133  -18.134  5.642 0.3333333433
94373  -18.457  -17.957  5.757 0.3333333433
91590  -19.490  -19.187  6.066 0.3333333433
91581  -20.564  -19.133  6.693 0.3333333433
95611  -18.108  -16.748  5.177 0.3333333433
95599  -18.130  -17.342  5.523 0.3333333433
96805  -17.104  -16.352  5.546 0.2222222239
95598  -17.534  -17.268  5.912 0.2222222239
93045  -21.370  -18.584  6.385 0.3333333433
94390  -19.937  -17.967  4.962 0.3333333433
94376  -20.806  -18.011  5.395 0.3333333433
93034  -22.123  -18.568  7.195 0.2222222239
94362  -22.204  -17.867  6.472 0.2222222239
210446  -19.099  -17.462  4.990 0.3333333433
94343  -23.458  -17.823  7.969 0.1111111119
94363  -22.703  -17.646  6.728 0.1111111119
99346  -18.690  -15.170  3.781 0.3333333433
96820  -18.977  -16.417  4.337 0.3333333433
225562  -19.627  -17.178  4.526 0.3333333433
95613  -19.521  -17.540  4.789 0.3333333433
94402  -20.488  -17.272  4.709 0.3333333433
95625  -21.338  -16.899  4.588 0.3333333433
94378  -22.019  -17.666  5.901 0.3333333433
96822  -21.115  -16.612  4.317 0.3333333433
96823  -22.042  -16.398  4.586 0.3333333433
95582  -23.494  -16.940  7.250 0.1111111119
102192  -17.390  -13.667  4.518 0.2222222239
202550  -20.302  -16.308  3.450 0.3333333433
96807  -22.782  -16.296  5.317 0.3333333433
99293  -23.794  -15.542  5.745 0.1111111119
89104  -21.482  -20.577  8.908 0.1111111119
90334  -20.808  -19.695  7.590 0.2222222239
93040  -17.756  -18.648  6.439 0.3333333433
93039  -17.230  -18.359  6.675 0.2222222239
90339  -18.850  -20.190  6.366 0.3333333433
90340  -19.006  -20.158  6.408 0.3333333433
90333  -20.061  -19.871  7.391 0.3333333433
96794  -17.040  -16.864  5.846 0.2222222239
96782  -16.630  -16.948  6.130 0.2222222239
119606  -27.385  -4.768  1.307 0.1111111119
119638  -28.251  -5.065  0.073 0.1111111119
119637  -27.754  -5.025  0.444 0.1111111119
215828  -28.041  -3.794  0.439 0.1111111119
120987  -28.482  -4.188  -0.241 0.1111111119
123405  -27.088  -2.409  1.548 0.1111111119
122172  -27.575  -3.108  0.958 0.1111111119
122173  -28.151  -3.408  0.032 0.1111111119
227051  -27.366  0.231  1.606 0.2222222239
123406  -27.630  -2.445  0.891 0.1111111119
240621  -27.989  -2.791  0.183 0.1111111119
127869  -28.252  1.210  0.766 0.1111111119
127846  -27.035  1.440  1.706 0.2222222239
129826  -28.136  2.519  1.087 0.1111111119
126882  -28.041  0.582  0.969 0.1111111119
128849  -28.662  1.654  0.398 0.1111111119
135403  -22.823  6.261  -2.742 0.4444444478
130803  -28.368  2.928  1.082 0.1111111119
137759  -22.202  8.168  -2.116 0.4444444478
137770  -23.028  7.424  -2.511 0.4444444478
130814  -29.073  3.329  0.670 0.1111111119
137763  -25.353  7.581  -1.390 0.4444444478
136526  -28.386  6.633  0.470 0.3333333433
135367  -28.398  6.091  0.624 0.2222222239
239984  -29.406  5.116  0.906 0.1111111119
131832  -28.908  3.748  0.887 0.1111111119
132966  -29.756  4.233  -0.180 0.1111111119
137762  -24.665  8.065  -2.095 0.4444444478
138996  -24.452  8.964  -2.022 0.4444444478
138984  -25.359  8.691  -1.134 0.4444444478
138998  -25.770  7.916  -1.110 0.4444444478
138985  -26.130  8.209  -0.750 0.4444444478
138986  -26.745  7.877  -0.460 0.4444444478
138975  -27.039  8.192  0.067 0.4444444478
138968  -27.951  8.309  0.767 0.4444444478
138977  -28.167  7.767  0.517 0.2222222239
203884  -28.741  7.650  0.506 0.2222222239
208156  -28.919  7.040  0.495 0.2222222239
234991  -30.284  6.846  0.234 0.2222222239
136528  -30.309  6.291  0.594 0.2222222239
145124  -29.770  12.300  -1.842 0.1111111119
142321  -30.410  10.345  -1.591 0.1111111119
136550  -30.623  6.769  -1.368 0.1111111119
229338  -21.720  9.968  -1.649 0.4444444478
140233  -22.745  9.803  -1.760 0.4444444478
140234  -23.710  9.790  -1.944 0.3333333433
140235  -24.715  9.362  -1.796 0.4444444478
141317  -26.168  9.440  -0.480 0.4444444478
141306  -26.742  9.481  -0.019 0.4444444478
140215  -26.901  8.823  0.078 0.4444444478
237527  -27.844  8.708  0.624 0.4444444478
143251  -26.926  10.764  0.176 0.3333333433
141308  -28.219  9.443  0.406 0.3333333433
141309  -28.748  9.716  0.279 0.1111111119
204369  -29.110  9.176  0.216 0.1111111119
140228  -30.192  8.900  -0.415 0.1111111119
137743  -29.917  7.421  0.208 0.2222222239
138987  -30.303  8.326  -0.419 0.1111111119
141323  -30.512  9.245  -1.212 0.1111111119
140223  -21.649  10.531  -1.204 0.2222222239
141322  -24.268  10.122  -1.716 0.3333333433
219169  -25.296  10.320  -0.943 0.3333333433
142295  -26.815  10.134  0.129 0.3333333433
224564  -27.301  9.661  0.403 0.4444444478
143252  -27.587  11.000  0.380 0.2222222239
143253  -28.231  10.675  0.347 0.2222222239
142298  -28.623  10.270  0.268 0.2222222239
143255  -29.499  10.730  -0.050 0.1111111119
224501  -27.874  12.021  0.360 0.1111111119
144198  -28.360  11.745  0.347 0.1111111119
145099  -28.866  12.142  0.066 0.1111111119
143265  -30.268  10.714  -0.785 0.1111111119
145955  -28.679  12.689  -0.134 0.1111111119
241438  -29.640  12.126  -0.486 0.1111111119
220246  -30.092  11.152  -0.604 0.1111111119
223344  -23.690  10.822  -1.199 0.3333333433
142304  -24.546  10.821  -1.011 0.3333333433
142294  -26.241  10.585  -0.172 0.3333333433
144196  -26.890  11.476  0.231 0.2222222239
145096  -27.297  12.029  0.345 0.2222222239
145097  -27.706  12.466  0.307 0.1111111119
145964  -28.655  13.328  -0.172 0.1111111119
145978  -29.741  13.034  -1.099 0.1111111119
146888  -29.343  14.049  -1.756 0.1111111119
142282  -22.293  10.979  0.870 0.1111111119
143247  -22.620  11.833  0.123 0.1111111119
143262  -23.936  11.340  -0.976 0.2222222239
144208  -24.327  11.708  -0.708 0.2222222239
143263  -24.897  11.134  -0.650 0.3333333433
144194  -24.699  12.016  -0.600 0.2222222239
143250  -26.185  11.149  -0.036 0.3333333433
143249  -25.306  11.452  -0.409 0.3333333433
145094  -25.243  12.442  -0.412 0.2222222239
145095  -26.318  12.626  0.124 0.1111111119
147810  -26.038  13.832  -0.101 0.1111111119
147811  -26.996  14.028  0.084 0.1111111119
145954  -28.150  12.884  0.129 0.1111111119
146862  -28.435  13.850  -0.163 0.1111111119
147835  -28.538  14.764  -0.521 0.1111111119
146878  -29.473  13.524  -0.876 0.1111111119
145985  -29.654  12.804  -2.261 0.1111111119
145128  -29.775  12.202  -2.451 0.1111111119
144192  -22.854  12.028  -0.095 0.1111111119
144184  -23.264  12.127  0.082 0.1111111119
201993  -23.173  12.135  -0.123 0.1111111119
145085  -23.638  12.565  -0.577 0.1111111119
146847  -23.562  13.184  -1.250 0.1111111119
146848  -24.201  13.062  -1.014 0.1111111119
146859  -24.050  13.404  -1.164 0.1111111119
146860  -25.040  13.489  -0.691 0.1111111119
148712  -24.768  14.774  -1.180 0.1111111119
218738  -26.195  14.807  -0.365 0.1111111119
149583  -26.063  15.792  -0.564 0.1111111119
147824  -27.450  14.579  -0.138 0.1111111119
145076  -23.875  13.045  0.090 0.1111111119
145936  -24.369  13.060  1.306 0.1111111119
238448  -23.956  13.480  0.487 0.1111111119
147809  -23.456  13.579  -0.911 0.1111111119
147808  -23.543  14.611  -0.682 0.1111111119
240383  -23.197  13.925  -1.118 0.1111111119
149579  -23.170  15.070  -1.391 0.1111111119
149581  -24.190  15.200  -1.451 0.1111111119
147796  -24.565  14.519  1.155 0.1111111119
147797  -24.830  14.561  1.824 0.1111111119
218057  -24.248  15.344  1.315 0.1111111119
118373  -27.945  -5.492  0.327 0.1111111119
120929  -27.426  -4.274  1.032 0.1111111119
120956  -28.056  -4.507  0.245 0.1111111119
120957  -28.609  -4.634  -0.041 0.1111111119
124650  -27.668  -1.369  0.132 0.1111111119
123421  -27.864  -2.096  0.376 0.1111111119
128832  -28.840  2.258  0.525 0.1111111119
220710  -27.458  7.090  0.107 0.4444444478
137741  -28.327  7.208  0.389 0.3333333433
136518  -28.990  6.399  0.538 0.2222222239
135368  -28.994  5.818  0.672 0.1111111119
134201  -30.106  5.388  0.557 0.1111111119
131842  -29.586  3.674  -0.030 0.1111111119
218441  -30.323  7.762  -0.515 0.2222222239
142306  -29.723  10.185  -0.285 0.1111111119
217058  -30.379  9.729  -0.870 0.1111111119
140247  -30.741  8.718  -1.567 0.1111111119
141305  -26.048  10.026  -0.406 0.3333333433
238606  -29.826  12.042  -1.031 0.1111111119
145093  -24.061  12.563  -0.843 0.2222222239
146849  -25.395  13.266  -0.374 0.1111111119
145935  -23.903  13.196  0.002 0.1111111119
148724  -23.532  15.002  -1.611 0.1111111119
150431  -25.461  16.176  -0.724 0.1111111119
150415  -23.603  16.103  0.421 0.1111111119
148686  -24.612  15.025  1.655 0.1111111119
119640  -29.280  -4.308  0.942 0.1111111119
119639  -28.886  -4.908  0.462 0.1111111119
125766  -27.504  -0.496  1.521 0.2222222239
126857  -27.172  0.857  1.625 0.2222222239
129828  -29.009  2.835  0.624 0.1111111119
137769  -22.021  7.354  -2.334 0.4444444478
222072  -23.462  8.797  -2.285 0.4444444478
140227  -25.932  9.014  -0.773 0.4444444478
140226  -25.098  9.588  -1.369 0.4444444478
141307  -27.718  9.166  0.513 0.4444444478
142297  -28.214  10.024  0.364 0.2222222239
144173  -23.894  12.742  0.985 0.1111111119
145077  -24.248  12.510  1.510 0.1111111119
227813  -24.915  14.121  1.912 0.1111111119
147801  -24.064  14.167  0.289 0.1111111119
149566  -23.969  15.343  0.212 0.1111111119
118353  -27.279  -5.371  1.394 0.1111111119
223080  -27.830  -5.951  0.588 0.1111111119
118374  -28.338  -5.345  0.312 0.1111111119
120930  -29.586  -3.382  2.055 0.1111111119
236063  -29.414  -3.872  1.715 0.1111111119
120989  -29.116  -3.737  0.201 0.1111111119
122196  -28.857  -3.738  -0.525 0.1111111119
122218  -29.152  -3.234  -0.593 0.1111111119
238677  -28.545  -3.447  -0.908 0.1111111119
124651  -27.591  -1.521  -0.714 0.1111111119
123443  -27.995  -2.213  -0.600 0.1111111119
125796  -27.922  -0.807  0.066 0.1111111119
126929  -28.471  -0.220  -0.669 0.1111111119
127895  -28.732  0.991  -0.415 0.1111111119
136556  -21.818  6.608  -2.588 0.4444444478
128850  -29.002  1.921  0.034 0.1111111119
129843  -29.207  2.506  0.089 0.1111111119
132967  -30.106  4.708  -0.581 0.1111111119
130846  -29.776  3.197  -0.899 0.1111111119
137749  -21.185  8.111  -1.371 0.4444444478
138994  -22.588  9.018  -1.885 0.4444444478
134238  -30.552  5.181  -2.158 0.1111111119
137771  -30.695  7.128  -1.785 0.1111111119
140210  -21.474  10.253  -0.496 0.2222222239
140224  -22.218  10.639  -1.208 0.3333333433
140225  -23.019  10.540  -1.130 0.2222222239
141314  -23.395  10.585  -1.216 0.2222222239
140251  -30.799  8.871  -2.348 0.1111111119
140208  -21.947  10.768  0.371 0.1111111119
142303  -23.006  10.783  -0.862 0.2222222239
207052  -29.874  11.102  -2.876 0.1111111119
144228  -29.759  11.565  -3.221 0.1111111119
141283  -22.196  10.856  0.855 0.1111111119
142266  -22.881  10.700  1.451 0.1111111119
144165  -24.105  11.162  1.969 0.1111111119
233355  -24.311  11.720  1.661 0.1111111119
146902  -29.424  13.210  -2.677 0.1111111119
223148  -24.914  11.214  2.341 0.1111111119
144166  -25.045  11.876  2.420 0.1111111119
150438  -26.252  16.318  -0.865 0.1111111119
150440  -27.724  16.506  -1.081 0.1111111119
149603  -28.652  15.969  -1.432 0.1111111119
149604  -28.911  15.621  -1.802 0.1111111119
145069  -25.059  12.565  2.241 0.1111111119
146832  -25.274  13.867  2.436 0.1111111119
149580  -23.647  15.747  -0.828 0.1111111119
151225  -24.731  17.423  -1.220 0.1111111119
149567  -24.295  15.851  1.080 0.1111111119
132951  -29.172  4.744  0.885 0.1111111119
137739  -27.250  7.582  -0.093 0.4444444478
120955  -27.534  -3.695  1.024 0.1111111119
128831  -28.362  1.985  0.842 0.2222222239
138995  -23.937  8.946  -2.214 0.4444444478
120988  -28.733  -4.188  -0.298 0.1111111119
122195  -28.646  -3.772  -0.660 0.1111111119
125786  -28.051  -0.056  0.602 0.1111111119
127882  -28.536  1.075  0.146 0.1111111119
126893  -28.290  0.541  0.372 0.1111111119
129844  -29.365  3.152  0.151 0.1111111119
134210  -29.888  4.857  0.141 0.1111111119
132980  -30.030  4.159  -0.924 0.1111111119
219612  -28.617  9.178  0.375 0.2222222239
138969  -28.486  8.227  0.673 0.2222222239
201622  -29.479  8.647  0.391 0.1111111119
136540  -30.602  6.625  -0.434 0.2222222239
135387  -30.554  5.981  -0.403 0.1111111119
144221  -29.842  11.717  -2.056 0.1111111119
146889  -29.725  13.598  -1.380 0.1111111119
219762  -30.656  9.304  -1.771 0.1111111119
144211  -30.111  11.180  -1.098 0.1111111119
213893  -30.319  10.514  -2.142 0.1111111119
142325  -30.494  9.932  -2.072 0.1111111119
135414  -30.591  6.105  -2.255 0.1111111119
135398  -30.569  5.810  -1.141 0.1111111119
237611  -30.630  7.355  -1.241 0.2222222239
138999  -30.698  8.058  -1.301 0.2222222239
221193  -28.639  11.212  0.288 0.2222222239
144199  -29.260  11.248  0.114 0.1111111119
145965  -29.029  13.024  -0.316 0.1111111119
141304  -22.489  11.131  -0.572 0.1111111119
142305  -25.513  10.614  -0.599 0.3333333433
210788  -26.471  12.134  0.135 0.2222222239
208739  -27.044  12.545  0.306 0.1111111119
204260  -27.321  13.560  0.265 0.1111111119
146851  -28.026  13.482  0.118 0.1111111119
146863  -28.968  13.884  -0.515 0.1111111119
146877  -29.297  14.052  -1.054 0.1111111119
148725  -28.711  15.046  -0.967 0.1111111119
146897  -29.472  13.464  -2.099 0.1111111119
148732  -29.012  15.119  -1.551 0.1111111119
142293  -22.159  11.143  0.060 0.1111111119
142265  -22.932  11.222  1.156 0.1111111119
143248  -22.736  11.656  -0.167 0.1111111119
144207  -23.728  11.771  -0.656 0.1111111119
144193  -24.107  11.966  -0.824 0.1111111119
144195  -25.811  11.766  -0.048 0.3333333433
145952  -26.792  13.040  0.248 0.1111111119
147822  -25.409  14.094  -0.519 0.1111111119
147823  -26.570  14.432  -0.091 0.1111111119
147825  -28.124  14.703  -0.258 0.1111111119
149595  -28.351  15.649  -0.931 0.1111111119
149585  -27.957  15.512  -0.556 0.1111111119
144172  -23.205  11.375  1.141 0.1111111119
143235  -23.623  11.709  1.048 0.1111111119
218747  -23.681  12.763  -1.120 0.1111111119
146858  -23.191  13.737  -1.521 0.1111111119
213015  -24.063  12.801  -1.011 0.1111111119
145950  -24.715  13.020  -0.749 0.1111111119
147821  -24.301  14.070  -1.215 0.1111111119
216793  -25.364  14.578  -0.774 0.1111111119
148713  -25.737  15.203  -0.538 0.1111111119
149592  -24.487  16.146  -1.190 0.1111111119
208077  -26.605  15.408  -0.361 0.1111111119
149593  -26.905  15.936  -0.636 0.1111111119
149584  -27.390  15.496  -0.500 0.1111111119
146835  -24.671  13.533  1.324 0.1111111119
147802  -24.303  13.977  1.026 0.1111111119
204653  -23.522  15.837  -0.100 0.1111111119
149591  -23.969  15.614  -1.410 0.1111111119
225232  -24.242  16.812  -1.384 0.1111111119
117120  -28.114  -5.762  0.524 0.1111111119
120958  -29.004  -4.369  0.262 0.1111111119
125795  -27.732  -0.629  0.822 0.1111111119
134211  -30.337  5.329  -0.199 0.1111111119
237742  -30.747  7.646  -1.687 0.1111111119
139015  -30.905  8.086  -2.549 0.1111111119
150437  -25.343  16.720  -1.083 0.1111111119
150425  -23.839  16.672  0.207 0.1111111119
120959  -29.331  -3.618  1.173 0.1111111119
126908  -28.291  -0.154  -0.054 0.1111111119
126909  -28.596  0.438  -0.758 0.1111111119
132988  -30.434  4.853  -1.654 0.1111111119
137780  -30.822  7.453  -2.774 0.1111111119
140258  -30.688  9.031  -3.123 0.1111111119
140207  -21.837  10.542  0.894 0.1111111119
143283  -30.156  10.624  -2.704 0.1111111119
143223  -23.106  10.948  1.629 0.1111111119
150439  -27.067  16.524  -0.966 0.1111111119
151223  -23.736  17.077  -1.284 0.1111111119
151995  -23.950  17.905  -1.335 0.1111111119
91570  -18.380  -19.701  6.802 0.2222222239
239172  -18.768  -8.323  0.694 0.2222222239
232119  -18.762  -9.233  1.095 0.3333333433
112480  -19.073  -8.397  0.305 0.4444444478
112490  -18.716  -7.845  0.657 0.3333333433
227125  -21.400  6.442  -2.088 0.3333333433
135394  -21.238  6.469  -1.543 0.2222222239
137750  -20.887  8.797  -0.498 0.1111111119
138973  -21.028  9.328  0.118 0.1111111119
201107  -19.676  1.281  -1.693 0.2222222239
127911  -19.218  0.651  -1.424 0.1111111119
109979  -18.678  -9.396  1.612 0.2222222239
128890  -19.283  0.497  -1.542 0.1111111119
201110  -21.455  2.624  -1.257 0.1111111119
201527  -22.244  2.730  -0.795 0.1111111119
135383  -21.786  6.091  -0.744 0.1111111119
136521  -20.353  7.657  0.482 0.1111111119
137737  -20.276  8.352  0.649 0.1111111119
138965  -21.413  9.774  0.478 0.1111111119
225851  -21.432  5.713  -1.929 0.2222222239
131848  -21.457  4.192  -1.100 0.1111111119
107448  -18.633  -10.947  2.788 0.2222222239
119663  -18.919  -3.891  0.238 0.2222222239
134204  -21.239  5.032  -1.108 0.1111111119
118390  -18.712  -4.364  0.474 0.1111111119
121000  -18.733  -3.414  0.422 0.3333333433
137758  -21.578  7.646  -1.895 0.3333333433
136534  -21.319  7.036  -1.124 0.3333333433
136520  -20.435  7.757  -0.143 0.1111111119
111238  -18.556  -8.885  1.373 0.2222222239
134205  -21.829  5.687  -1.022 0.1111111119
225278  -22.212  3.560  -0.486 0.1111111119
136535  -20.941  6.781  -0.055 0.1111111119
132962  -21.742  4.834  -0.362 0.1111111119
134206  -21.976  5.421  -0.323 0.1111111119
135384  -21.621  5.942  -0.003 0.1111111119
132961  -21.328  4.725  -0.735 0.1111111119
109960  -27.342  -9.250  2.801 0.1111111119
90329  -18.076  -19.886  7.291 0.1111111119
90331  -18.910  -20.395  6.468 0.1111111119
238785  -19.469  -20.522  7.772 0.1111111119
91556  -16.829  -19.367  7.772 0.1111111119
93031  -17.003  -18.537  7.217 0.1111111119
93032  -17.488  -18.867  6.908 0.1111111119
94359  -16.971  -17.813  6.438 0.1111111119
95587  -16.587  -17.285  6.453 0.1111111119
95588  -16.951  -17.350  6.096 0.1111111119
106125  -18.208  -11.427  3.764 0.1111111119
113658  -18.644  -7.184  0.980 0.1111111119
205570  -18.463  -7.643  1.344 0.1111111119
111239  -18.806  -8.788  0.770 0.1111111119
123456  -18.641  -1.494  -0.060 0.2222222239
124680  -19.084  -1.017  -1.311 0.2222222239
208395  -18.603  -0.850  -0.153 0.2222222239
125811  -18.565  -0.324  -0.220 0.2222222239
91567  -16.655  -18.802  7.580 0.1111111119
220823  -18.838  -6.727  0.708 0.1111111119
114797  -19.207  -6.658  0.317 0.1111111119
91555  -16.222  -19.135  7.909 0.1111111119
90328  -17.434  -19.609  7.577 0.1111111119
90311  -18.435  -20.343  7.491 0.1111111119
90332  -19.312  -20.090  7.027 0.1111111119
93022  -16.140  -18.514  7.766 0.1111111119
93030  -16.505  -18.238  7.443 0.1111111119
94358  -16.524  -17.621  6.821 0.1111111119
96781  -16.285  -16.666  6.536 0.1111111119
96793  -16.597  -16.403  5.975 0.1111111119
98018  -16.687  -15.843  5.617 0.1111111119
99308  -16.915  -15.319  5.233 0.1111111119
233700  -17.972  -11.433  4.222 0.1111111119
108691  -18.272  -10.356  3.015 0.1111111119
111230  -18.442  -9.004  1.871 0.1111111119
234419  -18.088  -7.545  1.781 0.1111111119
124647  -18.335  -1.059  0.485 0.2222222239
126890  -18.169  -0.052  0.363 0.2222222239
127892  -18.472  0.764  -0.006 0.1111111119
90313  -20.368  -20.082  7.944 0.1111111119
89111  -17.707  -20.161  7.863 0.1111111119
125826  -18.869  -0.116  -0.851 0.2222222239
126927  -19.051  0.361  -1.114 0.1111111119
217896  -18.627  -10.395  2.513 0.1111111119
226263  -19.070  -6.115  0.454 0.1111111119
106126  -18.532  -11.482  3.214 0.1111111119
219782  -16.727  -14.687  5.227 0.1111111119
106109  -18.210  -11.934  4.139 0.1111111119
225937  -18.519  -11.984  3.603 0.1111111119
91578  -18.036  -19.162  6.644 0.1111111119
94350  -16.764  -18.034  7.032 0.1111111119
91569  -17.776  -19.370  7.123 0.1111111119
89128  -18.843  -20.474  7.032 0.1111111119
112479  -18.565  -8.276  1.198 0.1111111119
107447  -18.191  -10.903  3.395 0.1111111119
224186  -18.342  -8.544  1.798 0.1111111119
91568  -17.208  -19.081  7.383 0.1111111119
90310  -17.068  -19.779  7.984 0.1111111119
107435  -17.942  -10.943  3.982 0.1111111119
94349  -16.240  -17.680  7.257 0.1111111119
95580  -16.303  -17.133  6.930 0.1111111119
106088  -17.912  -11.829  4.643 0.1111111119
241120  -17.977  0.405  0.666 0.1111111119
128859  -18.699  0.952  -0.062 0.1111111119
201477  -20.741  0.901  -2.036 0.1111111119
122192  -18.372  -2.398  0.811 0.1111111119
128861  -20.049  -0.020  -1.221 0.1111111119
233784  -21.374  1.078  -1.742 0.1111111119
201680  -21.414  1.772  -1.453 0.1111111119
89113  -18.787  -20.724  7.770 0.1111111119
89115  -19.904  -20.537  8.137 0.1111111119
89117  -21.159  -20.378  8.574 0.1111111119
89129  -19.100  -20.492  7.327 0.1111111119
90300  -22.118  -19.902  8.683 0.1111111119
90312  -19.679  -20.250  7.637 0.1111111119
90314  -21.175  -20.016  8.119 0.2222222239
90330  -18.719  -20.220  6.787 0.1111111119
91559  -22.674  -19.088  8.058 0.2222222239
91571  -19.639  -19.629  6.927 0.3333333433
91574  -21.880  -19.102  7.373 0.2222222239
91580  -19.119  -19.556  6.494 0.3333333433
93011  -23.513  -18.803  8.594 0.1111111119
93024  -22.850  -18.602  7.850 0.1111111119
93041  -18.276  -18.908  6.193 0.3333333433
93043  -19.999  -19.125  6.263 0.3333333433
93044  -20.644  -18.764  6.176 0.3333333433
93046  -21.896  -18.328  6.709 0.2222222239
94342  -23.019  -18.045  7.712 0.1111111119
94353  -23.261  -17.521  7.479 0.1111111119
94361  -21.694  -18.117  6.146 0.3333333433
94371  -17.342  -17.687  6.114 0.1111111119
94389  -19.389  -17.924  5.108 0.3333333433
94392  -21.222  -17.606  5.140 0.3333333433
94401  -20.037  -17.429  4.770 0.3333333433
95583  -23.844  -16.822  7.704 0.1111111119
95590  -22.880  -17.168  6.499 0.1111111119
95600  -22.372  -17.223  5.680 0.3333333433
95615  -21.614  -17.205  4.874 0.3333333433
95622  -19.108  -17.034  4.637 0.3333333433
95623  -20.133  -16.964  4.376 0.3333333433
96775  -16.046  -16.677  6.942 0.1111111119
96783  -23.088  -16.670  6.232 0.2222222239
96844  -20.624  -16.563  3.974 0.3333333433
98009  -23.869  -16.157  6.433 0.1111111119
98020  -23.943  -15.856  6.185 0.1111111119
98033  -22.894  -15.755  5.083 0.3333333433
98071  -20.854  -16.100  3.412 0.4444444478
98074  -22.399  -15.477  4.249 0.4444444478
98083  -21.738  -15.344  3.512 0.4444444478
99333  -23.049  -15.303  4.779 0.4444444478
99334  -23.134  -14.835  4.501 0.4444444478
99348  -19.642  -15.377  3.228 0.4444444478
99351  -22.767  -14.415  3.582 0.4444444478
99359  -20.573  -15.217  2.716 0.4444444478
99360  -21.922  -14.957  3.160 0.4444444478
100806  -25.945  -14.016  6.104 0.1111111119
100826  -23.870  -14.578  4.998 0.4444444478
100860  -23.722  -14.002  4.293 0.3333333433
100874  -22.863  -13.926  3.177 0.4444444478
100894  -21.350  -14.524  1.976 0.4444444478
100895  -21.782  -14.440  2.206 0.4444444478
100902  -20.896  -14.237  1.393 0.4444444478
102191  -16.770  -13.631  4.648 0.1111111119
102204  -24.306  -13.180  3.939 0.4444444478
102220  -23.815  -13.361  3.464 0.4444444478
102234  -19.144  -13.759  2.664 0.5555555820
102239  -22.779  -13.282  2.288 0.4444444478
102249  -22.088  -14.140  1.204 0.4444444478
102258  -22.263  -13.285  0.590 0.6666666865
103605  -26.505  -12.984  5.213 0.1111111119
103618  -25.221  -13.303  4.456 0.2222222239
103621  -26.963  -12.310  4.654 0.1111111119
103632  -25.437  -12.790  4.130 0.1111111119
103654  -24.120  -12.833  3.419 0.4444444478
103675  -19.865  -12.817  1.553 0.6666666865
103685  -21.914  -13.253  0.386 0.6666666865
104824  -27.386  -12.599  5.440 0.1111111119
104862  -25.622  -12.288  3.964 0.2222222239
104883  -24.768  -11.994  3.377 0.3333333433
104892  -23.290  -12.265  2.499 0.4444444478
104910  -21.623  -12.927  0.187 0.7777777910
104923  -22.716  -12.471  0.123 0.6666666865
106110  -26.329  -11.636  4.045 0.2222222239
106111  -26.685  -11.103  3.883 0.1111111119
106164  -22.669  -11.963  -0.078 0.8888888955
107449  -25.410  -10.412  3.451 0.1111111119
107485  -22.916  -10.914  -0.443 0.8888888955
108681  -27.556  -10.391  3.584 0.1111111119
108692  -24.727  -10.498  3.205 0.3333333433
108742  -22.596  -10.492  -0.816 1.0000000000
108743  -22.983  -9.952  -0.847 1.0000000000
109973  -23.326  -9.939  2.490 0.4444444478
109974  -23.867  -9.746  2.888 0.4444444478
111207  -25.288  -9.044  3.172 0.3333333433
111208  -25.893  -9.090  3.084 0.3333333433
111224  -23.949  -9.149  2.838 0.6666666865
111256  -20.108  -8.662  -0.698 1.0000000000
111257  -20.392  -9.244  -0.880 1.0000000000
112467  -23.848  -8.211  2.812 0.5555555820
112501  -22.657  -8.561  -0.703 1.0000000000
113629  -24.898  -7.467  3.088 0.4444444478
113642  -23.409  -7.320  2.392 0.5555555820
113659  -22.707  -7.249  1.126 0.8888888955
113667  -19.467  -7.265  0.079 0.4444444478
113668  -22.666  -7.139  0.485 1.0000000000
114754  -25.202  -6.703  3.084 0.3333333433
114817  -22.647  -6.828  -2.319 1.0000000000
115857  -24.555  -6.224  3.028 0.5555555820
115875  -23.182  -6.520  1.912 0.6666666865
115876  -23.565  -6.165  2.296 0.6666666865
115914  -22.782  -6.024  -1.860 1.0000000000
115918  -21.052  -6.108  -2.564 0.8888888955
115920  -22.679  -6.274  -2.358 1.0000000000
117106  -24.876  -5.088  3.047 0.4444444478
117107  -27.561  -5.892  0.811 0.1111111119
117118  -23.082  -5.127  1.546 0.7777777910
117137  -19.165  -5.119  -0.140 0.3333333433
117138  -22.252  -5.253  -0.108 1.0000000000
117151  -22.711  -5.447  -1.698 1.0000000000
117164  -22.344  -5.643  -3.187 0.8888888955
118320  -25.829  -4.549  2.740 0.4444444478
118350  -24.202  -4.685  2.490 0.5555555820
118354  -27.550  -5.536  0.640 0.1111111119
118372  -23.319  -4.624  1.706 0.7777777910
118383  -22.331  -4.330  0.581 0.8888888955
118400  -19.798  -4.690  -1.656 0.5555555820
119603  -24.470  -3.723  2.494 0.5555555820
119636  -24.369  -3.269  2.331 0.5555555820
119668  -22.093  -4.006  -0.623 0.8888888955
119673  -19.689  -4.223  -1.521 0.5555555820
119678  -19.640  -3.982  -2.001 0.6666666865
119692  -21.457  -3.889  -3.893 0.8888888955
119694  -22.719  -3.659  -3.788 1.0000000000
120953  -24.107  -3.025  1.915 0.6666666865
120986  -23.372  -3.021  1.175 0.7777777910
121018  -19.684  -2.967  -2.782 0.7777777910
121024  -21.733  -3.448  -4.254 0.8888888955
121025  -22.400  -3.284  -4.177 1.0000000000
122154  -26.627  -3.050  2.012 0.3333333433
122168  -23.783  -2.712  1.500 0.7777777910
122226  -22.250  -2.392  -1.275 0.8888888955
122233  -22.284  -2.476  -1.979 1.0000000000
122253  -21.778  -1.980  -4.622 1.0000000000
123383  -26.121  -2.099  2.182 0.5555555820
123403  -24.926  -1.359  1.847 0.6666666865
123419  -23.495  -1.825  1.072 0.7777777910
123422  -28.262  -3.110  -0.565 0.1111111119
123459  -22.587  -1.535  -0.202 0.8888888955
123480  -19.778  -1.880  -3.199 0.6666666865
123484  -20.161  -1.442  -3.860 0.6666666865
123485  -20.875  -1.570  -4.433 0.8888888955
123486  -22.447  -2.081  -3.752 1.0000000000
123491  -21.843  -1.192  -4.839 1.0000000000
124618  -24.762  -0.760  1.721 0.5555555820
124639  -27.586  -1.188  1.046 0.2222222239
124649  -23.205  -0.857  0.663 0.7777777910
124667  -18.843  -1.219  -0.687 0.2222222239
124668  -22.662  -0.914  -0.122 0.7777777910
124681  -22.240  -1.238  -1.223 0.8888888955
124703  -20.984  -0.428  -4.189 1.0000000000
124709  -21.844  -0.722  -4.862 1.0000000000
125785  -24.455  -0.274  1.419 0.7777777910
125793  -18.254  -0.467  0.359 0.2222222239
125794  -23.043  -0.456  0.239 0.7777777910
125828  -22.241  -0.588  -1.538 0.8888888955
125847  -21.958  -0.071  -2.805 0.8888888955
125852  -20.444  0.123  -3.880 0.7777777910
126855  -25.901  0.585  1.934 0.5555555820
126880  -25.751  1.080  1.850 0.5555555820
126881  -27.674  0.671  1.379 0.2222222239
126892  -23.219  -0.091  0.393 0.7777777910
126905  -18.542  -0.010  -0.163 0.2222222239
126937  -19.212  0.568  -1.805 0.3333333433
126946  -19.343  0.298  -2.941 0.6666666865
126947  -21.912  0.566  -3.225 0.8888888955
126953  -19.368  0.805  -3.014 0.5555555820
127847  -27.592  1.253  1.518 0.2222222239
127863  -23.508  1.190  0.423 0.5555555820
127865  -24.912  1.403  1.413 0.6666666865
127867  -25.960  1.535  1.792 0.4444444478
127868  -27.979  1.049  1.264 0.1111111119
127878  -18.038  1.057  0.680 0.1111111119
127883  -28.776  1.455  -0.063 0.1111111119
127924  -19.279  1.005  -2.684 0.4444444478
127932  -21.366  1.365  -3.937 0.7777777910
128807  -26.165  2.107  1.703 0.4444444478
128808  -26.794  2.000  1.740 0.4444444478
128826  -24.284  1.890  0.785 0.5555555820
128829  -25.663  1.930  1.620 0.4444444478
128830  -27.967  1.561  1.227 0.2222222239
128862  -23.210  2.077  -0.690 0.6666666865
128863  -29.025  1.513  -0.495 0.1111111119
128899  -19.439  2.080  -2.552 0.4444444478
128908  -20.863  1.940  -3.848 0.6666666865
128916  -19.783  2.559  -3.369 0.6666666865
129805  -27.064  2.470  1.515 0.3333333433
129823  -25.065  2.346  1.117 0.5555555820
129825  -26.154  2.686  1.421 0.4444444478
129827  -28.633  2.609  0.928 0.1111111119
129842  -24.132  2.348  0.447 0.6666666865
129852  -24.074  2.840  -0.157 0.6666666865
129853  -29.277  2.124  -0.478 0.1111111119
129879  -22.636  2.533  -2.273 0.6666666865
129888  -22.279  2.532  -2.878 0.6666666865
129895  -19.620  2.903  -3.109 0.5555555820
130782  -27.291  2.963  1.339 0.3333333433
130801  -26.925  3.380  1.224 0.4444444478
130802  -27.876  3.049  1.184 0.1111111119
130812  -24.394  3.193  0.040 0.6666666865
130824  -23.435  3.201  -0.850 0.6666666865
130825  -23.991  3.230  -0.447 0.6666666865
130826  -29.630  3.295  -0.387 0.1111111119
130845  -23.027  3.051  -1.336 0.6666666865
130865  -21.827  3.040  -3.123 0.7777777910
131827  -25.859  3.693  0.835 0.5555555820
131830  -27.877  3.675  1.101 0.3333333433
131839  -25.124  4.040  0.256 0.6666666865
131841  -29.276  3.691  0.482 0.1111111119
131854  -29.795  3.697  -0.624 0.1111111119
131898  -21.562  3.496  -3.028 0.6666666865
131899  -22.191  3.488  -2.713 0.6666666865
131914  -20.013  3.435  -3.147 0.5555555820
132948  -26.844  4.447  0.903 0.6666666865
132950  -28.668  4.311  0.978 0.2222222239
132957  -25.901  4.967  0.349 0.6666666865
132958  -29.190  4.173  0.744 0.1111111119
132959  -29.560  4.489  0.516 0.1111111119
132965  -24.702  4.608  -0.512 0.6666666865
132979  -23.846  4.825  -1.310 0.6666666865
132984  -20.743  4.114  -2.227 0.4444444478
132985  -20.905  4.426  -2.302 0.5555555820
132991  -20.487  3.831  -2.620 0.5555555820
132993  -22.023  4.809  -2.918 0.6666666865
134188  -27.687  5.157  0.873 0.5555555820
134190  -28.931  5.260  0.823 0.1111111119
134191  -29.669  5.466  0.800 0.1111111119
134198  -26.233  5.381  0.323 0.6666666865
134200  -29.647  5.007  0.730 0.1111111119
134209  -25.264  5.605  -0.465 0.6666666865
134224  -30.409  5.170  -1.028 0.1111111119
134230  -30.551  5.423  -1.640 0.1111111119
134235  -21.443  4.989  -2.806 0.6666666865
134237  -22.012  5.602  -2.975 0.6666666865
135366  -27.878  5.744  0.763 0.2222222239
135374  -26.957  6.031  0.374 0.4444444478
135375  -27.880  6.293  0.475 0.3333333433
135376  -29.685  6.071  0.619 0.2222222239
135377  -30.184  5.795  0.715 0.1111111119
135378  -30.393  5.866  0.337 0.1111111119
135396  -24.176  6.162  -1.710 0.5555555820
135401  -21.363  5.400  -2.533 0.4444444478
135405  -30.592  5.951  -1.738 0.1111111119
135412  -21.815  6.039  -2.814 0.6666666865
136525  -27.864  6.846  0.300 0.3333333433
136527  -29.668  6.795  0.457 0.2222222239
136529  -30.538  6.408  0.138 0.2222222239
136536  -25.503  6.562  -1.160 0.5555555820
136539  -27.022  7.084  -0.172 0.5555555820
136546  -21.467  6.982  -1.961 0.3333333433
136557  -22.597  6.943  -2.660 0.5555555820
136559  -30.630  6.514  -1.835 0.1111111119
137740  -27.799  7.397  0.232 0.2222222239
137742  -29.331  7.521  0.365 0.2222222239
137744  -30.315  7.342  -0.131 0.2222222239
137752  -26.479  7.675  -0.917 0.4444444478
137753  -30.525  7.220  -0.595 0.2222222239
138970  -28.847  8.713  0.496 0.2222222239
138974  -26.442  8.461  -0.227 0.4444444478
138976  -27.636  7.965  0.310 0.4444444478
138978  -29.120  8.166  0.516 0.2222222239
138979  -29.649  8.049  0.261 0.2222222239
138980  -30.075  7.915  -0.095 0.2222222239
138993  -21.485  9.193  -1.583 0.4444444478
138997  -24.938  8.372  -1.449 0.4444444478
139007  -30.860  8.165  -1.930 0.1111111119
140214  -26.471  9.047  -0.301 0.4444444478
140216  -27.486  8.627  0.422 0.4444444478
140217  -28.213  8.808  0.587 0.2222222239
140218  -29.934  8.498  -0.014 0.1111111119
140222  -21.383  9.868  -0.995 0.2222222239
140236  -30.520  8.661  -0.900 0.1111111119
141310  -29.326  9.636  -0.170 0.1111111119
141315  -24.680  10.368  -1.455 0.3333333433
141316  -25.470  9.740  -0.834 0.3333333433
141332  -30.668  9.486  -2.146 0.1111111119
141336  -30.595  9.607  -2.689 0.1111111119
141342  -30.435  9.523  -3.285 0.1111111119
142281  -22.526  11.401  0.741 0.1111111119
142292  -22.322  11.417  0.283 0.1111111119
142296  -27.576  10.284  0.326 0.2222222239
142299  -29.097  10.194  0.042 0.2222222239
142307  -30.228  10.214  -0.590 0.1111111119
142313  -30.382  10.250  -1.047 0.1111111119
142333  -30.194  10.123  -3.209 0.1111111119
143234  -22.863  11.229  1.134 0.1111111119
143254  -28.887  10.717  0.184 0.2222222239
143261  -23.201  11.767  -0.353 0.1111111119
143264  -29.967  10.722  -0.452 0.1111111119
143272  -30.318  10.673  -1.203 0.1111111119
143277  -29.978  11.328  -1.687 0.1111111119
143278  -30.220  10.863  -1.655 0.1111111119
143282  -30.043  11.115  -2.258 0.1111111119
144182  -23.096  11.615  0.679 0.1111111119
144183  -23.258  11.841  0.459 0.1111111119
144197  -27.698  11.574  0.380 0.2222222239
144209  -29.485  11.846  -0.109 0.1111111119
144210  -29.902  11.746  -0.672 0.1111111119
144217  -29.829  11.792  -1.387 0.1111111119
144224  -29.864  11.636  -2.649 0.1111111119
145098  -28.267  12.320  0.194 0.1111111119
145109  -29.303  12.481  -0.345 0.1111111119
145110  -29.706  12.413  -0.800 0.1111111119
145119  -29.810  12.421  -1.297 0.1111111119
145927  -25.093  13.232  2.299 0.1111111119
145949  -23.821  12.951  -1.081 0.1111111119
145951  -25.834  12.958  -0.056 0.1111111119
145953  -27.532  13.012  0.301 0.1111111119
145966  -29.451  12.996  -0.669 0.1111111119
145981  -29.786  12.972  -1.636 0.1111111119
146840  -23.678  13.371  -0.372 0.1111111119
146850  -26.452  13.468  0.118 0.1111111119
146861  -27.880  14.100  -0.027 0.1111111119
146864  -29.147  13.377  -0.501 0.1111111119
147819  -23.001  14.577  -1.461 0.1111111119
147820  -22.957  14.257  -1.410 0.1111111119
147826  -28.514  14.329  -0.333 0.1111111119
147833  -22.917  14.426  -1.599 0.1111111119
147834  -22.993  14.392  -1.649 0.1111111119
147836  -28.922  14.486  -0.719 0.1111111119
147846  -29.154  14.589  -1.282 0.1111111119
148695  -24.394  14.816  0.768 0.1111111119
148703  -23.887  14.412  -0.188 0.1111111119
148710  -23.417  15.065  -0.873 0.1111111119
148711  -24.019  14.311  -1.471 0.1111111119
148714  -27.054  14.984  -0.295 0.1111111119
148715  -27.775  15.095  -0.328 0.1111111119
148716  -28.270  15.150  -0.555 0.1111111119
148723  -23.021  14.759  -1.556 0.1111111119
149582  -25.138  15.592  -0.842 0.1111111119
149590  -23.509  15.253  -1.442 0.1111111119
149594  -27.719  16.015  -0.767 0.1111111119
149596  -28.734  15.485  -1.323 0.1111111119
150430  -23.645  16.650  -0.743 0.1111111119
150435  -24.090  16.091  -1.072 0.1111111119
150436  -24.051  16.568  -1.307 0.1111111119
151224  -23.792  17.332  -1.419 0.1111111119
201105  -22.370  2.117  -3.216 0.7777777910
201114  -22.214  1.622  -2.908 0.7777777910
201115  -20.148  3.212  -3.473 0.5555555820
201117  -21.256  2.906  -3.465 0.7777777910
201319  -20.366  0.207  -1.754 0.1111111119
201326  -19.803  2.758  -2.159 0.3333333433
201327  -22.629  1.534  -1.997 0.7777777910
201372  -20.712  3.085  -3.618 0.6666666865
201428  -20.387  1.993  -2.191 0.3333333433
201488  -21.086  2.447  -1.945 0.3333333433
201560  -19.734  3.366  -2.435 0.5555555820
201818  -21.159  2.661  -3.622 0.6666666865
202135  -23.033  0.120  -0.033 0.8888888955
202237  -22.656  0.436  -1.181 0.8888888955
203308  -22.945  -3.696  -3.153 1.0000000000
204239  -26.072  -12.981  4.834 0.1111111119
204449  -30.788  7.553  -2.177 0.1111111119
206242  -30.721  6.816  -2.406 0.1111111119
207883  -30.582  5.644  -2.071 0.1111111119
208114  -19.199  0.062  -2.371 0.5555555820
209610  -29.741  11.052  -3.401 0.1111111119
209752  -23.079  -16.355  5.753 0.3333333433
209892  -24.385  2.777  0.357 0.5555555820
210014  -22.227  -1.347  -3.721 1.0000000000
210051  -26.867  -8.828  2.717 0.1111111119
210357  -30.483  7.694  -0.920 0.2222222239
211692  -22.951  -20.017  9.214 0.1111111119
212138  -25.773  2.874  1.113 0.5555555820
213369  -28.628  4.855  0.891 0.3333333433
214370  -21.891  3.943  -2.938 0.6666666865
214700  -27.815  9.722  0.414 0.2222222239
215613  -22.882  -8.963  -0.286 1.0000000000
216450  -30.611  6.402  -0.955 0.1111111119
217026  -22.115  -0.571  -3.629 0.8888888955
217220  -26.605  -0.627  1.998 0.5555555820
217818  -29.672  9.085  -0.109 0.1111111119
217954  -30.593  6.299  -1.420 0.1111111119
219003  -21.161  -9.930  -1.018 1.0000000000
219226  -21.950  -10.848  -0.790 0.8888888955
219618  -21.521  -13.292  0.482 0.5555555820
219797  -25.652  3.232  0.921 0.5555555820
220082  -28.102  11.236  0.406 0.1111111119
221525  -26.867  -4.087  1.712 0.2222222239
221643  -29.503  4.041  0.339 0.1111111119
222096  -29.746  11.253  -0.282 0.1111111119
222754  -22.597  -5.960  0.427 0.8888888955
223675  -28.276  3.310  1.071 0.3333333433
224145  -26.239  1.022  1.861 0.4444444478
224392  -27.749  0.066  1.193 0.1111111119
224456  -23.620  -4.151  1.893 0.7777777910
225185  -21.425  5.060  -0.532 0.1111111119
225381  -25.523  -7.859  3.103 0.3333333433
225697  -23.497  -3.720  1.716 0.7777777910
226588  -28.716  3.203  0.979 0.1111111119
227045  -27.864  2.112  1.077 0.2222222239
227624  -30.032  9.574  -0.448 0.1111111119
228433  -19.508  3.096  -2.514 0.4444444478
228435  -22.797  2.093  -2.069 0.7777777910
228473  -19.863  3.095  -2.074 0.3333333433
228658  -25.680  -9.360  3.231 0.3333333433
228726  -28.958  11.656  0.201 0.1111111119
228776  -23.401  -9.500  2.565 0.5555555820
228844  -24.230  0.233  1.209 0.7777777910
229141  -22.191  -4.327  -1.128 1.0000000000
229467  -28.494  0.480  -0.227 0.1111111119
230014  -30.389  10.168  -2.568 0.1111111119
230124  -30.463  8.090  -0.815 0.2222222239
230182  -20.278  -18.232  5.098 0.3333333433
230333  -27.228  9.160  0.356 0.4444444478
230395  -29.445  -3.060  1.058 0.1111111119
230906  -30.621  6.879  -0.920 0.1111111119
231522  -30.481  9.776  -1.488 0.1111111119
232018  -26.689  -9.160  3.022 0.1111111119
232462  -25.683  10.958  -0.367 0.3333333433
233909  -19.188  1.674  -2.139 0.5555555820
234282  -27.695  4.090  1.086 0.5555555820
235429  -28.453  5.639  0.739 0.2222222239
235431  -21.796  -16.811  4.667 0.3333333433
237107  -19.004  -6.428  0.596 0.1111111119
237240  -27.148  -10.065  3.416 0.1111111119
237635  -30.494  5.550  -0.705 0.1111111119
237766  -30.592  9.634  -1.864 0.1111111119
238018  -23.265  -5.489  1.794 0.7777777910
238277  -21.495  -6.468  -2.696 1.0000000000
238293  -25.769  -10.025  3.526 0.1111111119
238380  -30.512  6.872  -0.108 0.2222222239
238480  -27.535  -10.885  3.895 0.1111111119
238534  -21.958  3.912  -0.822 0.1111111119
238640  -26.033  -3.729  2.334 0.4444444478
239063  -22.401  -13.805  0.878 0.4444444478
239424  -23.330  -7.702  2.392 0.5555555820
239751  -20.034  -19.369  6.663 0.3333333433
239770  -30.419  9.245  -0.713 0.1111111119
239957  -26.182  -1.691  2.207 0.5555555820
240929  -25.726  -6.314  2.981 0.2222222239
241208  -21.914  -20.285  8.919 0.1111111119
242799  -20.648  -11.908  0.567 0.7777777910
243078  -21.699  -9.271  -1.259 1.0000000000
