#!ascii label  , from subject sub-v2s5x29555_ses-1 vox2ras=TkReg
609
218460  -22.429  -4.840  -1.388 0.0000000000
111262  -20.718  -8.885  -1.197 0.0000000000
112466  -23.214  -8.174  2.386 0.0000000000
103696  -22.559  -12.872  0.319 0.0000000000
137762  -24.665  8.065  -2.095 0.0000000000
131853  -24.715  4.110  -0.207 0.0000000000
125858  -21.612  -0.458  -4.602 0.0000000000
98081  -20.758  -15.592  3.081 0.0000000000
107493  -21.349  -10.802  -0.707 0.0000000000
104899  -20.053  -12.363  1.197 0.0000000000
135385  -25.212  6.094  -1.100 0.0000000000
132986  -22.525  4.241  -2.438 0.0000000000
117162  -20.874  -5.147  -2.878 0.0000000000
233496  -19.356  -2.892  -2.152 0.0000000000
122242  -22.661  -2.746  -3.597 0.0000000000
125829  -22.505  -0.163  -0.961 0.0000000000
122215  -22.737  -2.492  0.242 0.0000000000
119634  -23.174  -4.091  1.507 0.0000000000
115906  -19.660  -6.181  -0.671 0.0000000000
114816  -22.252  -7.025  -2.612 0.0000000000
222877  -22.637  -6.465  0.307 0.0000000000
111258  -22.667  -9.023  -0.754 0.0000000000
212106  -23.034  -10.479  1.165 0.0000000000
217046  -24.254  -11.798  3.088 0.0000000000
128907  -19.530  2.090  -3.291 0.0000000000
201549  -22.505  1.873  -2.534 0.0000000000
128827  -24.737  1.914  1.115 0.0000000000
237697  -18.645  -13.363  2.565 0.0000000000
100904  -21.790  -14.290  1.711 0.0000000000
106152  -19.882  -11.355  0.937 0.0000000000
106136  -19.139  -11.717  2.202 0.0000000000
134228  -22.627  5.123  -2.635 0.0000000000
131915  -20.350  3.662  -3.040 0.0000000000
118414  -22.424  -5.169  -3.258 0.0000000000
119685  -21.719  -4.358  -3.537 0.0000000000
230213  -22.747  -3.816  -2.060 0.0000000000
121011  -22.348  -2.929  -1.890 0.0000000000
119669  -22.417  -3.366  -0.715 0.0000000000
120985  -23.075  -3.419  0.719 0.0000000000
227116  -22.094  -4.157  0.002 0.0000000000
113673  -20.399  -7.547  -0.970 0.0000000000
240526  -20.462  -6.554  -1.533 0.0000000000
113679  -21.632  -8.004  -2.041 0.0000000000
112517  -22.575  -8.009  -1.973 0.0000000000
110015  -22.020  -8.826  -1.461 0.0000000000
106173  -22.247  -11.881  -0.386 0.0000000000
223924  -23.237  -10.607  -0.194 0.0000000000
243089  -22.885  -11.369  0.596 0.0000000000
219286  -23.450  -11.155  2.407 0.0000000000
104901  -22.984  -12.008  1.856 0.0000000000
222072  -23.462  8.797  -2.285 0.0000000000
140233  -22.745  9.803  -1.760 0.0000000000
140235  -24.715  9.362  -1.796 0.0000000000
141305  -26.048  10.026  -0.406 0.0000000000
138986  -26.745  7.877  -0.460 0.0000000000
216828  -24.957  5.093  -0.472 0.0000000000
122245  -20.279  -2.092  -4.004 0.0000000000
124696  -19.545  -0.676  -3.100 0.0000000000
126955  -20.690  0.848  -3.871 0.0000000000
201425  -21.505  1.838  -3.641 0.0000000000
126957  -21.556  0.711  -3.817 0.0000000000
125783  -23.416  -0.250  0.775 0.0000000000
201314  -23.078  0.831  -0.059 0.0000000000
207264  -24.568  0.807  1.329 0.0000000000
113653  -22.859  -7.425  1.617 0.0000000000
241942  -23.230  -5.950  1.852 0.0000000000
99347  -19.089  -15.071  3.353 0.0000000000
100872  -19.783  -14.585  2.661 0.0000000000
100892  -20.064  -14.310  2.213 0.0000000000
208536  -21.169  -15.184  2.735 0.0000000000
109994  -19.549  -9.379  0.068 0.0000000000
110005  -20.661  -9.744  -0.968 0.0000000000
233080  -20.309  -10.482  0.170 0.0000000000
106163  -20.810  -11.660  0.075 0.0000000000
103684  -21.076  -12.924  0.566 0.0000000000
136547  -23.938  7.308  -2.744 0.0000000000
215340  -25.087  7.172  -1.542 0.0000000000
135395  -23.625  5.994  -2.185 0.0000000000
134221  -23.542  5.210  -1.843 0.0000000000
132978  -23.510  4.196  -1.197 0.0000000000
118399  -19.666  -4.589  -1.083 0.0000000000
119683  -20.019  -4.009  -2.553 0.0000000000
212428  -21.042  -2.980  -4.175 0.0000000000
123492  -22.054  -1.654  -4.378 0.0000000000
241055  -22.306  -0.591  -2.910 0.0000000000
123475  -22.362  -1.708  -2.496 0.0000000000
231173  -22.405  -1.248  -0.597 0.0000000000
124637  -23.509  -1.181  1.116 0.0000000000
123401  -23.867  -2.117  1.462 0.0000000000
96846  -21.797  -16.114  4.172 0.0000000000
98073  -22.018  -15.631  3.982 0.0000000000
202251  -19.975  -5.666  -1.789 0.0000000000
115927  -21.799  -6.005  -2.980 0.0000000000
117158  -22.727  -5.740  -2.424 0.0000000000
115907  -22.524  -5.838  -0.668 0.0000000000
114802  -22.836  -7.033  -1.102 0.0000000000
230872  -22.833  -7.645  -0.071 0.0000000000
112481  -22.851  -8.185  0.898 0.0000000000
218119  -22.364  -9.914  -0.919 0.0000000000
222844  -23.255  -9.740  0.288 0.0000000000
211317  -22.824  -9.162  1.709 0.0000000000
241075  -23.571  -10.105  2.778 0.0000000000
204471  -25.059  -10.904  3.474 0.0000000000
136538  -26.418  7.148  -0.630 0.0000000000
201443  -20.495  2.847  -3.704 0.0000000000
130856  -22.405  2.973  -2.509 0.0000000000
129870  -23.255  2.692  -0.882 0.0000000000
201109  -22.457  0.597  -1.766 0.0000000000
128847  -23.489  1.879  0.003 0.0000000000
130798  -24.794  3.058  0.472 0.0000000000
117131  -22.762  -5.309  1.038 0.0000000000
117104  -23.895  -5.162  2.342 0.0000000000
104889  -18.983  -12.156  2.488 0.0000000000
103674  -19.358  -12.749  1.834 0.0000000000
102247  -20.694  -13.707  1.270 0.0000000000
102250  -22.493  -13.908  1.245 0.0000000000
99361  -22.261  -14.618  3.272 0.0000000000
102218  -22.575  -13.739  2.643 0.0000000000
103669  -23.209  -12.840  2.657 0.0000000000
131896  -19.896  3.570  -2.770 0.0000000000
118407  -22.590  -4.796  -2.843 0.0000000000
211742  -22.808  -4.073  -2.733 0.0000000000
118401  -22.674  -4.405  -1.959 0.0000000000
223320  -22.293  -3.379  -1.638 0.0000000000
119674  -22.242  -3.877  -1.383 0.0000000000
234141  -22.372  -3.693  -0.153 0.0000000000
118396  -22.093  -4.612  -0.539 0.0000000000
241689  -19.681  -8.715  -0.402 0.0000000000
112500  -20.039  -7.977  -0.560 0.0000000000
112507  -20.575  -8.241  -1.102 0.0000000000
113678  -20.974  -7.822  -1.599 0.0000000000
112508  -21.199  -8.445  -1.566 0.0000000000
112509  -21.843  -8.461  -1.791 0.0000000000
111263  -21.325  -9.000  -1.442 0.0000000000
104922  -22.495  -12.512  -0.120 0.0000000000
222152  -22.731  -11.910  0.360 0.0000000000
104911  -22.759  -12.581  0.687 0.0000000000
106146  -22.781  -11.783  1.122 0.0000000000
104900  -22.732  -12.367  1.395 0.0000000000
137761  -24.034  8.048  -2.436 0.0000000000
138995  -23.937  8.946  -2.214 0.0000000000
138996  -24.452  8.964  -2.022 0.0000000000
138984  -25.359  8.691  -1.134 0.0000000000
138985  -26.130  8.209  -0.750 0.0000000000
138998  -25.770  7.916  -1.110 0.0000000000
132955  -25.045  4.560  -0.077 0.0000000000
134196  -25.377  5.059  -0.019 0.0000000000
132956  -25.516  4.468  0.276 0.0000000000
131840  -25.565  3.994  0.520 0.0000000000
233027  -20.755  -1.011  -4.205 0.0000000000
213255  -19.668  -1.227  -3.147 0.0000000000
124702  -20.139  -0.681  -3.720 0.0000000000
125846  -19.768  -0.087  -3.304 0.0000000000
125853  -21.144  0.129  -4.070 0.0000000000
126956  -21.216  0.792  -3.932 0.0000000000
125854  -21.336  -0.021  -4.039 0.0000000000
125784  -23.915  -0.273  1.152 0.0000000000
126877  -23.682  0.188  1.015 0.0000000000
113641  -23.106  -7.618  2.071 0.0000000000
114770  -23.139  -7.092  1.959 0.0000000000
208546  -23.679  -7.695  2.765 0.0000000000
221567  -20.379  -16.019  3.170 0.0000000000
98070  -19.837  -16.031  3.373 0.0000000000
98080  -20.213  -15.568  3.085 0.0000000000
99357  -19.456  -14.856  3.004 0.0000000000
99358  -20.005  -15.063  2.872 0.0000000000
99377  -20.258  -14.867  2.275 0.0000000000
108729  -19.647  -9.767  0.772 0.0000000000
108730  -19.989  -9.955  0.147 0.0000000000
108721  -19.914  -10.309  0.718 0.0000000000
106145  -19.621  -11.868  1.179 0.0000000000
106162  -20.264  -11.476  0.466 0.0000000000
106153  -20.256  -11.840  0.935 0.0000000000
104909  -21.137  -12.341  0.173 0.0000000000
104908  -20.616  -12.365  0.782 0.0000000000
136558  -23.378  6.780  -2.604 0.0000000000
135404  -23.901  6.641  -2.237 0.0000000000
135403  -22.823  6.261  -2.742 0.0000000000
132987  -23.141  4.769  -2.170 0.0000000000
233598  -23.449  4.599  -1.667 0.0000000000
131885  -23.123  4.034  -1.823 0.0000000000
117150  -20.029  -5.100  -2.241 0.0000000000
118411  -20.292  -4.611  -2.777 0.0000000000
119693  -22.197  -3.877  -4.207 0.0000000000
121020  -20.887  -3.487  -3.649 0.0000000000
122247  -21.737  -2.780  -4.375 0.0000000000
122246  -21.082  -2.261  -4.464 0.0000000000
122248  -22.168  -2.482  -4.170 0.0000000000
123481  -22.455  -1.687  -3.159 0.0000000000
217413  -22.575  -2.244  -3.009 0.0000000000
122227  -22.494  -2.249  -0.394 0.0000000000
123458  -22.297  -1.761  -0.851 0.0000000000
123441  -22.783  -1.839  0.276 0.0000000000
124648  -22.840  -1.235  0.314 0.0000000000
123442  -23.045  -1.489  0.758 0.0000000000
123420  -23.908  -1.477  1.468 0.0000000000
123418  -23.025  -2.130  0.742 0.0000000000
119657  -23.241  -3.570  1.314 0.0000000000
120952  -23.639  -3.266  1.630 0.0000000000
119602  -24.107  -4.195  2.243 0.0000000000
210458  -21.565  -16.510  4.402 0.0000000000
96823  -22.042  -16.398  4.586 0.0000000000
115911  -19.676  -5.652  -1.074 0.0000000000
115912  -20.010  -6.157  -1.324 0.0000000000
114815  -21.651  -6.989  -2.613 0.0000000000
114814  -21.016  -6.678  -2.165 0.0000000000
114823  -21.969  -6.499  -2.765 0.0000000000
115919  -22.413  -6.049  -2.864 0.0000000000
114824  -22.402  -6.529  -2.586 0.0000000000
223534  -22.810  -6.505  -1.921 0.0000000000
114808  -22.832  -7.003  -1.827 0.0000000000
112511  -22.691  -8.192  -1.357 0.0000000000
230074  -22.913  -7.630  -0.886 0.0000000000
241019  -22.799  -8.086  -0.595 0.0000000000
112492  -22.792  -8.264  0.065 0.0000000000
111240  -22.939  -8.806  0.426 0.0000000000
108740  -20.978  -10.285  -0.744 0.0000000000
110006  -21.730  -9.673  -0.966 0.0000000000
108741  -21.722  -10.274  -0.874 0.0000000000
107474  -23.111  -10.839  0.452 0.0000000000
224190  -23.303  -9.975  -0.377 0.0000000000
220915  -23.254  -10.234  0.349 0.0000000000
217317  -23.002  -9.285  0.753 0.0000000000
108722  -23.026  -9.817  1.172 0.0000000000
109972  -23.002  -9.605  2.119 0.0000000000
108705  -23.007  -10.195  1.972 0.0000000000
106138  -23.907  -11.461  2.838 0.0000000000
107460  -23.974  -10.899  2.926 0.0000000000
106127  -24.556  -11.286  3.214 0.0000000000
106129  -25.534  -10.956  3.668 0.0000000000
136549  -24.929  6.711  -1.504 0.0000000000
136537  -25.791  7.014  -1.145 0.0000000000
135386  -26.041  6.566  -0.542 0.0000000000
121010  -19.322  -3.112  -1.549 0.0000000000
128906  -19.423  1.560  -3.032 0.0000000000
202490  -19.485  2.713  -2.796 0.0000000000
201116  -19.838  3.056  -3.265 0.0000000000
201879  -20.212  2.592  -3.685 0.0000000000
228928  -22.010  1.847  -3.341 0.0000000000
201353  -21.665  2.186  -3.445 0.0000000000
241704  -22.491  2.253  -2.610 0.0000000000
130844  -22.774  3.008  -1.946 0.0000000000
227677  -22.963  2.524  -1.521 0.0000000000
222749  -22.149  -0.527  -2.256 0.0000000000
125838  -22.034  -0.167  -2.074 0.0000000000
125839  -22.325  0.041  -1.629 0.0000000000
127881  -24.029  1.378  0.730 0.0000000000
228424  -23.256  1.384  -0.406 0.0000000000
128848  -23.871  1.830  0.456 0.0000000000
129841  -23.920  2.270  -0.067 0.0000000000
129822  -24.648  2.464  0.755 0.0000000000
129824  -25.593  2.433  1.344 0.0000000000
115901  -22.439  -5.920  0.006 0.0000000000
117139  -22.513  -5.555  0.493 0.0000000000
115895  -22.734  -5.984  0.904 0.0000000000
220744  -23.579  -5.604  2.139 0.0000000000
241837  -18.963  -14.011  2.939 0.0000000000
103667  -18.704  -12.729  2.630 0.0000000000
215952  -19.058  -12.616  2.194 0.0000000000
237941  -18.973  -13.227  2.072 0.0000000000
100893  -20.713  -14.513  1.829 0.0000000000
102236  -20.346  -13.999  1.731 0.0000000000
100903  -21.422  -14.340  1.503 0.0000000000
102248  -21.404  -14.031  1.101 0.0000000000
102237  -22.145  -14.141  1.708 0.0000000000
99349  -22.334  -15.047  3.795 0.0000000000
102219  -23.207  -13.439  2.985 0.0000000000
107472  -19.735  -10.771  1.114 0.0000000000
107466  -19.273  -10.721  1.607 0.0000000000
106151  -19.436  -11.339  1.322 0.0000000000
106144  -19.314  -11.822  1.615 0.0000000000
224584  -22.604  5.741  -2.698 0.0000000000
134236  -21.666  5.179  -3.031 0.0000000000
132992  -21.473  4.555  -2.974 0.0000000000
131897  -21.100  3.860  -3.021 0.0000000000
118413  -21.775  -4.774  -3.112 0.0000000000
118412  -20.971  -4.614  -3.145 0.0000000000
205912  -22.542  -4.597  -3.363 0.0000000000
119686  -22.651  -4.105  -3.532 0.0000000000
121021  -22.928  -3.266  -3.370 0.0000000000
122236  -22.696  -2.826  -2.703 0.0000000000
121015  -22.915  -3.412  -2.513 0.0000000000
121006  -22.429  -2.882  -1.024 0.0000000000
121007  -22.604  -2.843  -0.320 0.0000000000
122193  -22.959  -2.767  0.754 0.0000000000
121002  -22.668  -3.185  0.150 0.0000000000
119664  -22.569  -3.775  0.371 0.0000000000
119656  -22.829  -3.963  0.973 0.0000000000
225683  -19.675  -7.746  -0.113 0.0000000000
113672  -19.893  -7.358  -0.421 0.0000000000
114801  -20.056  -6.813  -0.952 0.0000000000
114807  -20.718  -7.117  -1.514 0.0000000000
113686  -21.335  -7.390  -2.132 0.0000000000
113687  -21.971  -7.521  -2.380 0.0000000000
113688  -22.545  -7.498  -2.259 0.0000000000
112516  -22.217  -8.040  -2.141 0.0000000000
112510  -22.347  -8.410  -1.810 0.0000000000
111264  -22.468  -8.756  -1.238 0.0000000000
107494  -21.724  -11.376  -0.690 0.0000000000
107495  -22.357  -11.167  -0.585 0.0000000000
106174  -22.721  -11.454  -0.300 0.0000000000
208226  -23.069  -11.328  -0.035 0.0000000000
107467  -22.969  -11.084  1.155 0.0000000000
108712  -23.059  -10.803  1.855 0.0000000000
106147  -23.112  -11.400  1.775 0.0000000000
106137  -23.397  -11.684  2.416 0.0000000000
104893  -23.739  -11.973  2.917 0.0000000000
138994  -22.588  9.018  -1.885 0.0000000000
140234  -23.710  9.790  -1.944 0.0000000000
140226  -25.098  9.588  -1.369 0.0000000000
140215  -26.901  8.823  0.078 0.0000000000
134208  -24.879  5.604  -0.996 0.0000000000
135372  -25.666  6.058  -0.540 0.0000000000
134197  -25.725  5.560  0.056 0.0000000000
125837  -19.170  -0.618  -2.074 0.0000000000
125845  -19.296  -0.328  -2.719 0.0000000000
126954  -19.847  0.721  -3.510 0.0000000000
127930  -20.112  1.470  -3.677 0.0000000000
127939  -20.225  2.051  -3.779 0.0000000000
127931  -20.822  1.475  -4.062 0.0000000000
201525  -21.846  1.295  -3.410 0.0000000000
201446  -22.188  1.014  -2.844 0.0000000000
125812  -22.724  -0.324  -0.349 0.0000000000
201108  -22.757  0.332  -0.508 0.0000000000
201670  -23.330  0.384  0.598 0.0000000000
127864  -23.870  0.793  1.022 0.0000000000
224062  -24.397  1.361  1.066 0.0000000000
114790  -22.684  -6.670  1.005 0.0000000000
232210  -22.882  -6.285  1.467 0.0000000000
114782  -22.786  -6.875  1.558 0.0000000000
114771  -23.503  -6.770  2.355 0.0000000000
100858  -18.953  -14.710  3.066 0.0000000000
100871  -19.279  -14.298  2.902 0.0000000000
100891  -19.656  -14.054  2.625 0.0000000000
102235  -19.747  -13.650  2.212 0.0000000000
99378  -20.888  -14.901  2.250 0.0000000000
99379  -21.389  -14.795  2.346 0.0000000000
111255  -19.429  -8.807  -0.107 0.0000000000
110003  -19.878  -9.075  -0.449 0.0000000000
110013  -20.809  -9.329  -1.186 0.0000000000
110004  -20.156  -9.580  -0.445 0.0000000000
108739  -20.500  -10.116  -0.328 0.0000000000
108731  -20.752  -10.662  -0.337 0.0000000000
107473  -20.058  -10.928  0.544 0.0000000000
107483  -20.390  -11.141  -0.036 0.0000000000
107484  -21.031  -11.278  -0.419 0.0000000000
106172  -21.466  -11.879  -0.346 0.0000000000
104921  -21.913  -12.460  -0.142 0.0000000000
103695  -22.194  -12.926  0.145 0.0000000000
137759  -22.202  8.168  -2.116 0.0000000000
137760  -23.407  8.072  -2.447 0.0000000000
137763  -25.353  7.581  -1.390 0.0000000000
210443  -24.489  7.400  -2.105 0.0000000000
136548  -24.337  6.797  -1.878 0.0000000000
135397  -24.678  6.203  -1.383 0.0000000000
134229  -23.156  5.495  -2.422 0.0000000000
134222  -23.927  5.577  -1.424 0.0000000000
134223  -24.450  5.722  -1.316 0.0000000000
134207  -24.484  5.074  -1.010 0.0000000000
132964  -24.172  4.300  -0.766 0.0000000000
131851  -23.799  3.667  -0.824 0.0000000000
121014  -19.474  -3.486  -2.272 0.0000000000
119684  -20.684  -4.100  -3.274 0.0000000000
121019  -20.093  -3.523  -3.006 0.0000000000
122241  -20.319  -3.018  -3.463 0.0000000000
234675  -20.514  -2.589  -3.897 0.0000000000
237207  -21.478  -1.545  -4.756 0.0000000000
124708  -21.501  -0.907  -4.796 0.0000000000
125859  -21.856  -0.444  -4.523 0.0000000000
124704  -22.074  -0.912  -4.564 0.0000000000
124697  -22.509  -0.983  -2.890 0.0000000000
124688  -22.171  -1.159  -1.968 0.0000000000
223246  -22.357  -2.252  -2.365 0.0000000000
123467  -22.193  -1.870  -1.719 0.0000000000
124682  -22.333  -0.758  -0.758 0.0000000000
243410  -22.934  -0.836  0.297 0.0000000000
214588  -23.693  -0.736  1.053 0.0000000000
124638  -24.058  -0.827  1.411 0.0000000000
124617  -24.400  -1.241  1.631 0.0000000000
123402  -24.416  -1.805  1.803 0.0000000000
122194  -23.455  -2.426  1.078 0.0000000000
208274  -23.669  -8.624  2.689 0.0000000000
96845  -21.246  -16.294  4.002 0.0000000000
98072  -21.475  -15.828  3.739 0.0000000000
98082  -21.235  -15.525  3.248 0.0000000000
117149  -19.794  -5.114  -1.397 0.0000000000
114813  -20.468  -6.128  -1.959 0.0000000000
117156  -20.536  -5.649  -2.408 0.0000000000
115926  -21.199  -5.684  -2.862 0.0000000000
117163  -21.853  -5.440  -3.121 0.0000000000
117157  -22.548  -5.468  -3.021 0.0000000000
210507  -22.678  -5.114  -2.272 0.0000000000
117144  -22.451  -5.286  -0.931 0.0000000000
115913  -22.701  -5.782  -1.283 0.0000000000
115908  -22.800  -6.367  -1.299 0.0000000000
201791  -22.660  -6.450  -0.489 0.0000000000
113680  -22.826  -7.620  -1.681 0.0000000000
204098  -22.730  -7.068  -0.273 0.0000000000
215161  -22.770  -7.693  0.654 0.0000000000
225384  -22.781  -7.714  1.219 0.0000000000
112465  -22.894  -8.036  1.663 0.0000000000
110014  -21.125  -9.504  -1.208 0.0000000000
110007  -22.386  -9.320  -0.958 0.0000000000
109995  -23.065  -9.479  -0.669 0.0000000000
232596  -23.164  -10.385  -0.672 0.0000000000
109987  -23.236  -9.390  -0.060 0.0000000000
111231  -22.884  -8.665  1.254 0.0000000000
111222  -22.896  -8.595  1.944 0.0000000000
111223  -23.073  -8.991  2.402 0.0000000000
109957  -24.489  -9.462  3.030 0.0000000000
107459  -23.333  -10.497  2.608 0.0000000000
108706  -23.956  -10.274  3.002 0.0000000000
137751  -26.041  7.433  -1.094 0.0000000000
241858  -26.811  7.511  -0.486 0.0000000000
136523  -26.638  6.588  -0.030 0.0000000000
201374  -19.676  3.405  -2.905 0.0000000000
228472  -20.350  3.359  -3.446 0.0000000000
201495  -20.938  3.369  -3.389 0.0000000000
201118  -20.990  2.337  -3.721 0.0000000000
201550  -21.806  2.515  -3.335 0.0000000000
131884  -22.668  3.492  -2.192 0.0000000000
131871  -22.948  3.428  -1.705 0.0000000000
131872  -23.235  3.609  -1.241 0.0000000000
131852  -24.393  3.640  -0.398 0.0000000000
125855  -21.567  -0.014  -3.658 0.0000000000
126939  -22.120  0.404  -2.345 0.0000000000
228375  -22.358  1.193  -2.220 0.0000000000
228366  -22.794  0.940  -0.953 0.0000000000
201545  -22.714  0.934  -1.552 0.0000000000
201458  -22.964  1.614  -1.149 0.0000000000
129851  -23.498  2.461  -0.259 0.0000000000
224748  -23.597  2.901  -0.482 0.0000000000
131838  -24.793  3.587  0.148 0.0000000000
130813  -25.243  3.522  0.654 0.0000000000
118392  -22.138  -4.626  0.131 0.0000000000
117130  -22.333  -4.945  0.618 0.0000000000
118384  -22.826  -4.617  1.164 0.0000000000
115888  -22.951  -5.680  1.462 0.0000000000
117119  -23.469  -5.108  1.954 0.0000000000
118349  -23.719  -4.650  2.151 0.0000000000
104890  -19.228  -12.244  1.966 0.0000000000
104898  -19.508  -12.333  1.493 0.0000000000
103668  -19.637  -13.146  1.881 0.0000000000
102246  -20.104  -13.380  1.634 0.0000000000
103676  -20.490  -12.994  1.132 0.0000000000
102256  -21.161  -13.445  0.877 0.0000000000
102257  -21.887  -13.676  0.743 0.0000000000
102259  -22.531  -13.263  0.908 0.0000000000
240795  -21.542  -15.191  3.038 0.0000000000
99380  -21.679  -14.900  2.645 0.0000000000
202493  -22.037  -14.580  2.735 0.0000000000
100873  -22.402  -14.205  2.982 0.0000000000
100896  -22.155  -14.106  2.357 0.0000000000
102238  -22.365  -13.697  1.969 0.0000000000
103677  -22.651  -13.361  1.548 0.0000000000
237505  -22.681  -12.883  1.278 0.0000000000
104891  -22.780  -12.667  1.971 0.0000000000
98071  -20.854  -16.100  3.412 0.0000000000
98074  -22.399  -15.477  4.249 0.0000000000
98083  -21.738  -15.344  3.512 0.0000000000
99348  -19.642  -15.377  3.228 0.0000000000
99359  -20.573  -15.217  2.716 0.0000000000
99360  -21.922  -14.957  3.160 0.0000000000
100874  -22.863  -13.926  3.177 0.0000000000
100894  -21.350  -14.524  1.976 0.0000000000
100895  -21.782  -14.440  2.206 0.0000000000
100902  -20.896  -14.237  1.393 0.0000000000
102234  -19.144  -13.759  2.664 0.0000000000
102239  -22.779  -13.282  2.288 0.0000000000
102249  -22.088  -14.140  1.204 0.0000000000
102258  -22.263  -13.285  0.590 0.0000000000
103652  -18.349  -13.157  3.038 0.0000000000
103675  -19.865  -12.817  1.553 0.0000000000
103685  -21.914  -13.253  0.386 0.0000000000
104883  -24.768  -11.994  3.377 0.0000000000
104892  -23.290  -12.265  2.499 0.0000000000
104910  -21.623  -12.927  0.187 0.0000000000
104923  -22.716  -12.471  0.123 0.0000000000
106164  -22.669  -11.963  -0.078 0.0000000000
107485  -22.916  -10.914  -0.443 0.0000000000
108692  -24.727  -10.498  3.205 0.0000000000
108742  -22.596  -10.492  -0.816 0.0000000000
108743  -22.983  -9.952  -0.847 0.0000000000
109973  -23.326  -9.939  2.490 0.0000000000
109974  -23.867  -9.746  2.888 0.0000000000
111224  -23.949  -9.149  2.838 0.0000000000
111256  -20.108  -8.662  -0.698 0.0000000000
111257  -20.392  -9.244  -0.880 0.0000000000
112501  -22.657  -8.561  -0.703 0.0000000000
113642  -23.409  -7.320  2.392 0.0000000000
113659  -22.707  -7.249  1.126 0.0000000000
113668  -22.666  -7.139  0.485 0.0000000000
114817  -22.647  -6.828  -2.319 0.0000000000
115875  -23.182  -6.520  1.912 0.0000000000
115876  -23.565  -6.165  2.296 0.0000000000
115914  -22.782  -6.024  -1.860 0.0000000000
115918  -21.052  -6.108  -2.564 0.0000000000
115920  -22.679  -6.274  -2.358 0.0000000000
117118  -23.082  -5.127  1.546 0.0000000000
117138  -22.252  -5.253  -0.108 0.0000000000
117151  -22.711  -5.447  -1.698 0.0000000000
117164  -22.344  -5.643  -3.187 0.0000000000
118372  -23.319  -4.624  1.706 0.0000000000
118383  -22.331  -4.330  0.581 0.0000000000
118400  -19.798  -4.690  -1.656 0.0000000000
119668  -22.093  -4.006  -0.623 0.0000000000
119692  -21.457  -3.889  -3.893 0.0000000000
119694  -22.719  -3.659  -3.788 0.0000000000
120986  -23.372  -3.021  1.175 0.0000000000
121018  -19.684  -2.967  -2.782 0.0000000000
121024  -21.733  -3.448  -4.254 0.0000000000
121025  -22.400  -3.284  -4.177 0.0000000000
122168  -23.783  -2.712  1.500 0.0000000000
122226  -22.250  -2.392  -1.275 0.0000000000
122233  -22.284  -2.476  -1.979 0.0000000000
122253  -21.778  -1.980  -4.622 0.0000000000
123403  -24.926  -1.359  1.847 0.0000000000
123419  -23.495  -1.825  1.072 0.0000000000
123459  -22.587  -1.535  -0.202 0.0000000000
123484  -20.161  -1.442  -3.860 0.0000000000
123485  -20.875  -1.570  -4.433 0.0000000000
123486  -22.447  -2.081  -3.752 0.0000000000
123491  -21.843  -1.192  -4.839 0.0000000000
124649  -23.205  -0.857  0.663 0.0000000000
124668  -22.662  -0.914  -0.122 0.0000000000
124681  -22.240  -1.238  -1.223 0.0000000000
124703  -20.984  -0.428  -4.189 0.0000000000
124709  -21.844  -0.722  -4.862 0.0000000000
125785  -24.455  -0.274  1.419 0.0000000000
125794  -23.043  -0.456  0.239 0.0000000000
125828  -22.241  -0.588  -1.538 0.0000000000
125847  -21.958  -0.071  -2.805 0.0000000000
125852  -20.444  0.123  -3.880 0.0000000000
126892  -23.219  -0.091  0.393 0.0000000000
126947  -21.912  0.566  -3.225 0.0000000000
127863  -23.508  1.190  0.423 0.0000000000
127865  -24.912  1.403  1.413 0.0000000000
127932  -21.366  1.365  -3.937 0.0000000000
128826  -24.284  1.890  0.785 0.0000000000
128862  -23.210  2.077  -0.690 0.0000000000
128899  -19.439  2.080  -2.552 0.0000000000
128908  -20.863  1.940  -3.848 0.0000000000
128916  -19.783  2.559  -3.369 0.0000000000
129823  -25.065  2.346  1.117 0.0000000000
129842  -24.132  2.348  0.447 0.0000000000
129852  -24.074  2.840  -0.157 0.0000000000
129879  -22.636  2.533  -2.273 0.0000000000
129888  -22.279  2.532  -2.878 0.0000000000
129895  -19.620  2.903  -3.109 0.0000000000
130812  -24.394  3.193  0.040 0.0000000000
130824  -23.435  3.201  -0.850 0.0000000000
130825  -23.991  3.230  -0.447 0.0000000000
130845  -23.027  3.051  -1.336 0.0000000000
130865  -21.827  3.040  -3.123 0.0000000000
131827  -25.859  3.693  0.835 0.0000000000
131839  -25.124  4.040  0.256 0.0000000000
131898  -21.562  3.496  -3.028 0.0000000000
131899  -22.191  3.488  -2.713 0.0000000000
131914  -20.013  3.435  -3.147 0.0000000000
132957  -25.901  4.967  0.349 0.0000000000
132965  -24.702  4.608  -0.512 0.0000000000
132979  -23.846  4.825  -1.310 0.0000000000
132993  -22.023  4.809  -2.918 0.0000000000
134209  -25.264  5.605  -0.465 0.0000000000
134235  -21.443  4.989  -2.806 0.0000000000
134237  -22.012  5.602  -2.975 0.0000000000
135396  -24.176  6.162  -1.710 0.0000000000
135413  -22.194  6.117  -2.845 0.0000000000
136536  -25.503  6.562  -1.160 0.0000000000
136539  -27.022  7.084  -0.172 0.0000000000
136557  -22.597  6.943  -2.660 0.0000000000
137752  -26.479  7.675  -0.917 0.0000000000
138974  -26.442  8.461  -0.227 0.0000000000
138997  -24.938  8.372  -1.449 0.0000000000
141316  -25.470  9.740  -0.834 0.0000000000
201105  -22.370  2.117  -3.216 0.0000000000
201114  -22.214  1.622  -2.908 0.0000000000
201115  -20.148  3.212  -3.473 0.0000000000
201117  -21.256  2.906  -3.465 0.0000000000
201327  -22.629  1.534  -1.997 0.0000000000
201372  -20.712  3.085  -3.618 0.0000000000
201560  -19.734  3.366  -2.435 0.0000000000
201818  -21.159  2.661  -3.622 0.0000000000
202135  -23.033  0.120  -0.033 0.0000000000
202237  -22.656  0.436  -1.181 0.0000000000
203308  -22.945  -3.696  -3.153 0.0000000000
209892  -24.385  2.777  0.357 0.0000000000
210014  -22.227  -1.347  -3.721 0.0000000000
214370  -21.891  3.943  -2.938 0.0000000000
215613  -22.882  -8.963  -0.286 0.0000000000
217026  -22.115  -0.571  -3.629 0.0000000000
219003  -21.161  -9.930  -1.018 0.0000000000
219226  -21.950  -10.848  -0.790 0.0000000000
219618  -21.521  -13.292  0.482 0.0000000000
222754  -22.597  -5.960  0.427 0.0000000000
224456  -23.620  -4.151  1.893 0.0000000000
225697  -23.497  -3.720  1.716 0.0000000000
228435  -22.797  2.093  -2.069 0.0000000000
228776  -23.401  -9.500  2.565 0.0000000000
228844  -24.230  0.233  1.209 0.0000000000
229141  -22.191  -4.327  -1.128 0.0000000000
233909  -19.188  1.674  -2.139 0.0000000000
235431  -21.796  -16.811  4.667 0.0000000000
238018  -23.265  -5.489  1.794 0.0000000000
238277  -21.495  -6.468  -2.696 0.0000000000
239063  -22.401  -13.805  0.878 0.0000000000
239424  -23.330  -7.702  2.392 0.0000000000
242799  -20.648  -11.908  0.567 0.0000000000
243078  -21.699  -9.271  -1.259 0.0000000000
