#!ascii label  , from subject sub-v2s5x29555_ses-1 vox2ras=TkReg
1153
23350  12.831  -60.848  10.364 0.6000000238
233043  11.541  -60.727  16.305 0.6999999881
23242  11.444  -60.644  15.241 0.6999999881
22305  9.608  -61.206  12.061 0.8999999762
23317  9.895  -61.219  10.946 0.8000000119
231088  10.678  -61.219  10.380 0.8000000119
23332  12.309  -60.107  10.623 0.6000000238
23331  13.030  -60.075  10.576 0.6999999881
24333  14.057  -59.957  10.532 0.6999999881
229361  12.480  -60.521  16.449 0.6999999881
23196  11.916  -60.658  17.252 0.6999999881
23241  12.046  -60.566  15.312 0.6999999881
202954  12.567  -60.619  14.815 0.6000000238
23258  11.416  -60.630  14.231 0.6999999881
23260  10.466  -60.811  14.016 0.6999999881
210786  11.063  -60.617  13.231 0.8000000119
239155  11.099  -60.401  12.188 0.8000000119
23306  10.683  -60.530  11.765 0.8000000119
23315  11.097  -60.376  11.095 0.8000000119
24318  11.619  -60.002  11.067 0.6000000238
24316  12.475  -59.170  10.834 0.6000000238
24315  13.396  -59.451  10.705 0.6999999881
219644  14.699  -60.108  10.418 0.6999999881
23213  13.764  -60.598  16.563 0.5000000000
201357  12.780  -60.708  17.504 0.6000000238
205015  13.600  -60.582  15.889 0.4000000060
23227  12.864  -60.567  15.934 0.6000000238
202434  13.549  -60.603  14.887 0.5000000000
23271  13.010  -60.582  13.628 0.6000000238
23273  11.628  -60.595  13.522 0.8000000119
23289  12.005  -60.458  12.910 0.6999999881
225211  12.291  -59.978  12.038 0.6999999881
24299  12.023  -59.110  11.288 0.6999999881
240608  12.486  -58.007  10.926 0.5000000000
26356  13.667  -57.833  10.830 0.6000000238
25323  14.502  -58.759  10.768 0.6000000238
24332  14.929  -59.459  10.586 0.6000000238
24331  15.977  -59.857  10.302 0.5000000000
23193  15.081  -60.659  17.311 0.5000000000
23177  14.069  -60.675  17.642 0.6000000238
23159  13.445  -60.681  18.506 0.6000000238
23212  14.520  -60.620  16.726 0.5000000000
23256  13.195  -60.590  14.371 0.5000000000
23286  14.066  -60.338  13.251 0.6000000238
24269  13.718  -59.963  12.638 0.6000000238
234127  13.285  -58.817  12.002 0.6000000238
26347  12.234  -57.848  10.947 0.5000000000
27405  12.543  -57.313  10.984 0.5000000000
27417  13.347  -56.898  10.870 0.6000000238
27416  14.397  -57.178  10.810 0.6000000238
25322  15.278  -58.578  10.666 0.5000000000
26371  16.528  -58.700  10.280 0.5000000000
225199  17.597  -59.410  10.020 0.5000000000
25339  16.940  -59.417  10.174 0.5000000000
209615  15.188  -60.611  18.056 0.5000000000
23141  14.335  -60.341  18.943 0.5000000000
231284  14.859  -60.633  16.170 0.5000000000
214463  14.789  -60.618  15.645 0.4000000060
24223  16.134  -59.911  15.343 0.3000000119
23252  15.752  -59.996  14.826 0.4000000060
24244  15.459  -59.877  14.218 0.3000000119
25244  16.186  -58.930  14.540 0.3000000119
24257  14.701  -60.128  13.436 0.5000000000
24267  14.830  -59.449  13.205 0.5000000000
26333  14.390  -58.082  12.939 0.5000000000
26339  13.123  -57.526  11.995 0.5000000000
27398  13.016  -56.836  11.573 0.5000000000
28516  13.231  -56.416  10.996 0.6000000238
28515  13.866  -56.374  10.904 0.6000000238
26354  15.226  -57.749  10.721 0.5000000000
27433  16.486  -57.536  10.241 0.5000000000
26370  17.468  -58.176  10.189 0.5000000000
23156  15.760  -60.462  18.356 0.5000000000
23155  16.266  -60.392  18.062 0.5000000000
24194  16.631  -59.972  17.069 0.5000000000
222337  16.549  -59.886  16.422 0.4000000060
23225  16.002  -60.268  15.825 0.5000000000
25232  16.707  -58.941  15.512 0.4000000060
26274  16.630  -58.458  15.128 0.3000000119
25256  16.019  -58.625  14.185 0.3000000119
26332  14.900  -58.233  13.312 0.4000000060
26338  13.797  -57.820  12.520 0.5000000000
27397  13.521  -57.019  12.283 0.4000000060
238810  15.572  -56.707  10.618 0.5000000000
28496  16.941  -56.645  10.975 0.5000000000
233907  16.199  -56.859  10.470 0.5000000000
26368  18.961  -57.964  10.205 0.5000000000
27430  18.711  -57.325  10.294 0.4000000060
27432  17.141  -57.527  10.130 0.5000000000
24142  16.694  -59.679  18.842 0.5000000000
24176  17.009  -59.668  18.266 0.5000000000
24193  16.995  -59.561  17.346 0.5000000000
215193  17.185  -59.237  17.050 0.4000000060
26260  17.228  -58.538  16.130 0.4000000060
26273  16.949  -58.466  15.646 0.3000000119
26289  16.439  -57.957  14.849 0.3000000119
27382  15.450  -57.715  13.933 0.4000000060
28468  15.502  -57.025  14.099 0.4000000060
28476  15.194  -56.611  13.607 0.4000000060
27389  14.546  -57.693  13.196 0.4000000060
28477  14.618  -56.511  12.978 0.4000000060
29536  14.689  -56.160  12.358 0.5000000000
29535  15.300  -56.319  12.074 0.5000000000
28499  14.198  -55.978  11.052 0.6000000238
28495  17.607  -56.821  10.961 0.4000000060
28510  17.851  -56.999  10.517 0.5000000000
25167  17.656  -58.928  18.449 0.4000000060
26245  17.941  -58.392  17.215 0.4000000060
25183  17.766  -58.901  17.950 0.4000000060
27335  17.861  -58.017  16.696 0.4000000060
210683  17.709  -57.278  16.192 0.4000000060
28445  16.902  -57.295  15.315 0.4000000060
28446  16.530  -56.921  15.118 0.4000000060
27360  16.150  -57.446  14.690 0.4000000060
29501  15.802  -56.627  14.536 0.4000000060
29512  15.623  -56.479  14.067 0.4000000060
207327  15.595  -56.366  13.561 0.5000000000
29521  16.062  -56.314  13.131 0.5000000000
29519  17.483  -56.100  12.763 0.6000000238
28484  17.386  -56.660  11.619 0.5000000000
30575  18.791  -55.888  12.559 0.4000000060
29545  18.042  -56.622  11.529 0.4000000060
216380  17.832  -58.243  19.121 0.4000000060
27325  18.517  -57.676  17.735 0.4000000060
26219  18.402  -58.158  18.049 0.4000000060
28418  18.365  -57.125  16.837 0.4000000060
29480  17.503  -56.358  15.698 0.4000000060
226635  16.189  -56.302  14.856 0.4000000060
30548  16.389  -55.766  14.689 0.4000000060
29511  15.971  -56.132  13.844 0.4000000060
29510  16.514  -55.966  13.553 0.5000000000
31601  17.903  -55.162  13.362 0.4000000060
29518  18.138  -55.966  12.650 0.6000000238
28374  18.681  -57.176  18.487 0.4000000060
28390  18.757  -57.138  17.990 0.4000000060
29455  19.080  -56.250  17.299 0.4000000060
29467  18.354  -56.598  16.554 0.4000000060
30513  18.273  -55.638  15.976 0.4000000060
30523  17.838  -55.497  15.619 0.4000000060
31575  17.921  -55.004  15.340 0.5000000000
215099  17.050  -55.702  15.217 0.4000000060
32584  17.594  -54.551  14.562 0.3000000119
32595  17.464  -54.580  14.154 0.3000000119
31592  17.075  -55.063  14.097 0.4000000060
236899  17.920  -54.801  13.470 0.4000000060
32608  18.381  -54.113  13.192 0.4000000060
30565  18.440  -55.471  13.041 0.5000000000
28340  18.432  -56.787  19.388 0.4000000060
29466  18.720  -56.180  16.805 0.4000000060
31549  18.995  -54.710  16.136 0.4000000060
31560  18.765  -54.310  15.613 0.3000000119
32569  18.507  -53.896  15.066 0.3000000119
33595  18.060  -53.710  14.590 0.3000000119
33603  17.948  -53.290  14.111 0.3000000119
32594  17.739  -54.157  13.757 0.3000000119
209512  18.194  -52.964  12.730 0.4000000060
34693  18.908  -53.040  12.599 0.4000000060
30492  19.565  -55.655  17.985 0.3000000119
30503  19.636  -55.388  17.457 0.3000000119
204834  19.562  -55.012  16.885 0.3000000119
32550  19.703  -53.919  16.211 0.3000000119
33569  19.429  -53.316  15.506 0.3000000119
34645  19.182  -52.927  15.054 0.3000000119
33594  18.324  -53.332  14.721 0.4000000060
228571  18.552  -51.987  14.299 0.4000000060
34663  17.857  -52.718  13.961 0.3000000119
36845  17.605  -51.827  13.281 0.3000000119
34695  17.792  -52.888  13.024 0.3000000119
34694  17.877  -52.405  12.631 0.4000000060
36860  18.372  -51.705  11.615 0.4000000060
36859  19.206  -51.813  11.491 0.4000000060
34661  18.819  -52.507  14.602 0.4000000060
237353  18.961  -50.579  13.332 0.4000000060
36833  17.985  -51.376  13.449 0.4000000060
37974  17.808  -50.969  12.951 0.3000000119
36861  17.717  -51.460  11.996 0.4000000060
38012  18.078  -50.530  11.437 0.4000000060
218456  18.671  -50.024  10.571 0.4000000060
36875  18.195  -51.125  11.540 0.4000000060
36874  18.887  -51.355  11.203 0.4000000060
230217  18.403  -50.499  12.943 0.4000000060
39156  18.245  -49.776  12.003 0.5000000000
239607  18.216  -49.560  11.511 0.4000000060
39179  18.339  -49.830  10.784 0.4000000060
38010  19.338  -50.947  10.857 0.3000000119
203303  18.758  -49.625  10.453 0.3000000119
22332  11.444  -61.303  10.253 0.6999999881
23292  10.108  -60.918  12.759 0.8000000119
225084  12.092  -58.720  11.002 0.6000000238
23305  11.213  -60.211  11.603 0.6999999881
24317  12.085  -59.096  11.278 0.6999999881
25341  15.557  -59.319  10.510 0.6000000238
23238  14.695  -60.608  15.051 0.4000000060
23254  14.552  -60.548  14.461 0.4000000060
23288  12.713  -60.461  12.970 0.6999999881
23302  12.951  -60.049  12.366 0.6999999881
26348  12.295  -58.156  11.075 0.6999999881
23210  15.810  -60.510  16.386 0.5000000000
25302  13.542  -58.361  12.219 0.5000000000
25270  15.224  -58.943  13.525 0.4000000060
28488  13.506  -56.161  11.713 0.6000000238
28497  16.245  -56.373  11.019 0.5000000000
28486  15.997  -56.535  11.812 0.6000000238
30524  17.440  -55.833  15.511 0.3000000119
31591  17.547  -54.728  13.743 0.4000000060
30478  19.384  -55.884  18.517 0.4000000060
34676  17.748  -52.900  13.506 0.3000000119
36844  17.452  -51.177  12.453 0.3000000119
39157  17.991  -50.355  11.915 0.3000000119
39178  19.224  -50.014  10.343 0.3000000119
19441  12.214  -63.412  14.987 0.6000000238
19416  12.561  -63.673  15.529 0.6000000238
19361  15.242  -63.517  16.809 0.6000000238
19411  15.804  -63.992  15.406 0.6000000238
17488  12.296  -64.982  15.624 0.5000000000
18434  11.843  -64.374  14.950 0.6000000238
19462  10.528  -63.918  13.365 0.6999999881
226313  11.093  -63.420  13.858 0.6999999881
18409  12.248  -64.360  15.517 0.6000000238
20438  12.356  -62.859  14.701 0.6000000238
20423  13.239  -63.080  15.324 0.6000000238
20463  13.900  -62.645  13.934 0.6000000238
19439  14.637  -63.136  14.600 0.6000000238
19412  15.194  -63.482  15.657 0.6000000238
18433  15.429  -63.988  14.431 0.6000000238
17543  16.400  -65.064  13.838 0.6999999881
17529  10.980  -65.249  13.884 0.6000000238
18481  9.663  -64.608  13.118 0.6999999881
17508  11.913  -65.087  15.027 0.5000000000
18459  10.607  -64.514  13.564 0.6999999881
18458  11.065  -64.649  14.074 0.6999999881
20467  11.061  -62.643  13.180 0.6999999881
234183  11.623  -62.443  13.545 0.6999999881
20464  13.349  -62.398  13.874 0.5000000000
19458  15.035  -63.575  14.173 0.6000000238
18479  15.419  -64.491  13.091 0.6000000238
18478  15.842  -64.746  13.539 0.6999999881
18498  15.576  -64.544  12.534 0.6999999881
18477  16.788  -64.910  13.430 0.6999999881
19488  16.705  -63.965  12.956 0.6999999881
209257  19.927  -60.510  16.673 0.4000000060
23251  18.188  -60.261  14.560 0.5000000000
22296  17.374  -61.078  13.342 0.6000000238
21402  17.214  -61.722  13.818 0.6000000238
20475  16.699  -63.207  12.817 0.6999999881
16624  8.899  -65.600  14.420 0.5000000000
16639  9.164  -65.566  13.501 0.5000000000
18436  8.767  -64.368  13.949 0.6000000238
16637  10.209  -65.911  13.161 0.5000000000
19476  9.148  -64.105  13.480 0.6999999881
16647  9.473  -65.424  13.120 0.5000000000
17530  10.410  -65.514  13.315 0.6000000238
19495  9.364  -63.811  13.195 0.6999999881
231636  9.718  -64.062  12.934 0.6999999881
20479  10.050  -63.092  12.233 0.6999999881
21411  12.346  -62.153  12.832 0.6999999881
235622  14.160  -62.955  13.478 0.6000000238
19490  14.868  -64.097  12.999 0.6000000238
18509  15.073  -64.361  12.009 0.6999999881
18507  16.122  -64.208  12.281 0.6999999881
20491  16.575  -63.095  12.127 0.6999999881
236568  16.988  -61.868  12.651 0.6000000238
21435  17.037  -61.901  12.141 0.6000000238
17468  10.275  -64.461  16.491 0.5000000000
16587  9.479  -65.569  16.156 0.4000000060
17510  8.989  -64.404  15.160 0.5000000000
17469  9.946  -65.028  16.328 0.5000000000
17511  8.833  -65.033  14.422 0.5000000000
19418  9.654  -63.241  15.223 0.6000000238
19444  9.101  -63.905  14.650 0.6000000238
21404  9.389  -62.650  13.792 0.6999999881
19463  9.090  -63.905  13.848 0.6000000238
233722  9.226  -63.451  13.389 0.6999999881
20480  9.581  -63.116  12.279 0.6999999881
21412  11.558  -62.238  12.912 0.6999999881
20477  13.097  -62.393  12.627 0.6999999881
20476  13.664  -62.827  12.671 0.6999999881
19506  13.878  -63.416  12.226 0.6999999881
18510  14.435  -64.282  11.671 0.6999999881
18520  14.809  -64.223  11.372 0.8000000119
19504  16.272  -63.651  11.816 0.6999999881
23284  17.768  -60.489  13.161 0.5000000000
22314  17.316  -61.442  11.891 0.6000000238
20498  16.597  -63.199  11.351 0.6000000238
16562  10.437  -65.548  17.219 0.4000000060
238514  10.402  -63.368  16.500 0.6000000238
18410  10.108  -63.855  16.217 0.6000000238
19417  10.082  -63.156  16.003 0.6000000238
21395  10.137  -62.207  15.218 0.6000000238
22282  10.181  -61.540  14.713 0.6000000238
22297  9.295  -62.059  12.853 0.6999999881
21424  9.196  -62.485  12.403 0.6999999881
20494  9.889  -63.005  11.657 0.6999999881
21423  10.459  -62.699  11.857 0.6999999881
21451  10.140  -62.867  10.596 0.8000000119
21438  10.938  -62.559  11.381 0.8000000119
20499  12.841  -63.185  11.089 0.6000000238
241139  13.678  -64.060  11.043 0.6000000238
19519  15.630  -63.830  10.305 0.8000000119
19511  15.744  -63.858  10.925 0.6999999881
24265  18.402  -59.652  12.597 0.5000000000
23300  17.719  -60.606  12.143 0.6000000238
20497  17.034  -62.879  10.869 0.6999999881
24280  18.070  -60.091  12.185 0.6000000238
202997  11.458  -63.466  17.327 0.5000000000
17434  11.474  -64.644  17.869 0.4000000060
16517  12.007  -65.162  18.841 0.4000000060
19364  10.898  -63.235  16.870 0.5000000000
17449  10.700  -64.462  16.989 0.5000000000
20407  10.633  -62.303  16.548 0.6000000238
222649  10.671  -61.687  15.872 0.6000000238
232967  10.546  -61.223  15.130 0.6000000238
23275  10.101  -61.105  13.438 0.6999999881
20502  9.329  -62.472  11.437 0.8000000119
21460  9.666  -62.349  10.354 0.8000000119
20508  10.973  -62.726  10.001 0.6000000238
19528  12.902  -63.286  9.908 0.6000000238
18538  13.932  -63.792  10.319 0.6999999881
19525  15.063  -63.748  9.870 0.6999999881
19517  17.020  -63.255  9.392 0.6999999881
22322  17.645  -61.592  11.420 0.6000000238
21455  18.132  -62.834  9.855 0.6000000238
21454  18.605  -62.751  9.467 0.6000000238
23314  18.119  -60.679  11.518 0.6000000238
22331  18.288  -62.102  10.345 0.6000000238
21353  11.671  -61.606  17.590 0.5000000000
19335  11.915  -63.041  17.601 0.5000000000
18317  12.248  -63.888  18.425 0.5000000000
17394  12.212  -64.577  19.310 0.5000000000
23197  11.684  -60.774  16.886 0.5000000000
20393  11.386  -62.046  17.144 0.5000000000
22271  11.139  -61.012  16.158 0.6000000238
22353  10.589  -62.014  9.818 0.6999999881
22351  11.849  -61.843  9.941 0.6000000238
202318  12.834  -62.881  9.580 0.6000000238
20512  14.123  -62.755  9.925 0.6000000238
20510  15.480  -63.201  9.641 0.6999999881
21468  15.011  -62.665  9.853 0.6000000238
21482  16.405  -62.982  9.364 0.6000000238
20509  17.817  -63.017  9.065 0.6999999881
24297  18.891  -60.015  11.493 0.5000000000
22343  19.092  -62.631  9.322 0.4000000060
220668  11.921  -61.441  17.919 0.5000000000
21336  12.181  -61.644  18.542 0.5000000000
209953  12.553  -62.269  19.049 0.5000000000
20313  12.482  -62.852  20.127 0.5000000000
19276  11.775  -63.421  20.700 0.5000000000
19277  11.061  -63.484  20.923 0.5000000000
23349  13.536  -60.719  10.268 0.6000000238
207440  14.492  -61.943  10.035 0.6000000238
22346  15.326  -61.771  10.028 0.4000000060
22362  17.091  -62.446  9.288 0.5000000000
22361  17.722  -62.504  9.098 0.4000000060
21463  19.321  -62.539  8.891 0.4000000060
21479  18.102  -62.946  9.063 0.5000000000
23180  12.333  -60.955  17.920 0.6000000238
22232  12.493  -61.267  18.863 0.5000000000
22218  12.500  -61.176  19.681 0.5000000000
222760  12.428  -62.268  20.391 0.5000000000
222095  11.571  -62.483  21.025 0.5000000000
21270  11.024  -62.033  21.126 0.5000000000
209344  9.900  -62.223  20.659 0.4000000060
21292  9.382  -62.098  20.243 0.5000000000
21293  8.986  -61.707  19.903 0.4000000060
21294  8.499  -61.705  19.621 0.4000000060
20337  7.928  -62.711  18.923 0.4000000060
23347  15.261  -60.749  10.215 0.6000000238
23346  16.565  -60.973  9.870 0.4000000060
23362  17.781  -61.661  9.311 0.4000000060
22359  18.885  -62.475  8.884 0.4000000060
211420  12.894  -60.798  18.935 0.5000000000
233833  12.531  -60.786  19.998 0.4000000060
22201  12.341  -61.168  20.345 0.4000000060
221358  11.523  -61.518  20.984 0.5000000000
25112  11.298  -59.739  21.132 0.4000000060
22184  10.136  -61.199  20.898 0.5000000000
24116  10.196  -60.205  20.843 0.4000000060
24117  9.627  -60.050  20.607 0.5000000000
22185  9.579  -61.133  20.567 0.5000000000
25115  9.099  -59.661  20.311 0.3000000119
23123  8.474  -60.570  19.956 0.3000000119
24148  7.681  -59.929  19.248 0.3000000119
24330  16.620  -60.128  10.104 0.4000000060
24146  13.525  -60.198  19.492 0.5000000000
23120  13.230  -60.161  19.910 0.5000000000
240349  12.643  -60.250  20.468 0.4000000060
204090  15.163  -60.054  19.171 0.4000000060
24129  14.473  -59.756  19.865 0.4000000060
24131  13.405  -59.727  20.376 0.4000000060
25109  13.797  -58.612  20.908 0.4000000060
24143  15.584  -59.785  19.502 0.4000000060
25128  14.894  -59.339  20.262 0.4000000060
25108  14.229  -58.889  20.863 0.4000000060
25126  16.374  -58.948  19.924 0.4000000060
231122  15.215  -58.377  20.866 0.4000000060
27264  13.846  -57.909  20.807 0.4000000060
232641  13.422  -57.571  20.685 0.4000000060
205856  15.629  -58.360  20.536 0.4000000060
236381  17.194  -58.873  19.317 0.3000000119
225029  15.443  -57.261  20.343 0.4000000060
27281  14.370  -57.094  20.351 0.4000000060
217159  13.973  -56.863  20.031 0.4000000060
26183  17.692  -57.887  19.545 0.4000000060
28346  12.942  -56.948  19.656 0.4000000060
29417  13.500  -56.621  19.228 0.4000000060
207064  17.865  -56.863  19.765 0.3000000119
214707  17.321  -56.961  19.948 0.4000000060
215056  16.356  -56.629  20.063 0.4000000060
214921  15.771  -56.601  20.093 0.4000000060
29407  14.755  -56.474  19.975 0.4000000060
29415  14.282  -56.203  19.694 0.4000000060
30456  15.101  -55.562  19.880 0.3000000119
22350  12.574  -61.634  9.955 0.6000000238
21374  11.062  -61.819  16.709 0.5000000000
238815  14.726  -60.632  10.298 0.6000000238
23345  17.221  -60.840  9.737 0.4000000060
214975  14.536  -63.270  15.881 0.6000000238
18497  16.429  -64.544  12.928 0.6999999881
18508  15.720  -64.371  12.116 0.6999999881
24232  18.497  -60.144  14.952 0.5000000000
25268  18.678  -59.354  13.559 0.5000000000
23236  17.919  -60.613  14.381 0.5000000000
24254  18.039  -60.093  13.519 0.4000000060
23285  17.453  -60.759  12.688 0.6000000238
17489  9.032  -64.960  15.343 0.5000000000
20500  12.303  -62.617  11.305 0.6999999881
21448  17.266  -62.092  11.331 0.6000000238
20439  9.780  -62.735  14.916 0.6000000238
20492  13.401  -63.224  11.666 0.6999999881
18530  14.789  -64.014  10.995 0.8000000119
20505  16.695  -63.430  10.513 0.6999999881
230562  11.128  -64.965  17.674 0.4000000060
202943  12.156  -63.176  10.441 0.6000000238
19520  13.396  -63.785  10.273 0.6000000238
19529  16.165  -63.478  9.594 0.6999999881
19518  16.200  -63.692  10.184 0.6999999881
24278  19.042  -59.576  11.799 0.5000000000
25287  18.719  -59.309  12.934 0.5000000000
20504  17.104  -63.252  10.114 0.6999999881
21447  17.777  -62.088  10.776 0.6000000238
204054  12.212  -62.956  9.608 0.6999999881
19527  13.648  -63.518  10.088 0.6999999881
20511  14.829  -63.398  9.840 0.6999999881
21480  17.699  -62.923  8.924 0.6000000238
22320  18.464  -61.301  10.816 0.6000000238
22329  19.364  -62.091  10.016 0.6000000238
20378  12.159  -62.618  18.040 0.5000000000
19309  12.558  -63.465  18.801 0.5000000000
18292  12.294  -64.026  19.678 0.4000000060
21469  13.731  -62.054  9.843 0.6000000238
21467  15.833  -62.686  9.622 0.6000000238
216662  8.689  -62.964  19.467 0.3000000119
22345  16.534  -61.760  9.634 0.5000000000
23361  18.387  -61.666  9.196 0.4000000060
221264  10.818  -61.351  21.107 0.5000000000
23122  8.890  -60.646  20.205 0.4000000060
210899  7.997  -61.623  19.297 0.4000000060
27277  17.182  -57.929  19.889 0.4000000060
27279  15.809  -57.772  20.318 0.4000000060
15809  27.193  -65.443  10.181 0.3000000119
16671  27.247  -64.934  10.459 0.3000000119
19455  21.062  -63.337  14.626 0.4000000060
18428  22.385  -63.761  14.892 0.4000000060
18427  22.882  -63.931  14.650 0.4000000060
18451  23.442  -64.064  14.476 0.4000000060
20433  20.670  -62.927  15.282 0.4000000060
18430  20.434  -63.530  15.234 0.4000000060
213884  19.873  -63.657  15.637 0.4000000060
215050  19.172  -63.904  15.785 0.5000000000
18404  19.563  -64.434  15.762 0.5000000000
18405  18.871  -64.719  15.588 0.5000000000
19383  21.581  -63.122  16.027 0.4000000060
19406  21.478  -63.173  15.374 0.5000000000
19435  20.758  -63.238  15.042 0.5000000000
17484  18.530  -65.220  15.540 0.5000000000
240264  22.382  -63.548  15.989 0.5000000000
19433  21.948  -63.430  15.137 0.5000000000
18378  22.804  -63.690  16.252 0.5000000000
225471  22.863  -63.903  15.186 0.4000000060
213727  23.936  -64.090  14.883 0.4000000060
18450  24.024  -64.148  14.303 0.4000000060
220656  24.554  -64.196  14.165 0.4000000060
202916  25.285  -64.320  13.198 0.3000000119
18506  26.097  -63.951  12.087 0.4000000060
21364  20.415  -61.944  16.465 0.4000000060
21381  19.404  -62.054  16.020 0.4000000060
207761  18.846  -62.297  15.938 0.4000000060
20392  20.909  -62.270  16.755 0.4000000060
20405  20.651  -62.416  16.066 0.4000000060
20406  20.125  -62.153  15.929 0.4000000060
20418  19.121  -62.672  15.828 0.4000000060
19409  18.793  -63.332  15.818 0.5000000000
219971  18.576  -64.094  15.566 0.5000000000
20404  21.206  -62.723  16.361 0.4000000060
20415  20.967  -62.823  15.597 0.4000000060
234149  21.031  -63.111  15.080 0.4000000060
19410  18.233  -63.429  15.684 0.5000000000
219651  18.103  -64.200  15.217 0.5000000000
215435  18.288  -64.980  15.198 0.5000000000
208613  17.788  -65.287  14.894 0.6000000238
17504  17.578  -65.232  14.402 0.6000000238
17485  17.462  -65.470  15.400 0.6000000238
19473  16.959  -63.562  13.408 0.6000000238
18476  17.126  -64.859  13.752 0.6000000238
17486  17.001  -65.245  15.287 0.5000000000
206438  24.401  -64.092  15.272 0.4000000060
18432  15.831  -64.327  14.738 0.5000000000
18449  25.166  -64.123  14.389 0.4000000060
18469  25.567  -64.060  13.754 0.4000000060
18491  25.890  -63.933  13.173 0.4000000060
21382  18.802  -61.722  15.963 0.4000000060
21392  18.245  -61.646  15.572 0.5000000000
21384  17.970  -62.206  15.399 0.5000000000
20446  17.596  -62.266  14.874 0.5000000000
19456  17.678  -64.144  14.651 0.5000000000
20447  17.250  -62.383  14.229 0.5000000000
18455  17.515  -64.850  14.199 0.6000000238
20462  16.958  -62.558  13.430 0.6000000238
229432  17.174  -63.133  13.936 0.6000000238
15805  26.776  -66.033  10.499 0.3000000119
17560  27.809  -64.538  11.482 0.3000000119
214653  28.605  -63.051  12.596 0.3000000119
21363  20.677  -61.729  17.125 0.4000000060
22261  19.932  -61.287  16.671 0.4000000060
23207  19.665  -60.907  16.536 0.4000000060
21373  19.353  -61.401  16.319 0.4000000060
23224  18.458  -60.641  15.334 0.4000000060
21393  17.823  -61.612  15.100 0.5000000000
23235  18.130  -60.601  14.895 0.4000000060
21401  17.448  -61.641  14.532 0.5000000000
17527  16.785  -65.224  14.169 0.6000000238
18406  16.550  -64.708  15.501 0.5000000000
22269  18.898  -61.169  16.032 0.4000000060
20417  19.815  -62.566  15.721 0.4000000060
204277  18.012  -65.338  15.358 0.5000000000
212670  27.679  -63.046  12.210 0.3000000119
21372  19.875  -61.738  16.389 0.4000000060
21383  18.420  -62.249  15.721 0.5000000000
19436  17.872  -63.402  15.235 0.5000000000
19437  17.460  -63.163  14.622 0.6000000238
32609  17.922  -53.798  13.404 0.3000000119
16604  18.935  -65.421  15.876 0.5000000000
16605  18.348  -65.433  15.774 0.5000000000
16606  17.852  -65.429  15.761 0.5000000000
16607  12.188  -65.554  15.496 0.5000000000
16608  9.489  -65.088  15.868 0.5000000000
16609  9.005  -65.483  15.416 0.5000000000
16638  9.704  -65.885  12.986 0.5000000000
16646  9.881  -65.585  13.012 0.6000000238
16665  26.798  -65.596  10.951 0.3000000119
17414  12.133  -64.468  18.656 0.5000000000
17415  11.824  -64.771  18.313 0.4000000060
17435  10.774  -64.991  17.306 0.4000000060
17448  11.091  -64.512  17.426 0.4000000060
17450  10.392  -65.022  16.844 0.4000000060
17487  12.534  -64.626  15.934 0.6000000238
17505  17.293  -65.363  14.846 0.6000000238
17506  16.730  -65.163  14.810 0.5000000000
17507  16.248  -64.607  15.031 0.5000000000
17509  11.454  -64.879  14.495 0.5000000000
17526  17.248  -65.192  14.025 0.6000000238
17528  16.297  -64.937  14.429 0.6999999881
17531  8.961  -64.941  13.641 0.6000000238
17542  16.861  -65.131  13.706 0.6999999881
17544  10.047  -64.993  13.298 0.6000000238
17545  9.402  -65.005  13.208 0.5000000000
17556  16.497  -64.939  13.404 0.6999999881
17569  27.845  -64.467  10.706 0.3000000119
18301  12.404  -64.026  19.004 0.5000000000
18318  11.868  -64.276  18.102 0.4000000060
18334  11.904  -63.695  17.841 0.5000000000
18358  11.453  -64.091  17.612 0.4000000060
18359  11.029  -63.939  17.141 0.5000000000
18384  10.574  -63.874  16.706 0.6000000238
18401  22.495  -63.720  15.565 0.4000000060
18411  9.615  -63.827  15.546 0.6000000238
18431  17.850  -64.911  14.701 0.6000000238
18435  11.485  -64.321  14.523 0.6999999881
18456  15.842  -64.704  14.119 0.6999999881
18457  15.447  -64.272  13.794 0.6000000238
18460  8.991  -64.469  13.520 0.6999999881
18480  10.071  -64.453  13.194 0.6999999881
18482  9.306  -64.391  13.261 0.6999999881
18496  16.962  -64.273  13.489 0.6999999881
18499  14.614  -64.297  12.151 0.6999999881
18518  15.874  -63.976  11.648 0.6999999881
18519  15.432  -64.202  11.510 0.8000000119
18521  14.229  -64.209  11.154 0.8000000119
18522  13.829  -64.092  10.889 0.6000000238
18529  15.249  -63.969  10.862 0.8000000119
18531  14.078  -63.998  10.656 0.8000000119
18532  13.701  -63.973  10.537 0.6999999881
18536  15.158  -63.813  10.205 0.8000000119
18537  14.515  -63.736  10.321 0.6999999881
19275  12.204  -63.298  20.399 0.5000000000
19283  12.404  -63.453  19.908 0.5000000000
19293  12.534  -63.609  19.325 0.4000000060
19295  8.274  -63.171  19.214 0.3000000119
19334  12.279  -63.281  18.200 0.5000000000
19384  15.564  -63.640  16.088 0.6000000238
19385  14.876  -63.419  16.320 0.6000000238
19386  14.194  -63.422  16.431 0.6000000238
19388  10.947  -62.480  16.817 0.5000000000
19389  10.489  -62.820  16.540 0.6000000238
19405  22.013  -63.392  15.739 0.5000000000
19407  20.235  -63.012  15.382 0.4000000060
19408  19.496  -63.140  15.718 0.4000000060
19413  14.788  -63.238  15.214 0.6000000238
19434  21.473  -63.258  14.940 0.5000000000
19438  15.378  -63.693  15.028 0.6000000238
19440  12.716  -63.179  15.189 0.6000000238
19442  11.778  -63.843  14.734 0.6000000238
19443  9.315  -63.280  14.487 0.6000000238
19457  17.267  -64.050  13.983 0.6000000238
19459  14.479  -63.163  13.942 0.6000000238
19460  11.696  -63.250  14.396 0.6999999881
19461  11.167  -63.979  14.152 0.6999999881
19474  14.962  -63.848  13.551 0.6000000238
19475  14.528  -63.491  13.252 0.6000000238
19485  28.290  -62.898  12.396 0.3000000119
19489  16.480  -63.840  12.450 0.6999999881
19491  14.463  -63.895  12.579 0.6000000238
19492  14.092  -63.153  12.922 0.6000000238
19493  9.808  -63.441  12.592 0.6999999881
19494  9.532  -63.455  12.755 0.6999999881
19505  14.164  -64.165  11.922 0.6999999881
19510  16.191  -63.622  11.056 0.6999999881
19512  13.986  -64.246  11.365 0.6000000238
19513  13.448  -63.981  10.624 0.6000000238
19514  13.294  -63.752  11.031 0.6000000238
19521  12.893  -63.586  10.329 0.6000000238
19523  16.448  -63.456  9.565 0.6999999881
19524  15.768  -63.751  9.736 0.6999999881
19526  14.350  -63.581  10.161 0.6999999881
19530  15.609  -63.593  9.663 0.6999999881
20301  12.065  -62.803  20.668 0.5000000000
20302  11.484  -63.001  20.951 0.5000000000
20303  10.862  -62.770  21.048 0.5000000000
20304  10.160  -62.744  20.689 0.4000000060
20315  8.841  -62.576  19.677 0.3000000119
20335  12.650  -62.975  19.375 0.5000000000
20336  8.492  -62.592  19.382 0.3000000119
20356  12.500  -62.831  18.635 0.5000000000
20379  11.807  -62.318  17.516 0.5000000000
20416  20.418  -62.595  15.561 0.4000000060
20419  18.553  -62.782  15.790 0.5000000000
20420  18.085  -62.806  15.601 0.5000000000
20424  10.361  -62.492  16.150 0.6000000238
20425  10.075  -62.648  15.577 0.6000000238
20434  17.794  -62.750  15.181 0.5000000000
20435  14.217  -62.964  15.056 0.6000000238
20436  13.640  -62.837  14.945 0.6000000238
20437  13.017  -62.785  14.827 0.6000000238
20448  14.095  -62.776  14.499 0.6000000238
20449  13.462  -62.604  14.397 0.6000000238
20450  12.751  -62.477  14.167 0.6000000238
20451  11.995  -62.625  14.084 0.6999999881
20452  11.350  -62.867  13.794 0.6999999881
20453  10.748  -63.224  13.349 0.6999999881
20454  9.485  -62.814  14.348 0.6000000238
20455  9.262  -63.240  13.935 0.6000000238
20465  12.909  -62.265  13.419 0.5000000000
20466  12.190  -62.268  13.524 0.6999999881
20478  10.764  -62.615  12.554 0.6999999881
20481  9.356  -63.127  12.756 0.6999999881
20490  16.863  -62.538  11.735 0.6000000238
20493  12.953  -62.684  11.855 0.6999999881
20495  9.623  -62.842  11.613 0.6999999881
20496  9.328  -62.722  12.077 0.6999999881
20501  9.454  -62.420  10.855 0.8000000119
20503  17.830  -63.051  9.429 0.6999999881
20506  12.176  -63.192  9.907 0.6000000238
20507  11.511  -62.985  10.093 0.6000000238
20513  13.424  -63.132  9.814 0.6999999881
20514  11.577  -62.845  9.803 0.6000000238
20515  17.351  -63.113  9.152 0.6999999881
20516  16.717  -63.268  9.416 0.6000000238
20517  16.030  -63.291  9.509 0.6999999881
21268  12.139  -61.714  20.649 0.4000000060
21269  11.696  -61.992  20.955 0.5000000000
21271  10.420  -62.314  20.976 0.4000000060
21272  9.755  -61.666  20.619 0.5000000000
21273  9.366  -61.549  20.280 0.5000000000
21291  12.455  -61.699  20.070 0.5000000000
21314  12.478  -61.661  19.362 0.5000000000
21315  8.693  -62.139  19.636 0.4000000060
21316  8.252  -62.129  19.328 0.4000000060
21352  11.981  -61.902  17.998 0.5000000000
21365  11.479  -61.375  17.221 0.5000000000
21385  10.671  -61.975  16.229 0.6000000238
21386  10.378  -62.100  15.775 0.6000000238
21394  10.385  -61.650  15.383 0.6000000238
21403  9.890  -62.241  14.560 0.6000000238
21413  9.758  -61.859  14.032 0.6999999881
21414  9.227  -62.733  13.018 0.6999999881
21420  17.024  -61.796  13.092 0.6000000238
21421  11.862  -62.165  12.341 0.6999999881
21422  11.196  -62.327  12.130 0.6999999881
21436  12.409  -62.264  12.104 0.6999999881
21437  11.722  -62.303  11.653 0.6999999881
21439  10.295  -62.761  11.205 0.8000000119
21440  10.092  -62.882  11.020 0.6999999881
21441  9.105  -62.044  11.963 0.8000000119
21449  11.461  -62.778  10.806 0.8000000119
21450  10.839  -62.849  10.862 0.8000000119
21452  9.765  -62.731  10.608 0.8000000119
21453  9.140  -61.832  11.311 0.8000000119
21456  17.509  -62.758  10.360 0.6999999881
21457  11.189  -62.970  10.382 0.6000000238
21458  10.496  -62.826  10.195 0.8000000119
21459  10.040  -62.641  10.185 0.8000000119
21464  18.660  -62.738  9.044 0.5000000000
21465  18.228  -62.927  9.148 0.6999999881
21466  16.496  -62.508  9.449 0.6000000238
21470  13.029  -62.199  9.720 0.6000000238
21471  12.336  -62.400  9.652 0.6999999881
21472  11.666  -62.479  9.726 0.6000000238
21473  11.032  -62.469  9.803 0.6000000238
21474  10.474  -62.531  9.899 0.6999999881
21475  9.984  -61.994  10.012 0.8000000119
21481  17.022  -62.978  9.164 0.6000000238
22183  11.973  -61.085  20.835 0.5000000000
22202  9.113  -61.143  20.236 0.4000000060
22203  8.647  -61.159  19.885 0.4000000060
22219  8.223  -61.314  19.601 0.4000000060
22240  12.159  -61.194  18.047 0.5000000000
22241  11.752  -61.129  17.623 0.5000000000
22251  11.910  -60.825  17.625 0.5000000000
22252  11.647  -60.899  17.305 0.5000000000
22262  10.956  -61.444  16.240 0.6000000238
22270  18.518  -61.140  15.697 0.4000000060
22272  10.828  -61.210  15.675 0.6000000238
22279  18.119  -61.070  15.261 0.4000000060
22280  17.789  -61.067  14.747 0.5000000000
22281  10.480  -61.007  14.629 0.6000000238
22289  17.576  -61.099  14.118 0.5000000000
22290  10.119  -61.273  14.077 0.6000000238
22304  17.168  -61.371  12.582 0.6000000238
22306  9.198  -61.855  12.214 0.8999999762
22313  17.715  -61.066  11.700 0.6000000238
22315  9.527  -61.290  11.379 0.8000000119
22316  9.201  -61.684  11.576 0.8999999762
22321  18.006  -61.407  11.116 0.6000000238
22323  9.383  -61.625  10.990 0.8000000119
22330  18.841  -62.185  10.088 0.6000000238
22333  10.835  -61.478  10.060 0.8000000119
22334  10.297  -61.569  10.028 0.8000000119
22335  9.769  -61.704  10.407 0.8000000119
22336  9.470  -62.036  10.746 0.8000000119
22342  19.586  -62.472  9.349 0.4000000060
22344  17.139  -61.649  9.453 0.4000000060
22347  14.688  -61.154  10.219 0.6000000238
22348  14.009  -61.298  10.099 0.6000000238
22349  13.302  -61.451  10.039 0.6000000238
22352  11.177  -61.946  9.871 0.6999999881
22360  18.308  -62.587  8.981 0.4000000060
23101  10.638  -60.663  21.048 0.4000000060
23102  9.896  -60.639  20.764 0.5000000000
23103  9.342  -60.632  20.494 0.5000000000
23121  12.817  -60.467  20.032 0.5000000000
23138  16.242  -60.195  18.668 0.5000000000
23139  15.690  -60.121  18.938 0.4000000060
23140  14.801  -60.251  18.900 0.4000000060
23142  13.778  -60.443  18.989 0.5000000000
23143  13.069  -60.509  19.435 0.4000000060
23144  12.706  -60.842  19.339 0.5000000000
23145  7.986  -60.418  19.579 0.3000000119
23146  7.529  -60.459  19.087 0.3000000119
23157  14.632  -60.473  18.418 0.5000000000
23158  14.026  -60.553  18.506 0.5000000000
23160  12.860  -60.894  18.390 0.6000000238
23161  12.586  -61.040  18.537 0.5000000000
23174  16.266  -60.399  17.405 0.5000000000
23175  15.743  -60.600  17.709 0.5000000000
23176  14.602  -60.587  17.799 0.5000000000
23178  13.113  -60.823  17.975 0.6000000238
23179  12.584  -60.856  17.830 0.6000000238
23191  16.238  -60.317  16.759 0.5000000000
23192  15.750  -60.607  17.023 0.5000000000
23194  13.912  -60.668  17.134 0.5000000000
23195  13.225  -60.658  17.052 0.6000000238
23208  19.179  -60.806  16.207 0.4000000060
23209  16.233  -60.184  16.231 0.4000000060
23211  15.259  -60.707  16.572 0.5000000000
23214  13.057  -60.571  16.498 0.6999999881
23215  12.002  -60.591  16.682 0.6999999881
23223  18.793  -60.707  15.769 0.4000000060
23226  14.292  -60.575  16.071 0.4000000060
23228  12.138  -60.538  15.994 0.6999999881
23229  11.188  -60.798  15.738 0.6000000238
23237  15.275  -60.482  15.230 0.4000000060
23239  14.208  -60.626  15.477 0.4000000060
23240  13.252  -60.602  15.394 0.6000000238
23243  10.913  -60.864  15.123 0.6999999881
23253  15.180  -60.357  14.595 0.4000000060
23255  13.912  -60.604  14.371 0.5000000000
23257  11.963  -60.632  14.031 0.6999999881
23259  10.883  -60.734  14.469 0.6999999881
23267  17.809  -60.590  13.780 0.4000000060
23268  14.977  -60.296  13.999 0.5000000000
23269  14.333  -60.472  13.867 0.5000000000
23270  13.676  -60.540  13.744 0.5000000000
23272  12.346  -60.584  13.538 0.8000000119
23274  10.557  -60.750  13.338 0.8000000119
23287  13.405  -60.450  13.059 0.6999999881
23290  11.369  -60.502  12.795 0.8000000119
23291  10.719  -60.599  12.610 0.8000000119
23301  17.427  -61.010  12.197 0.6000000238
23303  12.216  -60.222  12.364 0.6999999881
23304  11.589  -60.304  12.255 0.8000000119
23307  10.058  -60.891  11.545 0.8000000119
23313  18.659  -60.590  11.173 0.6000000238
23316  10.558  -60.779  11.122 0.8000000119
23333  11.754  -60.456  10.695 0.6000000238
23334  11.194  -60.885  10.679 0.8000000119
23335  10.306  -61.199  10.545 0.8000000119
23348  14.213  -60.560  10.293 0.6000000238
23351  12.117  -61.058  10.393 0.6000000238
23360  18.959  -61.527  9.074 0.4000000060
24115  10.712  -60.012  21.008 0.4000000060
24118  9.121  -60.212  20.403 0.4000000060
24128  15.036  -59.774  19.718 0.4000000060
24130  13.856  -59.764  19.994 0.4000000060
24132  12.947  -60.038  20.429 0.4000000060
24133  8.764  -60.131  20.176 0.3000000119
24134  8.346  -60.043  19.895 0.3000000119
24144  14.652  -60.069  19.351 0.4000000060
24145  14.079  -60.083  19.425 0.5000000000
24147  8.015  -59.852  19.572 0.3000000119
24162  16.603  -60.029  18.330 0.5000000000
24177  16.714  -59.968  17.765 0.5000000000
24208  16.880  -59.510  16.706 0.4000000060
24209  16.376  -59.849  15.864 0.5000000000
24222  16.445  -59.417  15.422 0.4000000060
24233  16.149  -59.417  14.897 0.3000000119
24241  18.420  -59.889  14.392 0.5000000000
24242  18.098  -60.180  14.091 0.5000000000
24243  15.866  -59.263  14.334 0.3000000119
24253  18.340  -59.684  13.241 0.5000000000
24255  15.542  -59.335  13.918 0.3000000119
24256  15.168  -59.732  13.707 0.5000000000
24266  18.012  -60.009  12.905 0.5000000000
24268  14.339  -59.773  12.918 0.6000000238
24279  18.582  -59.732  11.983 0.6000000238
24281  13.907  -59.215  12.431 0.5000000000
24282  13.267  -59.439  12.109 0.6999999881
24283  12.892  -59.558  11.915 0.6000000238
24284  11.703  -60.051  11.822 0.6999999881
24298  18.438  -60.184  11.673 0.6000000238
24300  11.662  -59.833  11.280 0.6999999881
24314  14.208  -59.424  10.668 0.6000000238
24329  17.352  -60.068  9.852 0.4000000060
24334  13.670  -60.169  10.501 0.6999999881
25107  14.789  -58.811  20.947 0.4000000060
25110  13.354  -59.053  20.888 0.4000000060
25113  10.692  -59.445  20.943 0.4000000060
25125  16.915  -58.925  19.610 0.3000000119
25127  15.439  -59.358  20.021 0.4000000060
25129  14.334  -59.337  20.450 0.4000000060
25130  13.825  -59.278  20.635 0.4000000060
25147  17.439  -58.857  18.992 0.3000000119
25148  17.017  -59.176  19.162 0.3000000119
25149  16.527  -59.353  19.460 0.3000000119
25150  15.998  -59.418  19.792 0.4000000060
25168  17.210  -59.265  18.634 0.4000000060
25184  17.368  -59.243  18.121 0.4000000060
25201  17.783  -58.810  17.525 0.4000000060
25202  17.386  -59.164  17.575 0.5000000000
25215  17.545  -58.935  17.121 0.4000000060
25216  16.726  -59.358  16.040 0.4000000060
25231  16.978  -58.894  15.942 0.4000000060
25243  16.435  -58.950  14.979 0.3000000119
25255  16.271  -58.436  14.560 0.3000000119
25269  15.714  -58.779  13.889 0.4000000060
25286  19.289  -58.948  12.716 0.5000000000
25288  14.732  -58.763  13.024 0.5000000000
25289  14.207  -58.610  12.613 0.5000000000
25301  18.928  -59.305  12.292 0.5000000000
25303  12.965  -58.873  11.914 0.6000000238
25315  12.068  -58.493  11.213 0.6999999881
25316  12.009  -58.627  11.097 0.6999999881
25324  13.521  -58.676  10.707 0.6000000238
25325  12.938  -57.875  10.837 0.5000000000
25326  12.064  -58.143  10.820 0.5000000000
25340  16.267  -59.387  10.318 0.5000000000
26162  14.323  -58.315  20.977 0.4000000060
26184  17.358  -58.488  19.473 0.4000000060
26185  16.769  -58.452  19.948 0.4000000060
26186  16.143  -58.390  20.202 0.4000000060
26187  15.324  -58.906  20.594 0.4000000060
26207  17.823  -58.545  18.752 0.4000000060
26220  18.049  -58.555  18.266 0.4000000060
26232  18.272  -58.103  17.582 0.4000000060
26233  18.061  -58.498  17.763 0.4000000060
26259  17.573  -58.558  16.618 0.4000000060
26306  16.131  -57.924  14.453 0.4000000060
26307  15.922  -58.099  14.191 0.3000000119
26319  15.739  -58.290  13.962 0.4000000060
26320  15.365  -58.267  13.693 0.4000000060
26346  12.621  -57.315  11.273 0.5000000000
26355  14.639  -58.051  10.833 0.6000000238
26357  12.708  -57.334  10.873 0.6000000238
26358  12.306  -57.827  11.014 0.5000000000
26369  18.559  -58.641  10.113 0.5000000000
26372  15.949  -58.123  10.375 0.5000000000
27263  14.347  -57.638  20.727 0.4000000060
27265  12.903  -57.489  20.787 0.4000000060
27278  16.507  -57.764  20.133 0.4000000060
27280  14.830  -58.021  20.990 0.4000000060
27282  13.837  -57.242  20.460 0.4000000060
27283  13.219  -57.122  20.357 0.4000000060
27298  18.037  -57.787  19.121 0.4000000060
27312  18.544  -57.623  18.306 0.4000000060
27313  18.219  -58.075  18.641 0.4000000060
27334  18.287  -57.738  17.137 0.4000000060
27340  17.998  -57.476  16.581 0.4000000060
27341  17.620  -57.714  16.240 0.4000000060
27342  17.216  -57.987  15.866 0.3000000119
27350  17.293  -57.394  15.764 0.4000000060
27351  16.876  -57.875  15.349 0.4000000060
27359  16.538  -57.469  15.030 0.4000000060
27371  15.797  -57.568  14.305 0.4000000060
27383  14.936  -57.681  13.522 0.4000000060
27390  14.091  -57.378  12.835 0.5000000000
27412  17.442  -57.171  10.289 0.5000000000
27413  16.832  -57.028  10.275 0.5000000000
27414  15.794  -57.345  10.602 0.5000000000
27415  15.183  -57.058  10.700 0.5000000000
27418  12.802  -56.815  10.991 0.6000000238
27431  17.738  -57.647  10.226 0.5000000000
28341  17.579  -57.440  19.886 0.3000000119
28342  15.320  -56.789  20.135 0.4000000060
28343  14.887  -57.026  20.275 0.4000000060
28344  14.273  -56.624  19.875 0.4000000060
28345  13.537  -56.919  19.888 0.4000000060
28357  18.759  -56.874  18.832 0.4000000060
28358  18.402  -57.387  18.896 0.4000000060
28359  18.000  -57.354  19.450 0.4000000060
28360  13.751  -56.669  19.510 0.4000000060
28373  18.886  -56.873  18.388 0.4000000060
28389  19.019  -56.695  18.082 0.4000000060
28404  18.962  -56.724  17.604 0.4000000060
28405  18.635  -57.201  17.386 0.4000000060
28419  17.992  -56.969  16.375 0.4000000060
28433  17.582  -56.871  15.941 0.4000000060
28434  17.075  -56.764  15.471 0.4000000060
28447  16.079  -56.844  14.864 0.4000000060
28457  15.843  -57.099  14.501 0.4000000060
28469  14.999  -57.116  13.584 0.4000000060
28478  14.003  -56.594  12.565 0.4000000060
28485  16.710  -56.559  11.664 0.5000000000
28487  14.132  -55.981  12.129 0.6000000238
28489  12.989  -56.359  11.128 0.6000000238
28498  15.453  -56.177  11.230 0.6000000238
28500  13.518  -56.000  11.086 0.6000000238
28511  17.174  -56.849  10.478 0.4000000060
28512  16.514  -56.641  10.573 0.5000000000
28513  15.695  -56.364  10.717 0.5000000000
28514  14.826  -56.454  10.790 0.6000000238
29406  16.980  -56.551  20.016 0.4000000060
29414  14.625  -55.934  19.821 0.4000000060
29416  13.867  -56.217  19.234 0.4000000060
29428  19.094  -56.464  18.575 0.4000000060
29442  19.246  -56.233  17.919 0.4000000060
29456  18.688  -56.680  17.084 0.4000000060
29468  17.935  -56.489  16.114 0.4000000060
29481  17.042  -56.157  15.350 0.3000000119
29482  16.597  -56.421  15.149 0.4000000060
29491  16.637  -55.908  15.040 0.4000000060
29500  15.993  -56.165  14.421 0.4000000060
29520  16.807  -56.205  12.906 0.5000000000
29522  15.286  -56.430  12.927 0.5000000000
29531  18.438  -56.315  12.094 0.4000000060
29532  17.790  -56.395  12.188 0.5000000000
29533  17.124  -56.428  12.264 0.6000000238
29534  16.426  -56.445  12.369 0.6000000238
29546  14.587  -55.959  11.574 0.6000000238
29547  13.901  -55.838  11.451 0.6000000238
29557  14.913  -56.153  11.008 0.5000000000
30491  19.920  -55.149  18.013 0.3000000119
30512  18.692  -55.678  16.431 0.4000000060
30514  17.907  -56.005  15.842 0.4000000060
30522  18.219  -55.233  15.717 0.4000000060
30535  17.375  -55.356  15.277 0.4000000060
30536  16.864  -55.364  14.895 0.3000000119
30547  16.693  -55.364  14.446 0.4000000060
30555  17.357  -55.314  13.597 0.5000000000
30556  16.778  -55.485  13.891 0.4000000060
30557  16.339  -55.786  14.181 0.4000000060
30564  19.109  -55.375  12.884 0.4000000060
30566  17.748  -55.610  13.095 0.4000000060
30567  17.107  -55.764  13.287 0.4000000060
31492  15.534  -55.089  19.949 0.3000000119
31535  19.968  -54.852  17.481 0.3000000119
31548  19.588  -54.479  16.446 0.3000000119
31550  18.598  -55.208  16.096 0.4000000060
31574  18.266  -54.474  15.241 0.5000000000
31576  17.401  -54.953  14.925 0.4000000060
31585  17.116  -54.979  14.532 0.3000000119
31590  17.956  -54.396  13.510 0.4000000060
32551  19.058  -53.799  15.515 0.3000000119
32570  17.976  -54.157  14.789 0.3000000119
32571  17.841  -54.626  14.961 0.5000000000
32583  17.839  -53.991  14.186 0.3000000119
33568  19.798  -53.475  15.980 0.3000000119
33593  18.883  -53.386  15.104 0.3000000119
33612  17.839  -53.578  13.643 0.3000000119
33625  18.602  -53.519  12.893 0.4000000060
33626  17.996  -53.429  13.051 0.3000000119
34646  18.676  -52.986  14.805 0.3000000119
34662  18.251  -52.858  14.398 0.4000000060
34711  18.444  -52.548  12.318 0.4000000060
35744  18.110  -52.344  14.157 0.3000000119
35758  17.726  -52.298  13.666 0.3000000119
35786  18.753  -52.167  11.904 0.4000000060
35787  18.000  -52.025  12.116 0.4000000060
35788  17.523  -51.783  12.606 0.3000000119
36815  18.751  -51.450  14.049 0.4000000060
36832  18.668  -50.917  13.492 0.4000000060
37984  17.766  -50.661  12.431 0.3000000119
37996  17.727  -50.875  11.951 0.3000000119
38011  18.585  -50.778  11.058 0.4000000060
38021  18.914  -50.449  10.590 0.3000000119
38022  18.333  -50.240  10.887 0.4000000060
39133  19.195  -50.280  13.196 0.4000000060
39147  18.770  -50.019  12.678 0.4000000060
39148  18.149  -50.246  12.397 0.5000000000
39169  18.098  -49.914  11.328 0.4000000060
40306  18.420  -49.421  11.043 0.4000000060
40316  19.531  -49.368  10.210 0.3000000119
200830  12.232  -60.703  17.539 0.6000000238
201423  19.264  -54.157  15.961 0.3000000119
201578  15.412  -59.994  10.376 0.6999999881
201853  14.433  -60.623  17.317 0.6000000238
201936  13.459  -60.767  17.553 0.6000000238
202242  13.391  -62.661  9.721 0.6000000238
202285  12.514  -60.630  14.172 0.6000000238
202312  19.167  -56.016  19.152 0.4000000060
202747  11.623  -60.609  15.738 0.6999999881
203322  13.635  -62.580  13.289 0.6999999881
203488  13.727  -60.705  18.042 0.6000000238
204085  11.439  -62.766  17.155 0.5000000000
204137  13.438  -62.852  12.224 0.6999999881
205141  19.670  -52.877  15.309 0.3000000119
205270  10.980  -60.666  13.828 0.6999999881
205829  13.747  -63.862  11.531 0.6000000238
206144  23.828  -64.074  15.458 0.4000000060
206190  12.467  -60.554  17.036 0.6999999881
206571  11.865  -60.582  14.659 0.6000000238
207511  15.414  -60.621  15.878 0.5000000000
207584  18.372  -59.773  13.833 0.5000000000
208231  12.366  -60.578  20.560 0.4000000060
208349  16.163  -59.848  19.257 0.5000000000
209099  12.231  -59.426  10.979 0.6000000238
210216  15.304  -56.193  19.983 0.4000000060
210512  18.468  -54.829  15.692 0.3000000119
210814  16.014  -56.171  20.050 0.4000000060
211004  16.820  -62.387  12.577 0.6000000238
211339  10.566  -63.776  20.767 0.5000000000
211937  10.412  -63.120  12.787 0.6999999881
211984  12.661  -60.621  15.399 0.6999999881
212036  16.780  -63.449  10.068 0.6999999881
212163  9.571  -61.412  12.823 0.6999999881
212214  8.681  -64.514  14.390 0.6000000238
212337  9.703  -59.367  20.500 0.5000000000
212403  10.205  -60.745  12.153 0.8000000119
212428  11.350  -60.331  21.143 0.4000000060
212628  15.966  -57.138  20.167 0.4000000060
213243  7.786  -61.040  19.330 0.4000000060
213341  17.971  -51.823  13.917 0.3000000119
213478  15.209  -60.345  18.640 0.5000000000
214605  9.114  -62.163  19.998 0.4000000060
214649  16.711  -57.089  20.072 0.4000000060
214834  24.520  -64.097  14.684 0.4000000060
215181  13.329  -56.791  19.351 0.4000000060
215292  17.096  -59.508  17.827 0.5000000000
215644  16.047  -64.733  12.966 0.6999999881
215725  13.046  -57.916  11.783 0.5000000000
216495  19.368  -55.856  17.511 0.3000000119
216688  11.377  -61.141  16.698 0.5000000000
216723  10.797  -60.917  10.787 0.8000000119
217102  14.484  -57.150  13.165 0.4000000060
217203  13.257  -60.591  18.974 0.5000000000
217413  10.180  -59.696  20.770 0.4000000060
217583  18.341  -57.835  10.302 0.4000000060
218302  13.055  -60.597  14.970 0.5000000000
218405  15.909  -58.840  10.449 0.5000000000
219011  10.300  -61.798  20.989 0.4000000060
219299  14.976  -64.435  12.555 0.6999999881
220411  17.507  -58.184  16.291 0.4000000060
220522  15.975  -60.475  10.182 0.5000000000
220709  16.007  -64.536  12.555 0.6999999881
220743  15.263  -57.705  20.637 0.4000000060
221008  12.647  -62.286  19.783 0.5000000000
221203  11.413  -60.920  21.088 0.5000000000
221377  18.323  -56.110  16.269 0.4000000060
221941  15.951  -61.258  10.010 0.4000000060
222012  14.115  -60.633  14.922 0.4000000060
223577  18.863  -56.492  19.129 0.4000000060
223771  17.839  -58.760  10.070 0.5000000000
224636  17.217  -58.770  10.145 0.5000000000
225653  12.065  -62.253  20.759 0.5000000000
225716  18.339  -54.879  13.278 0.4000000060
226311  17.770  -60.353  12.627 0.5000000000
226406  16.898  -58.137  10.206 0.5000000000
226780  19.177  -55.664  16.989 0.4000000060
227218  12.867  -58.657  10.747 0.6000000238
227502  17.985  -58.223  10.238 0.5000000000
227947  19.524  -55.556  18.972 0.4000000060
228303  15.830  -58.935  20.243 0.4000000060
228529  14.222  -60.613  18.078 0.5000000000
229306  9.678  -64.510  15.892 0.5000000000
229373  12.255  -62.221  18.465 0.5000000000
229445  23.367  -64.012  15.068 0.4000000060
229534  17.486  -63.128  9.214 0.6999999881
229560  9.658  -61.579  13.476 0.6999999881
229834  10.198  -63.593  12.958 0.6999999881
230088  9.646  -62.669  11.092 0.6999999881
230933  17.144  -65.306  14.422 0.6000000238
231446  13.748  -60.618  15.307 0.4000000060
231551  19.446  -53.726  15.842 0.3000000119
232439  19.072  -55.200  16.498 0.4000000060
232522  17.160  -59.021  16.491 0.4000000060
232817  20.248  -61.588  16.763 0.4000000060
233013  14.767  -57.452  20.617 0.4000000060
233448  13.915  -63.121  9.993 0.6999999881
233628  15.813  -56.456  12.486 0.5000000000
234356  17.684  -52.319  13.106 0.3000000119
234451  12.682  -56.853  11.068 0.5000000000
234787  15.763  -60.297  15.398 0.4000000060
235046  12.970  -63.361  15.594 0.6000000238
235078  16.031  -61.989  9.767 0.6000000238
235521  8.199  -60.931  19.737 0.3000000119
235664  11.266  -60.651  14.767 0.6999999881
235674  14.466  -59.183  12.794 0.6000000238
235769  10.638  -64.985  13.616 0.6999999881
236618  19.310  -54.856  16.488 0.3000000119
236994  15.083  -59.046  10.659 0.6000000238
237541  17.512  -51.409  12.927 0.3000000119
237997  10.917  -60.435  11.337 0.8000000119
238066  15.058  -63.483  14.698 0.6000000238
238383  17.086  -57.453  20.020 0.4000000060
238392  16.470  -58.120  10.252 0.5000000000
238621  17.634  -58.549  19.093 0.4000000060
238770  8.633  -59.725  20.059 0.3000000119
239161  17.761  -53.323  13.264 0.3000000119
239671  9.439  -62.172  13.424 0.6999999881
239708  10.162  -61.883  14.988 0.6000000238
240205  16.302  -56.597  15.017 0.4000000060
240281  18.758  -55.178  13.127 0.5000000000
240723  13.506  -59.979  19.911 0.5000000000
240887  16.315  -57.187  14.916 0.4000000060
241692  12.126  -63.896  15.184 0.6000000238
