#!ascii label  , from subject sub-v2s5x29563_ses-1 vox2ras=TkReg
954
53445  -29.206  -66.698  1.223 0.6999999881
54819  -28.989  -65.877  0.578 0.6000000238
56266  -29.601  -65.273  -0.384 0.6000000238
56278  -30.513  -65.041  -0.999 0.4000000060
52078  -26.388  -67.786  6.229 0.6999999881
54755  -27.076  -66.282  5.927 0.6999999881
50724  -26.684  -67.909  5.721 0.6999999881
54766  -27.171  -66.420  5.391 0.6000000238
257338  -26.798  -67.903  5.106 0.6999999881
53404  -27.042  -66.990  5.126 0.6000000238
52095  -26.927  -67.792  4.540 0.6000000238
288497  -27.347  -66.426  4.135 0.6000000238
280759  -27.140  -68.046  3.637 0.6000000238
54782  -27.129  -66.635  3.667 0.6000000238
56238  -27.456  -65.237  2.884 0.5000000000
53433  -27.131  -66.789  2.648 0.5000000000
56243  -27.062  -65.412  2.175 0.5000000000
56250  -27.054  -65.546  1.088 0.6000000238
54812  -28.083  -66.105  1.189 0.6000000238
56254  -27.248  -65.329  0.472 0.6000000238
56255  -27.976  -65.373  0.334 0.6000000238
56264  -28.321  -65.023  -0.204 0.6000000238
273415  -27.078  -65.878  6.206 0.6000000238
57673  -27.663  -64.830  5.660 0.6000000238
277147  -27.768  -65.076  5.107 0.6000000238
57695  -27.886  -65.037  4.593 0.6000000238
59221  -28.223  -63.731  3.406 0.6000000238
56224  -27.760  -65.511  4.191 0.6000000238
56231  -27.675  -65.396  3.582 0.6000000238
303945  -27.681  -64.241  2.448 0.6000000238
59232  -27.316  -64.242  1.842 0.6000000238
56247  -26.983  -65.505  1.603 0.6000000238
276043  -26.832  -64.563  1.153 0.6999999881
296456  -26.542  -64.738  0.604 0.6000000238
57741  -26.614  -64.734  0.118 0.6000000238
56265  -28.983  -65.118  -0.315 0.5000000000
57756  -29.585  -64.450  -1.296 0.5000000000
271385  -26.228  -65.829  6.712 0.6000000238
57672  -27.306  -64.832  6.258 0.6000000238
60641  -28.087  -63.593  5.460 0.6000000238
60642  -28.316  -63.451  4.850 0.6000000238
294517  -28.380  -63.545  4.261 0.6000000238
62110  -28.368  -62.635  3.913 0.6000000238
62119  -28.241  -62.777  3.332 0.6000000238
60688  -27.902  -62.922  2.823 0.6000000238
59220  -27.975  -63.892  2.900 0.6000000238
60701  -27.657  -63.153  2.319 0.6000000238
60709  -27.327  -63.500  1.852 0.6999999881
57742  -27.223  -64.621  -0.376 0.6000000238
59256  -27.802  -64.234  -0.716 0.6000000238
57757  -30.165  -64.520  -1.388 0.4000000060
280562  -26.098  -64.948  6.549 0.6000000238
59161  -27.059  -64.228  6.372 0.6000000238
60626  -27.873  -63.157  5.837 0.6000000238
62101  -28.357  -62.423  4.519 0.6000000238
65064  -28.283  -61.337  3.960 0.5000000000
65076  -28.249  -61.545  3.455 0.6000000238
62133  -27.710  -62.562  2.374 0.6999999881
60718  -26.176  -63.187  0.439 0.6000000238
59231  -26.924  -63.874  1.293 0.6000000238
59237  -26.470  -64.190  0.691 0.6000000238
59243  -26.181  -63.797  -0.321 0.6000000238
59255  -26.632  -64.216  -0.449 0.6000000238
60744  -28.068  -63.562  -0.976 0.6000000238
59257  -28.336  -64.300  -0.858 0.6000000238
60736  -29.675  -63.259  -1.128 0.4000000060
295680  -29.304  -63.692  -1.473 0.5000000000
57653  -25.958  -64.395  6.423 0.5000000000
298963  -26.969  -63.078  6.403 0.6000000238
60625  -27.399  -63.365  6.195 0.6000000238
63583  -27.831  -61.882  5.744 0.6000000238
63592  -28.170  -61.969  5.345 0.5000000000
66459  -28.061  -61.017  4.992 0.5000000000
65052  -28.252  -61.196  4.491 0.5000000000
66472  -27.825  -60.578  3.036 0.6000000238
67902  -27.464  -60.234  2.638 0.6000000238
66477  -27.606  -60.783  2.487 0.6999999881
63642  -27.061  -61.878  1.405 0.6999999881
62150  -27.388  -62.855  1.850 0.6999999881
65090  -25.987  -61.318  0.374 0.6000000238
292877  -26.672  -62.544  0.975 0.6999999881
63650  -26.140  -61.918  0.486 0.6000000238
63658  -25.738  -62.264  -0.129 0.6000000238
60726  -25.919  -63.328  -0.160 0.6000000238
60734  -26.030  -63.269  -0.768 0.6000000238
62197  -26.832  -62.839  -1.211 0.6000000238
60735  -29.065  -63.232  -0.929 0.5000000000
62184  -29.449  -62.839  -0.413 0.4000000060
60609  -26.154  -63.444  6.312 0.6000000238
62076  -26.797  -62.598  6.490 0.6000000238
275273  -27.143  -62.276  6.223 0.5000000000
65032  -27.531  -61.348  5.805 0.6000000238
67878  -27.246  -59.956  5.008 0.5000000000
66458  -27.910  -60.279  4.297 0.6000000238
67887  -27.065  -59.577  4.724 0.5000000000
66467  -28.209  -60.779  4.053 0.6000000238
67892  -27.578  -59.822  4.024 0.5000000000
67896  -27.603  -60.090  3.130 0.5000000000
67901  -26.940  -59.977  2.299 0.5000000000
66476  -27.179  -60.470  2.105 0.6000000238
69292  -25.814  -59.439  1.357 0.5000000000
67905  -26.706  -60.189  1.660 0.5000000000
66479  -26.931  -60.657  1.501 0.6000000238
67908  -26.059  -59.919  1.073 0.4000000060
66484  -26.374  -60.861  0.891 0.6999999881
298508  -25.737  -59.850  0.441 0.4000000060
66498  -25.796  -60.226  -0.240 0.5000000000
65104  -25.607  -61.200  -0.289 0.6000000238
270097  -25.733  -60.655  -0.601 0.5000000000
65129  -25.772  -61.687  -1.095 0.6000000238
66519  -26.753  -60.905  -1.100 0.5000000000
63687  -26.467  -62.322  -1.336 0.6000000238
62171  -29.267  -62.268  0.035 0.5000000000
65130  -26.415  -61.419  -1.280 0.6000000238
63689  -27.669  -62.051  -1.035 0.6000000238
62183  -28.793  -62.611  -0.604 0.6000000238
62075  -26.181  -62.378  6.699 0.5000000000
65031  -26.963  -61.326  6.140 0.5000000000
66440  -27.160  -60.832  5.841 0.5000000000
67877  -26.816  -59.783  5.198 0.4000000060
295216  -26.788  -59.145  3.843 0.4000000060
69281  -26.908  -59.308  3.293 0.5000000000
69287  -26.592  -59.464  2.537 0.5000000000
69280  -26.321  -59.034  2.930 0.5000000000
72038  -24.530  -58.247  0.130 0.4000000060
69296  -25.235  -59.047  0.912 0.4000000060
69311  -25.214  -58.940  0.268 0.4000000060
69312  -25.605  -59.196  -0.077 0.5000000000
67923  -25.662  -59.741  -0.098 0.5000000000
69313  -26.059  -59.001  -0.311 0.5000000000
67930  -25.950  -59.947  -0.582 0.5000000000
67931  -26.844  -59.882  -0.692 0.5000000000
65119  -28.625  -61.270  -0.146 0.5000000000
63659  -29.005  -61.691  0.105 0.5000000000
65131  -27.503  -61.385  -1.170 0.6000000238
63671  -28.324  -62.117  -0.736 0.5000000000
70643  -25.971  -58.641  3.192 0.4000000060
70642  -25.488  -58.386  2.873 0.5000000000
70649  -25.253  -58.531  2.140 0.5000000000
70648  -24.742  -58.098  1.643 0.5000000000
72042  -25.317  -58.065  0.077 0.4000000060
70687  -26.811  -58.878  -0.366 0.5000000000
66511  -28.840  -60.589  -0.184 0.5000000000
65106  -29.682  -61.211  0.534 0.3000000119
72044  -26.852  -57.929  -0.011 0.5000000000
66508  -27.221  -60.385  -1.012 0.5000000000
67933  -28.380  -60.159  -0.692 0.5000000000
72026  -24.977  -58.039  2.511 0.4000000060
70659  -24.406  -58.235  0.792 0.4000000060
72033  -23.898  -57.379  1.464 0.4000000060
74937  -25.190  -56.397  0.585 0.4000000060
72037  -24.166  -57.779  0.444 0.4000000060
73404  -25.717  -57.436  0.003 0.4000000060
74938  -25.939  -56.119  0.360 0.4000000060
73405  -26.655  -57.362  0.195 0.5000000000
291177  -29.447  -59.683  -0.269 0.4000000060
66512  -29.294  -60.164  -0.081 0.4000000060
70688  -27.616  -58.739  -0.399 0.5000000000
67934  -28.985  -59.365  -0.536 0.5000000000
291765  -27.438  -57.906  -0.036 0.5000000000
69328  -27.940  -59.099  -0.515 0.5000000000
67932  -27.873  -59.796  -0.692 0.5000000000
76450  -25.680  -55.531  0.666 0.4000000060
74939  -26.623  -56.174  0.429 0.4000000060
259555  -29.552  -58.448  -0.461 0.4000000060
69329  -28.449  -59.216  -0.585 0.5000000000
73406  -27.342  -57.095  0.392 0.5000000000
72045  -27.862  -58.159  -0.260 0.5000000000
76435  -26.406  -55.155  0.950 0.4000000060
70690  -28.982  -58.163  -0.453 0.4000000060
72059  -29.567  -57.827  -0.387 0.3000000119
74954  -26.892  -56.734  0.356 0.5000000000
259568  -27.931  -57.508  0.098 0.5000000000
72057  -28.502  -57.906  -0.330 0.5000000000
77910  -26.242  -54.799  1.593 0.4000000060
73408  -29.005  -57.079  0.364 0.3000000119
73409  -29.642  -56.989  0.308 0.3000000119
76452  -26.891  -55.759  0.843 0.4000000060
73407  -28.406  -57.063  0.452 0.5000000000
76453  -27.453  -55.835  1.162 0.4000000060
74923  -27.951  -56.135  1.276 0.5000000000
305105  -28.167  -56.645  0.915 0.5000000000
77896  -26.526  -54.615  2.088 0.4000000060
74926  -29.609  -56.363  1.632 0.3000000119
74927  -30.197  -56.320  1.547 0.3000000119
77911  -26.772  -54.963  1.640 0.4000000060
274714  -28.684  -56.185  1.896 0.4000000060
76420  -27.254  -55.370  2.031 0.4000000060
74924  -28.273  -55.988  1.748 0.4000000060
80850  -26.116  -53.550  3.117 0.5000000000
74916  -29.441  -56.171  2.034 0.3000000119
76439  -29.937  -56.139  2.060 0.4000000060
76425  -30.487  -55.654  2.537 0.4000000060
76440  -30.558  -56.004  2.085 0.4000000060
79385  -27.050  -54.171  3.112 0.4000000060
76422  -28.347  -55.587  2.441 0.5000000000
76410  -29.303  -55.546  2.975 0.4000000060
79386  -27.569  -54.400  3.319 0.5000000000
76421  -27.854  -55.457  2.241 0.5000000000
77874  -28.096  -54.634  3.551 0.5000000000
77875  -28.711  -54.775  3.701 0.4000000060
77885  -29.676  -55.166  3.363 0.4000000060
77886  -30.328  -54.985  3.241 0.4000000060
77901  -31.211  -54.939  2.677 0.3000000119
272295  -26.818  -53.735  3.369 0.5000000000
79372  -27.359  -53.877  3.518 0.5000000000
82311  -29.676  -53.105  4.673 0.4000000060
82322  -30.477  -52.847  3.963 0.3000000119
83883  -26.066  -52.288  3.778 0.5000000000
82310  -29.081  -53.228  4.867 0.4000000060
79365  -29.307  -53.967  4.292 0.4000000060
79377  -30.211  -54.065  3.857 0.4000000060
80851  -30.688  -53.720  3.630 0.4000000060
80852  -31.053  -53.293  3.320 0.3000000119
80837  -26.497  -53.271  3.489 0.5000000000
79373  -27.839  -54.153  3.803 0.5000000000
79374  -28.409  -54.313  3.944 0.5000000000
80838  -27.067  -53.421  3.764 0.5000000000
82300  -29.405  -52.634  5.034 0.4000000060
83875  -29.831  -52.115  4.809 0.4000000060
86933  -25.762  -50.807  4.488 0.5000000000
82323  -30.865  -52.741  3.585 0.3000000119
274533  -26.943  -52.003  4.568 0.5000000000
83873  -27.457  -52.289  4.845 0.5000000000
83874  -27.955  -52.519  5.013 0.5000000000
82309  -28.335  -52.975  4.883 0.5000000000
80839  -27.592  -53.649  4.027 0.5000000000
85403  -29.554  -51.516  5.035 0.4000000060
88370  -25.475  -50.291  4.385 0.5000000000
282634  -27.174  -50.343  5.251 0.5000000000
86936  -30.132  -51.042  4.315 0.3000000119
303108  -30.444  -51.813  3.948 0.3000000119
88371  -25.958  -50.295  4.880 0.5000000000
293573  -26.550  -50.377  5.108 0.5000000000
85399  -27.252  -51.237  5.045 0.5000000000
54818  -28.361  -65.766  0.711 0.6000000238
282615  -30.211  -65.415  -0.459 0.5000000000
54792  -27.081  -66.346  3.053 0.6000000238
63630  -27.761  -61.878  2.490 0.6999999881
59265  -27.618  -63.848  -0.877 0.6000000238
65082  -27.619  -61.299  2.356 0.6999999881
62198  -27.926  -63.110  -1.132 0.6000000238
63651  -26.660  -62.160  0.965 0.6999999881
274102  -25.982  -60.210  0.418 0.5000000000
63686  -25.959  -62.255  -1.174 0.6000000238
297409  -26.093  -59.139  2.395 0.5000000000
69285  -25.590  -59.016  1.821 0.5000000000
67909  -26.435  -60.372  1.142 0.4000000060
66520  -27.408  -60.875  -1.225 0.5000000000
65118  -28.154  -61.484  -0.710 0.5000000000
73403  -24.831  -57.634  0.134 0.4000000060
72043  -26.096  -57.954  -0.075 0.5000000000
285101  -23.903  -57.454  0.903 0.4000000060
73400  -28.768  -56.797  0.901 0.4000000060
76411  -30.026  -55.500  2.851 0.4000000060
77887  -30.857  -54.830  3.118 0.3000000119
291292  -26.505  -51.748  4.329 0.5000000000
85400  -27.768  -51.344  5.190 0.5000000000
46432  -23.913  -70.619  -0.451 0.5000000000
46461  -24.243  -70.096  -1.579 0.5000000000
46450  -23.990  -70.328  -1.023 0.5000000000
285530  -26.830  -70.015  -2.507 0.5000000000
46476  -25.751  -69.960  -2.415 0.5000000000
46462  -25.481  -70.247  -2.028 0.4000000060
295569  -24.136  -70.962  -0.025 0.5000000000
256100  -25.313  -70.977  -0.871 0.6000000238
256872  -24.502  -70.896  -0.402 0.6000000238
46463  -26.034  -70.369  -1.954 0.5000000000
44972  -25.999  -70.621  -1.433 0.5000000000
47970  -28.234  -69.847  -2.578 0.4000000060
274224  -23.071  -71.885  2.198 0.6999999881
43288  -23.286  -71.762  1.751 0.6999999881
43316  -25.276  -72.083  0.897 0.6999999881
43353  -26.261  -71.491  -0.175 0.5000000000
43351  -25.172  -71.523  0.068 0.6999999881
46464  -27.830  -70.566  -1.508 0.5000000000
44963  -27.396  -70.900  -1.023 0.5000000000
44943  -26.464  -71.242  -0.683 0.5000000000
47952  -29.622  -69.865  -1.959 0.5000000000
46479  -28.053  -70.173  -2.087 0.5000000000
41737  -20.768  -72.491  3.224 0.5000000000
41762  -21.277  -72.321  2.523 0.6999999881
43243  -23.236  -72.061  3.354 0.6999999881
43264  -22.074  -72.042  2.486 0.6999999881
43244  -23.658  -72.110  3.015 0.6999999881
43314  -24.075  -71.703  1.111 0.6000000238
43337  -26.755  -71.665  0.307 0.6999999881
266622  -26.499  -71.915  0.785 0.6000000238
46454  -28.329  -70.549  -1.152 0.5000000000
44946  -28.165  -71.005  -0.292 0.6000000238
44919  -27.745  -71.265  0.117 0.6000000238
46465  -28.479  -70.321  -1.598 0.5000000000
47942  -30.871  -69.412  -1.331 0.5000000000
41714  -21.481  -72.432  4.007 0.5000000000
41715  -22.040  -72.376  3.558 0.6999999881
41765  -24.641  -72.386  2.713 0.6999999881
41741  -24.986  -72.298  3.221 0.6999999881
299031  -24.402  -72.001  3.985 0.6999999881
41811  -25.571  -72.284  1.340 0.8000000119
43290  -26.485  -71.955  1.950 0.6999999881
44892  -28.329  -70.876  0.974 0.6000000238
43319  -27.598  -71.476  1.143 0.6999999881
46412  -29.501  -70.169  -0.030 0.6999999881
46411  -29.109  -70.346  0.235 0.6000000238
47941  -30.444  -69.531  -0.942 0.6000000238
47923  -30.101  -69.600  -0.450 0.6000000238
50834  -31.485  -68.555  -0.785 0.6000000238
41695  -20.121  -72.400  4.612 0.5000000000
43180  -22.460  -71.538  5.043 0.6000000238
271501  -20.986  -72.438  4.353 0.5000000000
43181  -23.018  -71.409  4.839 0.6000000238
277899  -23.263  -71.592  4.335 0.6000000238
43218  -23.481  -71.845  3.913 0.6999999881
43220  -25.387  -71.755  3.791 0.6999999881
44811  -25.215  -71.403  4.296 0.6000000238
43268  -25.857  -72.008  2.749 0.6999999881
44832  -26.478  -71.272  3.197 0.6999999881
43291  -26.974  -71.779  1.711 0.6999999881
47894  -29.766  -69.456  0.557 0.6999999881
49410  -31.020  -68.854  -0.511 0.6999999881
47905  -30.213  -69.233  0.101 0.6999999881
43179  -21.391  -71.790  5.204 0.5000000000
44768  -23.362  -71.178  5.257 0.6000000238
44770  -24.507  -71.180  5.189 0.6000000238
44791  -24.760  -71.374  4.681 0.6000000238
44850  -26.832  -71.348  2.739 0.8000000119
264496  -27.254  -70.431  3.243 0.5000000000
46323  -26.466  -70.458  4.017 0.6000000238
46375  -28.431  -70.271  1.764 0.6999999881
46362  -28.275  -70.079  2.272 0.6999999881
303366  -30.178  -68.463  0.793 0.6999999881
49383  -29.574  -68.747  1.536 0.6999999881
50815  -31.660  -67.991  -0.476 0.5000000000
50814  -31.195  -67.985  -0.052 0.6999999881
53457  -31.578  -66.869  -0.183 0.5000000000
44765  -20.994  -71.475  5.667 0.5000000000
46262  -22.772  -70.679  6.341 0.5000000000
47778  -24.314  -70.019  6.448 0.6000000238
44747  -23.111  -70.988  5.832 0.6000000238
46265  -24.606  -70.405  5.939 0.6000000238
47797  -25.142  -70.187  5.657 0.6000000238
49299  -25.874  -69.354  5.561 0.6000000238
46283  -25.440  -70.574  5.155 0.6000000238
49300  -26.293  -69.083  5.196 0.6000000238
49373  -28.060  -69.051  2.852 0.6000000238
49361  -27.639  -68.971  3.208 0.5000000000
47810  -26.450  -69.414  4.734 0.5000000000
50798  -28.918  -68.336  2.124 0.6000000238
50796  -28.485  -68.352  2.417 0.6000000238
53446  -29.878  -67.111  1.058 0.6000000238
52128  -29.525  -67.851  1.657 0.6000000238
56258  -30.530  -65.863  0.025 0.5000000000
46244  -22.380  -70.239  6.601 0.5000000000
47758  -23.920  -69.533  6.721 0.6000000238
49279  -25.599  -69.059  6.071 0.6000000238
49360  -27.300  -68.964  3.603 0.5000000000
50779  -26.984  -68.174  4.146 0.5000000000
52122  -28.208  -67.833  2.405 0.4000000060
52121  -27.703  -67.729  2.655 0.5000000000
52118  -27.408  -67.892  3.155 0.5000000000
54814  -29.749  -66.478  0.830 0.6000000238
47755  -22.009  -69.747  6.632 0.5000000000
49257  -23.489  -69.004  6.924 0.6000000238
49258  -24.121  -68.966  6.916 0.6000000238
49260  -25.317  -68.793  6.518 0.6000000238
54811  -27.432  -66.055  1.334 0.5000000000
53437  -27.161  -66.651  2.139 0.4000000060
49277  -21.303  -69.243  6.260 0.5000000000
49256  -22.845  -69.020  6.857 0.5000000000
50710  -24.206  -68.377  7.049 0.6000000238
52065  -26.015  -67.621  6.694 0.6000000238
271832  -21.202  -68.754  6.104 0.5000000000
50707  -22.459  -68.431  6.707 0.5000000000
50709  -23.599  -67.938  7.015 0.6000000238
53379  -25.580  -67.157  6.993 0.6000000238
50721  -20.932  -68.459  5.740 0.5000000000
52077  -22.296  -67.804  6.383 0.5000000000
52061  -23.268  -67.348  6.630 0.5000000000
255694  -24.642  -66.612  6.888 0.6000000238
53378  -24.999  -67.092  7.023 0.6000000238
52085  -22.056  -67.321  5.416 0.5000000000
53375  -23.063  -66.888  6.362 0.5000000000
53401  -21.776  -67.072  4.920 0.5000000000
54743  -25.662  -66.021  6.811 0.5000000000
53403  -22.700  -66.556  5.278 0.5000000000
54741  -24.304  -66.149  6.596 0.5000000000
53410  -21.461  -66.752  4.460 0.5000000000
54763  -22.436  -66.264  4.780 0.5000000000
54753  -23.542  -65.940  5.845 0.5000000000
258331  -25.189  -65.328  6.453 0.4000000060
54773  -22.604  -65.652  4.452 0.5000000000
54765  -23.365  -65.617  5.193 0.5000000000
56205  -24.347  -65.096  5.743 0.4000000060
304595  -24.767  -64.970  6.005 0.4000000060
56214  -23.146  -65.293  4.566 0.4000000060
56216  -24.137  -64.607  5.104 0.4000000060
59159  -24.782  -63.674  5.235 0.4000000060
53444  -28.502  -66.531  1.490 0.6000000238
54820  -30.159  -66.191  0.446 0.5000000000
54825  -31.100  -66.050  -0.146 0.4000000060
47811  -26.839  -69.208  4.335 0.6000000238
292131  -25.041  -64.086  5.458 0.4000000060
60608  -25.488  -63.338  5.976 0.4000000060
269138  -24.887  -72.404  2.074 0.6999999881
44852  -27.676  -70.937  2.304 0.6999999881
47893  -29.366  -69.658  1.002 0.6999999881
46389  -28.587  -70.415  1.210 0.6999999881
46324  -26.958  -70.147  3.718 0.6000000238
46301  -25.814  -70.581  4.729 0.6000000238
49396  -30.469  -68.597  0.364 0.6999999881
47869  -28.058  -69.797  2.721 0.6999999881
47871  -28.862  -69.388  1.993 0.6999999881
53447  -30.359  -67.212  0.795 0.6000000238
53453  -31.140  -66.955  0.167 0.6000000238
41681  -20.389  -72.098  4.966 0.5000000000
41682  -20.938  -72.150  4.821 0.5000000000
41694  -19.504  -72.513  4.710 0.5000000000
41696  -21.498  -72.246  4.605 0.5000000000
41697  -22.069  -72.269  4.263 0.5000000000
41698  -22.653  -71.882  4.454 0.6000000238
41713  -20.896  -72.513  3.805 0.5000000000
41716  -22.518  -72.221  3.941 0.6000000238
41717  -24.847  -72.129  3.739 0.6999999881
41736  -20.157  -72.513  3.034 0.5000000000
41738  -21.345  -72.457  3.392 0.5000000000
41739  -22.690  -72.232  3.445 0.6999999881
41740  -24.273  -72.257  3.407 0.6999999881
41742  -25.356  -72.357  2.597 0.6999999881
41761  -20.720  -72.436  2.575 0.6999999881
41763  -21.696  -72.265  2.868 0.6999999881
41764  -24.059  -72.253  2.731 0.6999999881
41766  -25.973  -72.204  2.230 0.6999999881
41788  -24.243  -72.290  2.177 0.6999999881
41789  -24.454  -72.152  1.568 0.6000000238
41790  -25.495  -72.366  1.889 0.6999999881
41810  -25.060  -72.283  1.447 0.8000000119
41812  -26.031  -72.261  1.597 0.8000000119
43178  -20.709  -71.781  5.308 0.5000000000
43182  -23.545  -71.305  4.739 0.6000000238
43199  -22.033  -71.909  4.840 0.6000000238
43200  -23.728  -71.468  4.280 0.6000000238
43201  -24.247  -71.634  4.345 0.6999999881
43202  -24.794  -71.726  4.183 0.6000000238
43217  -23.010  -71.992  3.913 0.6999999881
43219  -23.916  -71.853  3.934 0.6999999881
43221  -25.932  -71.433  3.574 0.6999999881
43242  -22.338  -72.210  2.948 0.6999999881
43245  -25.528  -72.080  3.232 0.6999999881
43246  -26.005  -71.710  3.134 0.6999999881
43263  -21.634  -72.090  2.266 0.6999999881
43265  -22.607  -71.940  2.438 0.6999999881
43266  -23.167  -72.047  2.700 0.6999999881
43267  -23.609  -72.046  2.315 0.6999999881
43269  -26.391  -71.736  2.613 0.6999999881
43270  -26.901  -71.579  2.285 0.6999999881
43286  -22.096  -71.749  1.939 0.6999999881
43287  -22.723  -71.676  1.841 0.6999999881
43289  -23.866  -71.902  1.695 0.6999999881
43292  -27.392  -71.602  1.554 0.6999999881
43313  -23.513  -71.559  1.223 0.6000000238
43315  -24.669  -71.912  0.985 0.6999999881
43317  -25.959  -72.121  0.930 0.6000000238
43318  -27.042  -71.782  1.050 0.6000000238
43334  -24.921  -71.702  0.461 0.6999999881
43335  -25.515  -71.793  0.429 0.6999999881
43336  -26.113  -71.759  0.359 0.6999999881
43338  -27.387  -71.556  0.534 0.6999999881
43352  -25.664  -71.495  -0.070 0.6999999881
43354  -26.731  -71.424  -0.261 0.5000000000
44745  -22.004  -71.060  5.965 0.5000000000
44746  -22.523  -71.083  5.974 0.5000000000
44748  -23.695  -70.915  5.710 0.6000000238
44764  -20.455  -71.321  5.652 0.5000000000
44766  -22.229  -71.378  5.607 0.5000000000
44767  -22.811  -71.327  5.451 0.6000000238
44769  -23.888  -71.130  5.183 0.6000000238
44771  -25.026  -71.029  5.061 0.6000000238
44790  -24.079  -71.347  4.741 0.6000000238
44792  -25.451  -71.019  4.651 0.6000000238
44793  -26.023  -70.792  4.340 0.6000000238
44812  -25.734  -71.235  4.102 0.6000000238
44813  -26.240  -70.984  3.792 0.6999999881
44814  -26.735  -70.695  3.483 0.6000000238
44833  -27.035  -70.948  3.011 0.8000000119
44851  -27.245  -71.172  2.550 0.8000000119
44867  -27.362  -71.425  2.047 0.6999999881
44868  -27.784  -71.173  1.712 0.6999999881
44869  -28.254  -70.800  1.524 0.6999999881
44891  -27.898  -71.254  0.728 0.6000000238
44916  -24.261  -71.409  0.495 0.6999999881
44917  -24.680  -71.281  0.017 0.5000000000
44918  -27.164  -71.391  -0.087 0.6000000238
44920  -28.276  -70.994  0.326 0.6000000238
44941  -23.404  -70.533  -0.095 0.5000000000
44942  -25.123  -71.218  -0.427 0.6000000238
44944  -27.018  -71.189  -0.621 0.5000000000
44945  -27.588  -71.131  -0.476 0.6000000238
44958  -24.361  -70.608  -0.753 0.5000000000
44959  -24.830  -70.802  -0.807 0.6000000238
44960  -25.136  -70.662  -1.229 0.6000000238
44961  -26.206  -70.946  -1.096 0.5000000000
44962  -26.778  -70.931  -1.086 0.5000000000
44964  -28.008  -70.893  -0.877 0.6000000238
44971  -25.542  -70.509  -1.589 0.5000000000
44973  -26.474  -70.609  -1.509 0.5000000000
46243  -21.788  -70.273  6.475 0.5000000000
46245  -23.027  -70.162  6.583 0.6000000238
46246  -23.682  -70.097  6.524 0.6000000238
46260  -21.210  -70.269  6.200 0.5000000000
46261  -22.163  -70.718  6.336 0.5000000000
46263  -23.397  -70.582  6.215 0.6000000238
46264  -24.013  -70.503  6.079 0.6000000238
46281  -24.303  -70.910  5.654 0.6000000238
46282  -24.881  -70.794  5.491 0.6000000238
46284  -25.880  -70.146  4.921 0.6000000238
46302  -26.164  -70.287  4.506 0.6000000238
46303  -26.621  -69.849  4.282 0.6000000238
46344  -27.685  -70.145  2.981 0.5000000000
46360  -27.510  -70.694  2.798 0.8000000119
46361  -27.907  -70.393  2.532 0.6999999881
46374  -28.125  -70.662  2.060 0.6999999881
46376  -28.865  -69.865  1.499 0.6999999881
46390  -29.045  -70.161  0.842 0.6999999881
46410  -28.677  -70.588  0.607 0.6000000238
46431  -23.025  -70.092  -0.236 0.5000000000
46433  -28.664  -70.678  -0.047 0.6000000238
46434  -29.118  -70.357  -0.441 0.6999999881
46449  -23.393  -70.119  -0.691 0.5000000000
46451  -24.571  -70.480  -1.192 0.5000000000
46452  -24.940  -70.281  -1.743 0.5000000000
46453  -27.090  -70.589  -1.549 0.5000000000
46455  -28.834  -70.361  -1.084 0.5000000000
46456  -29.408  -70.154  -1.030 0.5000000000
46466  -29.132  -70.125  -1.635 0.5000000000
46467  -29.657  -69.938  -1.465 0.5000000000
46475  -25.177  -69.883  -2.290 0.4000000060
46477  -26.326  -70.001  -2.457 0.5000000000
46478  -27.356  -70.249  -2.183 0.5000000000
46480  -28.665  -70.057  -2.110 0.5000000000
46481  -29.160  -69.920  -2.173 0.4000000060
47754  -21.479  -69.782  6.445 0.5000000000
47756  -22.617  -69.644  6.721 0.6000000238
47757  -23.272  -69.587  6.757 0.6000000238
47759  -24.549  -69.448  6.679 0.6000000238
47777  -20.963  -69.706  6.129 0.5000000000
47779  -24.853  -69.824  6.191 0.6000000238
47780  -25.365  -69.591  5.864 0.6000000238
47798  -25.620  -69.902  5.344 0.6000000238
47799  -26.087  -69.638  5.102 0.6000000238
47825  -27.096  -69.489  3.817 0.5000000000
47851  -27.392  -69.880  3.380 0.5000000000
47852  -27.737  -69.557  3.096 0.5000000000
47870  -28.426  -69.432  2.414 0.6999999881
47884  -28.553  -69.811  1.999 0.6999999881
47903  -29.486  -69.986  0.449 0.6999999881
47904  -29.808  -69.770  0.027 0.6999999881
47922  -29.659  -70.009  -0.490 0.6000000238
47940  -29.904  -69.808  -1.009 0.6000000238
47951  -24.601  -69.711  -2.039 0.4000000060
47953  -30.247  -69.692  -1.649 0.5000000000
47966  -25.484  -69.445  -2.726 0.5000000000
49254  -21.711  -69.338  6.538 0.5000000000
49255  -22.182  -69.080  6.667 0.5000000000
49259  -24.774  -68.789  6.829 0.6000000238
49276  -20.773  -69.078  5.925 0.5000000000
49278  -25.085  -69.260  6.389 0.6000000238
49280  -26.102  -68.812  5.749 0.6000000238
49298  -20.407  -68.675  5.489 0.5000000000
49323  -26.628  -68.851  4.748 0.5000000000
49340  -27.052  -68.911  3.935 0.6000000238
49374  -28.363  -68.833  2.565 0.6000000238
49375  -28.715  -68.893  2.283 0.6999999881
49382  -29.153  -68.840  1.909 0.6999999881
49390  -29.285  -69.287  1.539 0.6999999881
49391  -29.650  -69.110  1.072 0.6999999881
49392  -30.020  -68.910  0.664 0.6999999881
49397  -30.905  -68.463  -0.055 0.6999999881
49409  -30.582  -69.270  -0.437 0.6999999881
49431  -30.857  -69.250  -0.844 0.6000000238
49432  -31.233  -69.022  -1.062 0.6000000238
50706  -21.659  -68.788  6.418 0.5000000000
50708  -22.882  -67.854  6.752 0.5000000000
50711  -25.275  -68.275  6.829 0.6000000238
50712  -25.804  -68.508  6.331 0.6999999881
50713  -26.095  -68.086  6.374 0.6999999881
50722  -21.437  -68.318  6.035 0.5000000000
50723  -26.298  -68.280  5.954 0.6999999881
50733  -21.235  -67.993  5.531 0.5000000000
50734  -26.526  -68.457  5.302 0.6999999881
50753  -26.795  -68.312  4.676 0.6000000238
50790  -27.117  -68.534  3.825 0.6000000238
50791  -27.414  -68.458  3.395 0.5000000000
50794  -27.810  -68.327  2.908 0.5000000000
50795  -28.102  -68.350  2.668 0.6000000238
50799  -29.363  -68.290  1.805 0.6000000238
50802  -29.755  -68.224  1.461 0.6999999881
50803  -30.082  -68.124  1.089 0.6999999881
50806  -30.413  -68.080  0.713 0.6999999881
50807  -30.780  -68.043  0.323 0.6999999881
52051  -25.219  -67.390  7.061 0.6000000238
52060  -22.702  -67.277  6.259 0.5000000000
52062  -23.856  -67.296  6.826 0.6000000238
52063  -24.915  -67.667  7.049 0.6000000238
52064  -25.474  -67.709  6.945 0.6000000238
52066  -26.395  -67.351  6.478 0.6000000238
52076  -21.813  -67.809  5.860 0.5000000000
52079  -26.675  -67.374  6.054 0.6999999881
52084  -21.546  -67.555  5.247 0.5000000000
52086  -26.861  -67.420  5.475 0.6999999881
52094  -21.284  -67.352  4.722 0.5000000000
52109  -27.013  -67.656  3.987 0.5000000000
52117  -27.120  -67.511  3.434 0.6000000238
52120  -27.260  -67.328  2.895 0.5000000000
52123  -28.631  -67.926  2.237 0.6000000238
52125  -27.910  -67.299  2.242 0.4000000060
52126  -28.472  -67.443  2.100 0.6000000238
52127  -29.034  -67.739  1.906 0.6000000238
52131  -29.844  -67.710  1.321 0.6000000238
52132  -30.232  -67.633  0.971 0.6000000238
52136  -30.592  -67.585  0.609 0.6000000238
52137  -30.989  -67.510  0.260 0.6000000238
52140  -31.416  -67.445  -0.109 0.6999999881
52141  -31.847  -67.355  -0.471 0.5000000000
53376  -23.516  -66.815  6.555 0.5000000000
53377  -24.060  -66.707  6.750 0.6000000238
53380  -26.161  -67.023  6.778 0.6000000238
53381  -26.619  -66.906  6.453 0.6000000238
53391  -22.533  -67.096  5.577 0.5000000000
53392  -22.886  -66.757  5.869 0.5000000000
53393  -23.268  -66.463  6.158 0.5000000000
53394  -26.931  -66.826  5.849 0.6000000238
53402  -22.262  -66.827  5.090 0.5000000000
53411  -21.953  -66.510  4.614 0.5000000000
53412  -27.000  -67.207  4.444 0.6000000238
53420  -27.015  -67.140  3.797 0.6000000238
53429  -27.091  -66.964  3.227 0.6000000238
53434  -27.430  -67.101  2.410 0.4000000060
53438  -27.587  -66.804  2.000 0.5000000000
53439  -28.185  -66.921  1.873 0.4000000060
53440  -28.822  -67.080  1.724 0.6000000238
53441  -29.396  -67.357  1.493 0.6000000238
53451  -30.270  -66.746  0.653 0.6000000238
53452  -30.708  -67.056  0.506 0.6000000238
54740  -23.751  -66.284  6.400 0.5000000000
54742  -24.910  -66.033  6.725 0.6000000238
54744  -26.342  -66.394  6.749 0.6000000238
54745  -26.865  -66.380  6.376 0.6000000238
54752  -23.099  -66.226  5.558 0.5000000000
54754  -24.064  -65.751  6.091 0.5000000000
54756  -27.344  -65.917  5.705 0.6999999881
54764  -22.874  -65.931  4.957 0.5000000000
54767  -27.484  -65.995  5.081 0.6000000238
54771  -21.632  -66.169  4.251 0.5000000000
54772  -22.110  -65.929  4.373 0.5000000000
54774  -27.250  -66.556  4.676 0.6000000238
54775  -27.546  -66.015  4.441 0.6000000238
54783  -27.422  -66.019  3.763 0.6000000238
54793  -27.299  -65.779  3.178 0.5000000000
54800  -27.050  -66.323  2.374 0.5000000000
54805  -27.090  -66.262  1.966 0.4000000060
54806  -27.309  -66.374  1.782 0.5000000000
54807  -27.842  -66.444  1.643 0.6000000238
54810  -27.088  -65.967  1.623 0.6000000238
54813  -28.751  -66.179  1.034 0.6000000238
54821  -30.778  -66.445  0.310 0.5000000000
54822  -31.289  -66.490  0.030 0.6000000238
54826  -31.674  -66.265  -0.342 0.5000000000
56194  -24.557  -65.547  6.346 0.4000000060
56195  -25.867  -65.392  6.615 0.5000000000
56196  -26.448  -65.368  6.648 0.6000000238
56197  -26.978  -65.367  6.437 0.6000000238
56204  -23.888  -65.356  5.426 0.5000000000
56206  -27.390  -65.398  5.999 0.6000000238
56207  -27.583  -65.456  5.413 0.6000000238
56215  -23.657  -64.927  4.812 0.4000000060
56217  -27.702  -65.519  4.804 0.6000000238
56222  -22.342  -65.472  4.082 0.5000000000
56237  -27.088  -65.858  2.605 0.5000000000
56251  -27.667  -65.682  0.866 0.6000000238
56256  -29.297  -65.565  0.141 0.6000000238
56257  -29.925  -65.684  0.114 0.5000000000
56267  -30.828  -65.537  -0.505 0.4000000060
56268  -31.420  -65.671  -0.558 0.4000000060
57651  -25.135  -64.577  5.925 0.4000000060
57652  -25.465  -64.175  5.933 0.5000000000
57654  -26.640  -64.739  6.571 0.6000000238
57671  -24.677  -64.336  5.382 0.4000000060
57686  -27.940  -64.565  5.028 0.6000000238
57687  -28.157  -64.306  4.747 0.6000000238
57696  -28.142  -64.582  4.454 0.6000000238
57701  -27.979  -64.979  4.014 0.6000000238
57702  -28.228  -64.453  3.931 0.6000000238
57708  -27.930  -64.815  3.453 0.6000000238
57709  -28.141  -64.235  3.402 0.6000000238
57716  -27.391  -64.790  2.304 0.6000000238
57722  -26.993  -64.988  1.672 0.6999999881
57727  -26.806  -65.120  1.075 0.6000000238
57732  -26.712  -65.146  0.580 0.6000000238
57733  -26.996  -65.023  0.122 0.6000000238
57734  -27.583  -65.049  -0.080 0.6000000238
57743  -28.005  -64.601  -0.520 0.6000000238
57744  -28.699  -64.604  -0.792 0.5000000000
57745  -29.331  -64.744  -0.795 0.5000000000
57746  -29.890  -64.933  -0.929 0.5000000000
57755  -29.133  -64.407  -1.206 0.5000000000
59138  -25.770  -63.813  6.089 0.5000000000
59139  -26.389  -64.024  6.425 0.6000000238
59160  -25.256  -63.667  5.550 0.4000000060
59162  -27.547  -64.286  6.025 0.6000000238
59182  -24.240  -63.961  5.021 0.4000000060
59183  -27.863  -64.167  5.532 0.6000000238
59184  -28.158  -64.024  5.039 0.6000000238
59201  -28.301  -64.050  4.455 0.6000000238
59213  -28.307  -63.891  3.867 0.6000000238
59227  -27.662  -63.735  2.345 0.6000000238
59236  -26.225  -63.758  0.249 0.6000000238
59244  -26.372  -64.280  0.162 0.6000000238
59254  -26.363  -63.763  -0.804 0.6000000238
59264  -26.924  -63.810  -0.912 0.6000000238
59266  -28.252  -64.004  -0.894 0.6000000238
59267  -29.781  -64.033  -1.524 0.5000000000
59268  -30.439  -64.021  -1.608 0.4000000060
60610  -26.825  -63.585  6.365 0.6000000238
60627  -28.204  -63.004  5.358 0.6000000238
60658  -28.379  -63.032  4.361 0.6000000238
60675  -28.330  -63.277  3.750 0.6000000238
60689  -28.126  -63.332  3.147 0.6000000238
60708  -27.003  -63.195  1.364 0.6999999881
60719  -26.544  -63.532  0.851 0.6000000238
60741  -26.252  -62.795  -1.143 0.6000000238
60742  -26.564  -63.364  -1.084 0.6000000238
60743  -27.338  -63.350  -1.091 0.6000000238
60745  -28.683  -63.687  -1.003 0.5000000000
60746  -30.008  -63.615  -1.517 0.4000000060
62084  -27.408  -62.750  6.135 0.6000000238
62085  -28.010  -62.489  5.717 0.6000000238
62094  -28.261  -62.462  5.142 0.5000000000
62118  -28.057  -62.353  2.916 0.6999999881
62149  -27.023  -62.538  1.343 0.6999999881
62158  -26.222  -62.561  0.582 0.6000000238
62159  -26.629  -62.924  0.946 0.6999999881
62170  -25.821  -62.872  0.071 0.6000000238
62181  -25.757  -62.802  -0.513 0.6000000238
62182  -28.149  -62.619  -0.975 0.6000000238
62196  -25.872  -62.662  -0.916 0.6000000238
62199  -28.491  -63.160  -0.946 0.6000000238
63574  -26.702  -61.921  6.465 0.6000000238
63582  -27.303  -61.832  6.072 0.5000000000
63598  -28.337  -61.782  4.399 0.6000000238
63607  -28.322  -61.793  3.875 0.5000000000
63617  -28.119  -61.834  3.047 0.6000000238
63618  -28.304  -62.153  3.503 0.6000000238
63643  -27.419  -62.220  1.890 0.6999999881
63670  -25.677  -62.226  -0.827 0.6000000238
63672  -28.690  -61.910  -0.303 0.5000000000
63688  -26.889  -61.800  -1.322 0.6000000238
65041  -28.004  -61.428  5.422 0.5000000000
65042  -28.256  -61.562  4.956 0.5000000000
65075  -27.960  -61.256  2.898 0.6999999881
65087  -27.030  -61.225  1.401 0.6999999881
65088  -27.378  -61.586  1.926 0.6999999881
65091  -26.599  -61.550  0.928 0.6999999881
65105  -29.165  -61.183  0.186 0.3000000119
65117  -25.638  -61.236  -0.772 0.6000000238
66439  -26.811  -60.453  5.860 0.5000000000
66448  -27.170  -60.309  5.460 0.5000000000
66449  -27.669  -60.865  5.456 0.5000000000
66466  -27.878  -60.285  3.632 0.6000000238
66473  -28.154  -60.944  3.495 0.6000000238
66480  -27.337  -60.982  1.944 0.6999999881
66483  -25.719  -60.726  0.105 0.5000000000
66499  -29.459  -60.639  0.229 0.4000000060
66507  -26.349  -60.451  -0.869 0.5000000000
66509  -27.837  -60.462  -0.963 0.5000000000
66510  -28.274  -60.821  -0.616 0.5000000000
66518  -26.150  -60.986  -1.018 0.6000000238
66521  -27.838  -60.975  -1.011 0.6000000238
67888  -27.491  -59.895  4.561 0.5000000000
67891  -27.449  -59.735  3.469 0.5000000000
67900  -26.379  -59.743  1.846 0.5000000000
69272  -27.277  -59.559  4.307 0.5000000000
69276  -26.413  -58.920  3.535 0.4000000060
69277  -27.195  -59.428  3.877 0.5000000000
69286  -26.098  -59.376  2.015 0.5000000000
69297  -25.514  -59.479  0.508 0.4000000060
69325  -25.865  -59.460  -0.358 0.5000000000
69326  -26.397  -59.416  -0.475 0.5000000000
69327  -27.287  -59.333  -0.430 0.5000000000
69330  -29.520  -59.078  -0.391 0.4000000060
70650  -25.810  -58.784  2.572 0.5000000000
70654  -24.965  -58.603  1.279 0.5000000000
70660  -24.752  -58.554  0.503 0.4000000060
70670  -25.062  -58.505  0.206 0.4000000060
70671  -25.653  -58.590  -0.063 0.5000000000
70672  -26.417  -58.444  -0.222 0.5000000000
70673  -27.185  -58.357  -0.197 0.5000000000
70689  -28.356  -58.577  -0.436 0.5000000000
72034  -24.194  -57.721  1.125 0.4000000060
72046  -28.698  -57.443  -0.055 0.5000000000
72047  -29.280  -57.352  -0.151 0.4000000060
72058  -29.005  -57.725  -0.337 0.4000000060
73398  -24.534  -57.086  0.365 0.4000000060
73399  -25.426  -56.898  0.271 0.4000000060
73401  -29.269  -56.825  0.793 0.3000000119
74914  -28.553  -55.901  2.162 0.4000000060
74915  -29.016  -56.063  2.168 0.4000000060
74925  -29.077  -56.315  1.765 0.3000000119
74928  -30.772  -56.157  1.390 0.4000000060
74940  -27.398  -56.432  0.783 0.5000000000
74941  -28.574  -56.438  1.446 0.5000000000
74942  -29.177  -56.569  1.274 0.4000000060
74943  -29.778  -56.600  0.995 0.3000000119
74944  -30.419  -56.474  0.911 0.3000000119
74953  -26.241  -56.783  0.289 0.4000000060
74955  -30.141  -56.745  0.483 0.3000000119
76409  -28.648  -55.457  2.928 0.5000000000
76423  -28.885  -55.751  2.543 0.4000000060
76424  -29.536  -55.860  2.441 0.3000000119
76426  -30.951  -55.544  2.396 0.3000000119
76436  -27.096  -55.431  1.357 0.4000000060
76437  -27.741  -55.663  1.670 0.4000000060
76438  -28.157  -55.670  2.026 0.4000000060
76451  -26.303  -55.622  0.504 0.4000000060
77876  -29.361  -54.820  3.782 0.4000000060
77882  -27.278  -54.651  2.845 0.4000000060
77883  -27.795  -54.896  3.076 0.5000000000
77884  -29.017  -55.205  3.403 0.4000000060
77897  -27.019  -54.847  2.290 0.4000000060
77898  -27.513  -55.137  2.570 0.5000000000
77899  -28.037  -55.357  2.802 0.5000000000
77900  -30.683  -55.288  2.854 0.4000000060
79364  -28.731  -53.975  4.286 0.5000000000
79366  -29.827  -53.792  4.181 0.4000000060
79375  -29.030  -54.374  4.019 0.4000000060
79376  -29.639  -54.305  4.003 0.4000000060
79384  -26.448  -53.982  3.000 0.4000000060
79387  -29.999  -54.656  3.670 0.4000000060
79388  -30.666  -54.394  3.486 0.4000000060
79389  -31.153  -54.360  3.057 0.3000000119
79398  -26.245  -54.257  2.487 0.4000000060
79399  -26.781  -54.395  2.618 0.4000000060
80828  -27.896  -53.366  4.482 0.5000000000
80829  -28.522  -53.541  4.580 0.5000000000
80830  -29.035  -53.663  4.522 0.4000000060
80831  -29.498  -53.552  4.527 0.4000000060
80832  -29.913  -53.393  4.363 0.4000000060
80840  -28.131  -53.874  4.239 0.5000000000
80841  -30.303  -53.436  4.011 0.3000000119
80842  -30.711  -53.205  3.717 0.3000000119
82307  -27.074  -52.603  4.453 0.5000000000
82308  -27.651  -52.823  4.667 0.5000000000
82312  -30.117  -53.007  4.337 0.3000000119
82319  -26.270  -52.708  3.699 0.5000000000
82320  -26.785  -52.905  3.970 0.5000000000
82321  -27.330  -53.133  4.235 0.5000000000
83864  -28.003  -51.958  5.148 0.5000000000
83866  -29.245  -52.025  5.205 0.4000000060
83872  -26.512  -52.299  4.124 0.5000000000
83884  -30.234  -51.932  4.263 0.3000000119
83885  -30.561  -52.229  3.864 0.3000000119
85412  -26.119  -51.331  4.449 0.5000000000
85413  -26.782  -51.390  4.734 0.5000000000
85414  -27.344  -51.711  4.945 0.5000000000
85415  -29.987  -51.502  4.561 0.3000000119
85416  -30.331  -51.459  4.091 0.3000000119
85426  -25.972  -51.810  3.994 0.5000000000
86920  -26.928  -50.849  5.049 0.5000000000
86921  -27.515  -50.836  5.206 0.5000000000
86934  -26.343  -50.848  4.799 0.5000000000
86935  -29.691  -50.988  4.686 0.4000000060
88358  -26.762  -49.792  5.207 0.5000000000
255598  -26.541  -72.088  1.319 0.6999999881
255804  -27.803  -64.540  2.895 0.6000000238
257737  -27.704  -60.406  4.932 0.5000000000
257757  -26.940  -67.470  4.930 0.6999999881
258099  -26.908  -59.263  4.323 0.5000000000
258398  -27.490  -62.720  -1.143 0.6000000238
258571  -30.131  -55.863  2.423 0.4000000060
258917  -23.713  -70.936  0.278 0.5000000000
259142  -23.700  -72.002  3.530 0.6999999881
259232  -25.801  -62.871  6.422 0.5000000000
260335  -25.525  -61.707  -0.600 0.6000000238
260358  -28.845  -69.821  -2.628 0.4000000060
261472  -25.264  -66.591  6.936 0.6000000238
262189  -28.655  -65.463  0.200 0.6000000238
262570  -28.516  -70.627  -0.653 0.5000000000
263540  -27.710  -63.737  5.883 0.6000000238
263781  -28.363  -62.155  4.042 0.6000000238
264084  -30.649  -68.897  -0.103 0.6999999881
264143  -23.133  -68.444  7.018 0.5000000000
265226  -25.821  -66.643  6.917 0.6000000238
265455  -26.079  -69.970  4.760 0.5000000000
265629  -27.874  -63.399  2.703 0.6000000238
265992  -27.256  -64.135  -0.693 0.6000000238
266094  -28.953  -58.779  -0.436 0.5000000000
267220  -24.283  -67.774  7.020 0.6000000238
267426  -27.204  -59.769  2.896 0.5000000000
267894  -24.446  -67.185  6.959 0.6000000238
268333  -25.268  -63.041  6.024 0.4000000060
268768  -21.593  -70.744  6.140 0.5000000000
268834  -25.747  -68.056  6.655 0.6000000238
271140  -22.823  -72.130  2.964 0.6999999881
271710  -20.473  -72.510  4.190 0.5000000000
272153  -25.664  -70.836  -1.152 0.5000000000
272268  -26.894  -68.669  4.274 0.5000000000
272443  -25.603  -64.793  6.380 0.5000000000
272803  -31.007  -53.893  3.286 0.3000000119
273521  -26.689  -70.317  -2.028 0.5000000000
274867  -27.440  -69.388  3.402 0.5000000000
276543  -23.698  -68.541  7.059 0.6000000238
276567  -25.615  -49.884  4.638 0.5000000000
276851  -28.367  -55.089  3.272 0.5000000000
276931  -29.921  -50.514  4.346 0.3000000119
278498  -29.894  -68.603  1.120 0.6999999881
278894  -29.307  -64.116  -1.434 0.5000000000
279208  -27.015  -65.909  2.043 0.6000000238
281177  -26.699  -65.884  6.585 0.6000000238
281279  -26.476  -62.999  6.533 0.6000000238
281302  -28.838  -64.127  -1.146 0.6000000238
282172  -29.578  -66.008  0.514 0.6000000238
282784  -28.955  -59.943  -0.422 0.5000000000
283694  -27.352  -63.850  6.212 0.6000000238
285267  -25.824  -61.802  0.068 0.6000000238
285712  -30.204  -52.471  4.322 0.3000000119
286189  -21.571  -71.249  5.673 0.5000000000
287274  -28.324  -62.873  4.857 0.6000000238
289207  -22.271  -67.454  5.911 0.5000000000
289251  -21.930  -68.276  6.362 0.5000000000
289733  -27.028  -61.274  -1.286 0.6000000238
292068  -27.857  -56.936  0.530 0.5000000000
292474  -27.987  -71.138  1.234 0.6999999881
292477  -24.704  -68.192  7.001 0.6000000238
293575  -28.093  -60.723  4.555 0.6000000238
293840  -25.809  -71.258  -0.694 0.6000000238
295205  -27.125  -66.810  4.134 0.6000000238
297135  -26.246  -61.899  -1.309 0.6000000238
298320  -28.528  -59.665  -0.651 0.5000000000
298496  -25.204  -72.149  3.530 0.6999999881
298596  -28.305  -62.035  4.889 0.5000000000
298865  -29.792  -57.343  -0.191 0.3000000119
299012  -23.770  -70.772  -0.094 0.5000000000
299082  -24.386  -58.223  0.385 0.4000000060
299168  -27.556  -62.247  5.976 0.5000000000
299345  -21.165  -72.403  2.912 0.6999999881
299367  -20.589  -72.348  4.575 0.5000000000
300579  -26.464  -53.650  3.263 0.5000000000
300806  -27.258  -57.568  0.177 0.5000000000
300992  -29.851  -52.667  4.630 0.4000000060
301013  -27.053  -62.350  -1.199 0.6000000238
301680  -22.042  -68.631  6.578 0.5000000000
303574  -21.939  -71.562  5.268 0.6000000238
303729  -31.267  -68.373  -0.369 0.6999999881
304028  -29.273  -66.232  0.864 0.6000000238
305162  -25.731  -71.742  3.441 0.6999999881
