#!ascii label  , from subject sub-v2s5x29563_ses-1 vox2ras=TkReg
1400
55578  19.272  -62.410  2.382 0.6000000238
42543  16.716  -69.014  6.606 0.6999999881
45263  16.601  -67.698  5.271 0.6999999881
52409  14.900  -64.059  3.434 0.8999999762
53976  15.884  -62.784  3.070 0.8000000119
55581  17.169  -62.353  2.551 0.8000000119
55552  19.218  -61.973  3.055 0.6000000238
52421  20.815  -63.399  3.082 0.6999999881
50923  21.571  -64.087  3.164 0.6999999881
42530  17.350  -69.126  7.235 0.6999999881
39910  16.861  -70.140  7.904 0.6999999881
43900  17.258  -68.094  6.113 0.6999999881
295513  17.727  -67.398  5.138 0.6000000238
46592  16.994  -66.745  4.638 0.6999999881
46593  16.450  -66.554  4.397 0.6999999881
50910  16.122  -64.831  4.239 0.8000000119
281671  16.269  -63.683  4.314 0.8000000119
53955  15.903  -62.680  3.852 0.8000000119
56970  16.672  -62.065  3.587 0.8000000119
56968  18.029  -61.442  3.199 0.6000000238
55528  19.523  -62.408  3.365 0.6000000238
50909  21.578  -64.451  3.686 0.6999999881
50920  23.297  -64.671  3.527 0.6999999881
41203  17.506  -69.319  7.778 0.5000000000
39903  17.097  -70.178  8.489 0.6000000238
42540  18.248  -68.984  6.819 0.4000000060
42559  17.532  -68.433  6.509 0.6000000238
288584  18.241  -67.987  5.547 0.5000000000
47960  17.891  -66.235  4.762 0.6000000238
278252  17.149  -65.620  4.530 0.8000000119
50894  17.230  -64.469  4.716 0.6999999881
53937  17.174  -63.142  4.940 0.6999999881
55514  17.485  -62.284  5.021 0.6999999881
302619  19.763  -62.994  4.558 0.5000000000
52396  21.108  -64.265  4.178 0.6000000238
50891  22.348  -64.939  4.477 0.6000000238
50907  22.828  -64.849  3.989 0.6000000238
50905  24.434  -64.611  3.791 0.5000000000
41169  19.352  -69.735  8.791 0.5000000000
39890  17.770  -70.092  9.109 0.6000000238
38692  17.833  -71.103  9.499 0.6000000238
41185  18.473  -69.631  8.212 0.5000000000
46576  18.555  -66.824  5.215 0.5000000000
262799  18.619  -65.722  5.239 0.6000000238
50878  18.138  -64.470  5.256 0.6000000238
55503  18.026  -62.724  5.304 0.6000000238
257016  18.886  -62.278  5.138 0.5000000000
53944  19.751  -62.957  5.153 0.5000000000
295188  20.951  -64.109  4.763 0.6000000238
50875  21.991  -64.836  5.088 0.6000000238
270372  23.801  -65.357  4.866 0.5000000000
49417  24.993  -65.376  5.151 0.5000000000
50873  26.529  -65.064  5.239 0.5000000000
49434  25.412  -65.231  4.754 0.5000000000
39877  18.545  -70.296  9.628 0.5000000000
37478  18.153  -71.374  10.012 0.5000000000
42527  19.408  -69.147  7.214 0.5000000000
42539  19.229  -68.872  6.675 0.4000000060
43884  20.238  -68.112  6.558 0.3000000119
287827  19.864  -67.914  6.114 0.4000000060
46564  20.017  -66.700  6.152 0.3000000119
46555  20.409  -66.774  6.549 0.3000000119
47949  19.294  -66.097  5.672 0.5000000000
49405  18.818  -65.028  5.981 0.5000000000
286300  18.636  -64.196  6.348 0.5000000000
53926  19.164  -63.106  5.888 0.5000000000
53933  20.314  -63.149  5.453 0.5000000000
52383  21.136  -64.011  5.205 0.6000000238
52367  22.170  -64.570  5.658 0.6000000238
49419  23.426  -65.319  5.377 0.5000000000
302800  24.670  -65.320  6.099 0.5000000000
49415  26.062  -65.278  5.549 0.5000000000
39858  19.038  -70.429  10.111 0.5000000000
41149  19.567  -69.944  9.291 0.5000000000
41182  20.488  -69.456  8.433 0.5000000000
42513  20.864  -69.047  8.047 0.4000000060
42526  20.050  -68.996  7.367 0.5000000000
43875  21.206  -67.911  7.522 0.4000000060
45221  20.940  -67.344  7.226 0.3000000119
47938  20.112  -66.084  6.555 0.3000000119
50851  19.135  -64.427  6.933 0.4000000060
53914  18.965  -63.507  6.379 0.5000000000
271861  20.104  -62.968  6.119 0.4000000060
50848  23.250  -64.947  6.353 0.5000000000
50832  24.471  -64.391  7.084 0.5000000000
49384  24.421  -65.153  6.562 0.5000000000
50858  27.615  -64.836  6.211 0.5000000000
50842  27.405  -64.906  6.845 0.4000000060
49382  25.763  -65.237  6.579 0.5000000000
39843  19.703  -70.315  10.460 0.5000000000
41131  20.660  -69.830  9.955 0.5000000000
41166  21.336  -69.407  9.140 0.5000000000
42500  21.632  -68.935  8.805 0.4000000060
43869  21.488  -68.163  8.054 0.4000000060
46539  21.626  -67.052  8.214 0.3000000119
47931  20.753  -66.267  7.252 0.3000000119
50850  19.615  -64.812  7.197 0.4000000060
52337  19.773  -63.827  7.409 0.4000000060
53898  20.366  -63.301  7.266 0.4000000060
52354  19.279  -63.832  6.967 0.4000000060
53912  20.572  -62.974  6.504 0.4000000060
53910  21.866  -63.315  6.683 0.5000000000
261587  22.250  -63.760  6.179 0.5000000000
289718  22.392  -64.180  5.954 0.6000000238
294340  25.399  -64.141  7.470 0.4000000060
50845  25.391  -64.957  7.050 0.5000000000
41112  20.713  -69.828  10.549 0.4000000060
42481  22.349  -68.631  9.407 0.4000000060
41145  21.936  -69.254  9.993 0.4000000060
45201  22.030  -67.825  8.777 0.4000000060
272630  21.765  -66.646  8.721 0.4000000060
47919  21.173  -65.986  8.134 0.4000000060
50818  20.408  -64.968  8.333 0.4000000060
49371  20.091  -65.252  7.457 0.4000000060
52315  20.065  -64.182  7.747 0.4000000060
53897  20.673  -63.326  7.762 0.4000000060
53895  22.041  -63.199  7.167 0.5000000000
53909  22.626  -63.598  6.653 0.5000000000
53893  23.752  -63.125  7.101 0.6000000238
52334  24.250  -63.833  6.978 0.5000000000
55478  25.447  -62.322  7.480 0.4000000060
52332  25.357  -63.528  7.479 0.4000000060
41092  21.365  -69.325  11.678 0.4000000060
43834  22.656  -68.133  10.106 0.4000000060
42451  22.193  -69.209  10.940 0.4000000060
45190  22.581  -67.580  9.802 0.4000000060
47911  21.488  -66.058  8.683 0.4000000060
52314  20.329  -64.289  8.242 0.4000000060
257277  20.868  -63.246  8.281 0.4000000060
53873  22.209  -63.056  7.623 0.4000000060
287747  22.749  -62.918  7.583 0.5000000000
302524  24.042  -62.293  7.165 0.4000000060
289094  24.523  -62.767  7.155 0.6000000238
43802  22.707  -68.606  11.389 0.4000000060
45167  22.866  -67.536  11.046 0.4000000060
46493  22.740  -67.008  10.679 0.4000000060
46506  22.210  -66.495  9.771 0.4000000060
49327  21.480  -65.297  9.665 0.4000000060
50782  21.337  -64.706  9.613 0.4000000060
53840  21.400  -63.053  9.317 0.5000000000
52284  20.840  -64.006  9.124 0.4000000060
53856  21.153  -63.072  8.786 0.3000000119
291998  21.805  -62.265  8.347 0.3000000119
55462  21.738  -62.750  8.028 0.4000000060
56926  23.648  -62.018  7.477 0.4000000060
299322  24.670  -61.273  7.296 0.4000000060
275116  24.508  -62.274  7.112 0.5000000000
42412  21.916  -69.018  12.051 0.4000000060
47885  22.207  -65.930  10.219 0.4000000060
257350  22.100  -65.001  10.209 0.4000000060
52268  22.037  -64.061  9.870 0.3000000119
55427  22.079  -62.710  9.689 0.3000000119
55443  21.404  -62.567  9.115 0.3000000119
56893  21.891  -61.797  8.709 0.3000000119
56908  23.043  -61.626  8.053 0.3000000119
59695  24.403  -60.597  6.876 0.4000000060
59694  24.868  -60.470  6.569 0.4000000060
45154  22.873  -67.433  11.671 0.3000000119
279669  22.685  -66.530  10.919 0.3000000119
47884  22.580  -65.976  10.802 0.3000000119
50779  23.062  -64.519  10.280 0.3000000119
53824  22.917  -63.417  10.019 0.3000000119
56878  22.450  -61.726  9.832 0.3000000119
58288  22.085  -61.453  9.459 0.4000000060
61017  22.264  -59.870  8.714 0.4000000060
61018  22.138  -60.295  8.540 0.3000000119
61048  22.340  -59.526  7.657 0.3000000119
59670  23.249  -60.446  7.834 0.3000000119
61046  23.807  -60.409  7.175 0.4000000060
61075  24.446  -59.799  5.882 0.4000000060
62403  25.049  -59.429  5.391 0.4000000060
59640  22.347  -60.583  9.242 0.4000000060
63745  22.219  -58.761  8.251 0.4000000060
62358  22.173  -59.154  7.913 0.4000000060
62372  22.418  -58.865  7.387 0.3000000119
61064  23.534  -59.703  6.918 0.4000000060
63800  23.064  -58.340  5.691 0.4000000060
291275  23.785  -57.771  5.121 0.4000000060
63799  23.664  -58.907  5.589 0.4000000060
63810  24.254  -58.356  5.307 0.4000000060
65196  22.329  -58.089  7.409 0.4000000060
65204  22.402  -57.610  6.360 0.5000000000
65223  22.686  -57.759  5.783 0.4000000060
66621  23.682  -57.048  4.953 0.4000000060
63809  25.334  -58.135  5.298 0.3000000119
66636  24.216  -56.818  4.675 0.3000000119
55553  18.303  -61.797  2.676 0.6999999881
50896  15.897  -64.042  4.137 0.8000000119
55529  19.228  -62.062  3.849 0.6000000238
55530  16.623  -62.152  4.238 0.6999999881
56951  18.355  -61.487  4.275 0.6999999881
49436  24.239  -65.196  4.479 0.6000000238
43885  18.952  -68.571  6.238 0.4000000060
45239  19.256  -67.343  5.574 0.4000000060
50893  17.798  -64.577  4.939 0.6999999881
52386  17.641  -63.909  5.028 0.6999999881
55512  18.849  -61.888  4.508 0.6999999881
41200  19.595  -69.332  7.795 0.5000000000
53935  18.314  -63.325  5.646 0.5000000000
49403  19.745  -65.566  6.381 0.4000000060
52368  21.427  -63.768  5.663 0.6000000238
50849  23.090  -64.506  6.451 0.5000000000
52351  23.271  -64.005  6.673 0.6000000238
304372  20.707  -64.929  9.081 0.3000000119
55482  23.075  -62.380  7.712 0.4000000060
45141  22.806  -67.412  12.338 0.4000000060
58322  22.539  -61.073  8.252 0.3000000119
62371  22.935  -59.382  7.296 0.3000000119
63780  22.454  -58.134  6.215 0.3000000119
256869  24.873  -57.229  4.820 0.3000000119
43975  16.370  -67.840  1.744 0.6000000238
42628  17.622  -68.770  1.588 0.6000000238
43981  20.556  -68.400  0.429 0.6000000238
43980  20.982  -68.069  0.987 0.6000000238
270143  15.612  -68.895  1.054 0.5000000000
42630  16.004  -68.403  1.426 0.6000000238
46660  15.074  -66.474  1.775 0.6999999881
45325  15.690  -67.182  1.743 0.6999999881
42638  16.453  -69.066  1.196 0.6000000238
45323  17.687  -67.651  2.062 0.6000000238
45322  18.450  -67.771  1.906 0.6000000238
46657  18.894  -67.178  1.970 0.6000000238
304584  20.071  -67.268  1.517 0.6000000238
45332  20.632  -67.923  0.870 0.6000000238
271684  21.594  -67.502  0.897 0.6000000238
46654  23.042  -67.063  1.072 0.6999999881
43986  14.541  -67.728  0.900 0.6000000238
46661  14.012  -66.452  1.673 0.6999999881
42639  14.964  -68.468  1.000 0.5000000000
45327  14.359  -67.041  1.131 0.6999999881
43977  14.946  -67.511  1.158 0.6999999881
46647  16.237  -66.211  2.170 0.6999999881
46646  16.988  -66.294  2.261 0.6999999881
46644  18.395  -66.503  2.312 0.5000000000
46669  20.662  -67.265  1.092 0.6000000238
284841  21.700  -66.720  1.009 0.6000000238
46665  22.927  -66.947  0.930 0.6999999881
270305  23.006  -65.880  0.738 0.6999999881
46663  23.986  -66.812  1.018 0.6999999881
48039  24.746  -66.315  0.407 0.6999999881
46619  32.013  -66.837  2.745 0.4000000060
48019  29.235  -65.997  1.621 0.5000000000
49481  27.824  -65.626  1.071 0.6000000238
48022  27.235  -65.908  1.213 0.6000000238
48030  25.996  -66.119  0.562 0.6999999881
41298  12.998  -69.332  2.568 0.5000000000
42625  12.972  -68.467  2.485 0.5000000000
271558  13.785  -67.935  2.802 0.6000000238
43979  12.680  -67.599  1.155 0.5000000000
45310  13.835  -67.002  2.581 0.6999999881
43965  13.503  -67.300  2.408 0.5000000000
43988  13.206  -67.295  0.947 0.6000000238
49468  14.515  -65.658  2.235 0.6999999881
48028  14.527  -66.030  1.729 0.6999999881
49467  15.395  -65.040  2.287 0.6999999881
48005  18.038  -65.853  2.392 0.6999999881
46655  20.236  -66.753  1.676 0.6000000238
48036  21.418  -66.064  1.170 0.6000000238
276908  22.505  -65.779  0.883 0.6999999881
304357  24.032  -65.870  0.415 0.6999999881
49499  24.895  -65.643  0.212 0.6999999881
49491  26.522  -65.599  0.466 0.6000000238
49497  26.008  -65.353  0.332 0.6000000238
38801  15.195  -71.230  4.476 0.5000000000
37637  14.103  -71.329  3.277 0.4000000060
40001  14.958  -69.797  3.390 0.5000000000
39992  14.762  -70.456  3.514 0.5000000000
41290  13.714  -69.312  2.834 0.5000000000
42609  15.528  -68.886  3.924 0.6000000238
42619  14.474  -68.423  3.090 0.6000000238
46614  14.969  -66.430  3.473 0.6999999881
45309  14.408  -67.274  3.055 0.6000000238
296042  14.403  -66.258  3.076 0.6999999881
255823  15.121  -64.891  2.404 0.6999999881
49465  17.013  -65.085  2.450 0.6999999881
292735  19.015  -65.611  2.260 0.6999999881
48027  19.690  -66.074  1.946 0.6999999881
49483  20.592  -65.374  1.571 0.6999999881
49495  21.562  -65.394  1.124 0.6999999881
50958  22.905  -64.541  0.719 0.8000000119
267909  24.400  -65.066  0.111 0.6999999881
49489  28.518  -65.273  0.114 0.5000000000
50955  26.962  -65.019  0.397 0.6000000238
52469  25.672  -63.872  -0.058 0.6000000238
36346  14.947  -72.271  4.982 0.4000000060
39963  15.955  -70.274  4.650 0.6000000238
39990  15.764  -70.140  4.128 0.6000000238
42601  15.852  -69.222  4.398 0.6000000238
265256  15.762  -68.517  4.519 0.6000000238
46613  15.606  -66.862  3.900 0.6000000238
49452  15.051  -65.260  3.822 0.6999999881
49457  14.853  -65.043  2.759 0.6999999881
50932  16.148  -64.304  2.479 0.6999999881
267970  16.763  -64.591  2.431 0.6999999881
274609  16.998  -64.094  2.411 0.8000000119
49464  17.547  -64.473  2.431 0.8000000119
50948  19.158  -64.345  1.771 0.6000000238
49482  21.099  -64.717  1.319 0.6000000238
52463  23.183  -63.889  0.840 0.8000000119
50964  23.926  -64.588  0.255 0.6999999881
49487  29.605  -65.343  0.399 0.5000000000
50953  28.113  -64.708  0.309 0.6000000238
54030  25.955  -63.359  0.256 0.6999999881
50952  28.714  -64.523  0.347 0.6000000238
37536  16.035  -72.058  6.211 0.5000000000
35018  15.880  -72.989  6.685 0.4000000060
33786  15.588  -73.528  6.602 0.4000000060
38751  16.109  -71.028  5.736 0.5000000000
37573  15.491  -71.659  5.233 0.5000000000
41252  16.055  -69.320  5.517 0.6000000238
43931  15.992  -68.320  5.189 0.6000000238
45283  16.283  -67.488  4.818 0.6000000238
47979  15.478  -65.878  4.107 0.6999999881
52443  15.360  -64.005  2.839 0.8000000119
54004  16.187  -63.140  2.679 0.8000000119
280918  17.996  -63.435  2.229 0.6000000238
255938  19.584  -63.725  1.588 0.6000000238
50945  21.481  -63.678  1.135 0.6999999881
272807  23.047  -63.339  1.285 0.6999999881
296681  25.131  -62.223  0.992 0.6999999881
52460  27.638  -63.894  0.597 0.6000000238
55596  26.615  -62.426  0.938 0.6000000238
55588  26.823  -62.139  1.415 0.6000000238
52459  28.334  -63.768  0.552 0.6000000238
55595  27.226  -62.372  0.996 0.6000000238
303246  16.630  -71.106  7.054 0.5000000000
37535  16.437  -71.863  6.634 0.5000000000
35017  16.350  -72.924  7.133 0.5000000000
33777  16.348  -73.954  7.302 0.5000000000
41205  16.660  -69.700  7.068 0.5000000000
38737  16.496  -70.755  6.268 0.5000000000
43901  16.354  -68.458  6.048 0.6000000238
54002  17.629  -62.946  2.388 0.6999999881
54000  18.961  -62.817  1.989 0.6000000238
54018  20.604  -62.601  1.730 0.6000000238
54017  21.741  -62.560  1.862 0.6000000238
54014  23.253  -63.008  1.849 0.6999999881
53995  23.049  -62.901  2.128 0.6000000238
55575  24.666  -62.659  1.989 0.6000000238
55589  26.243  -62.357  1.333 0.6999999881
52457  29.835  -63.940  0.520 0.5000000000
55570  28.514  -62.214  1.710 0.4000000060
37524  17.010  -71.482  7.728 0.5000000000
36298  17.558  -72.511  8.115 0.5000000000
33765  17.843  -73.800  8.242 0.5000000000
31371  17.838  -74.855  8.349 0.5000000000
297026  17.504  -75.879  8.793 0.5000000000
28710  17.207  -76.517  9.520 0.5000000000
53973  21.065  -62.702  2.521 0.6000000238
52435  22.862  -63.268  2.407 0.6000000238
52416  23.857  -63.843  2.836 0.4000000060
53993  25.070  -62.955  2.484 0.5000000000
261104  26.547  -62.965  3.190 0.4000000060
55548  28.049  -62.517  2.611 0.4000000060
53990  26.849  -62.547  2.809 0.5000000000
37502  17.475  -71.405  8.667 0.6000000238
36289  17.930  -72.542  8.697 0.5000000000
33757  18.178  -73.918  8.841 0.5000000000
32559  18.006  -74.585  9.611 0.5000000000
30041  17.500  -75.581  9.946 0.5000000000
31323  16.768  -75.567  10.446 0.5000000000
30027  15.735  -75.814  10.678 0.4000000060
31324  15.203  -75.294  10.584 0.5000000000
32541  14.297  -74.837  10.031 0.4000000060
33746  14.042  -74.394  9.545 0.4000000060
31353  13.078  -75.472  8.895 0.4000000060
52417  23.180  -64.022  2.922 0.6000000238
50918  24.774  -64.159  3.454 0.4000000060
52413  26.232  -63.486  3.554 0.4000000060
53970  27.114  -62.901  3.298 0.4000000060
36280  18.118  -72.230  9.344 0.5000000000
34963  18.462  -73.240  9.838 0.4000000060
289253  17.973  -74.225  10.500 0.4000000060
31305  17.378  -74.995  10.557 0.5000000000
33683  15.990  -73.959  11.615 0.4000000060
252822  15.334  -74.391  11.002 0.5000000000
34950  14.986  -73.250  11.420 0.4000000060
34951  14.700  -73.180  10.844 0.5000000000
33731  14.835  -74.344  10.652 0.5000000000
36257  13.940  -72.173  10.637 0.3000000119
34975  13.780  -73.270  9.439 0.3000000119
36281  13.236  -72.339  9.436 0.3000000119
50903  25.543  -64.580  4.071 0.4000000060
36268  18.449  -72.112  10.353 0.5000000000
34949  18.377  -73.025  10.956 0.5000000000
33680  18.014  -73.442  11.181 0.4000000060
254542  18.569  -70.945  10.709 0.4000000060
277327  18.444  -71.582  11.327 0.4000000060
36242  18.246  -72.390  11.726 0.4000000060
36225  17.301  -72.238  12.700 0.4000000060
39845  18.778  -70.717  11.056 0.4000000060
38661  18.488  -71.248  11.701 0.4000000060
37445  18.172  -71.661  12.405 0.4000000060
285537  19.622  -70.220  11.834 0.4000000060
38629  17.909  -71.145  13.374 0.4000000060
38619  17.280  -71.010  13.709 0.4000000060
37421  16.209  -71.100  13.547 0.4000000060
39821  18.885  -70.766  12.609 0.4000000060
260816  20.438  -69.940  11.229 0.3000000119
39790  18.359  -70.329  13.888 0.4000000060
41031  17.011  -69.877  13.976 0.4000000060
41032  16.386  -69.686  13.725 0.4000000060
41071  20.920  -69.365  12.078 0.4000000060
283347  15.672  -69.059  13.233 0.4000000060
43771  16.060  -68.068  13.008 0.4000000060
42414  20.757  -69.165  12.525 0.3000000119
42390  20.143  -69.241  13.325 0.4000000060
42365  19.331  -69.058  13.909 0.4000000060
42367  18.184  -69.229  14.256 0.4000000060
42368  17.465  -68.876  13.960 0.4000000060
43748  16.792  -68.540  13.646 0.4000000060
45108  17.519  -67.716  13.452 0.3000000119
55593  20.119  -62.671  1.868 0.6000000238
39936  16.447  -70.147  6.219 0.5000000000
52418  22.483  -63.922  2.785 0.6000000238
52404  25.804  -63.960  3.836 0.4000000060
43983  19.678  -68.345  0.395 0.6000000238
48032  23.887  -66.635  0.653 0.6999999881
49492  23.207  -65.260  0.469 0.6999999881
47997  30.222  -66.247  1.938 0.5000000000
49478  30.003  -65.709  0.932 0.5000000000
48000  28.146  -66.019  2.017 0.5000000000
265453  28.795  -65.740  1.171 0.4000000060
272641  27.440  -65.436  0.607 0.6000000238
301805  14.049  -70.381  2.985 0.5000000000
49463  18.282  -64.641  2.379 0.6999999881
52462  26.662  -64.218  0.399 0.6000000238
43953  15.253  -67.939  3.725 0.6000000238
49484  20.044  -64.893  1.624 0.6999999881
50959  22.325  -64.348  0.913 0.8000000119
52471  24.726  -63.200  0.170 0.6999999881
36333  15.427  -72.813  5.760 0.4000000060
52438  18.909  -63.813  1.746 0.6000000238
50947  20.096  -64.098  1.428 0.6000000238
55599  24.238  -62.298  0.894 0.6999999881
54026  24.413  -62.476  0.467 0.6999999881
50950  29.982  -64.672  0.281 0.5000000000
49477  30.786  -64.999  0.790 0.5000000000
54025  25.043  -62.418  0.421 0.6999999881
280091  26.930  -62.695  0.721 0.6000000238
52456  19.273  -63.230  1.782 0.6999999881
52453  21.363  -62.780  1.417 0.6999999881
54015  22.728  -62.867  2.065 0.6999999881
55574  25.256  -62.529  1.772 0.6000000238
259155  27.982  -63.119  0.757 0.6000000238
55586  28.594  -62.120  1.019 0.6000000238
36312  16.743  -72.611  7.431 0.5000000000
33776  16.814  -73.813  7.551 0.5000000000
32593  17.141  -74.401  7.698 0.4000000060
53998  21.530  -62.551  2.134 0.6000000238
260044  24.597  -63.082  2.469 0.6000000238
30063  13.518  -75.908  9.602 0.3000000119
52415  24.848  -63.603  2.867 0.5000000000
52412  26.801  -63.380  3.705 0.4000000060
32520  16.319  -74.803  11.132 0.5000000000
33733  14.215  -73.650  9.766 0.4000000060
297434  13.502  -73.980  8.891 0.4000000060
41073  20.066  -69.729  12.685 0.4000000060
41052  19.442  -69.751  13.555 0.4000000060
255090  31.386  -72.871  -1.517 0.3000000119
260416  32.387  -72.464  -1.352 0.3000000119
284989  29.072  -69.831  5.852 0.4000000060
283301  30.948  -70.362  5.805 0.4000000060
38767  30.343  -71.357  5.634 0.4000000060
37564  30.623  -71.679  5.131 0.4000000060
42582  29.101  -68.483  5.371 0.4000000060
43894  27.850  -68.505  5.511 0.4000000060
43924  27.543  -68.128  5.287 0.4000000060
45276  26.604  -67.484  4.721 0.5000000000
45259  25.502  -68.077  4.965 0.5000000000
45279  25.066  -67.639  4.549 0.5000000000
42549  31.311  -69.286  5.686 0.4000000060
42551  30.012  -69.324  5.531 0.5000000000
42553  28.198  -68.933  5.517 0.5000000000
271426  23.885  -68.336  4.663 0.5000000000
41221  31.645  -69.703  5.756 0.5000000000
39931  30.458  -70.318  5.941 0.5000000000
39929  32.000  -70.138  5.660 0.5000000000
38765  31.520  -71.134  5.261 0.4000000060
38764  32.184  -71.042  5.163 0.4000000060
37588  31.473  -72.096  4.636 0.4000000060
36356  31.697  -72.325  4.216 0.4000000060
36399  31.834  -72.525  3.163 0.3000000119
252419  31.563  -72.724  2.093 0.4000000060
45272  30.829  -67.779  4.208 0.4000000060
45274  29.246  -67.387  4.534 0.4000000060
289806  28.533  -66.860  4.178 0.4000000060
43937  31.086  -67.984  4.749 0.4000000060
43920  30.188  -68.368  5.047 0.4000000060
45254  29.456  -67.809  4.847 0.4000000060
46573  28.085  -67.275  4.817 0.4000000060
274184  27.454  -66.842  4.494 0.5000000000
46588  26.454  -66.898  4.373 0.5000000000
43918  31.468  -68.347  5.203 0.4000000060
42580  30.418  -68.833  5.324 0.4000000060
42552  29.282  -69.209  5.581 0.4000000060
47978  26.521  -66.475  3.885 0.5000000000
46609  25.583  -66.832  3.767 0.5000000000
45296  24.705  -67.259  4.161 0.5000000000
45306  24.054  -67.250  3.253 0.6000000238
46629  24.061  -67.118  2.732 0.6000000238
45299  22.952  -67.898  3.417 0.6000000238
48025  25.059  -66.655  0.955 0.6000000238
274836  24.558  -66.762  1.893 0.6000000238
45308  23.034  -67.729  2.787 0.5000000000
37561  32.407  -71.574  4.822 0.4000000060
45330  22.043  -67.466  0.959 0.5000000000
36377  32.263  -72.296  3.821 0.4000000060
36398  32.437  -72.418  3.039 0.4000000060
36420  32.020  -72.576  2.585 0.4000000060
46623  29.200  -66.598  3.196 0.4000000060
46624  28.503  -66.348  3.307 0.5000000000
47977  27.088  -66.313  3.555 0.5000000000
48002  27.018  -66.171  2.310 0.5000000000
46627  25.094  -66.831  3.193 0.5000000000
48023  26.679  -66.257  1.611 0.5000000000
46640  24.887  -66.705  2.413 0.6000000238
252312  26.101  -66.432  1.066 0.6000000238
46650  25.433  -66.477  2.064 0.6000000238
35199  31.078  -73.269  -1.788 0.3000000119
35164  32.989  -72.105  -1.578 0.3000000119
36465  34.101  -72.180  0.410 0.3000000119
45292  31.752  -67.415  4.125 0.4000000060
45293  31.185  -67.429  3.840 0.4000000060
252999  30.460  -67.053  3.279 0.4000000060
46604  29.298  -66.899  3.694 0.4000000060
47985  29.419  -66.351  2.619 0.4000000060
48001  27.602  -66.082  2.235 0.5000000000
293591  28.559  -66.123  2.311 0.4000000060
252473  27.238  -66.078  1.818 0.5000000000
45311  23.235  -67.326  2.159 0.6000000238
45313  22.296  -67.873  1.914 0.5000000000
46622  30.231  -66.798  2.808 0.4000000060
45256  28.386  -67.652  5.013 0.4000000060
43949  23.213  -68.065  3.878 0.5000000000
37695  33.935  -72.110  1.198 0.3000000119
300124  30.192  -67.248  3.728 0.4000000060
46606  27.606  -66.603  3.978 0.5000000000
46625  26.085  -66.521  3.542 0.5000000000
48003  25.840  -66.385  2.510 0.6000000238
58320  23.800  -60.955  7.624 0.3000000119
28691  17.054  -76.420  10.066 0.5000000000
28711  16.870  -76.925  9.855 0.5000000000
30026  16.297  -75.704  10.658 0.4000000060
30042  17.122  -75.887  10.177 0.5000000000
30043  16.701  -76.095  10.434 0.5000000000
30044  15.101  -75.886  10.526 0.5000000000
30061  17.402  -76.076  9.756 0.5000000000
30062  14.021  -75.911  9.940 0.3000000119
30064  13.095  -75.891  9.204 0.4000000060
30080  17.660  -75.612  9.294 0.5000000000
30081  17.417  -76.103  9.240 0.5000000000
31306  16.856  -75.116  10.527 0.5000000000
31307  16.425  -75.251  10.702 0.5000000000
31308  15.832  -75.255  10.802 0.4000000060
31321  17.554  -75.180  10.169 0.5000000000
31322  17.204  -75.396  10.293 0.5000000000
31325  14.636  -75.327  10.301 0.5000000000
31335  17.767  -75.121  9.729 0.5000000000
31336  14.207  -75.384  9.957 0.4000000060
31337  13.816  -75.403  9.594 0.3000000119
31338  13.400  -75.406  9.242 0.4000000060
31352  17.720  -75.394  8.538 0.5000000000
31372  17.431  -75.030  7.952 0.4000000060
31392  16.932  -74.825  7.555 0.4000000060
32518  17.561  -74.522  10.769 0.5000000000
32519  16.944  -74.737  10.919 0.5000000000
32521  15.782  -74.818  10.991 0.5000000000
32522  15.280  -74.822  10.688 0.5000000000
32539  17.792  -74.708  10.220 0.4000000060
32540  14.761  -74.815  10.380 0.5000000000
32560  13.977  -74.971  9.701 0.4000000060
32561  13.695  -74.906  9.305 0.4000000060
32572  18.075  -74.382  9.096 0.5000000000
32573  13.622  -74.369  9.010 0.4000000060
32574  13.256  -74.914  8.831 0.4000000060
32583  17.956  -74.386  8.555 0.5000000000
32584  17.660  -74.427  8.058 0.5000000000
32594  16.612  -74.364  7.410 0.5000000000
32595  16.144  -74.372  7.116 0.5000000000
32609  15.665  -74.309  6.595 0.4000000060
33681  17.431  -73.766  11.485 0.4000000060
33684  15.362  -73.663  11.597 0.4000000060
33706  18.348  -73.649  10.499 0.5000000000
33707  17.798  -73.980  10.933 0.4000000060
33708  17.167  -74.193  11.135 0.5000000000
33709  16.509  -74.322  11.273 0.5000000000
33710  15.876  -74.418  11.269 0.4000000060
33711  14.978  -73.834  11.080 0.4000000060
33712  14.559  -73.727  10.446 0.4000000060
33729  18.355  -73.760  9.824 0.4000000060
33730  18.129  -74.177  10.035 0.4000000060
33732  14.437  -74.277  10.114 0.4000000060
33744  18.428  -73.548  9.270 0.5000000000
33745  18.211  -74.074  9.451 0.5000000000
33756  18.206  -73.311  8.686 0.5000000000
33758  13.157  -74.175  8.654 0.4000000060
33766  17.373  -73.981  7.847 0.5000000000
33778  16.002  -73.827  7.023 0.4000000060
34932  18.144  -72.907  11.469 0.4000000060
34933  17.660  -73.237  11.723 0.4000000060
34935  16.321  -73.438  11.860 0.4000000060
34936  15.765  -73.439  11.815 0.4000000060
34937  15.336  -73.188  11.858 0.4000000060
34964  14.320  -73.131  10.304 0.4000000060
34965  13.992  -73.073  9.857 0.3000000119
34974  18.316  -72.917  9.246 0.5000000000
34982  13.393  -72.954  9.117 0.3000000119
34990  17.757  -73.096  8.203 0.5000000000
34991  17.316  -72.953  7.876 0.5000000000
35002  16.823  -73.121  7.566 0.5000000000
35003  16.338  -73.500  7.316 0.5000000000
35004  16.018  -73.365  6.978 0.5000000000
35030  15.539  -73.056  6.311 0.4000000060
35165  31.705  -72.689  -1.170 0.3000000119
35181  32.035  -72.794  -1.563 0.3000000119
36224  17.965  -72.204  12.279 0.4000000060
36254  18.449  -72.046  10.997 0.4000000060
36255  14.774  -72.726  11.215 0.5000000000
36256  14.413  -72.566  10.776 0.3000000119
36269  18.192  -71.986  9.820 0.5000000000
36279  18.387  -72.564  9.822 0.5000000000
36299  17.104  -72.558  7.738 0.5000000000
36313  16.594  -72.275  7.082 0.5000000000
36323  16.196  -72.464  6.660 0.5000000000
36324  15.754  -72.596  6.272 0.4000000060
36363  14.751  -72.089  4.676 0.4000000060
36400  31.225  -72.551  3.135 0.3000000119
36419  32.508  -72.446  2.505 0.4000000060
36466  33.529  -72.173  0.752 0.3000000119
37420  16.784  -71.305  13.505 0.4000000060
37427  17.660  -71.493  13.095 0.4000000060
37428  17.082  -71.765  13.131 0.4000000060
37446  17.748  -71.818  12.760 0.4000000060
37459  18.386  -71.801  11.915 0.4000000060
37477  18.432  -71.413  10.685 0.4000000060
37489  17.999  -71.673  9.538 0.6000000238
37501  17.801  -71.702  9.008 0.6000000238
37512  17.586  -71.950  8.432 0.6000000238
37513  17.240  -71.450  8.267 0.5000000000
37525  16.710  -71.568  7.155 0.5000000000
37548  16.273  -71.447  6.190 0.5000000000
37549  15.768  -71.676  5.724 0.5000000000
37550  15.321  -72.160  5.397 0.4000000060
37560  32.896  -71.619  4.725 0.4000000060
37562  31.806  -71.560  4.908 0.4000000060
37563  31.208  -71.622  5.011 0.4000000060
37574  15.120  -71.784  4.877 0.4000000060
37587  32.061  -71.987  4.484 0.4000000060
38618  17.835  -70.730  13.896 0.4000000060
38620  16.665  -70.816  13.744 0.4000000060
38621  16.198  -70.628  13.650 0.4000000060
38628  18.467  -70.989  12.987 0.4000000060
38630  17.327  -71.341  13.359 0.4000000060
38646  18.448  -71.185  12.300 0.4000000060
38647  18.125  -71.398  12.826 0.4000000060
38669  18.567  -71.080  11.185 0.4000000060
38678  18.375  -70.937  10.264 0.4000000060
38691  17.987  -70.705  9.827 0.5000000000
38702  17.513  -70.963  9.057 0.6000000238
38703  17.238  -70.864  8.606 0.6000000238
38716  17.008  -70.846  8.078 0.5000000000
38726  16.736  -70.860  7.462 0.5000000000
38727  16.536  -71.256  6.687 0.5000000000
38746  30.659  -70.819  5.738 0.4000000060
38766  30.934  -71.250  5.425 0.4000000060
38780  15.769  -71.231  5.266 0.5000000000
38781  15.495  -71.394  4.899 0.5000000000
38800  15.717  -70.931  4.766 0.6000000238
38822  15.038  -70.843  3.964 0.5000000000
38823  14.568  -71.050  3.664 0.5000000000
38841  14.292  -70.672  3.245 0.5000000000
38842  13.852  -70.738  2.940 0.4000000060
39791  17.161  -70.503  13.989 0.4000000060
39792  16.547  -70.277  13.799 0.4000000060
39793  15.998  -70.174  13.575 0.4000000060
39803  19.212  -70.348  13.058 0.4000000060
39804  18.776  -70.615  13.311 0.4000000060
39805  18.339  -70.805  13.529 0.4000000060
39819  19.735  -70.076  12.291 0.4000000060
39820  19.317  -70.432  12.270 0.4000000060
39832  19.772  -70.215  11.210 0.3000000119
39833  19.197  -70.473  11.491 0.4000000060
39834  18.786  -70.815  11.798 0.4000000060
39844  19.162  -70.477  10.801 0.5000000000
39857  19.674  -70.172  9.837 0.5000000000
39859  18.674  -70.671  10.492 0.4000000060
39876  19.163  -70.204  9.592 0.5000000000
39891  17.395  -70.341  8.951 0.6000000238
39902  17.449  -69.828  8.712 0.6000000238
39911  16.636  -70.152  7.318 0.5000000000
39921  16.539  -70.161  6.736 0.5000000000
39930  31.428  -70.216  5.741 0.4000000060
39934  28.549  -69.934  5.745 0.4000000060
39937  16.254  -70.396  5.769 0.5000000000
39951  31.764  -70.625  5.469 0.4000000060
39952  31.205  -70.721  5.549 0.4000000060
39962  16.251  -69.755  5.913 0.5000000000
39978  15.526  -70.639  4.278 0.6000000238
39991  15.298  -70.273  3.830 0.6000000238
40002  14.315  -70.002  3.048 0.5000000000
41028  18.917  -69.474  14.079 0.4000000060
41029  18.521  -69.809  14.089 0.4000000060
41030  18.051  -69.792  14.147 0.4000000060
41033  15.814  -69.579  13.413 0.4000000060
41051  19.849  -69.637  13.249 0.4000000060
41053  18.945  -70.119  13.726 0.4000000060
41054  15.262  -69.427  12.998 0.4000000060
41072  20.490  -69.565  12.279 0.4000000060
41074  19.631  -70.042  12.856 0.4000000060
41093  20.713  -69.640  11.725 0.4000000060
41094  20.145  -69.980  11.910 0.4000000060
41110  21.658  -69.425  11.050 0.4000000060
41111  21.323  -69.577  10.575 0.4000000060
41113  20.178  -70.092  10.729 0.5000000000
41129  21.871  -69.419  10.518 0.4000000060
41130  21.126  -69.676  10.067 0.4000000060
41132  20.204  -70.013  10.167 0.5000000000
41146  21.482  -69.452  9.699 0.4000000060
41147  20.969  -69.719  9.528 0.5000000000
41148  20.270  -69.868  9.506 0.5000000000
41150  18.917  -69.925  9.220 0.5000000000
41167  20.732  -69.639  8.984 0.5000000000
41168  20.057  -69.747  8.863 0.5000000000
41170  18.692  -69.739  8.751 0.5000000000
41171  18.049  -69.785  8.727 0.5000000000
41183  19.815  -69.553  8.323 0.5000000000
41184  19.141  -69.599  8.248 0.5000000000
41186  17.758  -69.581  8.267 0.5000000000
41187  17.216  -69.661  8.190 0.6000000238
41201  18.930  -69.469  7.682 0.5000000000
41202  18.232  -69.480  7.682 0.5000000000
41204  16.973  -69.543  7.558 0.6999999881
41214  16.900  -69.275  6.983 0.6999999881
41215  16.526  -69.576  6.528 0.5000000000
41222  30.973  -69.847  5.872 0.5000000000
41223  30.279  -69.829  5.888 0.5000000000
41224  29.640  -69.798  5.878 0.5000000000
41225  28.634  -69.394  5.579 0.5000000000
41231  16.333  -69.073  6.107 0.6000000238
41253  16.045  -69.595  4.847 0.6000000238
41269  15.939  -69.794  4.316 0.6000000238
41280  15.560  -69.623  3.857 0.6000000238
41281  15.087  -69.089  3.384 0.6000000238
41289  14.458  -69.221  3.030 0.5000000000
41310  15.457  -69.513  0.661 0.5000000000
42366  18.691  -68.769  14.097 0.4000000060
42369  16.210  -69.006  13.532 0.4000000060
42388  21.141  -68.858  12.817 0.3000000119
42389  20.547  -68.930  13.092 0.4000000060
42391  19.759  -69.310  13.597 0.4000000060
42392  16.253  -68.440  13.383 0.4000000060
42393  15.822  -68.569  13.200 0.4000000060
42411  22.447  -68.879  11.798 0.4000000060
42413  21.297  -69.095  12.286 0.4000000060
42415  20.412  -69.352  12.807 0.3000000119
42435  22.458  -68.995  11.310 0.4000000060
42436  22.032  -69.163  11.473 0.4000000060
42450  22.577  -68.838  10.858 0.4000000060
42463  22.643  -68.663  10.286 0.4000000060
42464  22.311  -69.080  10.404 0.4000000060
42480  22.585  -68.533  9.816 0.4000000060
42482  21.926  -69.071  9.382 0.4000000060
42499  22.063  -68.686  8.999 0.4000000060
42501  21.082  -69.230  8.600 0.4000000060
42514  20.248  -69.221  7.908 0.5000000000
42524  21.117  -68.536  7.760 0.4000000060
42525  20.621  -68.814  7.558 0.4000000060
42528  18.671  -69.187  7.118 0.4000000060
42529  17.932  -69.200  7.235 0.4000000060
42538  19.875  -68.747  6.801 0.4000000060
42541  17.730  -68.859  6.838 0.6999999881
42542  17.191  -68.847  6.767 0.6999999881
42550  30.686  -69.333  5.652 0.4000000060
42558  18.235  -68.650  6.374 0.6000000238
42560  16.846  -68.529  6.392 0.6999999881
42579  31.046  -68.830  5.438 0.4000000060
42581  29.771  -68.726  5.341 0.4000000060
42588  16.058  -68.663  5.669 0.6000000238
42589  15.942  -68.924  5.056 0.6000000238
42610  15.138  -68.444  3.534 0.6000000238
42620  13.765  -68.543  2.846 0.6000000238
42626  12.370  -68.033  1.751 0.5000000000
42629  16.825  -68.628  1.578 0.6000000238
42640  14.443  -68.339  0.710 0.5000000000
42644  20.469  -68.684  -0.007 0.6000000238
43747  17.442  -68.262  13.706 0.3000000119
43763  22.603  -68.083  12.615 0.4000000060
43768  19.723  -68.784  13.716 0.4000000060
43770  16.521  -68.139  13.274 0.4000000060
43772  15.624  -68.298  12.823 0.4000000060
43784  22.701  -68.412  11.981 0.4000000060
43785  22.396  -68.709  12.387 0.4000000060
43819  22.786  -68.222  10.796 0.4000000060
43845  22.485  -68.126  9.549 0.4000000060
43846  22.196  -68.219  9.072 0.4000000060
43856  21.843  -68.355  8.579 0.4000000060
43857  21.393  -68.751  8.260 0.4000000060
43876  20.733  -67.968  7.056 0.3000000119
43877  20.437  -68.548  7.068 0.5000000000
43893  28.452  -68.473  5.455 0.4000000060
43898  19.269  -68.001  5.888 0.4000000060
43899  18.562  -68.234  5.904 0.4000000060
43919  30.792  -68.392  5.081 0.4000000060
43921  29.616  -68.216  5.131 0.4000000060
43922  28.711  -68.027  5.291 0.4000000060
43923  28.120  -68.101  5.250 0.4000000060
43928  17.653  -67.776  5.587 0.6999999881
43929  16.928  -67.831  5.723 0.6999999881
43930  16.313  -68.101  5.675 0.6999999881
43938  30.528  -68.021  4.691 0.4000000060
43939  30.006  -67.957  4.767 0.4000000060
43943  16.200  -67.896  5.185 0.6000000238
43944  15.936  -67.924  4.750 0.6000000238
43952  15.643  -67.953  4.207 0.6000000238
43960  14.791  -67.883  3.223 0.6000000238
43961  14.113  -67.645  2.917 0.6000000238
43966  13.198  -67.756  2.430 0.5000000000
43967  12.774  -67.677  1.870 0.5000000000
43971  19.704  -67.958  0.930 0.6000000238
43973  18.026  -68.199  1.704 0.6000000238
43974  17.245  -68.116  1.835 0.6000000238
43976  15.511  -67.719  1.510 0.6999999881
43978  13.214  -67.172  1.570 0.6000000238
43982  20.207  -68.143  0.488 0.6000000238
43985  15.263  -68.128  1.188 0.5000000000
43987  13.778  -67.660  0.698 0.6000000238
43990  20.243  -68.451  -0.015 0.6000000238
45107  18.167  -67.595  13.501 0.3000000119
45179  22.745  -67.583  10.409 0.4000000060
45191  22.289  -67.566  9.223 0.4000000060
45211  21.787  -67.715  8.350 0.4000000060
45227  20.578  -67.411  6.743 0.3000000119
45228  20.199  -67.394  6.279 0.4000000060
45238  19.717  -67.346  5.948 0.4000000060
45240  18.750  -67.763  5.529 0.4000000060
45255  28.939  -67.651  4.971 0.4000000060
45257  27.816  -67.687  5.002 0.4000000060
45258  26.119  -67.831  4.808 0.5000000000
45260  18.822  -67.267  5.324 0.4000000060
45261  18.264  -67.466  5.273 0.5000000000
45262  17.218  -67.526  5.212 0.6000000238
45273  30.251  -67.636  4.214 0.4000000060
45275  28.625  -67.160  4.669 0.4000000060
45277  26.123  -67.314  4.547 0.5000000000
45278  25.648  -67.483  4.567 0.5000000000
45280  23.747  -67.914  4.133 0.5000000000
45281  17.421  -67.144  4.847 0.6000000238
45282  16.864  -67.319  4.855 0.6999999881
45284  15.879  -67.455  4.345 0.6000000238
45294  30.664  -67.395  3.747 0.4000000060
45295  29.674  -67.200  4.051 0.4000000060
45297  24.132  -67.444  3.879 0.5000000000
45298  23.489  -67.598  3.492 0.6000000238
45300  15.452  -67.447  3.833 0.6000000238
45301  15.027  -67.415  3.324 0.6000000238
45307  23.635  -67.397  2.785 0.6000000238
45312  22.716  -67.586  2.056 0.5000000000
45314  18.081  -67.124  2.239 0.6000000238
45315  17.353  -66.994  2.237 0.6000000238
45316  13.668  -66.808  1.891 0.6999999881
45317  22.919  -67.322  1.429 0.6999999881
45318  22.030  -67.754  1.390 0.5000000000
45319  21.584  -67.844  1.102 0.6000000238
45320  20.188  -67.682  0.988 0.6000000238
45324  16.957  -67.456  1.991 0.6000000238
45326  14.981  -67.010  1.346 0.6999999881
45328  13.727  -66.679  1.353 0.6999999881
45329  22.624  -67.262  0.960 0.6999999881
45331  21.142  -67.633  0.922 0.6000000238
45333  13.741  -67.182  1.068 0.6000000238
46469  22.898  -66.843  11.916 0.3000000119
46481  22.846  -66.937  11.270 0.3000000119
46505  22.590  -67.026  10.081 0.4000000060
46519  22.084  -66.886  9.202 0.4000000060
46531  21.554  -66.420  8.283 0.3000000119
46547  21.335  -66.580  7.869 0.3000000119
46548  21.066  -66.723  7.405 0.3000000119
46554  20.728  -66.802  6.989 0.3000000119
46565  19.572  -66.701  5.759 0.3000000119
46574  27.589  -67.116  4.885 0.4000000060
46575  19.096  -66.751  5.419 0.4000000060
46577  17.969  -66.894  4.989 0.6000000238
46585  29.007  -66.980  4.157 0.4000000060
46586  28.012  -66.928  4.418 0.4000000060
46587  27.068  -67.023  4.733 0.5000000000
46589  25.838  -66.999  4.299 0.5000000000
46590  25.277  -67.115  4.260 0.5000000000
46591  17.556  -66.683  4.705 0.6000000238
46594  16.129  -66.986  4.399 0.6000000238
46602  31.606  -67.114  3.381 0.4000000060
46603  31.019  -67.083  3.305 0.4000000060
46605  28.213  -66.628  3.826 0.5000000000
46607  27.020  -66.671  4.191 0.5000000000
46608  26.094  -66.746  3.984 0.5000000000
46610  25.032  -66.995  3.826 0.5000000000
46611  24.564  -67.084  3.571 0.6000000238
46612  15.943  -66.435  4.074 0.6000000238
46626  25.692  -66.593  3.117 0.5000000000
46628  24.476  -66.932  2.946 0.6000000238
46630  14.596  -66.808  3.168 0.6000000238
46631  14.169  -66.328  2.634 0.6999999881
46638  29.983  -66.474  2.435 0.4000000060
46639  25.382  -66.569  2.670 0.6000000238
46641  24.297  -66.877  2.356 0.6000000238
46642  23.772  -67.049  2.240 0.6000000238
46643  19.043  -66.388  2.206 0.6999999881
46645  17.700  -66.418  2.307 0.6999999881
46648  15.563  -66.172  2.098 0.6999999881
46649  13.986  -66.553  2.185 0.6999999881
46651  25.008  -66.648  1.634 0.6000000238
46652  24.090  -66.865  1.712 0.6000000238
46653  23.477  -67.032  1.461 0.6000000238
46656  19.609  -66.916  1.871 0.6000000238
46658  16.656  -66.826  2.111 0.6999999881
46659  15.923  -66.704  2.019 0.6999999881
46662  24.543  -66.787  1.248 0.6000000238
46664  23.437  -66.848  0.951 0.6999999881
46666  22.307  -67.008  0.816 0.6999999881
46667  21.794  -67.242  0.836 0.6000000238
46668  20.833  -66.657  1.413 0.6000000238
47898  21.788  -65.838  9.712 0.4000000060
47899  21.336  -65.652  9.210 0.4000000060
47910  21.730  -66.272  9.252 0.4000000060
47920  20.609  -65.764  7.700 0.3000000119
47930  21.015  -66.254  7.653 0.4000000060
47932  20.325  -65.851  7.115 0.3000000119
47937  20.506  -66.337  6.860 0.3000000119
47948  19.737  -66.055  6.056 0.3000000119
47958  18.833  -66.198  5.353 0.5000000000
47959  18.359  -66.253  5.074 0.5000000000
47968  17.363  -66.208  4.589 0.6999999881
47969  16.790  -66.101  4.451 0.6999999881
47970  16.228  -65.972  4.121 0.6999999881
47976  27.830  -66.259  3.414 0.5000000000
47980  14.907  -65.835  3.743 0.6999999881
47981  14.498  -65.587  2.913 0.6999999881
47986  28.814  -66.247  2.764 0.4000000060
47987  28.128  -66.124  2.740 0.5000000000
47988  27.414  -66.145  2.894 0.5000000000
47989  26.782  -66.250  2.930 0.5000000000
47990  26.212  -66.370  2.985 0.5000000000
47991  14.519  -65.852  3.255 0.6999999881
47992  14.317  -66.022  2.685 0.6999999881
47998  29.635  -66.195  2.068 0.5000000000
47999  29.061  -66.164  2.217 0.4000000060
48004  18.423  -65.336  2.366 0.6999999881
48006  17.349  -65.726  2.354 0.6999999881
48007  15.685  -65.579  2.210 0.6999999881
48008  14.658  -65.691  1.884 0.6999999881
48009  14.497  -65.909  1.893 0.6999999881
48010  14.250  -66.237  2.035 0.6999999881
48018  29.821  -65.985  1.495 0.5000000000
48020  28.245  -65.761  1.440 0.5000000000
48021  27.708  -65.929  1.643 0.5000000000
48024  25.562  -66.574  1.286 0.6000000238
48026  20.402  -66.102  1.699 0.6000000238
48029  26.618  -66.068  0.917 0.6000000238
48031  24.516  -66.697  0.632 0.6999999881
48033  23.314  -66.568  0.755 0.6999999881
48034  22.719  -66.438  0.847 0.6999999881
48035  22.045  -66.103  0.984 0.6000000238
48037  20.947  -66.060  1.464 0.6000000238
48038  25.317  -66.214  0.484 0.6999999881
48040  24.226  -66.349  0.418 0.6999999881
48041  23.656  -66.024  0.524 0.6999999881
49311  22.349  -65.452  10.465 0.4000000060
49312  21.919  -65.405  10.059 0.4000000060
49313  21.749  -64.986  9.937 0.4000000060
49342  20.704  -65.194  8.842 0.3000000119
49357  21.124  -65.604  8.645 0.3000000119
49358  20.702  -65.459  8.281 0.4000000060
49359  20.369  -65.244  7.924 0.4000000060
49381  26.378  -65.233  6.516 0.5000000000
49383  25.083  -65.218  6.484 0.5000000000
49385  23.837  -65.024  6.467 0.5000000000
49386  19.866  -65.432  6.894 0.3000000119
49387  19.369  -65.033  6.607 0.4000000060
49398  26.080  -65.319  6.090 0.5000000000
49399  25.601  -65.330  5.965 0.5000000000
49400  25.087  -65.363  5.765 0.5000000000
49401  24.185  -65.295  6.055 0.5000000000
49402  23.015  -65.194  5.850 0.5000000000
49404  19.328  -65.453  6.063 0.4000000060
49414  26.564  -65.245  5.857 0.5000000000
49416  25.534  -65.310  5.340 0.5000000000
49418  24.416  -65.387  4.992 0.5000000000
49420  22.926  -65.270  5.319 0.5000000000
49421  18.914  -65.582  5.621 0.5000000000
49422  18.537  -65.066  5.283 0.6000000238
49423  18.238  -65.534  4.841 0.6000000238
49433  25.957  -65.089  4.995 0.5000000000
49435  24.843  -65.264  4.593 0.5000000000
49437  23.191  -65.321  4.851 0.5000000000
49438  22.598  -65.199  4.974 0.5000000000
49439  17.594  -65.133  4.753 0.6999999881
49440  16.884  -64.989  4.436 0.8000000119
49441  16.533  -65.486  4.257 0.8000000119
49448  25.237  -65.052  4.257 0.5000000000
49449  24.664  -65.000  4.157 0.5000000000
49450  24.151  -64.917  4.080 0.6000000238
49451  15.781  -65.361  4.127 0.6999999881
49453  14.618  -65.296  3.347 0.6999999881
49462  18.832  -64.864  2.164 0.6000000238
49466  16.139  -64.975  2.400 0.6999999881
49479  29.382  -65.764  0.978 0.5000000000
49480  28.369  -65.526  0.789 0.5000000000
49485  19.471  -65.107  1.905 0.6999999881
49486  30.282  -65.160  0.597 0.5000000000
49488  28.936  -65.496  0.469 0.5000000000
49490  27.924  -65.249  0.467 0.5000000000
49493  22.644  -65.184  0.701 0.6999999881
49494  22.103  -65.253  0.908 0.6999999881
49496  21.116  -65.534  1.374 0.6999999881
49498  25.493  -65.487  0.239 0.6999999881
49500  24.370  -65.788  0.303 0.6999999881
50766  22.636  -64.993  10.482 0.3000000119
50780  22.392  -64.548  10.106 0.4000000060
50781  21.850  -64.591  9.909 0.3000000119
50795  20.799  -64.559  9.218 0.3000000119
50806  20.563  -64.691  8.768 0.4000000060
50819  20.139  -64.732  7.811 0.4000000060
50827  27.765  -64.687  7.191 0.4000000060
50830  25.736  -64.598  7.357 0.5000000000
50831  25.071  -64.540  7.294 0.4000000060
50833  19.774  -64.421  7.541 0.4000000060
50834  19.436  -64.250  7.280 0.4000000060
50841  27.986  -64.735  6.740 0.5000000000
50843  26.758  -65.019  6.973 0.4000000060
50844  26.076  -65.010  7.031 0.5000000000
50846  24.734  -64.901  7.002 0.5000000000
50847  24.146  -64.736  6.801 0.5000000000
50859  26.998  -65.097  6.335 0.5000000000
50860  22.729  -64.673  6.031 0.6000000238
50861  18.809  -64.602  6.478 0.4000000060
50872  27.159  -64.933  5.567 0.5000000000
50874  22.494  -65.091  5.553 0.6000000238
50876  21.347  -64.499  4.883 0.6000000238
50877  18.478  -64.410  5.941 0.6000000238
50888  26.366  -64.794  4.695 0.5000000000
50889  25.790  -64.903  4.471 0.4000000060
50890  22.894  -65.114  4.500 0.5000000000
50892  21.699  -64.709  4.399 0.6000000238
50895  16.491  -64.316  4.459 0.8000000119
50904  24.997  -64.645  3.904 0.4000000060
50906  23.536  -65.024  4.254 0.6000000238
50908  22.188  -64.695  3.853 0.6000000238
50911  15.414  -64.831  3.998 0.8000000119
50912  14.686  -64.570  3.476 0.6999999881
50917  25.284  -64.242  3.739 0.4000000060
50919  24.171  -64.267  3.358 0.6000000238
50921  22.667  -64.527  3.324 0.6999999881
50922  22.051  -64.326  3.232 0.6999999881
50924  14.851  -64.378  3.116 0.6999999881
50931  18.725  -64.258  2.129 0.6000000238
50933  15.393  -64.307  2.372 0.6999999881
50934  15.044  -64.424  2.678 0.8000000119
50946  20.779  -63.647  1.205 0.6000000238
50949  30.498  -64.302  0.637 0.5000000000
50951  29.374  -64.571  0.283 0.6000000238
50954  27.538  -64.800  0.415 0.6000000238
50956  23.709  -63.756  0.487 0.6999999881
50957  23.443  -64.579  0.480 0.8000000119
50960  21.726  -64.562  1.054 0.8000000119
50961  26.340  -64.839  0.284 0.6000000238
50962  25.690  -64.626  -0.011 0.6000000238
50963  25.007  -64.832  -0.049 0.6999999881
50965  23.861  -65.310  0.379 0.6999999881
52267  22.680  -63.996  10.035 0.3000000119
52269  21.566  -64.218  9.706 0.4000000060
52282  21.567  -63.627  9.596 0.4000000060
52283  21.159  -64.119  9.433 0.5000000000
52297  20.613  -64.137  8.763 0.4000000060
52331  26.077  -63.948  7.615 0.4000000060
52333  24.821  -63.841  7.223 0.5000000000
52335  23.802  -63.628  6.883 0.6000000238
52336  20.257  -63.771  7.808 0.4000000060
52350  23.895  -64.219  6.862 0.5000000000
52352  22.757  -64.072  6.265 0.6000000238
52353  21.654  -63.528  6.164 0.5000000000
52355  18.886  -64.006  6.600 0.5000000000
52369  20.934  -63.379  5.519 0.6000000238
52370  18.546  -63.802  6.144 0.5000000000
52382  21.659  -64.307  5.383 0.6000000238
52384  20.638  -63.705  5.022 0.6000000238
52385  18.122  -63.830  5.636 0.5000000000
52397  20.590  -63.830  4.400 0.6000000238
52398  16.914  -63.777  4.611 0.6999999881
52405  21.097  -64.054  3.384 0.6999999881
52406  20.621  -63.836  3.671 0.6999999881
52407  15.974  -63.222  4.025 0.8000000119
52408  15.344  -63.884  3.702 0.8999999762
52414  25.315  -63.822  3.382 0.5000000000
52419  21.909  -63.758  2.748 0.6000000238
52420  21.373  -63.430  2.778 0.6000000238
52422  15.354  -63.895  3.052 0.8000000119
52423  14.910  -63.885  3.177 0.8999999762
52433  24.291  -63.478  2.622 0.4000000060
52434  23.409  -63.329  2.464 0.4000000060
52436  22.307  -63.164  2.369 0.6000000238
52437  21.843  -63.057  2.398 0.6000000238
52439  18.283  -63.947  2.225 0.6000000238
52440  17.653  -63.901  2.360 0.6000000238
52441  16.545  -63.666  2.504 0.8000000119
52442  15.900  -63.873  2.736 0.8000000119
52454  20.855  -62.782  1.387 0.6999999881
52455  20.258  -63.194  1.310 0.6000000238
52458  29.090  -63.562  0.551 0.5000000000
52461  26.947  -63.458  0.552 0.6000000238
52464  22.767  -63.735  1.069 0.8000000119
52465  22.387  -63.218  1.317 0.6999999881
52466  21.907  -62.886  1.479 0.6999999881
52467  26.420  -63.545  0.328 0.6000000238
52468  26.141  -64.076  0.133 0.6000000238
52470  25.163  -63.989  -0.154 0.6999999881
53825  22.215  -63.392  9.823 0.3000000119
53839  21.738  -63.047  9.592 0.3000000119
53841  21.119  -63.574  9.197 0.4000000060
53857  20.828  -63.621  8.756 0.4000000060
53874  21.252  -62.907  8.199 0.4000000060
53875  20.538  -63.705  8.297 0.4000000060
53890  25.337  -62.901  7.502 0.4000000060
53891  24.851  -63.128  7.296 0.5000000000
53892  24.305  -63.274  7.082 0.6000000238
53894  22.685  -63.303  7.221 0.5000000000
53896  21.271  -63.045  7.354 0.4000000060
53908  23.250  -63.495  6.970 0.6000000238
53911  21.130  -63.029  6.783 0.5000000000
53913  19.771  -63.289  6.828 0.4000000060
53923  21.146  -63.178  6.029 0.5000000000
53924  20.691  -63.022  5.868 0.4000000060
53925  19.480  -63.205  6.298 0.5000000000
53927  18.730  -63.337  5.935 0.5000000000
53934  19.719  -62.984  5.738 0.5000000000
53936  17.760  -63.239  5.353 0.6000000238
53943  20.160  -63.394  4.784 0.5000000000
53945  16.435  -63.033  4.405 0.8000000119
53952  27.483  -63.394  3.756 0.4000000060
53953  20.127  -63.336  3.984 0.6000000238
53954  19.627  -62.699  3.963 0.5000000000
53956  15.590  -63.122  3.580 0.8000000119
53957  15.330  -63.705  3.409 0.8999999762
53969  27.719  -62.839  3.256 0.4000000060
53971  26.015  -63.169  2.979 0.4000000060
53972  25.449  -63.345  2.931 0.5000000000
53974  20.610  -62.707  2.702 0.6000000238
53975  19.978  -62.770  3.246 0.6999999881
53977  15.595  -63.200  3.346 0.8000000119
53991  26.322  -62.504  2.514 0.5000000000
53992  25.664  -62.807  2.461 0.6000000238
53994  24.154  -62.866  2.180 0.6000000238
53996  22.585  -62.771  2.037 0.6000000238
53997  22.067  -62.620  2.037 0.6000000238
53999  21.031  -62.487  2.197 0.6000000238
54001  18.332  -62.878  2.149 0.6000000238
54003  16.875  -63.024  2.554 0.8000000119
54005  15.954  -63.433  2.886 0.8000000119
54013  23.817  -62.781  1.497 0.6999999881
54016  22.238  -62.770  1.962 0.6999999881
54019  19.910  -62.948  1.637 0.6000000238
54020  19.607  -62.790  1.940 0.6000000238
54021  28.553  -62.713  0.733 0.6000000238
54022  27.448  -62.861  0.724 0.6000000238
54023  26.355  -62.861  0.570 0.6999999881
54024  25.660  -62.658  0.527 0.6999999881
54027  23.833  -62.723  0.623 0.6999999881
54028  23.407  -63.206  1.075 0.6999999881
54029  22.782  -63.087  1.676 0.6999999881
54031  25.378  -63.249  0.197 0.6999999881
55403  23.071  -62.830  9.992 0.3000000119
55404  22.546  -62.935  9.877 0.3000000119
55426  22.484  -62.375  9.852 0.3000000119
55428  21.662  -62.567  9.425 0.5000000000
55461  22.350  -62.599  7.915 0.4000000060
55463  21.390  -62.584  8.555 0.3000000119
55477  25.867  -62.693  7.820 0.4000000060
55479  24.923  -62.553  7.261 0.6000000238
55480  24.144  -62.732  7.148 0.6000000238
55481  23.677  -62.579  7.254 0.4000000060
55501  19.296  -62.746  5.383 0.5000000000
55502  18.713  -62.849  5.522 0.5000000000
55504  17.413  -62.725  5.185 0.6999999881
55511  19.341  -62.434  4.738 0.6999999881
55513  18.259  -62.093  4.913 0.6999999881
55515  16.304  -62.446  4.233 0.6999999881
55531  16.084  -62.350  3.779 0.8000000119
55532  15.728  -62.621  3.502 0.8000000119
55549  27.396  -62.542  2.699 0.4000000060
55550  20.192  -62.586  2.660 0.6000000238
55551  19.695  -62.400  2.796 0.6000000238
55554  17.561  -61.805  2.765 0.8000000119
55555  16.853  -62.087  2.998 0.8000000119
55556  16.144  -62.352  3.289 0.8000000119
55571  27.747  -62.288  1.952 0.4000000060
55572  26.969  -62.198  2.104 0.6000000238
55573  25.920  -62.488  1.874 0.6000000238
55576  20.463  -62.567  2.206 0.6000000238
55577  19.920  -62.606  2.258 0.6000000238
55579  18.617  -62.332  2.292 0.6999999881
55580  17.937  -62.306  2.394 0.6999999881
55582  16.441  -62.551  2.790 0.8000000119
55587  28.118  -62.119  1.269 0.4000000060
55590  25.656  -62.435  1.232 0.6999999881
55591  24.701  -62.283  1.254 0.6999999881
55592  24.313  -62.539  1.593 0.6000000238
55594  27.975  -62.292  0.875 0.6000000238
55597  25.355  -62.194  0.647 0.6999999881
55598  24.793  -62.119  0.668 0.6999999881
56879  21.787  -61.784  9.193 0.3000000119
56880  21.658  -62.208  9.259 0.3000000119
56894  21.573  -62.168  8.923 0.3000000119
56909  22.383  -62.002  8.187 0.3000000119
56924  24.659  -61.709  7.320 0.4000000060
56925  24.150  -61.841  7.336 0.4000000060
56950  18.832  -61.516  3.848 0.6000000238
56952  17.696  -61.817  4.491 0.6999999881
56953  17.191  -61.818  4.024 0.6999999881
56961  18.399  -61.332  3.684 0.6000000238
56962  17.827  -61.415  3.831 0.6999999881
56967  18.733  -61.538  3.210 0.6000000238
56969  17.331  -61.643  3.322 0.6000000238
58287  22.537  -61.094  9.607 0.4000000060
58306  21.986  -61.259  8.930 0.3000000119
58321  23.202  -61.013  8.011 0.3000000119
58323  22.200  -61.405  8.405 0.3000000119
58338  24.227  -61.374  7.407 0.4000000060
58339  23.716  -61.463  7.684 0.3000000119
59641  22.180  -61.006  9.238 0.4000000060
59658  22.233  -60.278  8.896 0.4000000060
59659  22.187  -60.713  8.846 0.3000000119
59671  22.465  -60.463  8.199 0.3000000119
59672  22.135  -60.842  8.519 0.3000000119
59683  24.902  -60.881  7.088 0.4000000060
59684  24.315  -60.932  7.270 0.4000000060
61030  22.647  -59.990  7.928 0.3000000119
61031  22.202  -59.793  8.194 0.4000000060
61047  23.146  -59.881  7.529 0.3000000119
61062  24.818  -60.097  6.156 0.4000000060
61063  24.274  -60.050  6.544 0.4000000060
61074  24.933  -59.848  5.716 0.4000000060
62347  22.274  -59.283  8.588 0.4000000060
62390  23.800  -59.393  6.172 0.4000000060
62391  23.037  -59.086  6.783 0.3000000119
62392  22.580  -58.477  6.795 0.3000000119
62404  24.341  -59.427  5.451 0.4000000060
62412  25.249  -58.810  5.345 0.3000000119
62413  24.617  -58.952  5.336 0.4000000060
62414  24.079  -58.882  5.367 0.4000000060
63756  22.157  -58.564  7.702 0.4000000060
63764  22.353  -58.309  7.277 0.4000000060
63781  22.372  -57.983  6.832 0.5000000000
63811  23.628  -58.410  5.343 0.4000000060
63812  23.172  -57.969  5.363 0.4000000060
65174  22.421  -58.267  8.025 0.4000000060
65238  25.349  -57.516  5.092 0.3000000119
65239  24.680  -57.813  5.158 0.3000000119
65240  23.076  -57.440  5.322 0.4000000060
66620  24.324  -57.254  4.700 0.3000000119
66622  23.168  -56.965  5.408 0.4000000060
251926  26.000  -66.371  1.812 0.5000000000
253903  18.297  -69.970  9.186 0.6000000238
255018  19.640  -67.555  1.587 0.6000000238
255161  19.285  -63.503  6.658 0.5000000000
255810  29.027  -62.277  1.415 0.6000000238
256122  21.290  -67.101  0.943 0.6000000238
256750  29.836  -66.942  3.367 0.4000000060
257372  17.904  -68.189  6.027 0.6000000238
257588  17.676  -70.535  9.380 0.6000000238
257622  14.957  -68.985  0.806 0.5000000000
257735  21.577  -63.002  7.706 0.4000000060
257757  18.376  -70.575  10.037 0.5000000000
258651  14.739  -65.493  2.143 0.6999999881
258806  27.206  -67.608  5.045 0.5000000000
260034  13.746  -73.809  9.206 0.4000000060
260270  26.419  -66.292  2.362 0.5000000000
260277  23.562  -64.602  6.622 0.5000000000
261053  15.467  -74.080  11.330 0.5000000000
261496  24.392  -64.092  0.023 0.6999999881
261645  20.385  -63.285  3.322 0.6999999881
261831  13.646  -72.747  9.646 0.3000000119
262105  14.310  -66.397  1.357 0.6999999881
262440  23.600  -65.233  5.989 0.5000000000
262570  19.631  -68.445  6.283 0.4000000060
262620  25.762  -63.567  3.354 0.4000000060
262977  24.569  -65.437  5.588 0.5000000000
263455  30.877  -72.053  4.671 0.4000000060
263653  26.438  -62.161  1.876 0.6999999881
263873  16.206  -76.159  10.554 0.4000000060
263883  17.532  -69.504  14.146 0.4000000060
264341  21.947  -64.018  5.788 0.6000000238
264556  16.182  -75.076  10.918 0.5000000000
264720  21.979  -62.072  9.543 0.3000000119
264826  17.949  -74.936  9.008 0.5000000000
264888  23.882  -64.664  3.717 0.5000000000
264926  22.803  -65.422  10.871 0.3000000119
265047  24.397  -63.923  2.990 0.4000000060
265306  22.519  -66.482  10.402 0.4000000060
266386  23.607  -62.957  2.143 0.6000000238
266623  18.644  -63.351  1.944 0.6000000238
266786  15.658  -64.759  2.106 0.6999999881
267212  21.972  -63.721  1.139 0.6999999881
267481  27.001  -65.674  0.647 0.6000000238
268454  14.999  -64.138  3.680 0.8000000119
268858  28.793  -66.709  3.729 0.4000000060
269209  16.871  -69.233  13.901 0.4000000060
270224  15.114  -65.367  2.202 0.6999999881
270382  17.662  -70.134  14.122 0.4000000060
270591  21.283  -62.471  1.806 0.6000000238
270691  23.245  -63.004  7.318 0.5000000000
271349  27.479  -62.106  1.377 0.6000000238
271370  15.650  -72.258  5.877 0.4000000060
271564  20.032  -65.524  1.756 0.6999999881
272150  22.421  -67.543  1.412 0.5000000000
273382  16.343  -67.221  1.913 0.6999999881
274061  17.317  -73.458  7.857 0.5000000000
274368  25.574  -66.575  0.739 0.6000000238
275578  13.652  -70.075  2.715 0.5000000000
275783  18.406  -72.101  11.474 0.4000000060
275833  17.920  -68.033  13.689 0.3000000119
276250  22.843  -68.024  11.487 0.4000000060
276599  20.529  -64.585  1.491 0.6000000238
276623  31.281  -67.674  4.349 0.4000000060
276772  27.150  -64.301  0.459 0.6000000238
276784  18.850  -61.952  2.686 0.6999999881
277321  18.473  -72.882  10.391 0.5000000000
277465  16.869  -62.478  4.788 0.6999999881
277527  16.052  -70.663  5.218 0.5000000000
277597  20.926  -65.161  9.324 0.3000000119
277885  28.670  -65.992  1.788 0.5000000000
278957  15.405  -66.315  3.854 0.6999999881
279625  16.574  -65.628  2.291 0.6999999881
279629  17.255  -72.010  7.976 0.5000000000
280426  17.686  -65.755  4.647 0.6000000238
281786  16.925  -72.088  7.521 0.5000000000
281886  21.005  -69.570  11.128 0.4000000060
282373  21.977  -67.267  8.721 0.4000000060
282404  17.775  -65.174  2.419 0.6999999881
282477  22.346  -68.884  9.863 0.4000000060
282750  15.500  -68.361  3.982 0.6000000238
283585  17.306  -63.540  2.389 0.8000000119
283646  30.495  -65.504  0.970 0.5000000000
283939  28.740  -68.897  5.479 0.5000000000
284027  15.077  -65.803  1.973 0.6999999881
284153  18.208  -64.914  4.883 0.6999999881
284295  21.072  -63.043  7.855 0.4000000060
284509  24.412  -56.390  4.700 0.3000000119
284604  27.083  -68.195  5.269 0.4000000060
284789  16.539  -74.998  10.775 0.5000000000
285140  21.281  -67.207  7.695 0.3000000119
285278  25.977  -62.501  0.831 0.6999999881
285471  18.673  -68.875  6.630 0.4000000060
285607  29.741  -67.595  4.480 0.4000000060
286172  13.388  -73.556  8.791 0.4000000060
287087  15.797  -71.306  13.355 0.4000000060
287809  16.568  -70.716  6.927 0.5000000000
288091  25.059  -66.557  0.606 0.6999999881
288412  24.010  -65.366  5.463 0.5000000000
289186  24.393  -67.844  4.499 0.5000000000
289250  21.246  -66.538  1.222 0.6000000238
289599  14.271  -66.266  1.719 0.6999999881
289657  23.037  -58.741  6.152 0.4000000060
289680  31.552  -68.825  5.562 0.4000000060
289772  18.414  -72.538  11.267 0.5000000000
290045  13.898  -72.573  10.204 0.3000000119
293189  22.424  -67.092  9.580 0.4000000060
293353  15.169  -67.017  3.522 0.6999999881
293558  21.546  -69.484  10.167 0.4000000060
293598  20.847  -68.371  7.371 0.4000000060
293703  29.161  -68.022  5.169 0.4000000060
293774  23.679  -64.332  3.265 0.6000000238
293905  23.862  -63.268  2.448 0.6000000238
294617  17.117  -62.085  4.614 0.6999999881
295148  14.056  -66.746  2.821 0.6999999881
295330  16.702  -68.159  6.045 0.6999999881
295537  17.994  -70.323  9.521 0.5000000000
295711  16.530  -67.033  4.648 0.6000000238
295896  22.801  -67.880  12.024 0.4000000060
296035  16.108  -69.993  5.322 0.6000000238
296123  29.033  -65.192  0.067 0.5000000000
296304  22.857  -65.765  11.244 0.3000000119
296428  32.926  -72.245  3.451 0.4000000060
296754  19.076  -63.707  6.682 0.4000000060
297037  29.747  -66.639  2.883 0.4000000060
297510  13.561  -73.405  9.153 0.4000000060
297826  20.824  -63.114  7.333 0.4000000060
298071  19.067  -61.629  3.481 0.6000000238
298252  20.945  -65.417  9.031 0.3000000119
298296  18.149  -70.462  9.776 0.5000000000
298387  19.031  -65.023  6.325 0.5000000000
298702  19.906  -64.804  7.495 0.4000000060
299650  22.570  -67.952  2.446 0.5000000000
300333  26.517  -66.268  3.424 0.5000000000
301277  19.583  -64.465  1.486 0.6000000238
301503  24.121  -63.099  0.273 0.6999999881
301725  18.493  -62.474  5.229 0.5000000000
302463  21.475  -67.614  7.965 0.3000000119
302489  18.483  -72.547  10.807 0.5000000000
302669  18.588  -65.944  2.360 0.6999999881
303724  25.760  -63.252  7.681 0.4000000060
304591  24.836  -58.393  5.323 0.3000000119
