#!ascii label  , from subject sub-v2s5x29565_ses-1 vox2ras=TkReg
1919
102096  -36.951  -33.956  61.981 0.0000000000
95026  -19.224  -37.540  62.352 0.0000000000
99569  -27.712  -35.856  59.767 0.0000000000
150853  -43.660  -10.081  43.933 0.0000000000
150915  -50.455  -10.061  38.481 0.0000000000
94961  -11.967  -36.906  68.365 0.0000000000
147861  -39.422  -11.165  48.701 0.0000000000
262290  -38.784  -30.805  60.669 0.0000000000
98130  -32.298  -36.107  60.450 0.0000000000
94996  -14.897  -37.499  64.635 0.0000000000
88257  -14.628  -41.259  67.953 0.0000000000
258674  -33.013  -33.065  59.241 0.0000000000
289150  -33.743  -31.150  57.594 0.0000000000
98126  -23.576  -37.017  59.515 0.0000000000
275591  -29.606  -32.024  59.142 0.0000000000
122710  -37.967  -24.115  48.317 0.0000000000
135748  -39.777  -17.802  48.055 0.0000000000
268719  -43.038  -15.745  45.066 0.0000000000
86783  -6.987  -41.838  73.057 0.0000000000
85394  -5.253  -42.439  76.856 0.0000000000
112330  -30.928  -29.010  56.185 0.0000000000
119638  -31.349  -25.916  53.713 0.0000000000
118060  -34.634  -26.858  49.885 0.0000000000
86845  -10.228  -41.941  69.557 0.0000000000
92476  -19.090  -39.144  64.725 0.0000000000
93732  -21.325  -38.263  63.868 0.0000000000
99559  -34.633  -35.313  61.259 0.0000000000
100854  -18.331  -34.629  62.307 0.0000000000
96518  -16.938  -37.159  63.814 0.0000000000
92445  -16.793  -39.325  65.082 0.0000000000
266637  -32.893  -32.058  60.849 0.0000000000
104869  -31.641  -32.853  59.385 0.0000000000
131504  -36.653  -19.978  48.438 0.0000000000
278025  -39.198  -20.927  47.749 0.0000000000
281871  -36.859  -16.947  48.868 0.0000000000
305571  -40.796  -13.347  46.184 0.0000000000
145344  -42.868  -12.888  43.632 0.0000000000
141459  -45.300  -15.189  43.359 0.0000000000
145358  -44.877  -12.644  42.533 0.0000000000
146641  -46.865  -12.084  41.129 0.0000000000
261100  -30.921  -29.619  59.761 0.0000000000
110788  -32.823  -29.994  57.689 0.0000000000
115002  -29.388  -28.452  58.566 0.0000000000
121069  -29.070  -24.609  55.174 0.0000000000
124071  -30.924  -23.714  53.148 0.0000000000
118041  -32.928  -26.546  51.907 0.0000000000
277933  -32.639  -23.790  51.098 0.0000000000
122671  -34.309  -24.110  49.887 0.0000000000
96575  -26.604  -37.164  59.255 0.0000000000
91097  -8.699  -39.661  70.403 0.0000000000
91129  -10.438  -39.542  68.862 0.0000000000
82488  -5.684  -44.073  78.026 0.0000000000
82471  -4.797  -44.404  78.783 0.0000000000
144017  -37.764  -13.136  50.954 0.0000000000
112269  -38.388  -28.830  59.808 0.0000000000
99571  -29.777  -35.443  60.419 0.0000000000
94986  -13.050  -37.345  65.850 0.0000000000
91182  -12.266  -39.371  66.629 0.0000000000
91232  -14.516  -39.618  65.496 0.0000000000
148012  -52.598  -11.618  37.560 0.0000000000
102125  -34.713  -33.832  59.741 0.0000000000
104874  -35.849  -32.688  59.069 0.0000000000
106345  -33.887  -31.688  58.738 0.0000000000
99549  -20.425  -35.019  60.774 0.0000000000
95067  -21.745  -37.281  61.362 0.0000000000
102120  -22.485  -34.018  59.390 0.0000000000
104885  -24.017  -32.581  58.346 0.0000000000
279413  -26.515  -32.385  58.202 0.0000000000
107739  -27.625  -30.501  59.638 0.0000000000
103519  -28.197  -33.141  58.670 0.0000000000
100922  -30.522  -34.764  59.167 0.0000000000
100924  -32.528  -34.639  59.049 0.0000000000
119747  -39.673  -26.224  49.168 0.0000000000
142752  -38.398  -14.276  47.479 0.0000000000
138427  -41.252  -16.213  46.998 0.0000000000
145403  -48.739  -12.489  39.930 0.0000000000
85442  -5.931  -42.254  74.704 0.0000000000
82508  -7.047  -44.372  76.997 0.0000000000
107772  -36.081  -31.340  58.082 0.0000000000
110790  -35.411  -29.540  57.337 0.0000000000
284557  -33.744  -28.040  56.287 0.0000000000
119587  -28.399  -25.984  56.823 0.0000000000
117938  -30.300  -26.732  55.159 0.0000000000
254601  -33.592  -26.837  55.189 0.0000000000
255469  -34.985  -27.143  53.912 0.0000000000
116404  -36.614  -28.182  52.711 0.0000000000
116473  -38.094  -27.671  50.506 0.0000000000
119763  -36.246  -25.337  49.034 0.0000000000
125686  -35.647  -22.662  48.971 0.0000000000
93765  -23.908  -38.189  63.323 0.0000000000
89562  -7.996  -39.392  72.196 0.0000000000
85507  -8.170  -42.135  71.302 0.0000000000
86877  -12.277  -41.494  68.354 0.0000000000
81176  -3.188  -44.586  78.457 0.0000000000
93758  -18.976  -38.488  63.148 0.0000000000
92502  -19.878  -38.875  64.226 0.0000000000
93780  -20.150  -37.994  62.711 0.0000000000
100868  -35.955  -34.674  61.854 0.0000000000
282498  -18.302  -36.409  62.105 0.0000000000
98069  -17.236  -36.248  62.874 0.0000000000
95011  -18.025  -37.550  63.147 0.0000000000
93727  -17.898  -38.383  63.794 0.0000000000
282500  -35.866  -18.165  50.076 0.0000000000
134218  -36.786  -18.518  48.972 0.0000000000
138358  -35.988  -16.595  49.797 0.0000000000
149414  -42.851  -10.637  44.930 0.0000000000
146589  -42.084  -12.191  45.102 0.0000000000
147925  -42.753  -11.422  43.781 0.0000000000
254476  -43.882  -12.538  42.938 0.0000000000
147934  -44.166  -11.410  42.547 0.0000000000
147940  -44.754  -11.352  42.124 0.0000000000
113669  -30.158  -29.041  59.412 0.0000000000
125577  -30.124  -22.796  54.240 0.0000000000
124088  -31.649  -23.703  52.232 0.0000000000
125632  -32.372  -22.825  52.031 0.0000000000
125646  -33.282  -22.777  51.213 0.0000000000
98145  -27.011  -36.194  59.758 0.0000000000
95072  -27.448  -37.792  60.612 0.0000000000
98114  -27.508  -36.412  60.767 0.0000000000
93644  -10.275  -38.471  69.353 0.0000000000
93656  -10.962  -38.331  68.352 0.0000000000
146682  -50.550  -12.081  38.286 0.0000000000
82479  -5.003  -44.117  78.468 0.0000000000
107698  -38.922  -31.155  62.141 0.0000000000
110733  -38.693  -29.636  59.965 0.0000000000
99573  -31.057  -35.851  59.899 0.0000000000
98104  -31.596  -35.853  61.667 0.0000000000
99498  -15.391  -35.548  64.252 0.0000000000
98027  -14.433  -35.793  65.157 0.0000000000
98010  -13.986  -35.878  66.013 0.0000000000
94991  -13.933  -37.179  65.414 0.0000000000
92440  -13.548  -38.604  65.422 0.0000000000
93689  -14.293  -38.398  65.072 0.0000000000
91206  -18.027  -39.905  66.213 0.0000000000
272229  -16.901  -39.989  66.001 0.0000000000
103527  -33.794  -33.312  59.115 0.0000000000
273360  -34.426  -32.924  58.931 0.0000000000
291959  -33.708  -32.212  59.026 0.0000000000
102104  -21.341  -33.454  60.908 0.0000000000
99565  -21.467  -35.099  60.351 0.0000000000
306883  -22.252  -32.809  60.546 0.0000000000
294866  -23.533  -31.061  59.299 0.0000000000
107737  -24.377  -30.098  59.092 0.0000000000
104887  -25.278  -32.176  57.852 0.0000000000
109230  -25.896  -30.523  58.908 0.0000000000
107724  -29.122  -30.794  60.536 0.0000000000
106316  -28.614  -31.234  59.350 0.0000000000
259921  -27.903  -32.515  58.764 0.0000000000
261387  -28.718  -32.946  58.731 0.0000000000
102140  -29.588  -34.028  58.754 0.0000000000
103521  -29.939  -33.305  59.058 0.0000000000
103525  -32.592  -33.404  59.181 0.0000000000
102144  -32.225  -33.991  59.047 0.0000000000
102145  -32.886  -33.996  59.047 0.0000000000
100926  -33.873  -34.527  59.335 0.0000000000
121201  -38.453  -25.365  48.678 0.0000000000
121203  -40.454  -25.339  48.479 0.0000000000
124172  -39.082  -23.883  47.972 0.0000000000
132889  -39.444  -19.168  47.906 0.0000000000
296071  -40.301  -20.954  47.755 0.0000000000
262172  -38.636  -12.015  49.738 0.0000000000
144053  -37.369  -13.674  48.731 0.0000000000
146555  -38.574  -12.623  48.168 0.0000000000
142776  -41.686  -14.318  45.075 0.0000000000
141415  -40.363  -14.765  46.303 0.0000000000
271195  -42.064  -15.905  45.697 0.0000000000
138413  -42.901  -16.923  47.050 0.0000000000
145391  -47.778  -12.563  40.877 0.0000000000
149471  -47.661  -11.061  40.088 0.0000000000
149484  -48.419  -10.721  39.406 0.0000000000
88101  -6.826  -40.589  73.319 0.0000000000
303137  -6.221  -41.098  74.500 0.0000000000
279199  -6.445  -42.133  73.869 0.0000000000
82528  -7.202  -44.275  76.307 0.0000000000
81205  -6.986  -44.642  78.223 0.0000000000
106359  -34.723  -32.056  58.175 0.0000000000
106361  -35.823  -31.864  58.375 0.0000000000
107783  -34.506  -31.452  57.132 0.0000000000
110799  -31.864  -29.847  56.906 0.0000000000
110802  -33.847  -29.640  56.882 0.0000000000
112331  -32.924  -29.211  56.313 0.0000000000
112334  -34.327  -28.728  56.452 0.0000000000
261969  -32.325  -28.682  55.836 0.0000000000
121043  -27.989  -24.515  57.393 0.0000000000
119636  -30.589  -25.438  54.191 0.0000000000
119621  -29.795  -25.728  55.064 0.0000000000
117958  -31.220  -26.449  54.705 0.0000000000
117940  -31.673  -26.615  55.327 0.0000000000
117960  -32.363  -26.209  54.594 0.0000000000
117962  -33.914  -26.596  54.613 0.0000000000
117978  -32.713  -26.080  53.612 0.0000000000
116468  -33.855  -27.126  50.778 0.0000000000
116422  -34.091  -27.798  52.054 0.0000000000
283196  -34.894  -27.956  50.491 0.0000000000
256249  -36.901  -28.005  51.540 0.0000000000
301848  -36.186  -27.899  50.134 0.0000000000
290158  -36.750  -26.945  49.080 0.0000000000
119744  -35.719  -26.009  49.156 0.0000000000
125669  -34.734  -22.602  50.462 0.0000000000
124152  -35.082  -23.670  48.961 0.0000000000
127112  -35.237  -21.998  49.874 0.0000000000
96563  -22.742  -36.971  60.243 0.0000000000
95050  -22.650  -37.499  61.946 0.0000000000
95051  -23.727  -37.599  61.733 0.0000000000
88208  -9.408  -41.056  69.865 0.0000000000
299698  -8.694  -40.710  70.647 0.0000000000
85520  -9.082  -42.291  70.442 0.0000000000
88269  -13.268  -40.663  66.897 0.0000000000
89699  -12.323  -40.277  67.319 0.0000000000
273751  -13.441  -41.445  68.324 0.0000000000
276565  -19.109  -39.814  66.319 0.0000000000
92420  -19.925  -39.534  65.665 0.0000000000
300036  -21.082  -38.970  65.072 0.0000000000
93691  -22.458  -38.516  65.054 0.0000000000
98133  -33.520  -35.851  60.801 0.0000000000
98106  -32.946  -35.994  61.654 0.0000000000
100845  -17.621  -34.668  63.180 0.0000000000
99509  -16.262  -35.552  63.319 0.0000000000
95004  -16.226  -37.310  64.157 0.0000000000
93703  -16.028  -38.319  64.427 0.0000000000
93726  -16.949  -38.035  64.127 0.0000000000
284797  -17.924  -39.277  64.670 0.0000000000
104847  -33.056  -32.512  59.731 0.0000000000
106344  -33.512  -32.003  59.382 0.0000000000
106318  -30.310  -31.833  60.024 0.0000000000
300438  -30.576  -32.431  59.289 0.0000000000
104845  -31.956  -32.528  59.900 0.0000000000
127144  -36.982  -21.810  47.894 0.0000000000
300169  -38.548  -22.353  47.667 0.0000000000
130107  -37.268  -20.542  47.906 0.0000000000
132886  -37.757  -19.006  48.144 0.0000000000
279119  -38.271  -17.479  48.181 0.0000000000
301288  -39.850  -12.240  47.439 0.0000000000
146575  -41.321  -12.217  46.265 0.0000000000
145326  -41.682  -13.116  45.157 0.0000000000
142786  -42.938  -14.470  44.207 0.0000000000
141437  -44.323  -15.326  44.181 0.0000000000
142798  -44.282  -14.215  43.540 0.0000000000
291290  -45.422  -14.063  43.059 0.0000000000
300429  -46.303  -13.408  42.417 0.0000000000
146628  -46.094  -12.032  41.731 0.0000000000
149456  -45.577  -10.641  41.383 0.0000000000
84134  -8.090  -43.307  73.196 0.0000000000
84112  -7.234  -43.274  73.852 0.0000000000
84092  -8.854  -43.857  74.394 0.0000000000
110762  -32.660  -29.884  58.909 0.0000000000
110776  -33.028  -29.996  58.267 0.0000000000
112293  -31.299  -29.934  58.646 0.0000000000
112292  -30.789  -29.567  58.307 0.0000000000
113706  -29.430  -28.669  57.470 0.0000000000
124029  -28.664  -23.583  56.477 0.0000000000
125560  -29.627  -22.835  55.220 0.0000000000
122580  -29.975  -24.043  54.107 0.0000000000
121097  -30.939  -24.806  53.369 0.0000000000
119655  -32.045  -25.833  52.979 0.0000000000
119690  -32.019  -25.205  52.313 0.0000000000
297425  -32.431  -25.022  51.504 0.0000000000
279617  -33.676  -25.467  50.530 0.0000000000
119742  -34.463  -25.492  49.786 0.0000000000
122655  -33.809  -24.069  50.319 0.0000000000
98142  -24.948  -36.746  58.811 0.0000000000
95071  -24.679  -37.965  60.905 0.0000000000
93833  -26.000  -38.454  60.392 0.0000000000
91113  -9.741  -39.423  69.516 0.0000000000
88223  -10.142  -40.762  69.239 0.0000000000
83988  -5.584  -43.539  77.391 0.0000000000
302237  -5.003  -42.348  77.712 0.0000000000
83971  -4.831  -43.047  77.912 0.0000000000
83960  -4.802  -43.061  78.129 0.0000000000
83953  -4.121  -42.778  78.743 0.0000000000
114997  -37.739  -27.925  59.012 0.0000000000
100885  -28.319  -35.692  59.990 0.0000000000
99553  -28.162  -36.018  61.053 0.0000000000
97978  -13.003  -35.518  67.383 0.0000000000
94973  -12.280  -37.055  67.235 0.0000000000
93671  -11.615  -38.153  67.437 0.0000000000
93677  -12.449  -38.038  66.189 0.0000000000
91184  -13.232  -39.836  66.268 0.0000000000
89724  -14.316  -40.562  66.708 0.0000000000
92443  -15.374  -39.204  65.097 0.0000000000
89753  -15.371  -40.305  66.466 0.0000000000
89704  -15.722  -41.028  67.651 0.0000000000
279560  -51.266  -10.482  38.055 0.0000000000
102127  -35.853  -33.864  60.290 0.0000000000
103494  -36.474  -33.654  59.976 0.0000000000
103528  -35.473  -33.178  59.403 0.0000000000
104891  -34.841  -32.514  58.537 0.0000000000
107770  -33.915  -31.394  58.027 0.0000000000
107757  -33.856  -31.308  59.261 0.0000000000
257077  -33.927  -31.000  58.801 0.0000000000
283418  -33.764  -30.101  58.782 0.0000000000
112265  -32.067  -29.743  60.009 0.0000000000
96551  -19.710  -36.468  61.360 0.0000000000
95065  -20.469  -37.136  61.502 0.0000000000
98113  -21.198  -36.337  60.631 0.0000000000
98123  -22.039  -36.065  60.177 0.0000000000
292354  -22.528  -35.242  59.041 0.0000000000
106314  -22.542  -31.424  60.089 0.0000000000
103515  -23.141  -33.248  58.998 0.0000000000
100935  -23.661  -35.015  58.370 0.0000000000
99616  -25.145  -35.090  58.196 0.0000000000
102158  -26.085  -34.197  58.156 0.0000000000
100919  -26.826  -34.642  59.057 0.0000000000
110730  -26.840  -29.807  59.925 0.0000000000
107755  -26.832  -31.243  58.644 0.0000000000
104864  -27.399  -32.558  58.513 0.0000000000
102123  -27.878  -34.772  59.035 0.0000000000
100899  -29.026  -34.960  59.256 0.0000000000
100901  -30.133  -34.892  59.366 0.0000000000
99586  -31.149  -35.765  59.189 0.0000000000
275672  -31.044  -33.880  59.156 0.0000000000
100923  -31.812  -34.660  59.029 0.0000000000
99588  -32.391  -35.854  59.361 0.0000000000
263190  -33.716  -35.481  59.932 0.0000000000
289430  -34.953  -34.603  60.694 0.0000000000
99535  -19.474  -35.282  61.541 0.0000000000
125702  -40.336  -22.949  47.883 0.0000000000
142723  -36.298  -14.667  49.652 0.0000000000
141387  -37.478  -15.346  48.114 0.0000000000
139900  -38.540  -15.764  47.931 0.0000000000
144078  -39.487  -13.530  46.966 0.0000000000
141400  -39.816  -15.153  47.222 0.0000000000
138387  -40.246  -16.648  47.835 0.0000000000
280589  -41.966  -17.507  48.217 0.0000000000
144176  -49.604  -13.090  39.559 0.0000000000
147992  -49.650  -11.652  38.788 0.0000000000
150907  -49.498  -10.005  38.862 0.0000000000
88046  -6.105  -40.901  75.631 0.0000000000
85430  -5.482  -42.113  75.683 0.0000000000
84069  -6.644  -43.529  75.078 0.0000000000
84050  -6.329  -43.288  75.679 0.0000000000
84006  -6.090  -43.598  76.894 0.0000000000
82496  -6.300  -44.340  77.777 0.0000000000
104848  -36.882  -32.713  59.353 0.0000000000
106324  -36.990  -32.088  59.336 0.0000000000
107773  -37.046  -30.960  58.553 0.0000000000
109261  -34.459  -30.223  56.825 0.0000000000
109253  -35.814  -30.553  57.580 0.0000000000
109235  -37.329  -30.303  58.569 0.0000000000
112295  -36.834  -29.295  58.193 0.0000000000
298414  -36.438  -28.690  57.835 0.0000000000
116304  -34.915  -27.855  56.947 0.0000000000
115009  -28.848  -27.704  57.731 0.0000000000
115024  -29.097  -27.899  56.444 0.0000000000
121052  -28.467  -25.107  56.089 0.0000000000
117920  -29.258  -26.709  55.799 0.0000000000
115035  -30.854  -27.869  55.906 0.0000000000
115036  -31.859  -27.521  55.951 0.0000000000
116315  -33.160  -27.274  56.039 0.0000000000
116401  -33.432  -26.983  52.525 0.0000000000
116381  -35.608  -27.674  53.384 0.0000000000
116493  -38.994  -27.157  50.090 0.0000000000
119745  -37.803  -26.222  49.147 0.0000000000
304894  -37.171  -24.502  49.048 0.0000000000
290307  -35.014  -24.788  49.046 0.0000000000
122690  -35.582  -24.021  48.871 0.0000000000
124169  -36.331  -23.314  48.463 0.0000000000
128619  -36.210  -21.542  48.653 0.0000000000
131494  -36.069  -19.908  49.794 0.0000000000
95028  -21.059  -37.530  62.437 0.0000000000
93763  -22.511  -38.025  63.558 0.0000000000
92526  -25.032  -38.681  63.194 0.0000000000
264836  -7.294  -40.551  72.378 0.0000000000
91072  -8.250  -39.496  71.683 0.0000000000
88162  -7.853  -40.570  71.414 0.0000000000
86794  -7.585  -41.865  71.961 0.0000000000
84150  -8.854  -43.208  72.451 0.0000000000
91163  -11.496  -39.256  67.455 0.0000000000
300630  -11.386  -40.802  68.139 0.0000000000
86847  -11.422  -42.055  69.110 0.0000000000
79828  -4.709  -45.301  79.611 0.0000000000
81170  -4.170  -44.968  78.994 0.0000000000
83945  -4.078  -43.053  78.836 0.0000000000
102107  -37.412  -33.679  61.381 0.0000000000
93779  -19.162  -37.984  62.766 0.0000000000
93759  -19.697  -38.491  62.979 0.0000000000
296746  -19.651  -37.915  62.515 0.0000000000
102095  -36.287  -34.149  61.657 0.0000000000
96536  -18.713  -37.057  62.140 0.0000000000
96535  -18.164  -36.818  62.440 0.0000000000
260863  -18.816  -37.528  62.628 0.0000000000
95012  -18.593  -37.863  62.945 0.0000000000
135693  -35.612  -17.420  50.741 0.0000000000
137032  -35.757  -16.947  50.198 0.0000000000
138343  -36.143  -16.298  51.043 0.0000000000
149424  -43.035  -10.260  44.237 0.0000000000
272083  -42.535  -11.275  44.329 0.0000000000
292743  -42.849  -10.942  43.549 0.0000000000
147932  -43.094  -11.471  43.277 0.0000000000
149440  -43.253  -10.881  43.199 0.0000000000
149441  -43.806  -10.822  42.846 0.0000000000
125615  -31.707  -22.795  52.746 0.0000000000
99583  -27.242  -35.893  59.748 0.0000000000
98128  -27.387  -36.357  60.079 0.0000000000
99551  -27.656  -36.153  60.268 0.0000000000
94960  -11.671  -37.082  68.791 0.0000000000
93657  -11.408  -37.785  68.679 0.0000000000
94966  -11.673  -37.405  68.210 0.0000000000
148001  -50.455  -11.527  38.130 0.0000000000
146683  -51.252  -12.124  38.127 0.0000000000
148002  -50.959  -11.617  38.070 0.0000000000
109177  -39.352  -30.341  61.418 0.0000000000
304612  -39.386  -29.997  61.095 0.0000000000
109204  -38.843  -30.401  60.116 0.0000000000
98129  -31.624  -36.108  60.273 0.0000000000
98115  -31.495  -35.891  61.068 0.0000000000
98116  -32.011  -36.067  61.165 0.0000000000
98039  -15.101  -36.237  64.256 0.0000000000
98038  -14.790  -35.667  64.630 0.0000000000
96508  -14.661  -36.356  64.683 0.0000000000
96500  -14.365  -36.571  65.124 0.0000000000
94992  -14.330  -37.233  65.087 0.0000000000
284783  -14.150  -37.745  65.331 0.0000000000
93690  -14.638  -37.945  64.910 0.0000000000
260056  -33.394  -33.018  59.150 0.0000000000
104872  -33.808  -32.719  59.070 0.0000000000
259920  -33.289  -32.652  59.273 0.0000000000
103480  -21.855  -32.745  61.109 0.0000000000
110727  -24.803  -29.237  60.751 0.0000000000
109199  -24.395  -29.562  60.356 0.0000000000
109215  -24.883  -29.681  59.601 0.0000000000
109229  -25.177  -30.221  59.136 0.0000000000
109216  -25.750  -30.010  59.381 0.0000000000
106317  -29.188  -31.191  59.769 0.0000000000
107741  -28.717  -30.844  59.954 0.0000000000
106342  -29.181  -31.666  59.247 0.0000000000
304043  -28.724  -31.867  59.102 0.0000000000
104866  -29.116  -32.351  58.975 0.0000000000
264322  -29.247  -33.264  58.870 0.0000000000
104867  -29.754  -32.576  59.055 0.0000000000
103526  -33.192  -33.437  59.106 0.0000000000
102146  -33.554  -33.959  59.082 0.0000000000
121216  -38.923  -24.955  48.414 0.0000000000
122720  -38.463  -23.890  47.895 0.0000000000
278056  -39.554  -18.424  47.968 0.0000000000
131522  -39.737  -19.692  47.882 0.0000000000
278055  -40.142  -18.215  48.072 0.0000000000
147851  -38.994  -11.589  48.977 0.0000000000
146549  -38.458  -12.482  48.823 0.0000000000
147860  -39.214  -11.694  48.309 0.0000000000
141426  -42.688  -15.260  44.888 0.0000000000
139938  -42.141  -15.337  45.314 0.0000000000
293540  -42.578  -15.803  45.328 0.0000000000
139931  -42.582  -16.213  45.733 0.0000000000
150885  -47.359  -9.958  39.869 0.0000000000
88119  -6.749  -41.214  73.270 0.0000000000
86773  -6.556  -41.698  73.561 0.0000000000
106370  -34.340  -31.682  57.716 0.0000000000
106371  -34.877  -31.727  57.717 0.0000000000
107782  -33.967  -31.369  57.264 0.0000000000
110797  -30.803  -29.499  56.529 0.0000000000
260518  -32.142  -29.702  56.541 0.0000000000
110829  -31.605  -29.444  55.951 0.0000000000
112349  -32.465  -29.124  56.103 0.0000000000
112347  -31.425  -29.000  55.837 0.0000000000
119637  -30.956  -25.705  54.008 0.0000000000
119623  -30.858  -26.028  54.388 0.0000000000
119624  -31.272  -26.149  54.245 0.0000000000
117959  -31.690  -26.349  54.709 0.0000000000
117976  -31.681  -26.139  54.068 0.0000000000
296250  -32.699  -26.190  54.131 0.0000000000
119639  -31.782  -25.952  53.502 0.0000000000
118059  -34.166  -26.622  50.213 0.0000000000
116470  -35.054  -27.459  49.984 0.0000000000
304368  -35.609  -28.111  50.420 0.0000000000
116488  -35.692  -27.481  49.705 0.0000000000
118075  -35.962  -26.881  49.108 0.0000000000
118074  -35.206  -26.673  49.510 0.0000000000
96564  -23.364  -37.298  60.213 0.0000000000
281064  -23.527  -37.581  60.954 0.0000000000
95084  -23.882  -37.554  60.565 0.0000000000
86844  -9.734  -41.694  69.761 0.0000000000
86829  -9.325  -41.817  70.113 0.0000000000
86830  -9.892  -42.356  69.852 0.0000000000
85521  -9.539  -42.624  70.245 0.0000000000
85522  -10.154  -42.863  70.234 0.0000000000
89701  -13.913  -40.843  67.035 0.0000000000
88255  -13.500  -41.001  67.400 0.0000000000
88242  -14.204  -41.356  68.193 0.0000000000
86732  -5.391  -41.718  76.329 0.0000000000
86721  -5.231  -41.598  76.981 0.0000000000
106268  -38.855  -31.802  61.932 0.0000000000
295153  -18.865  -39.480  65.195 0.0000000000
91208  -19.281  -39.619  65.735 0.0000000000
92448  -19.511  -39.313  65.223 0.0000000000
92503  -20.457  -38.778  64.257 0.0000000000
256752  -20.788  -38.958  64.777 0.0000000000
92478  -21.309  -38.705  64.832 0.0000000000
256701  -22.078  -38.724  65.504 0.0000000000
93707  -21.602  -38.352  64.435 0.0000000000
99558  -34.088  -35.554  61.159 0.0000000000
99541  -33.996  -35.652  61.853 0.0000000000
102075  -18.607  -34.154  62.910 0.0000000000
100853  -17.992  -34.630  62.766 0.0000000000
305280  -17.029  -36.585  63.251 0.0000000000
283946  -16.726  -35.727  62.931 0.0000000000
96526  -16.767  -36.720  63.536 0.0000000000
96525  -16.063  -36.295  63.553 0.0000000000
96517  -16.431  -36.959  63.916 0.0000000000
94998  -16.396  -37.861  64.228 0.0000000000
95005  -17.183  -37.649  63.819 0.0000000000
92500  -18.637  -38.961  64.235 0.0000000000
92499  -17.915  -38.828  64.242 0.0000000000
92475  -18.456  -39.259  64.661 0.0000000000
92447  -18.197  -39.582  65.105 0.0000000000
106321  -32.859  -32.295  60.343 0.0000000000
106322  -33.319  -32.003  60.033 0.0000000000
292186  -30.914  -32.010  60.132 0.0000000000
106299  -32.457  -32.157  60.708 0.0000000000
104834  -32.360  -32.403  60.300 0.0000000000
104846  -32.531  -32.609  59.882 0.0000000000
128640  -36.869  -21.103  48.020 0.0000000000
128641  -37.394  -21.232  47.822 0.0000000000
130096  -36.718  -20.500  48.190 0.0000000000
137056  -36.843  -17.443  49.128 0.0000000000
134219  -37.211  -18.501  48.605 0.0000000000
135726  -37.490  -17.967  48.467 0.0000000000
135745  -38.020  -18.001  48.258 0.0000000000
137075  -37.794  -16.936  48.176 0.0000000000
147892  -41.094  -12.006  46.624 0.0000000000
147893  -41.419  -12.045  46.066 0.0000000000
280585  -42.166  -12.466  44.585 0.0000000000
145327  -41.852  -12.687  44.907 0.0000000000
145335  -41.910  -13.046  44.616 0.0000000000
144101  -42.137  -13.669  44.339 0.0000000000
144102  -42.747  -13.954  44.009 0.0000000000
142797  -43.463  -14.179  43.886 0.0000000000
144111  -43.082  -13.578  43.642 0.0000000000
145357  -44.336  -12.447  42.676 0.0000000000
145350  -44.378  -12.959  42.884 0.0000000000
144119  -45.002  -13.397  42.871 0.0000000000
145359  -45.952  -12.946  42.349 0.0000000000
292423  -46.462  -13.089  42.219 0.0000000000
146620  -45.790  -12.278  42.151 0.0000000000
149449  -44.753  -10.592  41.931 0.0000000000
147941  -45.241  -11.096  41.680 0.0000000000
112281  -32.106  -29.985  59.515 0.0000000000
110761  -31.965  -30.101  58.864 0.0000000000
112280  -31.369  -30.013  59.378 0.0000000000
114993  -29.686  -28.497  59.196 0.0000000000
113682  -30.458  -29.292  58.772 0.0000000000
113681  -29.997  -28.921  58.607 0.0000000000
113695  -29.955  -29.076  57.825 0.0000000000
113694  -29.576  -28.676  58.134 0.0000000000
274760  -30.833  -23.215  53.351 0.0000000000
124059  -30.154  -23.469  53.886 0.0000000000
122595  -30.729  -24.172  53.430 0.0000000000
121096  -30.674  -24.591  53.680 0.0000000000
122596  -30.995  -24.325  53.078 0.0000000000
121113  -31.243  -24.924  53.020 0.0000000000
122612  -31.337  -24.506  52.730 0.0000000000
122631  -32.159  -23.963  51.580 0.0000000000
121131  -32.068  -24.710  51.813 0.0000000000
121147  -32.403  -24.481  51.253 0.0000000000
121148  -32.839  -25.012  51.025 0.0000000000
121161  -33.016  -24.657  50.590 0.0000000000
121162  -33.588  -24.720  50.420 0.0000000000
122654  -33.198  -24.073  50.620 0.0000000000
98143  -25.895  -36.947  59.075 0.0000000000
95099  -25.434  -37.854  59.477 0.0000000000
95086  -26.454  -37.891  59.361 0.0000000000
95054  -27.515  -37.957  61.296 0.0000000000
280825  -27.043  -38.419  61.518 0.0000000000
92380  -10.583  -38.819  68.785 0.0000000000
92379  -10.131  -39.099  69.211 0.0000000000
91128  -10.110  -39.670  69.227 0.0000000000
89637  -9.848  -40.112  69.461 0.0000000000
89658  -10.321  -40.168  69.011 0.0000000000
82495  -5.886  -44.217  77.763 0.0000000000
83972  -5.159  -43.617  77.900 0.0000000000
82478  -4.922  -44.033  78.512 0.0000000000
257757  -4.535  -43.541  78.474 0.0000000000
112244  -39.209  -28.954  60.822 0.0000000000
113633  -38.944  -28.718  60.461 0.0000000000
113644  -39.116  -28.158  60.398 0.0000000000
113672  -37.669  -28.413  58.842 0.0000000000
100886  -28.756  -35.437  59.980 0.0000000000
100877  -28.664  -35.748  60.586 0.0000000000
99570  -29.146  -35.517  60.541 0.0000000000
96489  -13.395  -36.791  66.014 0.0000000000
97994  -13.208  -35.764  66.761 0.0000000000
262219  -13.177  -36.427  66.413 0.0000000000
96472  -12.886  -36.272  67.051 0.0000000000
96480  -12.868  -36.844  66.378 0.0000000000
278429  -12.215  -37.704  66.625 0.0000000000
94985  -12.647  -37.478  66.190 0.0000000000
91231  -13.880  -39.334  65.405 0.0000000000
91200  -13.194  -39.090  65.776 0.0000000000
91201  -13.617  -39.753  65.753 0.0000000000
89751  -13.911  -40.209  66.143 0.0000000000
91202  -14.193  -39.986  65.699 0.0000000000
92472  -16.380  -38.860  64.680 0.0000000000
92471  -15.690  -38.784  64.720 0.0000000000
92444  -16.104  -39.237  65.097 0.0000000000
257599  -17.029  -40.496  67.090 0.0000000000
91204  -16.307  -39.931  66.061 0.0000000000
89727  -16.415  -40.614  67.003 0.0000000000
89726  -15.730  -40.726  67.005 0.0000000000
102126  -35.181  -33.821  60.060 0.0000000000
292560  -35.502  -33.604  59.774 0.0000000000
103506  -35.003  -33.440  59.671 0.0000000000
104890  -34.222  -32.255  58.666 0.0000000000
106358  -34.222  -31.813  58.251 0.0000000000
106323  -33.595  -31.515  59.722 0.0000000000
107742  -34.361  -31.007  59.896 0.0000000000
110751  -33.837  -29.992  59.899 0.0000000000
109234  -34.300  -30.234  59.526 0.0000000000
109233  -34.020  -30.392  59.051 0.0000000000
110763  -33.748  -30.033  59.358 0.0000000000
301128  -33.246  -29.838  59.466 0.0000000000
98100  -19.796  -35.796  61.285 0.0000000000
296203  -20.125  -36.179  61.093 0.0000000000
99550  -20.991  -35.543  60.669 0.0000000000
102112  -22.011  -33.971  59.823 0.0000000000
100883  -21.777  -34.707  59.963 0.0000000000
278920  -22.042  -35.270  59.751 0.0000000000
99579  -22.309  -35.526  59.418 0.0000000000
106337  -23.869  -31.483  58.882 0.0000000000
106336  -23.212  -31.681  59.447 0.0000000000
104884  -23.471  -32.822  58.663 0.0000000000
102154  -23.503  -33.794  58.566 0.0000000000
103538  -23.836  -33.214  58.388 0.0000000000
99615  -24.446  -34.999  58.501 0.0000000000
103539  -24.584  -33.092  58.026 0.0000000000
104888  -25.944  -32.332  57.904 0.0000000000
102157  -25.771  -33.685  57.831 0.0000000000
103541  -26.319  -33.518  58.314 0.0000000000
306533  -26.480  -34.134  58.674 0.0000000000
102136  -26.722  -33.793  58.718 0.0000000000
107722  -27.986  -30.326  60.305 0.0000000000
109188  -27.879  -29.798  61.389 0.0000000000
109201  -27.766  -29.980  60.711 0.0000000000
109187  -27.411  -29.584  61.017 0.0000000000
109219  -27.203  -30.219  59.812 0.0000000000
109218  -26.809  -30.208  59.390 0.0000000000
107738  -27.408  -30.717  59.131 0.0000000000
103518  -27.592  -33.342  58.624 0.0000000000
102138  -27.483  -34.117  58.773 0.0000000000
102139  -28.010  -33.942  58.660 0.0000000000
100898  -28.365  -35.210  59.387 0.0000000000
279603  -28.552  -34.485  58.808 0.0000000000
100921  -29.918  -34.467  59.095 0.0000000000
99585  -30.627  -35.282  59.290 0.0000000000
99606  -30.974  -35.271  59.059 0.0000000000
104868  -30.972  -32.697  59.258 0.0000000000
103523  -31.310  -33.306  59.182 0.0000000000
100903  -32.110  -35.337  59.102 0.0000000000
100904  -32.851  -35.270  59.154 0.0000000000
99589  -33.099  -35.659  59.628 0.0000000000
279156  -33.475  -35.091  59.479 0.0000000000
102124  -34.443  -34.444  59.696 0.0000000000
100907  -34.837  -34.261  60.165 0.0000000000
102113  -35.247  -34.139  60.442 0.0000000000
100873  -20.164  -34.733  61.089 0.0000000000
100864  -19.808  -34.678  61.589 0.0000000000
99548  -19.955  -35.171  61.128 0.0000000000
98099  -19.199  -36.007  61.612 0.0000000000
257171  -40.193  -26.494  49.859 0.0000000000
122693  -40.858  -24.760  48.385 0.0000000000
119770  -41.437  -25.625  49.069 0.0000000000
128643  -38.799  -21.376  47.745 0.0000000000
278725  -39.320  -22.347  47.646 0.0000000000
127147  -39.616  -22.038  47.657 0.0000000000
144016  -36.787  -13.876  51.205 0.0000000000
304655  -36.324  -14.378  50.566 0.0000000000
144027  -36.679  -13.706  49.945 0.0000000000
288686  -37.758  -13.954  48.247 0.0000000000
142737  -37.410  -14.231  48.513 0.0000000000
269548  -37.791  -14.835  48.065 0.0000000000
141388  -38.052  -15.290  47.929 0.0000000000
141389  -38.572  -15.188  47.831 0.0000000000
146573  -40.383  -12.735  46.760 0.0000000000
145309  -39.535  -12.959  47.074 0.0000000000
144079  -39.965  -13.684  46.618 0.0000000000
141410  -40.634  -15.165  46.488 0.0000000000
141409  -40.131  -15.016  46.792 0.0000000000
139914  -40.167  -15.543  47.230 0.0000000000
139913  -39.675  -15.626  47.535 0.0000000000
290569  -40.592  -16.366  47.643 0.0000000000
138388  -40.805  -16.808  47.822 0.0000000000
138411  -41.597  -16.692  47.376 0.0000000000
137082  -43.330  -17.395  47.934 0.0000000000
141438  -44.972  -15.611  43.784 0.0000000000
145378  -47.438  -12.910  41.329 0.0000000000
264708  -48.225  -12.535  40.370 0.0000000000
144167  -48.961  -13.283  40.765 0.0000000000
257710  -49.528  -13.359  40.049 0.0000000000
150895  -48.430  -10.037  39.222 0.0000000000
291093  -49.290  -11.711  39.111 0.0000000000
149491  -48.856  -10.517  39.072 0.0000000000
149492  -49.271  -10.411  38.882 0.0000000000
86752  -6.114  -41.420  74.610 0.0000000000
88062  -6.158  -40.995  75.036 0.0000000000
86742  -5.825  -41.621  75.165 0.0000000000
86741  -5.661  -41.439  75.752 0.0000000000
85431  -5.792  -42.539  75.290 0.0000000000
82596  -7.674  -44.074  74.580 0.0000000000
84090  -6.997  -43.600  74.443 0.0000000000
82573  -7.267  -44.015  75.078 0.0000000000
84029  -6.619  -43.808  76.120 0.0000000000
82527  -6.534  -44.054  76.605 0.0000000000
84028  -6.300  -43.336  76.372 0.0000000000
82506  -6.008  -43.919  77.316 0.0000000000
82507  -6.418  -44.224  77.182 0.0000000000
81197  -6.739  -44.817  78.716 0.0000000000
103529  -36.170  -32.943  59.250 0.0000000000
255199  -36.543  -33.353  59.391 0.0000000000
106347  -36.621  -31.903  59.087 0.0000000000
107758  -36.487  -31.508  58.656 0.0000000000
107744  -37.151  -31.459  59.103 0.0000000000
298811  -36.554  -31.005  58.262 0.0000000000
110789  -33.481  -29.987  57.545 0.0000000000
303442  -33.722  -30.726  56.611 0.0000000000
266453  -34.887  -29.396  56.924 0.0000000000
110804  -34.994  -29.984  56.894 0.0000000000
280126  -35.921  -29.949  57.681 0.0000000000
295886  -36.253  -30.301  57.905 0.0000000000
110778  -36.493  -29.819  58.051 0.0000000000
110779  -37.082  -29.785  58.391 0.0000000000
112294  -36.132  -29.328  57.781 0.0000000000
113708  -34.780  -28.415  56.525 0.0000000000
113696  -35.424  -28.536  57.007 0.0000000000
113709  -35.127  -28.234  56.771 0.0000000000
115012  -36.071  -28.120  57.594 0.0000000000
115018  -34.746  -28.009  56.574 0.0000000000
304878  -28.140  -25.913  57.615 0.0000000000
116278  -28.345  -26.790  57.991 0.0000000000
116290  -28.266  -26.634  57.558 0.0000000000
115016  -28.663  -27.507  57.008 0.0000000000
116301  -28.412  -26.740  56.985 0.0000000000
122561  -28.894  -24.222  55.497 0.0000000000
122554  -28.480  -24.337  56.083 0.0000000000
121060  -28.841  -24.827  55.626 0.0000000000
117956  -30.165  -26.162  54.978 0.0000000000
117937  -29.643  -26.302  55.313 0.0000000000
280105  -29.782  -26.919  55.431 0.0000000000
115033  -29.547  -27.448  55.766 0.0000000000
116329  -30.740  -27.279  55.543 0.0000000000
305806  -31.311  -27.466  55.964 0.0000000000
116330  -31.497  -27.010  55.797 0.0000000000
117942  -32.941  -26.646  55.190 0.0000000000
116314  -32.778  -27.025  55.621 0.0000000000
116332  -33.356  -27.057  55.709 0.0000000000
268110  -33.850  -27.214  56.292 0.0000000000
117943  -34.084  -26.944  55.850 0.0000000000
254599  -34.449  -26.740  54.316 0.0000000000
268242  -32.646  -26.280  52.407 0.0000000000
116400  -32.979  -26.404  52.644 0.0000000000
118024  -33.127  -26.798  52.236 0.0000000000
116424  -35.689  -28.270  51.873 0.0000000000
256677  -34.730  -27.880  52.518 0.0000000000
256050  -36.112  -28.039  53.104 0.0000000000
261632  -37.634  -27.842  50.976 0.0000000000
116427  -38.164  -27.681  52.087 0.0000000000
256160  -38.721  -27.588  51.678 0.0000000000
261614  -38.713  -27.668  50.928 0.0000000000
116474  -39.211  -27.443  50.595 0.0000000000
293689  -38.699  -27.539  50.370 0.0000000000
118076  -36.441  -26.159  48.823 0.0000000000
119764  -36.924  -25.504  48.982 0.0000000000
121199  -37.305  -25.049  48.995 0.0000000000
121198  -36.698  -24.803  49.119 0.0000000000
121177  -34.378  -24.852  49.829 0.0000000000
121178  -34.833  -25.150  49.452 0.0000000000
121196  -34.683  -24.519  49.353 0.0000000000
296295  -35.321  -23.111  49.202 0.0000000000
124153  -35.742  -23.390  48.807 0.0000000000
122708  -36.206  -23.852  48.716 0.0000000000
293839  -36.046  -22.952  48.599 0.0000000000
125712  -36.425  -22.106  48.334 0.0000000000
127128  -35.918  -22.055  48.827 0.0000000000
130065  -35.963  -20.417  50.094 0.0000000000
95066  -21.118  -37.157  61.482 0.0000000000
95047  -20.762  -37.415  61.910 0.0000000000
95048  -21.385  -37.384  61.915 0.0000000000
95031  -22.842  -37.644  62.610 0.0000000000
95013  -22.417  -37.743  63.065 0.0000000000
93764  -23.013  -38.102  63.740 0.0000000000
272700  -23.075  -38.195  64.211 0.0000000000
93735  -23.563  -38.268  63.939 0.0000000000
93802  -25.313  -38.586  61.669 0.0000000000
93787  -25.021  -38.552  62.190 0.0000000000
92542  -25.309  -38.726  62.662 0.0000000000
298347  -28.179  -36.194  61.489 0.0000000000
89545  -7.116  -40.222  72.825 0.0000000000
89561  -7.534  -39.897  72.364 0.0000000000
92355  -8.698  -39.052  70.829 0.0000000000
92349  -8.577  -39.005  71.461 0.0000000000
91083  -8.483  -39.599  71.101 0.0000000000
86816  -8.353  -41.662  70.956 0.0000000000
88176  -8.117  -41.108  71.173 0.0000000000
86815  -7.978  -41.596  71.319 0.0000000000
85496  -8.004  -42.362  71.779 0.0000000000
85486  -8.383  -42.849  72.065 0.0000000000
85497  -8.518  -42.675  71.499 0.0000000000
92406  -11.904  -39.037  66.859 0.0000000000
92396  -11.644  -38.827  67.198 0.0000000000
91164  -11.969  -39.488  67.126 0.0000000000
88253  -12.493  -40.956  67.849 0.0000000000
89680  -11.921  -40.596  67.618 0.0000000000
86876  -11.814  -41.061  68.105 0.0000000000
88225  -11.225  -41.120  68.377 0.0000000000
86863  -11.675  -41.662  68.603 0.0000000000
149505  -51.852  -10.661  37.947 0.0000000000
79826  -3.618  -45.023  78.987 0.0000000000
81169  -3.621  -44.642  78.546 0.0000000000
83946  -4.117  -43.787  79.034 0.0000000000
81168  -3.441  -44.128  78.240 0.0000000000
93728  -18.787  -38.741  63.729 0.0000000000
92477  -19.710  -39.053  64.730 0.0000000000
93729  -19.450  -38.809  63.614 0.0000000000
93730  -20.094  -38.670  63.660 0.0000000000
93760  -20.388  -38.311  63.201 0.0000000000
100867  -35.490  -34.928  61.537 0.0000000000
98084  -18.025  -35.760  62.145 0.0000000000
98083  -17.549  -35.650  62.469 0.0000000000
96534  -17.835  -36.304  62.468 0.0000000000
95024  -17.857  -36.869  62.894 0.0000000000
95010  -17.397  -37.051  63.427 0.0000000000
93756  -17.687  -37.876  63.560 0.0000000000
93757  -18.283  -38.268  63.396 0.0000000000
273298  -36.231  -18.882  49.650 0.0000000000
132867  -36.645  -19.503  48.776 0.0000000000
134209  -36.348  -18.476  49.386 0.0000000000
281872  -36.309  -17.507  49.520 0.0000000000
138359  -36.208  -16.529  49.371 0.0000000000
147903  -41.825  -11.948  45.554 0.0000000000
147912  -42.572  -11.160  44.868 0.0000000000
146597  -42.607  -12.141  44.110 0.0000000000
146608  -43.009  -12.119  43.474 0.0000000000
145345  -43.328  -13.207  43.340 0.0000000000
282291  -43.445  -12.052  43.028 0.0000000000
146610  -43.990  -11.999  42.726 0.0000000000
146618  -44.547  -12.006  42.426 0.0000000000
146619  -45.185  -11.988  42.241 0.0000000000
149448  -44.300  -10.706  42.407 0.0000000000
114995  -30.639  -29.122  59.934 0.0000000000
267526  -30.445  -28.623  59.988 0.0000000000
114994  -29.999  -28.349  59.799 0.0000000000
296161  -29.510  -28.043  59.619 0.0000000000
125614  -31.184  -23.107  53.000 0.0000000000
124087  -31.231  -23.872  52.628 0.0000000000
255781  -31.518  -23.322  52.536 0.0000000000
124104  -32.008  -23.480  51.910 0.0000000000
124105  -32.408  -23.292  51.561 0.0000000000
124114  -32.783  -23.137  51.213 0.0000000000
125645  -32.785  -22.784  51.602 0.0000000000
98144  -26.474  -36.385  59.411 0.0000000000
96566  -27.122  -37.307  59.707 0.0000000000
98127  -27.043  -36.690  59.778 0.0000000000
96557  -27.603  -37.046  60.767 0.0000000000
96544  -27.781  -37.167  61.694 0.0000000000
93645  -10.839  -38.079  69.083 0.0000000000
92391  -10.911  -38.882  68.257 0.0000000000
145416  -50.769  -13.184  38.812 0.0000000000
145417  -51.303  -13.175  38.599 0.0000000000
82480  -5.428  -44.404  78.435 0.0000000000
81187  -5.402  -44.771  78.924 0.0000000000
82472  -5.100  -44.904  79.037 0.0000000000
110716  -39.183  -29.500  60.873 0.0000000000
112254  -38.465  -29.102  59.897 0.0000000000
99572  -30.470  -35.530  60.241 0.0000000000
99556  -30.235  -35.440  60.989 0.0000000000
99557  -30.968  -35.710  60.801 0.0000000000
99540  -31.185  -35.672  61.464 0.0000000000
288857  -31.650  -35.879  62.206 0.0000000000
99499  -15.957  -35.096  63.939 0.0000000000
99488  -15.631  -34.991  64.502 0.0000000000
99486  -14.718  -35.224  65.071 0.0000000000
99478  -14.585  -35.123  65.472 0.0000000000
98011  -14.365  -35.520  65.772 0.0000000000
96490  -13.885  -36.514  65.897 0.0000000000
94990  -13.439  -37.253  65.582 0.0000000000
93684  -13.238  -37.864  65.426 0.0000000000
285303  -13.664  -37.610  65.431 0.0000000000
93688  -13.793  -38.145  65.358 0.0000000000
92442  -14.546  -39.105  65.166 0.0000000000
91235  -17.170  -39.790  65.500 0.0000000000
91234  -16.530  -39.638  65.566 0.0000000000
91205  -17.473  -40.108  66.032 0.0000000000
89728  -17.412  -40.274  66.605 0.0000000000
103505  -34.458  -33.327  59.378 0.0000000000
301909  -34.096  -33.025  59.092 0.0000000000
100875  -20.987  -34.307  60.697 0.0000000000
99564  -20.954  -34.805  60.585 0.0000000000
100882  -21.353  -34.470  60.395 0.0000000000
103492  -21.876  -33.281  60.516 0.0000000000
103503  -22.470  -33.284  59.948 0.0000000000
107721  -23.271  -30.435  60.271 0.0000000000
109198  -23.816  -30.098  60.771 0.0000000000
109214  -24.013  -29.991  59.901 0.0000000000
106354  -24.247  -31.890  58.367 0.0000000000
104886  -24.651  -32.327  57.991 0.0000000000
106355  -24.905  -31.695  58.070 0.0000000000
106356  -25.551  -31.626  57.973 0.0000000000
106357  -26.154  -31.696  58.141 0.0000000000
261187  -28.688  -30.449  61.084 0.0000000000
107723  -28.497  -30.501  60.445 0.0000000000
107740  -28.224  -30.695  59.770 0.0000000000
107756  -27.879  -31.045  59.123 0.0000000000
255002  -28.217  -31.761  58.968 0.0000000000
104865  -28.462  -32.435  58.921 0.0000000000
303203  -29.100  -34.073  58.635 0.0000000000
102141  -30.134  -33.940  59.117 0.0000000000
104870  -32.236  -33.006  59.549 0.0000000000
103524  -31.938  -33.412  59.204 0.0000000000
100925  -33.225  -34.597  59.091 0.0000000000
102147  -34.201  -33.892  59.323 0.0000000000
300278  -39.245  -25.964  48.879 0.0000000000
119768  -39.776  -25.739  48.693 0.0000000000
121217  -39.647  -25.020  48.517 0.0000000000
122713  -40.231  -24.417  48.351 0.0000000000
280639  -39.048  -20.465  47.807 0.0000000000
278066  -39.733  -20.987  47.744 0.0000000000
280652  -39.997  -20.501  47.799 0.0000000000
145274  -38.347  -12.742  50.162 0.0000000000
145273  -37.116  -13.197  49.773 0.0000000000
145298  -38.118  -12.765  49.133 0.0000000000
262637  -38.084  -12.871  48.451 0.0000000000
145303  -38.274  -13.080  47.878 0.0000000000
142769  -41.441  -14.004  45.555 0.0000000000
144085  -40.433  -13.791  46.266 0.0000000000
142768  -41.066  -14.401  45.751 0.0000000000
139929  -41.096  -15.339  46.116 0.0000000000
266072  -41.579  -15.903  46.323 0.0000000000
138428  -41.887  -16.416  46.798 0.0000000000
139925  -42.191  -16.277  46.183 0.0000000000
138430  -43.114  -16.686  46.558 0.0000000000
147960  -46.554  -11.455  41.068 0.0000000000
294825  -47.312  -12.431  41.151 0.0000000000
147961  -47.039  -11.511  40.741 0.0000000000
147973  -47.490  -11.560  40.375 0.0000000000
146653  -48.283  -12.040  39.982 0.0000000000
146663  -48.657  -11.961  39.665 0.0000000000
149483  -48.003  -10.935  39.753 0.0000000000
150894  -47.863  -9.972  39.557 0.0000000000
88081  -6.323  -40.824  74.297 0.0000000000
86763  -6.291  -41.458  74.133 0.0000000000
85452  -6.180  -42.149  74.243 0.0000000000
81214  -6.987  -44.458  77.606 0.0000000000
104892  -35.505  -32.418  58.657 0.0000000000
106360  -35.200  -32.086  58.181 0.0000000000
107771  -35.495  -31.635  57.836 0.0000000000
107784  -35.129  -31.358  57.303 0.0000000000
110787  -32.050  -29.963  57.653 0.0000000000
110801  -33.272  -29.820  57.138 0.0000000000
110800  -32.591  -29.835  56.985 0.0000000000
110815  -33.218  -29.501  56.642 0.0000000000
264061  -34.399  -29.230  56.711 0.0000000000
112318  -35.181  -29.043  56.938 0.0000000000
112332  -33.360  -29.029  56.380 0.0000000000
273862  -33.706  -28.576  56.272 0.0000000000
113720  -33.264  -28.117  56.174 0.0000000000
119586  -28.008  -25.603  57.259 0.0000000000
121071  -30.138  -25.055  54.501 0.0000000000
121061  -29.338  -25.190  55.237 0.0000000000
119622  -30.344  -25.700  54.690 0.0000000000
117957  -30.668  -26.358  54.809 0.0000000000
117939  -31.016  -26.733  55.224 0.0000000000
117941  -32.312  -26.504  55.281 0.0000000000
117961  -33.149  -26.429  54.647 0.0000000000
280785  -33.297  -26.326  54.056 0.0000000000
116378  -33.986  -26.749  53.433 0.0000000000
118042  -33.314  -26.683  51.327 0.0000000000
116444  -33.199  -27.122  51.807 0.0000000000
116445  -33.598  -27.487  51.499 0.0000000000
116447  -35.261  -28.155  51.161 0.0000000000
116426  -37.066  -28.056  52.232 0.0000000000
116449  -36.432  -28.117  50.904 0.0000000000
116450  -37.078  -27.893  50.975 0.0000000000
116472  -37.363  -27.693  50.380 0.0000000000
116491  -37.737  -27.391  49.804 0.0000000000
116489  -36.377  -27.534  49.523 0.0000000000
124126  -34.499  -23.049  50.068 0.0000000000
122688  -34.685  -23.886  49.342 0.0000000000
300898  -34.803  -22.737  49.914 0.0000000000
125685  -35.168  -22.575  49.562 0.0000000000
127113  -35.489  -22.023  49.363 0.0000000000
264102  -35.823  -21.512  49.201 0.0000000000
96562  -22.276  -36.682  60.358 0.0000000000
95068  -22.433  -37.347  61.239 0.0000000000
265258  -23.261  -37.616  62.100 0.0000000000
303536  -23.655  -37.667  62.221 0.0000000000
89614  -8.954  -40.422  70.173 0.0000000000
280742  -8.546  -40.208  70.783 0.0000000000
88194  -8.923  -41.132  70.315 0.0000000000
86828  -8.782  -41.725  70.525 0.0000000000
85508  -8.686  -42.383  70.894 0.0000000000
84176  -9.057  -42.980  71.261 0.0000000000
85509  -9.269  -42.775  70.744 0.0000000000
89700  -12.769  -40.300  66.925 0.0000000000
88254  -12.904  -40.794  67.312 0.0000000000
255211  -13.147  -41.163  67.821 0.0000000000
88240  -12.867  -41.445  68.272 0.0000000000
107697  -38.768  -31.309  61.581 0.0000000000
106302  -38.459  -31.120  60.332 0.0000000000
289926  -18.998  -39.948  66.832 0.0000000000
258680  -19.558  -40.009  66.786 0.0000000000
297279  -20.266  -39.717  66.122 0.0000000000
91210  -20.737  -39.502  66.399 0.0000000000
258880  -20.166  -39.161  65.228 0.0000000000
92449  -20.800  -39.113  65.321 0.0000000000
98131  -32.945  -36.002  60.608 0.0000000000
98117  -32.625  -36.081  61.124 0.0000000000
100844  -17.127  -34.726  63.414 0.0000000000
98082  -17.118  -35.459  62.747 0.0000000000
99510  -16.751  -35.148  63.071 0.0000000000
99500  -16.553  -34.898  63.591 0.0000000000
284699  -15.819  -35.740  63.755 0.0000000000
95003  -15.690  -36.761  64.073 0.0000000000
96509  -15.006  -36.940  64.324 0.0000000000
93702  -15.346  -38.142  64.656 0.0000000000
94997  -15.680  -37.561  64.366 0.0000000000
92473  -17.036  -38.956  64.670 0.0000000000
257243  -17.452  -38.237  63.969 0.0000000000
93705  -17.276  -38.552  64.360 0.0000000000
92446  -17.489  -39.502  64.941 0.0000000000
91236  -17.824  -39.828  65.564 0.0000000000
91207  -18.543  -39.699  65.826 0.0000000000
104871  -32.746  -32.871  59.375 0.0000000000
106296  -29.717  -31.303  60.274 0.0000000000
267314  -29.692  -31.681  59.576 0.0000000000
106343  -30.177  -32.158  59.301 0.0000000000
106319  -30.799  -32.265  59.611 0.0000000000
104844  -31.360  -32.458  59.563 0.0000000000
106320  -31.383  -32.215  59.995 0.0000000000
278308  -37.264  -22.775  48.004 0.0000000000
124186  -38.017  -23.389  47.944 0.0000000000
127145  -37.394  -22.351  47.889 0.0000000000
128642  -38.071  -21.306  47.788 0.0000000000
130108  -37.969  -20.297  47.816 0.0000000000
132868  -36.945  -19.087  48.654 0.0000000000
131519  -37.523  -19.909  47.961 0.0000000000
131520  -38.147  -19.734  47.900 0.0000000000
132888  -38.773  -19.466  47.918 0.0000000000
135746  -38.581  -18.012  48.095 0.0000000000
271950  -38.855  -17.434  48.088 0.0000000000
146557  -39.551  -11.988  47.818 0.0000000000
147882  -40.505  -11.740  47.491 0.0000000000
146574  -40.905  -12.378  46.663 0.0000000000
146579  -41.234  -12.657  46.135 0.0000000000
146588  -41.766  -12.609  45.300 0.0000000000
145321  -41.487  -13.002  45.613 0.0000000000
144087  -41.426  -13.429  45.593 0.0000000000
144094  -41.618  -13.702  45.178 0.0000000000
142777  -42.070  -14.289  44.613 0.0000000000
141435  -43.109  -14.934  44.501 0.0000000000
139953  -43.954  -15.685  44.598 0.0000000000
141436  -43.692  -15.102  44.406 0.0000000000
141457  -44.002  -14.699  44.063 0.0000000000
141458  -44.635  -14.951  43.655 0.0000000000
145349  -43.824  -13.105  43.148 0.0000000000
142812  -44.823  -13.946  43.216 0.0000000000
142799  -45.671  -14.734  43.074 0.0000000000
145360  -46.848  -12.905  42.014 0.0000000000
146629  -46.606  -12.345  41.653 0.0000000000
147942  -45.605  -11.675  41.913 0.0000000000
147951  -45.978  -11.306  41.397 0.0000000000
147952  -46.390  -11.876  41.362 0.0000000000
294928  -46.329  -10.976  41.007 0.0000000000
85472  -7.556  -42.641  72.930 0.0000000000
85463  -7.032  -42.494  73.557 0.0000000000
84133  -7.531  -43.107  73.413 0.0000000000
82620  -8.164  -43.937  74.171 0.0000000000
256486  -33.253  -29.866  58.960 0.0000000000
110777  -33.625  -30.076  58.082 0.0000000000
110774  -31.823  -30.006  58.305 0.0000000000
113670  -30.828  -29.648  58.998 0.0000000000
110773  -31.370  -29.856  57.990 0.0000000000
112305  -30.956  -29.727  57.685 0.0000000000
112316  -30.833  -29.700  57.092 0.0000000000
270118  -30.123  -28.971  56.954 0.0000000000
124037  -29.249  -23.241  55.543 0.0000000000
124047  -29.052  -23.738  55.319 0.0000000000
125576  -29.735  -22.955  54.688 0.0000000000
124058  -29.754  -23.429  54.352 0.0000000000
122569  -29.561  -24.047  54.543 0.0000000000
121082  -30.396  -24.695  54.062 0.0000000000
121083  -30.760  -25.178  53.728 0.0000000000
119653  -31.191  -25.399  53.435 0.0000000000
119654  -31.538  -25.719  53.214 0.0000000000
119671  -31.801  -25.399  52.754 0.0000000000
118023  -32.557  -25.977  51.988 0.0000000000
122613  -31.580  -24.340  52.384 0.0000000000
119691  -32.289  -25.374  51.974 0.0000000000
282220  -32.860  -26.141  51.524 0.0000000000
119709  -33.182  -25.747  51.040 0.0000000000
119725  -33.725  -26.250  50.672 0.0000000000
119726  -34.076  -25.872  50.141 0.0000000000
118073  -34.530  -26.206  49.748 0.0000000000
121163  -34.079  -25.144  50.176 0.0000000000
121176  -34.078  -24.571  50.181 0.0000000000
124115  -33.141  -23.346  50.857 0.0000000000
125656  -33.669  -23.053  50.726 0.0000000000
124138  -34.050  -23.431  50.244 0.0000000000
125657  -34.253  -22.837  50.604 0.0000000000
125648  -34.760  -22.463  51.206 0.0000000000
96572  -24.336  -37.184  59.338 0.0000000000
256530  -24.333  -37.723  60.449 0.0000000000
95085  -24.953  -37.957  60.195 0.0000000000
93832  -25.262  -38.307  60.598 0.0000000000
92559  -25.883  -38.785  61.539 0.0000000000
93834  -26.754  -38.247  60.399 0.0000000000
92569  -26.513  -38.730  61.477 0.0000000000
296984  -8.925  -39.046  70.141 0.0000000000
93632  -10.126  -38.266  69.941 0.0000000000
92362  -9.343  -39.064  69.728 0.0000000000
91112  -9.160  -39.707  69.760 0.0000000000
89636  -9.469  -40.327  69.704 0.0000000000
295279  -9.779  -40.705  69.586 0.0000000000
88210  -10.427  -41.429  69.167 0.0000000000
88243  -15.016  -41.293  68.414 0.0000000000
84005  -5.603  -43.076  76.819 0.0000000000
86713  -5.129  -41.984  77.470 0.0000000000
85384  -5.114  -42.800  77.417 0.0000000000
293003  -4.940  -42.991  77.773 0.0000000000
85383  -4.829  -42.358  77.933 0.0000000000
82487  -5.011  -43.820  78.175 0.0000000000
85369  -4.745  -42.305  78.024 0.0000000000
83959  -4.387  -42.666  78.534 0.0000000000
145255  -37.842  -13.176  51.549 0.0000000000
146516  -39.367  -12.348  50.638 0.0000000000
146528  -39.410  -11.826  50.236 0.0000000000
149368  -39.709  -10.917  49.782 0.0000000000
116273  -37.564  -27.869  58.830 0.0000000000
100884  -27.975  -35.864  59.938 0.0000000000
99552  -28.102  -35.974  60.455 0.0000000000
100876  -28.274  -35.906  60.552 0.0000000000
100866  -28.563  -35.785  61.153 0.0000000000
291899  -32.444  -36.047  61.638 0.0000000000
97960  -12.640  -35.714  67.772 0.0000000000
261221  -12.488  -36.510  67.589 0.0000000000
284353  -11.974  -37.196  67.789 0.0000000000
94971  -11.713  -37.632  67.704 0.0000000000
94972  -11.957  -37.643  67.292 0.0000000000
93672  -11.841  -38.345  67.008 0.0000000000
93676  -12.250  -38.631  66.433 0.0000000000
92419  -13.029  -38.395  65.590 0.0000000000
272997  -12.676  -39.234  66.232 0.0000000000
91183  -12.742  -39.788  66.634 0.0000000000
89722  -13.108  -40.181  66.645 0.0000000000
89723  -13.633  -40.414  66.598 0.0000000000
89702  -14.654  -41.003  67.277 0.0000000000
92470  -14.947  -38.642  64.857 0.0000000000
291848  -15.160  -39.595  65.537 0.0000000000
91203  -15.642  -39.898  66.068 0.0000000000
282670  -14.945  -39.952  65.940 0.0000000000
89725  -15.023  -40.633  66.852 0.0000000000
89703  -15.165  -41.203  67.802 0.0000000000
149504  -51.274  -11.059  38.018 0.0000000000
102105  -36.112  -33.995  61.024 0.0000000000
102114  -36.515  -33.723  60.641 0.0000000000
103507  -36.009  -33.505  59.614 0.0000000000
254719  -34.868  -33.199  59.320 0.0000000000
104873  -35.158  -32.946  58.921 0.0000000000
107743  -34.418  -30.628  59.547 0.0000000000
109241  -33.769  -30.602  58.238 0.0000000000
110749  -32.747  -29.775  59.571 0.0000000000
113655  -31.639  -29.564  60.088 0.0000000000
113656  -32.455  -29.222  60.667 0.0000000000
95045  -19.297  -37.248  61.894 0.0000000000
257460  -19.676  -37.543  62.040 0.0000000000
95046  -19.781  -37.152  61.534 0.0000000000
96553  -20.857  -36.738  61.111 0.0000000000
98122  -21.672  -35.779  60.473 0.0000000000
96561  -21.788  -36.492  60.476 0.0000000000
98124  -22.391  -36.428  59.920 0.0000000000
99568  -22.558  -36.154  59.487 0.0000000000
98140  -23.121  -36.497  59.130 0.0000000000
103481  -22.154  -32.250  60.923 0.0000000000
285346  -22.401  -31.917  60.361 0.0000000000
103493  -22.589  -32.574  60.265 0.0000000000
106315  -23.000  -30.939  59.830 0.0000000000
104843  -22.794  -32.140  59.879 0.0000000000
305846  -22.777  -33.494  59.392 0.0000000000
102121  -22.938  -33.977  58.980 0.0000000000
99601  -23.112  -35.309  58.611 0.0000000000
99581  -23.490  -36.060  58.666 0.0000000000
98157  -24.359  -36.198  58.493 0.0000000000
99603  -24.954  -35.626  58.396 0.0000000000
99604  -25.801  -35.906  58.047 0.0000000000
102156  -25.059  -33.787  57.853 0.0000000000
284967  -25.935  -34.952  57.876 0.0000000000
99618  -26.073  -35.497  58.036 0.0000000000
100895  -26.485  -35.256  59.005 0.0000000000
100896  -26.902  -35.347  59.319 0.0000000000
102122  -27.335  -35.334  59.332 0.0000000000
110729  -26.264  -29.423  60.194 0.0000000000
109217  -26.347  -30.183  59.251 0.0000000000
107754  -26.404  -30.947  58.800 0.0000000000
104889  -26.655  -31.812  58.417 0.0000000000
282789  -27.332  -31.149  58.824 0.0000000000
106340  -27.140  -31.826  58.570 0.0000000000
104863  -26.952  -32.506  58.361 0.0000000000
102137  -27.080  -34.071  58.826 0.0000000000
285400  -27.378  -34.730  59.056 0.0000000000
100897  -27.734  -35.374  59.365 0.0000000000
263454  -28.113  -35.434  59.472 0.0000000000
100887  -29.345  -35.344  59.873 0.0000000000
100920  -29.315  -34.528  58.767 0.0000000000
100900  -29.605  -34.912  59.349 0.0000000000
99584  -30.063  -35.269  59.745 0.0000000000
264623  -30.702  -35.526  59.594 0.0000000000
98146  -31.484  -36.227  59.466 0.0000000000
257245  -30.364  -32.694  59.134 0.0000000000
103522  -30.624  -33.385  59.152 0.0000000000
102142  -30.608  -34.168  59.149 0.0000000000
102143  -31.569  -33.965  59.104 0.0000000000
267571  -31.113  -34.661  59.041 0.0000000000
100902  -31.419  -35.437  58.916 0.0000000000
99587  -31.714  -36.030  59.106 0.0000000000
98148  -32.676  -35.963  59.953 0.0000000000
98132  -33.342  -35.822  60.202 0.0000000000
99574  -33.934  -35.607  60.443 0.0000000000
271011  -34.519  -35.243  60.679 0.0000000000
100905  -34.095  -35.027  59.746 0.0000000000
100906  -34.550  -34.898  60.144 0.0000000000
99560  -34.986  -35.012  61.180 0.0000000000
100878  -35.332  -34.662  61.144 0.0000000000
100888  -35.521  -34.242  60.855 0.0000000000
100855  -18.922  -34.398  62.329 0.0000000000
102090  -19.557  -34.320  62.170 0.0000000000
100862  -18.707  -34.812  62.023 0.0000000000
98098  -18.583  -35.868  61.907 0.0000000000
96542  -18.756  -36.469  61.829 0.0000000000
119749  -41.209  -26.217  49.196 0.0000000000
124187  -38.701  -23.343  47.756 0.0000000000
124189  -39.954  -23.303  47.827 0.0000000000
124174  -40.540  -23.711  47.865 0.0000000000
270756  -40.089  -21.560  47.709 0.0000000000
141354  -36.287  -15.263  50.522 0.0000000000
141364  -36.355  -15.196  49.911 0.0000000000
139877  -36.768  -15.525  49.059 0.0000000000
144040  -36.924  -13.668  49.310 0.0000000000
141375  -36.888  -14.970  48.910 0.0000000000
139889  -37.289  -15.906  48.266 0.0000000000
138383  -37.620  -16.319  48.153 0.0000000000
138384  -38.162  -16.364  48.029 0.0000000000
137077  -39.111  -16.890  48.000 0.0000000000
146564  -39.333  -12.529  47.380 0.0000000000
144071  -39.087  -13.103  47.238 0.0000000000
144070  -38.976  -13.668  47.195 0.0000000000
142762  -40.031  -14.346  46.471 0.0000000000
142760  -39.283  -14.122  47.039 0.0000000000
141398  -38.851  -14.777  47.570 0.0000000000
139901  -39.072  -15.381  47.719 0.0000000000
138408  -39.756  -16.236  47.802 0.0000000000
285332  -40.017  -17.231  48.013 0.0000000000
135750  -41.254  -17.802  48.139 0.0000000000
138391  -42.724  -17.055  47.584 0.0000000000
144186  -50.129  -13.278  39.089 0.0000000000
146664  -49.042  -12.104  39.448 0.0000000000
145415  -49.746  -12.703  39.011 0.0000000000
146673  -50.377  -12.706  38.743 0.0000000000
146672  -49.961  -12.167  38.668 0.0000000000
149493  -49.737  -10.596  38.653 0.0000000000
150908  -49.959  -10.056  38.692 0.0000000000
153517  -49.610  -8.579  39.397 0.0000000000
85410  -5.396  -42.470  76.219 0.0000000000
85453  -6.704  -42.786  74.078 0.0000000000
85443  -6.343  -42.932  74.524 0.0000000000
296734  -6.133  -42.963  75.025 0.0000000000
84051  -6.944  -43.910  75.666 0.0000000000
85411  -5.791  -42.831  75.942 0.0000000000
84027  -5.656  -43.038  76.545 0.0000000000
296901  -6.070  -44.372  78.014 0.0000000000
81204  -6.383  -44.557  78.280 0.0000000000
81196  -6.182  -44.651  78.467 0.0000000000
103482  -37.214  -33.689  60.728 0.0000000000
104875  -36.390  -32.344  59.268 0.0000000000
104849  -37.391  -32.271  59.608 0.0000000000
107727  -38.001  -31.439  59.989 0.0000000000
109203  -38.409  -30.845  59.682 0.0000000000
109250  -33.696  -30.861  57.163 0.0000000000
107799  -34.157  -31.156  56.546 0.0000000000
264703  -35.319  -30.894  57.057 0.0000000000
109262  -34.930  -30.703  56.621 0.0000000000
109242  -36.237  -30.804  57.918 0.0000000000
259940  -37.634  -30.837  58.850 0.0000000000
109221  -38.109  -30.512  59.195 0.0000000000
110765  -38.025  -29.750  59.233 0.0000000000
112283  -37.769  -29.271  59.085 0.0000000000
263670  -37.670  -29.052  58.934 0.0000000000
112306  -35.598  -29.173  57.402 0.0000000000
267374  -36.588  -29.139  58.055 0.0000000000
113671  -37.240  -28.730  58.350 0.0000000000
114996  -37.320  -28.092  58.390 0.0000000000
115004  -36.849  -28.062  58.068 0.0000000000
116280  -29.120  -27.906  59.040 0.0000000000
117839  -28.241  -26.063  59.014 0.0000000000
116279  -28.703  -27.308  58.358 0.0000000000
115001  -29.062  -27.928  58.330 0.0000000000
115010  -29.246  -28.239  57.912 0.0000000000
113717  -29.377  -28.547  56.721 0.0000000000
113718  -30.096  -28.602  56.510 0.0000000000
122547  -28.128  -24.815  56.498 0.0000000000
119601  -28.614  -25.739  56.207 0.0000000000
119613  -29.352  -25.744  55.423 0.0000000000
117936  -29.037  -26.072  55.762 0.0000000000
117919  -28.685  -26.423  56.270 0.0000000000
291978  -28.877  -27.142  56.344 0.0000000000
270254  -29.728  -28.134  56.117 0.0000000000
115025  -30.414  -28.213  56.091 0.0000000000
275555  -31.525  -28.224  55.872 0.0000000000
113730  -32.129  -28.207  55.765 0.0000000000
115026  -32.956  -27.622  56.086 0.0000000000
116331  -32.210  -27.083  55.727 0.0000000000
297235  -32.710  -27.314  55.901 0.0000000000
115027  -33.465  -27.572  56.264 0.0000000000
116316  -34.290  -27.431  56.654 0.0000000000
116292  -35.053  -27.388  57.383 0.0000000000
117858  -36.116  -27.368  57.836 0.0000000000
290976  -35.041  -26.909  55.286 0.0000000000
117995  -32.297  -25.881  53.286 0.0000000000
117997  -33.396  -26.637  52.993 0.0000000000
116379  -34.613  -27.136  53.377 0.0000000000
290937  -33.800  -27.430  52.474 0.0000000000
116402  -34.357  -27.512  52.754 0.0000000000
116494  -39.630  -27.005  50.289 0.0000000000
118080  -39.357  -26.621  49.736 0.0000000000
118078  -38.087  -26.876  49.399 0.0000000000
119746  -38.357  -26.321  49.127 0.0000000000
119766  -38.083  -25.743  48.962 0.0000000000
121214  -37.607  -24.660  48.673 0.0000000000
122709  -37.308  -24.105  48.697 0.0000000000
119743  -35.014  -25.791  49.406 0.0000000000
121179  -35.516  -25.239  49.111 0.0000000000
285327  -36.102  -24.863  49.100 0.0000000000
122689  -34.977  -24.255  48.950 0.0000000000
121197  -35.548  -24.608  48.979 0.0000000000
122692  -36.773  -24.195  48.989 0.0000000000
124170  -36.829  -23.677  48.573 0.0000000000
124171  -37.437  -23.566  48.330 0.0000000000
125713  -36.887  -22.498  48.077 0.0000000000
128639  -36.583  -21.516  48.221 0.0000000000
130095  -36.432  -20.498  48.720 0.0000000000
130083  -36.113  -20.472  49.379 0.0000000000
131503  -36.456  -19.980  49.099 0.0000000000
278200  -36.058  -18.723  50.345 0.0000000000
134186  -35.680  -18.086  50.634 0.0000000000
290043  -20.010  -37.753  62.277 0.0000000000
93781  -20.726  -37.881  62.841 0.0000000000
93761  -21.018  -38.107  63.343 0.0000000000
95049  -22.015  -37.408  61.896 0.0000000000
93783  -21.894  -37.715  62.976 0.0000000000
93733  -21.996  -38.166  63.878 0.0000000000
93708  -22.215  -38.300  64.522 0.0000000000
95070  -24.123  -37.729  61.166 0.0000000000
93801  -24.469  -38.138  62.161 0.0000000000
93766  -24.470  -38.459  63.249 0.0000000000
92506  -25.580  -39.100  64.148 0.0000000000
93737  -24.769  -38.703  63.703 0.0000000000
93736  -24.211  -38.497  63.813 0.0000000000
92481  -24.373  -38.763  64.926 0.0000000000
293958  -27.844  -36.273  61.203 0.0000000000
96545  -27.944  -36.794  61.747 0.0000000000
89530  -7.111  -39.952  73.455 0.0000000000
88120  -7.044  -41.042  72.750 0.0000000000
89594  -8.190  -40.080  71.307 0.0000000000
89575  -7.898  -39.982  71.829 0.0000000000
89574  -7.574  -40.541  71.941 0.0000000000
88140  -7.378  -41.167  72.162 0.0000000000
86784  -7.287  -41.877  72.463 0.0000000000
85485  -7.772  -42.532  72.252 0.0000000000
84149  -8.210  -43.070  72.615 0.0000000000
84163  -8.974  -43.077  71.873 0.0000000000
92395  -11.241  -38.645  67.736 0.0000000000
91148  -11.228  -39.347  67.945 0.0000000000
89698  -11.699  -39.895  67.658 0.0000000000
263431  -11.187  -39.955  68.134 0.0000000000
89659  -10.752  -40.065  68.551 0.0000000000
88224  -10.628  -40.833  68.699 0.0000000000
86862  -10.996  -41.577  68.821 0.0000000000
86846  -10.835  -42.031  69.351 0.0000000000
88228  -14.278  -41.473  68.779 0.0000000000
88227  -13.740  -41.586  68.879 0.0000000000
257620  -11.830  -42.180  69.501 0.0000000000
85532  -11.265  -42.357  69.633 0.0000000000
85531  -10.578  -42.632  69.765 0.0000000000
148003  -51.545  -11.644  37.936 0.0000000000
81178  -4.966  -45.118  79.272 0.0000000000
81171  -4.598  -44.975  79.079 0.0000000000
79827  -4.145  -45.113  79.485 0.0000000000
82464  -4.290  -44.619  78.971 0.0000000000
82470  -4.268  -43.886  78.913 0.0000000000
261606  -3.993  -42.982  79.119 0.0000000000
81186  -2.922  -44.529  78.565 0.0000000000
82477  -3.088  -43.655  78.156 0.0000000000
82469  -3.196  -43.801  78.103 0.0000000000
83944  -3.515  -42.816  78.697 0.0000000000
81177  -3.467  -44.938  78.803 0.0000000000
82462  -3.848  -44.091  78.617 0.0000000000
82463  -3.879  -44.182  78.746 0.0000000000
84091  -7.558  -43.792  74.112 0.0000000000
84113  -7.853  -43.621  73.678 0.0000000000
86805  -7.808  -41.887  71.651 0.0000000000
88063  -6.271  -40.756  74.753 0.0000000000
88100  -6.524  -40.998  73.763 0.0000000000
88161  -7.684  -41.230  71.628 0.0000000000
88193  -8.559  -41.130  70.794 0.0000000000
88209  -9.931  -41.274  69.517 0.0000000000
88226  -13.191  -41.598  68.717 0.0000000000
88241  -13.719  -41.275  67.940 0.0000000000
88256  -14.110  -41.154  67.600 0.0000000000
89678  -11.085  -40.547  68.278 0.0000000000
89679  -11.494  -40.492  67.927 0.0000000000
89706  -17.635  -40.403  67.223 0.0000000000
89752  -14.652  -40.291  66.305 0.0000000000
89754  -16.058  -40.351  66.491 0.0000000000
89755  -16.767  -40.310  66.486 0.0000000000
91147  -10.815  -39.429  68.410 0.0000000000
91165  -12.456  -39.817  66.982 0.0000000000
91187  -20.232  -39.796  66.755 0.0000000000
91209  -19.745  -39.829  66.207 0.0000000000
91233  -15.864  -39.590  65.569 0.0000000000
92370  -9.829  -38.788  69.635 0.0000000000
92418  -12.633  -38.572  65.875 0.0000000000
92441  -13.958  -38.723  65.235 0.0000000000
92450  -21.422  -38.910  65.387 0.0000000000
92451  -22.715  -38.681  65.588 0.0000000000
92474  -17.528  -39.028  64.576 0.0000000000
92479  -21.820  -38.475  65.000 0.0000000000
92501  -19.264  -38.931  64.232 0.0000000000
92504  -24.576  -38.712  64.265 0.0000000000
92505  -25.055  -38.862  64.081 0.0000000000
92527  -25.594  -38.927  63.135 0.0000000000
92543  -25.587  -38.802  62.111 0.0000000000
92560  -26.187  -38.909  62.009 0.0000000000
92561  -26.805  -38.801  61.912 0.0000000000
93665  -11.341  -37.934  67.961 0.0000000000
93683  -12.804  -37.971  65.758 0.0000000000
93704  -16.682  -38.431  64.393 0.0000000000
93706  -21.032  -38.593  64.334 0.0000000000
93709  -22.808  -38.311  64.608 0.0000000000
93710  -23.382  -38.354  64.581 0.0000000000
93711  -23.990  -38.495  64.438 0.0000000000
93731  -20.702  -38.426  63.806 0.0000000000
93734  -22.604  -38.171  64.090 0.0000000000
93762  -22.087  -37.959  63.372 0.0000000000
93782  -21.337  -37.779  62.923 0.0000000000
93784  -23.555  -37.768  62.762 0.0000000000
93785  -24.193  -38.087  62.758 0.0000000000
93786  -24.721  -38.482  62.705 0.0000000000
93815  -25.007  -38.296  61.276 0.0000000000
93816  -25.585  -38.573  61.050 0.0000000000
93817  -26.271  -38.594  60.947 0.0000000000
93818  -26.963  -38.307  61.024 0.0000000000
94980  -12.451  -37.072  66.575 0.0000000000
95014  -22.955  -37.860  63.210 0.0000000000
95025  -18.343  -37.296  62.709 0.0000000000
95027  -20.170  -37.490  61.882 0.0000000000
95029  -21.655  -37.493  62.473 0.0000000000
95030  -22.242  -37.549  62.506 0.0000000000
95032  -23.980  -37.785  62.258 0.0000000000
95033  -27.754  -37.820  61.735 0.0000000000
95052  -24.164  -37.811  61.797 0.0000000000
95053  -24.542  -37.975  61.542 0.0000000000
95069  -23.084  -37.550  61.406 0.0000000000
95083  -22.937  -37.405  60.743 0.0000000000
95087  -27.092  -37.890  59.909 0.0000000000
95098  -24.625  -37.644  59.737 0.0000000000
96471  -12.625  -36.739  66.966 0.0000000000
96498  -13.717  -36.911  65.680 0.0000000000
96499  -14.086  -36.813  65.466 0.0000000000
96543  -19.195  -36.799  61.645 0.0000000000
96552  -20.244  -36.684  61.198 0.0000000000
96554  -21.467  -36.851  60.995 0.0000000000
96555  -22.036  -37.026  60.818 0.0000000000
96556  -22.490  -37.160  60.631 0.0000000000
96565  -24.007  -37.411  59.991 0.0000000000
96567  -27.420  -37.081  60.085 0.0000000000
96573  -25.183  -37.350  59.177 0.0000000000
96574  -25.960  -37.476  59.172 0.0000000000
98009  -13.558  -36.169  66.245 0.0000000000
98026  -14.210  -36.237  65.594 0.0000000000
98054  -15.596  -36.128  63.970 0.0000000000
98068  -16.632  -36.206  63.165 0.0000000000
98101  -27.727  -36.716  61.318 0.0000000000
98102  -28.057  -36.439  61.612 0.0000000000
98103  -28.373  -36.101  61.851 0.0000000000
98112  -20.597  -36.222  60.846 0.0000000000
98125  -22.907  -36.770  59.697 0.0000000000
98141  -23.916  -36.692  58.877 0.0000000000
98147  -31.999  -36.241  59.640 0.0000000000
98158  -25.178  -36.148  58.614 0.0000000000
98159  -25.800  -36.312  58.875 0.0000000000
99487  -15.158  -35.113  64.802 0.0000000000
99511  -17.178  -34.918  62.957 0.0000000000
99520  -17.471  -34.999  62.634 0.0000000000
99521  -17.831  -35.082  62.240 0.0000000000
99533  -18.342  -35.205  62.000 0.0000000000
99534  -18.914  -35.309  61.807 0.0000000000
99566  -21.905  -35.440  60.129 0.0000000000
99567  -22.183  -35.797  59.850 0.0000000000
99580  -22.799  -35.815  59.043 0.0000000000
99582  -26.739  -35.780  59.414 0.0000000000
99590  -34.228  -35.342  60.131 0.0000000000
99602  -23.953  -35.576  58.409 0.0000000000
99605  -26.214  -35.839  58.779 0.0000000000
99617  -25.747  -35.445  57.843 0.0000000000
100834  -17.115  -34.581  64.066 0.0000000000
100863  -19.207  -34.747  61.865 0.0000000000
100865  -20.232  -34.397  61.415 0.0000000000
100874  -20.534  -34.424  60.915 0.0000000000
100879  -35.794  -34.454  61.337 0.0000000000
100893  -22.185  -34.772  59.407 0.0000000000
100894  -22.680  -34.656  58.955 0.0000000000
100918  -23.265  -34.562  58.601 0.0000000000
100936  -25.584  -34.921  57.869 0.0000000000
100937  -26.300  -34.756  58.532 0.0000000000
102091  -20.129  -34.206  61.918 0.0000000000
102097  -37.629  -33.665  62.023 0.0000000000
102103  -21.191  -33.932  60.713 0.0000000000
102106  -36.756  -33.840  61.261 0.0000000000
102111  -21.561  -33.936  60.292 0.0000000000
102155  -24.289  -33.807  58.238 0.0000000000
102167  -25.347  -33.172  57.748 0.0000000000
103495  -36.918  -33.672  60.207 0.0000000000
103504  -22.926  -32.905  59.686 0.0000000000
103508  -37.076  -33.396  59.623 0.0000000000
103516  -26.700  -33.085  58.385 0.0000000000
103517  -27.074  -33.314  58.573 0.0000000000
103520  -28.599  -33.650  58.657 0.0000000000
103537  -23.454  -33.251  58.636 0.0000000000
103540  -25.970  -33.052  57.763 0.0000000000
104861  -23.224  -32.518  59.272 0.0000000000
104862  -23.619  -32.164  58.787 0.0000000000
104903  -25.074  -32.682  57.830 0.0000000000
104904  -25.529  -32.678  57.762 0.0000000000
106267  -38.537  -31.925  61.299 0.0000000000
106338  -24.520  -31.232  58.430 0.0000000000
106339  -25.788  -31.086  58.341 0.0000000000
106341  -27.650  -31.784  58.758 0.0000000000
106346  -36.116  -32.103  58.918 0.0000000000
107682  -39.300  -31.017  62.642 0.0000000000
107714  -38.387  -31.315  61.001 0.0000000000
107736  -23.672  -30.530  59.511 0.0000000000
107752  -24.121  -30.778  58.905 0.0000000000
107753  -24.982  -30.667  58.614 0.0000000000
107759  -37.863  -31.193  59.361 0.0000000000
107768  -25.162  -31.220  58.224 0.0000000000
107769  -26.381  -31.310  58.445 0.0000000000
107785  -35.710  -31.115  57.605 0.0000000000
107800  -34.820  -31.168  56.771 0.0000000000
109192  -39.133  -30.262  60.788 0.0000000000
109200  -27.306  -29.871  60.371 0.0000000000
109231  -26.514  -30.564  59.173 0.0000000000
109232  -26.936  -30.772  59.102 0.0000000000
109243  -36.760  -30.433  58.191 0.0000000000
109251  -33.900  -30.058  57.154 0.0000000000
109252  -35.387  -30.271  57.204 0.0000000000
110710  -25.276  -28.886  61.105 0.0000000000
110715  -38.994  -29.782  60.394 0.0000000000
110732  -38.505  -30.111  59.555 0.0000000000
110746  -25.053  -29.414  60.187 0.0000000000
110747  -25.666  -29.492  59.824 0.0000000000
110748  -26.347  -29.788  59.574 0.0000000000
110764  -37.564  -29.717  58.780 0.0000000000
110775  -32.418  -29.987  58.296 0.0000000000
110786  -31.402  -29.798  57.322 0.0000000000
110798  -31.233  -29.811  56.654 0.0000000000
110803  -34.468  -29.723  56.946 0.0000000000
110812  -31.234  -29.522  56.140 0.0000000000
110813  -31.654  -29.700  56.334 0.0000000000
110814  -32.577  -29.534  56.417 0.0000000000
110830  -32.064  -29.478  56.192 0.0000000000
112243  -38.843  -29.186  60.376 0.0000000000
112268  -38.139  -29.196  59.523 0.0000000000
112282  -37.356  -29.279  58.625 0.0000000000
112291  -30.375  -29.284  58.278 0.0000000000
112304  -30.479  -29.463  57.683 0.0000000000
112315  -30.410  -29.299  56.940 0.0000000000
112317  -34.835  -28.881  56.645 0.0000000000
112329  -30.510  -28.988  56.518 0.0000000000
112333  -33.843  -29.098  56.577 0.0000000000
112348  -31.938  -29.086  55.887 0.0000000000
113643  -38.698  -28.487  60.112 0.0000000000
113657  -38.078  -28.735  59.250 0.0000000000
113658  -38.406  -28.210  59.662 0.0000000000
113683  -36.058  -29.123  57.673 0.0000000000
113684  -36.936  -28.423  58.099 0.0000000000
113697  -35.907  -28.619  57.384 0.0000000000
113707  -29.888  -28.966  57.058 0.0000000000
113719  -30.597  -28.618  56.304 0.0000000000
113721  -34.229  -28.227  56.418 0.0000000000
113729  -31.189  -28.342  55.981 0.0000000000
113731  -32.686  -28.173  55.974 0.0000000000
113732  -32.978  -28.725  56.099 0.0000000000
115003  -36.364  -28.204  57.786 0.0000000000
115011  -35.498  -28.146  57.136 0.0000000000
115017  -29.092  -28.093  57.218 0.0000000000
115019  -35.108  -28.079  56.791 0.0000000000
115028  -33.971  -27.682  56.455 0.0000000000
115034  -30.198  -27.753  55.673 0.0000000000
115037  -32.441  -27.648  55.879 0.0000000000
116263  -37.700  -27.405  59.301 0.0000000000
116269  -28.806  -27.121  59.174 0.0000000000
116282  -36.433  -27.756  57.912 0.0000000000
116283  -37.117  -28.071  58.255 0.0000000000
116291  -28.433  -27.125  57.578 0.0000000000
116293  -35.782  -27.750  57.553 0.0000000000
116294  -36.134  -27.859  57.722 0.0000000000
116302  -34.440  -27.251  56.740 0.0000000000
116303  -34.704  -27.439  57.064 0.0000000000
116328  -30.081  -27.302  55.341 0.0000000000
116361  -33.952  -26.523  53.942 0.0000000000
116362  -34.535  -26.869  53.896 0.0000000000
116403  -35.018  -27.572  53.073 0.0000000000
116421  -33.458  -27.380  52.090 0.0000000000
116423  -34.937  -28.101  51.894 0.0000000000
116425  -36.404  -28.222  51.857 0.0000000000
116446  -34.382  -27.853  51.106 0.0000000000
116448  -35.905  -28.237  51.235 0.0000000000
116451  -38.138  -27.781  51.296 0.0000000000
116469  -34.442  -27.367  50.325 0.0000000000
116471  -36.747  -27.824  50.262 0.0000000000
116490  -37.069  -27.483  49.635 0.0000000000
116492  -38.398  -27.331  49.906 0.0000000000
117856  -28.230  -26.679  58.677 0.0000000000
117878  -28.232  -26.254  57.937 0.0000000000
117880  -35.177  -27.093  57.264 0.0000000000
117881  -35.605  -27.400  57.582 0.0000000000
117900  -28.202  -26.179  57.365 0.0000000000
117901  -34.765  -27.219  57.126 0.0000000000
117921  -34.320  -26.992  56.283 0.0000000000
117977  -32.157  -26.074  53.825 0.0000000000
117996  -32.846  -26.122  53.088 0.0000000000
118009  -32.415  -26.035  52.805 0.0000000000
118077  -37.472  -26.912  49.236 0.0000000000
118079  -38.691  -26.786  49.573 0.0000000000
118093  -37.180  -26.195  49.015 0.0000000000
118094  -39.006  -26.320  49.186 0.0000000000
119612  -28.926  -25.456  55.708 0.0000000000
119670  -31.458  -25.308  53.007 0.0000000000
119672  -32.128  -25.853  52.485 0.0000000000
119708  -32.652  -25.559  51.485 0.0000000000
119748  -40.480  -26.180  48.911 0.0000000000
119765  -37.536  -25.618  49.016 0.0000000000
119767  -38.674  -25.898  48.822 0.0000000000
119769  -40.966  -25.737  48.792 0.0000000000
121042  -27.938  -24.949  57.010 0.0000000000
121051  -28.112  -25.370  56.610 0.0000000000
121070  -29.531  -24.694  54.778 0.0000000000
121081  -29.881  -24.515  54.356 0.0000000000
121114  -31.585  -24.920  52.682 0.0000000000
121130  -31.849  -24.821  52.263 0.0000000000
121160  -32.785  -24.428  50.747 0.0000000000
121200  -37.857  -25.210  48.823 0.0000000000
121202  -39.102  -25.459  48.661 0.0000000000
121204  -41.161  -25.214  48.586 0.0000000000
121215  -38.238  -24.809  48.497 0.0000000000
122568  -29.179  -24.128  54.996 0.0000000000
122581  -30.394  -24.088  53.755 0.0000000000
122630  -31.861  -24.147  51.952 0.0000000000
122691  -36.191  -24.386  49.061 0.0000000000
122711  -38.685  -24.401  48.174 0.0000000000
122712  -39.404  -24.449  48.201 0.0000000000
124036  -28.902  -23.696  55.849 0.0000000000
124048  -29.404  -23.461  54.924 0.0000000000
124070  -30.559  -23.594  53.516 0.0000000000
124125  -33.583  -23.583  50.575 0.0000000000
124139  -34.457  -23.531  49.789 0.0000000000
124173  -39.778  -23.840  47.997 0.0000000000
124184  -36.920  -23.108  48.207 0.0000000000
124185  -37.466  -23.119  48.032 0.0000000000
124188  -39.363  -23.293  47.758 0.0000000000
125597  -30.521  -23.004  53.711 0.0000000000
125616  -32.193  -22.550  52.570 0.0000000000
125631  -31.876  -23.097  52.290 0.0000000000
125684  -34.817  -23.230  49.481 0.0000000000
125701  -36.416  -22.777  48.301 0.0000000000
125714  -37.738  -22.805  47.865 0.0000000000
125715  -38.333  -22.827  47.730 0.0000000000
125716  -38.993  -22.692  47.660 0.0000000000
125717  -39.678  -22.695  47.680 0.0000000000
127146  -39.019  -22.009  47.666 0.0000000000
127148  -40.194  -22.278  47.710 0.0000000000
128620  -36.460  -21.028  48.415 0.0000000000
130109  -38.510  -20.744  47.781 0.0000000000
131518  -36.990  -19.976  48.119 0.0000000000
131521  -39.254  -19.941  47.871 0.0000000000
131523  -40.226  -19.924  47.891 0.0000000000
132847  -36.118  -19.356  50.076 0.0000000000
132859  -36.354  -19.435  49.411 0.0000000000
132860  -36.527  -18.978  49.098 0.0000000000
132869  -37.395  -18.928  48.426 0.0000000000
132885  -37.275  -19.430  48.207 0.0000000000
132887  -38.271  -19.152  48.023 0.0000000000
134208  -36.064  -18.445  49.786 0.0000000000
134238  -37.667  -18.495  48.308 0.0000000000
134239  -38.207  -18.555  48.127 0.0000000000
134240  -40.707  -18.029  48.107 0.0000000000
134241  -41.742  -18.231  48.294 0.0000000000
135706  -35.734  -17.609  50.027 0.0000000000
135713  -36.070  -18.041  49.656 0.0000000000
135714  -36.610  -17.960  49.283 0.0000000000
135725  -37.043  -17.957  48.799 0.0000000000
135747  -39.179  -17.946  48.001 0.0000000000
135749  -40.359  -17.667  48.081 0.0000000000
135751  -41.789  -17.795  48.283 0.0000000000
137025  -35.766  -16.783  50.863 0.0000000000
137042  -35.961  -17.008  49.635 0.0000000000
137043  -36.420  -16.963  49.232 0.0000000000
137057  -37.290  -17.330  48.591 0.0000000000
137076  -38.503  -16.922  48.073 0.0000000000
137078  -39.437  -17.350  48.051 0.0000000000
137080  -41.045  -17.294  48.035 0.0000000000
137081  -41.524  -17.417  48.130 0.0000000000
137083  -44.045  -17.620  48.035 0.0000000000
138349  -36.066  -16.336  50.321 0.0000000000
138369  -36.410  -16.020  49.148 0.0000000000
138370  -36.840  -15.975  48.697 0.0000000000
138385  -38.826  -16.387  47.986 0.0000000000
138386  -39.672  -16.787  47.942 0.0000000000
138389  -41.311  -16.960  47.862 0.0000000000
138390  -41.934  -17.213  47.743 0.0000000000
138409  -40.188  -16.055  47.560 0.0000000000
138410  -40.660  -15.972  47.246 0.0000000000
138412  -42.252  -16.837  47.213 0.0000000000
138429  -42.504  -16.582  46.671 0.0000000000
138443  -42.705  -16.445  46.191 0.0000000000
138444  -43.230  -16.478  45.899 0.0000000000
139859  -36.248  -15.805  50.752 0.0000000000
139865  -36.254  -15.718  50.111 0.0000000000
139876  -36.458  -15.614  49.554 0.0000000000
139888  -37.071  -15.418  48.523 0.0000000000
139899  -37.808  -15.833  48.004 0.0000000000
139902  -39.235  -15.959  47.850 0.0000000000
139923  -40.548  -15.429  46.974 0.0000000000
139924  -40.950  -15.672  46.706 0.0000000000
139930  -41.657  -15.377  45.762 0.0000000000
139952  -43.332  -15.455  44.737 0.0000000000
141345  -36.341  -15.321  51.178 0.0000000000
141365  -36.593  -15.111  49.392 0.0000000000
141376  -37.276  -14.788  48.408 0.0000000000
141397  -38.270  -14.784  47.780 0.0000000000
141399  -39.424  -15.000  47.432 0.0000000000
141407  -39.245  -14.542  47.285 0.0000000000
141408  -39.600  -14.629  46.953 0.0000000000
141416  -40.795  -14.840  46.029 0.0000000000
141417  -41.279  -14.902  45.720 0.0000000000
141424  -41.726  -14.873  45.365 0.0000000000
141425  -42.128  -14.805  44.934 0.0000000000
141434  -42.548  -14.686  44.541 0.0000000000
141439  -45.641  -15.786  43.506 0.0000000000
142701  -36.390  -14.804  50.871 0.0000000000
142710  -36.191  -14.750  50.253 0.0000000000
142711  -36.286  -14.205  50.045 0.0000000000
142724  -36.497  -14.145  49.450 0.0000000000
142736  -36.951  -14.285  48.896 0.0000000000
142745  -37.662  -14.437  48.239 0.0000000000
142746  -38.011  -14.333  47.906 0.0000000000
142753  -38.870  -14.204  47.271 0.0000000000
142761  -39.598  -14.076  46.722 0.0000000000
142767  -40.571  -14.337  46.080 0.0000000000
142775  -41.446  -14.500  45.479 0.0000000000
142785  -41.777  -13.911  44.740 0.0000000000
142787  -43.447  -14.665  44.231 0.0000000000
142883  -50.267  -13.748  39.405 0.0000000000
144028  -37.090  -13.428  50.580 0.0000000000
144041  -37.315  -13.285  49.219 0.0000000000
144062  -37.798  -13.333  48.242 0.0000000000
144063  -38.145  -13.700  47.715 0.0000000000
144069  -38.556  -13.814  47.347 0.0000000000
144086  -40.981  -13.766  45.902 0.0000000000
144100  -41.759  -13.488  44.769 0.0000000000
144112  -43.706  -13.651  43.436 0.0000000000
144118  -44.320  -13.566  43.149 0.0000000000
144168  -49.379  -13.445  40.556 0.0000000000
144177  -49.862  -13.540  39.689 0.0000000000
144188  -51.436  -13.737  38.604 0.0000000000
145247  -37.726  -13.371  51.918 0.0000000000
145275  -38.797  -12.615  50.399 0.0000000000
145287  -37.645  -12.944  49.475 0.0000000000
145288  -38.120  -12.653  49.722 0.0000000000
145297  -37.682  -13.119  48.843 0.0000000000
145307  -38.587  -13.329  47.432 0.0000000000
145308  -38.781  -12.806  47.610 0.0000000000
145313  -39.944  -13.116  46.830 0.0000000000
145314  -40.392  -13.257  46.504 0.0000000000
145315  -40.809  -12.933  46.369 0.0000000000
145320  -41.151  -13.155  45.973 0.0000000000
145336  -42.342  -12.935  44.161 0.0000000000
145351  -45.442  -12.986  42.646 0.0000000000
145392  -48.590  -12.973  40.423 0.0000000000
145393  -49.158  -13.038  40.126 0.0000000000
145404  -49.258  -12.622  39.503 0.0000000000
145428  -51.069  -12.601  38.633 0.0000000000
146526  -38.570  -12.399  49.921 0.0000000000
146527  -38.946  -12.094  50.109 0.0000000000
146540  -38.429  -12.368  49.451 0.0000000000
146541  -38.631  -11.971  49.239 0.0000000000
146550  -38.786  -12.090  48.541 0.0000000000
146556  -39.022  -12.277  47.925 0.0000000000
146565  -39.885  -12.610  47.087 0.0000000000
146566  -40.378  -12.211  47.203 0.0000000000
146567  -40.855  -11.815  47.103 0.0000000000
146580  -41.538  -12.394  45.840 0.0000000000
146609  -43.335  -12.673  43.173 0.0000000000
146621  -46.328  -12.574  42.070 0.0000000000
146652  -47.822  -12.083  40.375 0.0000000000
146671  -49.478  -12.167  39.048 0.0000000000
146684  -51.795  -12.132  37.820 0.0000000000
147840  -39.006  -11.684  49.736 0.0000000000
147841  -39.497  -11.380  50.045 0.0000000000
147852  -39.383  -11.253  49.388 0.0000000000
147881  -40.067  -11.799  47.660 0.0000000000
147902  -41.570  -12.034  45.958 0.0000000000
147911  -42.437  -11.820  44.755 0.0000000000
147933  -43.612  -11.446  42.915 0.0000000000
147974  -47.940  -11.546  40.032 0.0000000000
147985  -48.409  -11.441  39.634 0.0000000000
147986  -48.902  -11.582  39.366 0.0000000000
147991  -49.295  -11.076  38.960 0.0000000000
148000  -50.074  -11.622  38.400 0.0000000000
149423  -42.683  -10.667  44.517 0.0000000000
149429  -42.512  -10.705  43.930 0.0000000000
149430  -42.977  -10.443  43.636 0.0000000000
149458  -46.034  -10.647  41.077 0.0000000000
149482  -47.590  -10.519  39.865 0.0000000000
149502  -50.202  -11.029  38.271 0.0000000000
149503  -50.697  -10.611  38.159 0.0000000000
150873  -44.965  -9.982  41.929 0.0000000000
152235  -49.280  -9.428  38.933 0.0000000000
254538  -34.304  -26.830  55.250 0.0000000000
255389  -33.346  -26.403  53.489 0.0000000000
255837  -33.936  -27.067  52.928 0.0000000000
255993  -35.440  -28.018  52.674 0.0000000000
256161  -37.505  -27.848  51.672 0.0000000000
256163  -36.077  -28.219  52.455 0.0000000000
256498  -37.762  -12.975  50.183 0.0000000000
256811  -33.410  -35.914  62.190 0.0000000000
257488  -38.041  -28.205  59.224 0.0000000000
258099  -20.517  -39.356  65.795 0.0000000000
260432  -14.582  -36.937  64.687 0.0000000000
260836  -49.735  -9.635  38.895 0.0000000000
261097  -20.288  -35.650  60.908 0.0000000000
261250  -26.838  -29.480  60.623 0.0000000000
261513  -43.432  -17.025  46.890 0.0000000000
261548  -32.815  -22.439  51.976 0.0000000000
262817  -45.464  -12.547  42.420 0.0000000000
263266  -25.299  -38.892  63.640 0.0000000000
264946  -43.580  -16.041  45.014 0.0000000000
264948  -16.724  -37.463  64.066 0.0000000000
265484  -11.907  -42.017  69.024 0.0000000000
265869  -42.288  -11.560  45.223 0.0000000000
267250  -29.877  -25.261  54.872 0.0000000000
267514  -45.022  -14.572  43.241 0.0000000000
267828  -25.733  -38.228  59.883 0.0000000000
268111  -20.252  -39.001  64.702 0.0000000000
268861  -36.522  -13.924  50.572 0.0000000000
269086  -40.759  -21.377  47.789 0.0000000000
269171  -36.083  -21.012  48.964 0.0000000000
269412  -37.688  -21.834  47.807 0.0000000000
269693  -36.082  -22.523  48.576 0.0000000000
269840  -27.673  -37.270  61.217 0.0000000000
270002  -42.464  -14.240  44.312 0.0000000000
270691  -39.415  -21.461  47.686 0.0000000000
270757  -38.375  -21.869  47.766 0.0000000000
271128  -27.455  -37.381  60.189 0.0000000000
271671  -37.785  -19.450  48.010 0.0000000000
272584  -42.574  -13.424  43.893 0.0000000000
273059  -36.643  -14.648  49.242 0.0000000000
273882  -13.890  -41.447  68.414 0.0000000000
275069  -27.793  -36.140  60.796 0.0000000000
275538  -46.463  -13.810  42.772 0.0000000000
275931  -37.805  -30.226  58.842 0.0000000000
276598  -24.870  -34.479  58.173 0.0000000000
277066  -8.321  -40.629  71.014 0.0000000000
277100  -25.594  -34.336  57.980 0.0000000000
277192  -36.820  -19.595  48.354 0.0000000000
277837  -38.627  -28.873  60.136 0.0000000000
278009  -38.869  -18.677  47.995 0.0000000000
278501  -50.180  -10.460  38.398 0.0000000000
280099  -48.049  -10.428  39.545 0.0000000000
280419  -38.613  -20.099  47.821 0.0000000000
280653  -39.479  -20.518  47.806 0.0000000000
281651  -50.691  -11.174  38.073 0.0000000000
281671  -37.807  -17.541  48.377 0.0000000000
281833  -37.795  -20.820  47.794 0.0000000000
281870  -37.167  -16.554  48.494 0.0000000000
282573  -49.793  -11.186  38.612 0.0000000000
282654  -52.290  -11.128  37.716 0.0000000000
283102  -36.235  -16.146  49.691 0.0000000000
283315  -23.943  -34.461  58.344 0.0000000000
283925  -48.783  -11.054  39.281 0.0000000000
284371  -20.466  -37.687  62.335 0.0000000000
284638  -21.617  -38.023  63.387 0.0000000000
284841  -37.998  -22.350  47.746 0.0000000000
285301  -41.027  -16.472  47.553 0.0000000000
289314  -38.266  -29.475  59.690 0.0000000000
290731  -27.581  -30.194  60.183 0.0000000000
291036  -30.468  -29.477  59.345 0.0000000000
291384  -15.273  -40.959  67.286 0.0000000000
292436  -26.400  -32.888  57.972 0.0000000000
292937  -33.258  -25.114  50.711 0.0000000000
293018  -24.861  -38.304  61.788 0.0000000000
295545  -39.353  -16.431  47.938 0.0000000000
296234  -51.085  -13.530  38.850 0.0000000000
296248  -37.339  -13.530  51.456 0.0000000000
296578  -36.604  -16.481  48.946 0.0000000000
297165  -51.834  -11.237  37.917 0.0000000000
297181  -15.271  -41.168  68.856 0.0000000000
297339  -47.361  -12.067  40.750 0.0000000000
297802  -23.393  -38.042  63.407 0.0000000000
297902  -31.859  -28.686  55.750 0.0000000000
298707  -18.286  -38.676  63.855 0.0000000000
298900  -35.819  -17.215  51.330 0.0000000000
300073  -27.249  -33.726  58.699 0.0000000000
301434  -30.106  -29.343  57.370 0.0000000000
302194  -17.150  -40.176  66.283 0.0000000000
303183  -35.109  -28.591  56.695 0.0000000000
303192  -45.204  -11.510  42.007 0.0000000000
303210  -27.712  -37.492  61.483 0.0000000000
303922  -27.170  -30.496  59.404 0.0000000000
304245  -30.268  -34.347  59.154 0.0000000000
304750  -26.460  -38.195  59.897 0.0000000000
306260  -20.510  -39.087  65.008 0.0000000000
306674  -39.729  -20.120  47.844 0.0000000000
