#!ascii label  , from subject sub-v2s5x29565_ses-1 vox2ras=TkReg
1098
9375  -35.474  -87.942  12.885 0.0000000000
275505  -42.658  -80.737  4.573 0.0000000000
16510  -35.469  -82.991  13.440 0.0000000000
14308  -39.667  -84.733  8.648 0.0000000000
21226  -40.149  -79.872  11.893 0.0000000000
10229  -38.071  -86.886  18.860 0.0000000000
20093  -35.150  -80.822  18.669 0.0000000000
23336  -40.695  -78.936  19.577 0.0000000000
290673  -34.480  -79.207  13.700 0.0000000000
20164  -36.950  -80.613  11.839 0.0000000000
23425  -37.248  -78.283  13.356 0.0000000000
14140  -36.410  -84.605  19.230 0.0000000000
17609  -37.254  -82.483  21.588 0.0000000000
270844  -40.975  -76.556  18.694 0.0000000000
270846  -37.798  -76.338  18.816 0.0000000000
12292  -34.877  -86.436  10.147 0.0000000000
16694  -41.157  -83.066  6.731 0.0000000000
270317  -39.392  -82.418  5.417 0.0000000000
18052  -40.358  -82.363  3.460 0.0000000000
13205  -37.898  -85.056  13.956 0.0000000000
11351  -37.624  -86.433  10.902 0.0000000000
17823  -40.201  -81.733  10.110 0.0000000000
20224  -42.239  -80.873  9.701 0.0000000000
13164  -37.421  -85.081  16.225 0.0000000000
295179  -34.061  -82.754  16.091 0.0000000000
23384  -33.378  -78.742  16.317 0.0000000000
18950  -40.377  -81.143  20.941 0.0000000000
22224  -37.127  -79.012  20.369 0.0000000000
25411  -34.687  -77.199  18.548 0.0000000000
29796  -33.602  -74.245  15.951 0.0000000000
15406  -37.641  -83.870  9.003 0.0000000000
24642  -43.412  -77.973  6.088 0.0000000000
22544  -42.038  -79.304  3.624 0.0000000000
20347  -38.196  -80.415  2.077 0.0000000000
24466  -34.482  -77.874  14.234 0.0000000000
23422  -35.375  -78.759  13.396 0.0000000000
9398  -34.952  -87.949  11.502 0.0000000000
19195  -42.099  -81.490  6.153 0.0000000000
18002  -41.118  -82.341  4.988 0.0000000000
19258  -41.727  -81.378  3.752 0.0000000000
294583  -40.445  -81.950  2.204 0.0000000000
20337  -42.134  -80.539  2.554 0.0000000000
16488  -37.348  -83.697  13.985 0.0000000000
16527  -36.858  -83.061  12.765 0.0000000000
21224  -38.651  -80.052  11.798 0.0000000000
19090  -38.462  -81.741  11.202 0.0000000000
20178  -40.231  -80.622  10.973 0.0000000000
19118  -41.524  -81.176  9.965 0.0000000000
20180  -41.480  -80.253  11.176 0.0000000000
11283  -38.225  -86.326  15.953 0.0000000000
13154  -38.613  -85.276  17.301 0.0000000000
16409  -35.667  -82.800  19.143 0.0000000000
16455  -35.017  -83.509  17.706 0.0000000000
19026  -34.214  -81.797  17.324 0.0000000000
20120  -33.452  -80.739  15.821 0.0000000000
21167  -34.059  -80.209  17.305 0.0000000000
21133  -40.020  -79.974  19.914 0.0000000000
21121  -38.571  -79.999  20.657 0.0000000000
22240  -38.903  -78.641  19.968 0.0000000000
29750  -36.802  -74.698  18.580 0.0000000000
26440  -35.975  -76.340  18.684 0.0000000000
267475  -35.009  -75.259  18.256 0.0000000000
27575  -33.557  -75.766  17.465 0.0000000000
12307  -38.483  -85.598  9.509 0.0000000000
12306  -37.186  -85.523  9.018 0.0000000000
14317  -38.315  -84.599  8.207 0.0000000000
17979  -37.893  -82.469  5.496 0.0000000000
266147  -42.117  -78.167  6.863 0.0000000000
23616  -42.245  -78.143  4.709 0.0000000000
21418  -38.793  -79.869  2.928 0.0000000000
19063  -34.703  -81.454  13.299 0.0000000000
17784  -35.830  -82.055  12.643 0.0000000000
21214  -35.512  -80.172  12.644 0.0000000000
22346  -36.835  -79.450  12.458 0.0000000000
23445  -38.598  -78.548  13.051 0.0000000000
13122  -37.844  -85.081  18.671 0.0000000000
15189  -36.679  -83.647  20.592 0.0000000000
17654  -36.072  -82.114  19.854 0.0000000000
24407  -40.619  -77.655  18.908 0.0000000000
24404  -38.699  -77.550  19.131 0.0000000000
270845  -39.042  -76.258  18.650 0.0000000000
28623  -38.388  -75.081  18.643 0.0000000000
258302  -37.293  -73.643  18.547 0.0000000000
15418  -40.803  -83.633  8.163 0.0000000000
304813  -39.099  -84.144  7.032 0.0000000000
15474  -39.828  -83.800  5.746 0.0000000000
15505  -39.319  -83.073  4.434 0.0000000000
15519  -38.874  -83.669  3.757 0.0000000000
15557  -38.677  -83.530  2.155 0.0000000000
16833  -39.211  -82.510  0.818 0.0000000000
18111  -38.199  -82.409  -0.381 0.0000000000
10335  -37.471  -86.792  13.710 0.0000000000
10354  -36.573  -87.246  12.016 0.0000000000
13242  -38.614  -84.663  11.671 0.0000000000
14279  -39.359  -83.966  10.969 0.0000000000
17803  -37.472  -82.343  11.738 0.0000000000
16575  -38.928  -82.921  10.904 0.0000000000
15389  -40.426  -83.193  9.992 0.0000000000
16624  -41.359  -82.531  8.924 0.0000000000
19164  -42.034  -81.722  7.994 0.0000000000
20249  -42.281  -80.392  7.340 0.0000000000
11290  -37.640  -86.728  14.765 0.0000000000
14204  -37.975  -85.037  15.039 0.0000000000
15300  -35.943  -84.046  14.865 0.0000000000
268123  -36.424  -84.991  17.415 0.0000000000
264491  -35.427  -84.219  16.568 0.0000000000
278164  -34.155  -83.101  15.050 0.0000000000
20128  -33.821  -81.137  14.668 0.0000000000
22296  -33.571  -79.511  14.650 0.0000000000
25470  -33.611  -77.132  14.612 0.0000000000
18927  -38.391  -81.216  21.859 0.0000000000
20053  -36.764  -80.688  20.711 0.0000000000
262442  -35.679  -79.739  19.579 0.0000000000
24402  -37.420  -77.813  19.359 0.0000000000
24378  -35.752  -78.280  19.165 0.0000000000
23344  -34.800  -79.069  18.476 0.0000000000
295976  -33.608  -77.876  17.557 0.0000000000
26490  -33.204  -76.355  16.352 0.0000000000
10397  -36.187  -86.950  10.099 0.0000000000
13263  -36.497  -84.779  9.864 0.0000000000
17912  -38.774  -82.653  7.384 0.0000000000
281752  -37.182  -82.469  7.511 0.0000000000
258841  -42.340  -80.524  10.871 0.0000000000
21301  -42.960  -79.799  8.269 0.0000000000
21353  -43.405  -79.802  5.763 0.0000000000
266351  -43.808  -79.169  5.376 0.0000000000
21407  -43.635  -79.496  3.632 0.0000000000
21437  -41.806  -79.739  1.074 0.0000000000
19307  -39.791  -80.880  0.092 0.0000000000
26527  -34.603  -76.812  14.325 0.0000000000
25482  -35.452  -77.332  14.094 0.0000000000
289624  -34.154  -88.349  12.018 0.0000000000
9386  -35.318  -87.914  12.208 0.0000000000
19222  -42.320  -81.103  5.139 0.0000000000
19221  -41.848  -81.542  4.958 0.0000000000
20305  -42.200  -81.068  4.102 0.0000000000
19279  -41.676  -81.189  3.073 0.0000000000
20321  -42.205  -80.847  3.360 0.0000000000
15334  -36.722  -83.485  13.784 0.0000000000
16512  -37.203  -83.518  13.561 0.0000000000
16526  -36.270  -82.892  12.969 0.0000000000
21225  -39.459  -79.917  11.817 0.0000000000
21241  -39.201  -80.422  11.322 0.0000000000
21242  -39.873  -80.281  11.354 0.0000000000
20179  -40.846  -80.478  10.902 0.0000000000
21244  -41.119  -80.190  11.392 0.0000000000
9267  -37.293  -87.321  18.175 0.0000000000
9300  -37.980  -86.981  18.136 0.0000000000
10287  -38.091  -86.864  17.610 0.0000000000
11255  -38.357  -86.262  17.912 0.0000000000
278754  -35.103  -82.085  18.597 0.0000000000
17701  -34.925  -82.488  18.167 0.0000000000
19014  -34.432  -81.514  17.829 0.0000000000
20102  -34.043  -80.757  17.355 0.0000000000
20103  -34.483  -80.404  17.782 0.0000000000
23337  -41.440  -78.962  19.317 0.0000000000
21159  -41.876  -79.597  18.951 0.0000000000
22253  -41.509  -79.400  19.354 0.0000000000
20083  -41.165  -80.069  19.596 0.0000000000
22242  -40.331  -79.242  19.778 0.0000000000
21143  -39.292  -79.111  20.130 0.0000000000
22241  -39.567  -78.953  19.933 0.0000000000
30906  -36.441  -74.183  18.519 0.0000000000
28621  -35.621  -75.309  18.576 0.0000000000
29772  -34.502  -74.412  17.979 0.0000000000
30931  -35.156  -73.477  18.037 0.0000000000
13280  -39.239  -85.049  8.855 0.0000000000
13291  -38.652  -85.154  8.545 0.0000000000
13292  -39.054  -84.846  8.218 0.0000000000
267377  -40.816  -78.889  4.731 0.0000000000
22559  -39.816  -79.368  3.099 0.0000000000
22527  -39.099  -79.830  4.062 0.0000000000
20138  -34.311  -80.822  13.462 0.0000000000
20148  -34.868  -80.924  13.070 0.0000000000
21208  -35.153  -79.893  13.006 0.0000000000
24485  -36.219  -78.119  13.501 0.0000000000
22326  -36.095  -79.044  13.013 0.0000000000
23443  -36.962  -78.645  13.133 0.0000000000
22328  -38.022  -78.894  12.773 0.0000000000
23444  -37.610  -78.503  13.035 0.0000000000
17655  -36.257  -82.597  20.304 0.0000000000
17631  -36.570  -82.422  20.759 0.0000000000
256900  -41.898  -78.131  18.833 0.0000000000
26444  -40.521  -76.970  18.773 0.0000000000
25418  -40.008  -77.348  18.945 0.0000000000
27549  -40.414  -76.367  18.689 0.0000000000
30908  -37.630  -74.083  18.557 0.0000000000
13254  -34.773  -85.117  10.462 0.0000000000
16672  -41.039  -83.298  7.293 0.0000000000
15456  -40.726  -83.739  6.837 0.0000000000
15475  -40.573  -83.518  6.228 0.0000000000
18032  -40.480  -82.432  4.083 0.0000000000
16733  -40.299  -83.062  4.981 0.0000000000
16773  -40.052  -82.741  3.782 0.0000000000
16771  -39.209  -83.351  3.313 0.0000000000
15535  -38.805  -83.703  3.051 0.0000000000
19308  -40.600  -81.226  0.775 0.0000000000
18097  -39.743  -82.033  0.852 0.0000000000
18114  -40.141  -81.478  0.476 0.0000000000
16858  -38.076  -82.415  -0.501 0.0000000000
19318  -39.156  -81.605  0.033 0.0000000000
11308  -37.825  -86.360  13.697 0.0000000000
11320  -37.699  -86.462  13.221 0.0000000000
14278  -38.897  -84.203  11.329 0.0000000000
14272  -39.188  -83.963  11.102 0.0000000000
19078  -36.267  -81.079  11.995 0.0000000000
17785  -36.371  -82.000  12.141 0.0000000000
19079  -36.975  -81.603  11.715 0.0000000000
17821  -39.251  -82.338  10.636 0.0000000000
281516  -39.395  -82.675  10.459 0.0000000000
273519  -39.627  -82.887  10.435 0.0000000000
16591  -40.638  -82.562  10.036 0.0000000000
269027  -40.760  -82.901  9.779 0.0000000000
19136  -42.056  -80.994  9.663 0.0000000000
17865  -41.875  -81.622  9.233 0.0000000000
276191  -42.117  -81.259  9.259 0.0000000000
19182  -42.187  -81.086  7.676 0.0000000000
20243  -42.274  -80.518  8.141 0.0000000000
14195  -38.148  -84.990  16.096 0.0000000000
13174  -38.732  -85.304  15.530 0.0000000000
13185  -37.611  -85.027  15.247 0.0000000000
14202  -37.013  -84.573  14.817 0.0000000000
13171  -36.802  -84.668  15.667 0.0000000000
13104  -36.965  -85.010  19.478 0.0000000000
13121  -36.913  -85.138  18.282 0.0000000000
14165  -36.393  -84.940  18.091 0.0000000000
294740  -34.476  -83.209  16.673 0.0000000000
15258  -35.117  -83.911  17.117 0.0000000000
16467  -34.338  -83.302  16.122 0.0000000000
16476  -34.442  -83.582  15.503 0.0000000000
17742  -34.079  -82.963  15.651 0.0000000000
17756  -33.931  -82.152  14.704 0.0000000000
19043  -33.781  -81.738  15.523 0.0000000000
21179  -33.361  -79.911  16.237 0.0000000000
22295  -33.295  -79.780  15.172 0.0000000000
262493  -33.474  -79.360  15.202 0.0000000000
23398  -33.779  -78.545  14.780 0.0000000000
25462  -33.241  -77.738  15.595 0.0000000000
18928  -39.559  -81.213  21.682 0.0000000000
21131  -37.513  -79.455  20.496 0.0000000000
21120  -37.877  -79.940  20.741 0.0000000000
21130  -36.742  -79.663  20.450 0.0000000000
21129  -36.199  -80.056  20.194 0.0000000000
22223  -36.179  -79.534  20.076 0.0000000000
291250  -38.274  -77.374  19.109 0.0000000000
24403  -38.122  -77.674  19.308 0.0000000000
25415  -37.542  -77.442  19.182 0.0000000000
26439  -35.142  -76.732  18.541 0.0000000000
25413  -35.960  -77.303  18.890 0.0000000000
24399  -34.824  -77.856  18.760 0.0000000000
23345  -35.286  -78.835  18.997 0.0000000000
24426  -34.454  -78.210  18.268 0.0000000000
23363  -34.138  -78.597  17.820 0.0000000000
25439  -33.751  -77.408  17.888 0.0000000000
29787  -33.454  -74.902  16.837 0.0000000000
27574  -33.213  -76.081  16.985 0.0000000000
28660  -33.314  -75.236  16.475 0.0000000000
28676  -33.415  -75.509  15.338 0.0000000000
10381  -37.037  -86.801  10.864 0.0000000000
293676  -36.178  -87.247  10.965 0.0000000000
10398  -36.712  -86.791  10.131 0.0000000000
14298  -37.418  -84.460  9.154 0.0000000000
13277  -36.757  -85.237  9.286 0.0000000000
15397  -36.996  -83.846  9.411 0.0000000000
15396  -36.358  -83.588  9.452 0.0000000000
16620  -36.760  -82.907  8.743 0.0000000000
15453  -39.039  -83.768  6.132 0.0000000000
15434  -38.984  -83.967  6.876 0.0000000000
16693  -39.387  -82.303  6.461 0.0000000000
16710  -36.875  -82.982  5.970 0.0000000000
291597  -37.547  -82.578  6.607 0.0000000000
21246  -42.284  -80.312  11.365 0.0000000000
21247  -42.527  -80.149  11.364 0.0000000000
282527  -43.251  -79.366  7.768 0.0000000000
21300  -42.634  -79.888  7.746 0.0000000000
21314  -43.104  -79.453  7.069 0.0000000000
22530  -42.464  -78.770  4.142 0.0000000000
22517  -42.923  -78.471  4.633 0.0000000000
22531  -43.395  -78.854  4.026 0.0000000000
21391  -43.820  -79.199  3.986 0.0000000000
266777  -43.265  -79.315  2.899 0.0000000000
21438  -42.732  -79.283  2.028 0.0000000000
258123  -42.427  -79.514  1.823 0.0000000000
20335  -39.209  -79.911  1.967 0.0000000000
20348  -39.781  -80.644  1.471 0.0000000000
19292  -38.645  -80.643  1.699 0.0000000000
23420  -34.317  -78.841  13.985 0.0000000000
304140  -34.926  -79.116  13.460 0.0000000000
24484  -35.227  -78.278  13.657 0.0000000000
24468  -35.756  -77.828  13.803 0.0000000000
25500  -36.429  -77.590  13.647 0.0000000000
261396  -40.392  -75.517  18.734 0.0000000000
270842  -40.762  -74.988  18.562 0.0000000000
10377  -34.847  -87.520  10.384 0.0000000000
17960  -41.479  -82.535  6.322 0.0000000000
17983  -41.211  -82.513  5.671 0.0000000000
18003  -41.582  -81.996  5.294 0.0000000000
18018  -40.985  -82.204  4.373 0.0000000000
18033  -40.866  -82.103  3.745 0.0000000000
18077  -40.217  -82.377  2.770 0.0000000000
264704  -41.254  -81.511  2.833 0.0000000000
19295  -41.037  -81.462  2.163 0.0000000000
20365  -41.449  -80.439  1.085 0.0000000000
14214  -37.407  -84.643  14.065 0.0000000000
14228  -37.446  -84.359  13.622 0.0000000000
16529  -37.556  -83.567  12.769 0.0000000000
16543  -37.691  -83.442  12.259 0.0000000000
288511  -37.737  -80.103  11.918 0.0000000000
278524  -37.611  -80.949  11.614 0.0000000000
284054  -38.626  -80.663  11.408 0.0000000000
295155  -39.475  -81.343  10.892 0.0000000000
19103  -39.942  -81.351  10.513 0.0000000000
17824  -40.682  -81.506  10.031 0.0000000000
19104  -40.633  -81.133  10.183 0.0000000000
19105  -41.300  -80.926  10.162 0.0000000000
19106  -41.761  -80.531  10.382 0.0000000000
12182  -38.445  -86.096  16.732 0.0000000000
14188  -37.931  -85.089  16.722 0.0000000000
275590  -35.874  -83.562  19.246 0.0000000000
15232  -35.701  -83.910  18.624 0.0000000000
16440  -35.128  -83.077  18.209 0.0000000000
16439  -34.733  -82.941  17.688 0.0000000000
17715  -34.248  -82.280  17.045 0.0000000000
19037  -33.797  -81.734  16.112 0.0000000000
19025  -33.936  -81.660  16.804 0.0000000000
279311  -33.747  -80.622  16.863 0.0000000000
22280  -33.633  -79.530  16.761 0.0000000000
20071  -40.835  -80.597  19.815 0.0000000000
20058  -40.117  -80.741  20.588 0.0000000000
20057  -39.563  -80.568  20.694 0.0000000000
21123  -39.626  -80.201  20.259 0.0000000000
279150  -38.903  -79.553  20.269 0.0000000000
22225  -37.867  -78.932  20.210 0.0000000000
261398  -36.948  -75.708  18.732 0.0000000000
27546  -37.095  -76.387  18.861 0.0000000000
27545  -36.419  -75.973  18.721 0.0000000000
27543  -35.303  -75.773  18.478 0.0000000000
282744  -34.968  -76.221  18.373 0.0000000000
26437  -34.096  -76.513  18.228 0.0000000000
304732  -34.136  -75.781  18.093 0.0000000000
29771  -34.046  -74.756  17.810 0.0000000000
30937  -33.915  -73.955  17.045 0.0000000000
12295  -38.192  -85.884  9.920 0.0000000000
11388  -37.731  -86.213  9.690 0.0000000000
302705  -37.960  -85.826  9.295 0.0000000000
13290  -38.121  -85.073  8.518 0.0000000000
15407  -38.128  -83.899  8.575 0.0000000000
18000  -38.515  -82.150  5.214 0.0000000000
268730  -41.543  -78.557  6.115 0.0000000000
24656  -41.987  -78.155  5.869 0.0000000000
24657  -42.543  -77.955  5.611 0.0000000000
23615  -41.702  -78.251  4.908 0.0000000000
23629  -41.721  -78.366  4.404 0.0000000000
23637  -41.216  -78.829  3.586 0.0000000000
21421  -41.170  -79.880  2.553 0.0000000000
21419  -39.363  -79.586  2.509 0.0000000000
21435  -38.458  -80.133  2.546 0.0000000000
17764  -35.111  -82.470  13.324 0.0000000000
17772  -35.514  -82.169  13.029 0.0000000000
19064  -35.059  -81.920  13.052 0.0000000000
20149  -35.373  -80.980  12.748 0.0000000000
20163  -35.871  -80.605  12.423 0.0000000000
22325  -35.640  -79.506  12.801 0.0000000000
22345  -36.196  -79.470  12.572 0.0000000000
21223  -37.084  -79.954  12.181 0.0000000000
22347  -37.533  -79.436  12.378 0.0000000000
22348  -38.276  -79.480  12.319 0.0000000000
22330  -39.421  -79.058  12.753 0.0000000000
12142  -38.825  -85.972  19.112 0.0000000000
13085  -36.959  -84.911  19.947 0.0000000000
14106  -36.803  -84.260  20.468 0.0000000000
15218  -36.238  -84.057  19.566 0.0000000000
15204  -36.115  -83.598  19.833 0.0000000000
17672  -35.821  -82.297  19.434 0.0000000000
301616  -35.796  -81.558  19.443 0.0000000000
23338  -41.737  -78.557  19.068 0.0000000000
24385  -40.340  -78.471  19.479 0.0000000000
24384  -39.633  -78.284  19.524 0.0000000000
24405  -39.453  -77.732  19.123 0.0000000000
26443  -38.638  -76.925  18.870 0.0000000000
270933  -38.404  -76.297  18.704 0.0000000000
261389  -39.286  -75.653  18.740 0.0000000000
27547  -38.721  -75.652  18.696 0.0000000000
261397  -38.096  -75.687  18.680 0.0000000000
29751  -37.409  -74.619  18.587 0.0000000000
30907  -37.054  -74.137  18.548 0.0000000000
259779  -36.716  -73.644  18.541 0.0000000000
14309  -40.096  -84.416  8.392 0.0000000000
14320  -39.703  -84.495  7.711 0.0000000000
14331  -39.810  -84.357  7.268 0.0000000000
15454  -39.284  -83.991  6.162 0.0000000000
15473  -39.312  -83.505  5.442 0.0000000000
15491  -39.044  -83.109  4.648 0.0000000000
15518  -38.541  -83.975  4.198 0.0000000000
18076  -39.951  -82.370  1.997 0.0000000000
15585  -38.678  -83.143  1.113 0.0000000000
297348  -38.080  -83.653  0.991 0.0000000000
293792  -37.879  -83.450  0.335 0.0000000000
16856  -37.392  -83.051  -0.201 0.0000000000
9369  -36.516  -87.443  13.277 0.0000000000
272768  -35.832  -87.769  12.490 0.0000000000
10346  -36.737  -87.242  12.658 0.0000000000
10355  -37.119  -86.959  12.323 0.0000000000
11340  -37.832  -86.297  11.561 0.0000000000
12257  -38.361  -85.191  11.989 0.0000000000
11352  -38.101  -85.991  11.101 0.0000000000
12283  -38.753  -85.356  10.764 0.0000000000
302739  -39.286  -84.890  10.220 0.0000000000
14287  -39.658  -84.333  10.267 0.0000000000
17774  -36.365  -82.579  12.545 0.0000000000
261806  -36.970  -82.702  12.199 0.0000000000
268554  -38.114  -82.194  11.458 0.0000000000
17804  -38.088  -82.769  11.662 0.0000000000
15380  -39.319  -83.464  10.903 0.0000000000
15388  -40.073  -83.638  10.172 0.0000000000
15398  -40.283  -83.815  9.569 0.0000000000
15409  -40.768  -83.498  8.817 0.0000000000
16623  -41.122  -83.056  8.565 0.0000000000
16644  -41.519  -82.603  8.245 0.0000000000
17864  -41.386  -82.033  9.514 0.0000000000
17889  -41.665  -82.113  8.864 0.0000000000
17939  -41.764  -82.234  7.712 0.0000000000
19181  -42.008  -81.706  7.235 0.0000000000
19196  -42.254  -80.892  6.390 0.0000000000
20267  -42.385  -80.388  6.153 0.0000000000
9353  -36.379  -87.603  14.161 0.0000000000
10322  -37.356  -87.007  14.333 0.0000000000
11299  -38.037  -86.023  13.983 0.0000000000
11282  -37.946  -86.680  15.788 0.0000000000
12206  -38.089  -86.161  14.555 0.0000000000
14215  -37.883  -85.060  14.389 0.0000000000
15302  -37.194  -84.514  14.371 0.0000000000
282701  -36.771  -83.767  14.703 0.0000000000
15316  -36.096  -83.687  14.273 0.0000000000
14157  -38.109  -85.006  17.981 0.0000000000
13138  -37.441  -85.119  17.676 0.0000000000
296784  -36.505  -84.996  16.790 0.0000000000
269897  -35.757  -84.317  17.505 0.0000000000
14175  -36.129  -84.716  17.022 0.0000000000
14187  -36.429  -84.517  16.280 0.0000000000
15289  -35.904  -84.253  15.462 0.0000000000
15299  -35.341  -83.911  14.569 0.0000000000
264764  -34.924  -82.937  13.742 0.0000000000
17757  -34.127  -82.542  14.355 0.0000000000
19055  -33.937  -81.652  14.328 0.0000000000
21206  -34.115  -80.367  13.978 0.0000000000
20123  -33.609  -81.110  15.291 0.0000000000
21192  -33.438  -80.102  14.887 0.0000000000
22309  -34.033  -79.353  14.121 0.0000000000
23405  -34.237  -78.435  14.409 0.0000000000
25480  -34.191  -77.285  14.370 0.0000000000
20045  -38.678  -80.774  21.461 0.0000000000
20044  -38.019  -80.861  21.494 0.0000000000
18948  -36.920  -81.176  21.105 0.0000000000
271317  -36.313  -81.036  20.262 0.0000000000
20081  -35.759  -80.881  19.506 0.0000000000
21141  -35.479  -80.391  19.224 0.0000000000
305720  -38.678  -78.252  19.747 0.0000000000
23332  -37.740  -78.228  19.666 0.0000000000
23331  -37.195  -78.408  19.670 0.0000000000
25414  -36.588  -77.382  18.938 0.0000000000
24379  -36.383  -78.230  19.218 0.0000000000
23330  -36.559  -78.563  19.551 0.0000000000
22235  -35.542  -79.310  19.283 0.0000000000
275643  -35.352  -79.856  18.986 0.0000000000
280215  -34.978  -80.379  18.223 0.0000000000
274365  -34.443  -79.838  17.737 0.0000000000
23375  -33.813  -79.015  17.272 0.0000000000
23374  -33.423  -78.566  16.896 0.0000000000
25438  -33.388  -76.968  17.559 0.0000000000
26479  -33.198  -76.827  16.966 0.0000000000
302570  -33.200  -77.457  16.016 0.0000000000
26501  -33.250  -76.582  15.683 0.0000000000
258718  -33.693  -75.737  14.925 0.0000000000
9399  -35.599  -87.687  11.599 0.0000000000
10378  -35.416  -87.358  10.434 0.0000000000
11366  -35.431  -86.482  9.973 0.0000000000
11386  -36.943  -86.024  9.221 0.0000000000
12294  -35.826  -86.067  9.746 0.0000000000
261835  -35.688  -85.510  10.170 0.0000000000
14284  -35.423  -84.393  10.158 0.0000000000
14329  -39.041  -84.286  7.406 0.0000000000
15415  -38.531  -83.854  8.147 0.0000000000
16641  -37.973  -82.934  8.156 0.0000000000
17956  -38.605  -82.253  6.506 0.0000000000
17937  -37.770  -82.588  7.344 0.0000000000
298237  -37.256  -82.818  8.371 0.0000000000
25484  -36.642  -77.093  13.905 0.0000000000
24507  -38.456  -78.174  13.280 0.0000000000
23446  -39.163  -78.675  13.033 0.0000000000
22331  -40.084  -79.077  12.834 0.0000000000
22352  -41.129  -79.501  12.428 0.0000000000
285576  -41.534  -80.209  11.399 0.0000000000
20197  -41.960  -80.488  10.793 0.0000000000
20198  -42.613  -80.506  10.283 0.0000000000
21271  -43.034  -80.076  10.168 0.0000000000
21282  -43.041  -80.094  9.618 0.0000000000
20225  -42.668  -80.441  9.356 0.0000000000
21331  -42.641  -79.984  6.223 0.0000000000
20268  -42.777  -80.282  5.765 0.0000000000
23600  -43.784  -78.511  5.720 0.0000000000
22500  -43.719  -78.710  5.609 0.0000000000
262507  -43.598  -79.198  5.887 0.0000000000
263734  -43.773  -79.696  5.152 0.0000000000
21373  -43.680  -79.966  4.849 0.0000000000
20323  -43.237  -80.171  4.096 0.0000000000
20338  -42.758  -80.115  2.944 0.0000000000
20350  -41.893  -80.249  1.702 0.0000000000
20380  -41.378  -80.108  0.595 0.0000000000
21436  -41.064  -79.755  0.715 0.0000000000
20378  -40.247  -80.641  0.163 0.0000000000
19306  -39.248  -81.244  0.238 0.0000000000
8458  -36.516  -87.665  18.263 0.0000000000
8459  -36.938  -87.528  18.345 0.0000000000
8474  -36.736  -87.564  18.122 0.0000000000
8562  -35.074  -88.082  13.333 0.0000000000
9268  -37.751  -87.102  18.437 0.0000000000
9283  -37.092  -87.361  17.985 0.0000000000
9284  -37.539  -87.167  18.051 0.0000000000
9285  -37.923  -86.993  18.228 0.0000000000
9299  -37.423  -87.176  17.756 0.0000000000
9367  -35.606  -87.936  13.480 0.0000000000
9368  -36.052  -87.746  13.616 0.0000000000
9376  -35.991  -87.761  13.052 0.0000000000
9385  -34.661  -88.160  12.078 0.0000000000
9387  -36.026  -87.542  12.064 0.0000000000
9388  -36.308  -87.544  12.594 0.0000000000
9409  -35.204  -87.700  10.882 0.0000000000
9410  -35.748  -87.438  10.964 0.0000000000
10248  -38.049  -86.891  18.151 0.0000000000
10249  -38.265  -86.456  18.387 0.0000000000
10264  -37.767  -87.073  17.493 0.0000000000
10265  -37.961  -86.968  17.848 0.0000000000
10266  -38.124  -86.816  18.042 0.0000000000
10286  -37.989  -86.949  17.157 0.0000000000
10310  -37.225  -87.148  15.087 0.0000000000
10311  -37.606  -86.946  15.534 0.0000000000
10334  -36.971  -87.210  13.837 0.0000000000
10365  -36.116  -87.360  11.494 0.0000000000
10366  -36.597  -87.142  11.260 0.0000000000
10367  -37.068  -86.940  11.633 0.0000000000
10376  -34.178  -87.464  10.430 0.0000000000
10379  -35.949  -87.207  10.497 0.0000000000
10380  -36.461  -87.084  10.602 0.0000000000
10394  -34.552  -87.156  10.241 0.0000000000
10395  -35.047  -86.992  10.140 0.0000000000
10396  -35.666  -86.966  10.099 0.0000000000
11241  -38.812  -86.115  18.956 0.0000000000
11271  -38.273  -86.478  16.971 0.0000000000
11272  -38.390  -86.175  17.252 0.0000000000
11291  -37.970  -86.450  15.062 0.0000000000
11292  -38.264  -86.113  15.282 0.0000000000
11298  -37.713  -86.528  14.164 0.0000000000
11329  -37.577  -86.555  12.601 0.0000000000
11339  -37.497  -86.601  11.955 0.0000000000
11350  -34.354  -86.446  10.398 0.0000000000
11365  -34.568  -86.801  10.146 0.0000000000
11367  -36.830  -86.476  9.577 0.0000000000
11368  -37.326  -86.509  10.136 0.0000000000
11369  -37.920  -86.194  10.367 0.0000000000
11387  -37.441  -85.978  9.227 0.0000000000
12141  -38.538  -85.845  19.078 0.0000000000
12157  -38.475  -85.972  17.860 0.0000000000
12172  -38.405  -86.153  17.542 0.0000000000
12181  -38.324  -86.275  16.495 0.0000000000
12183  -38.432  -86.119  16.976 0.0000000000
12193  -38.460  -85.988  16.029 0.0000000000
12207  -38.657  -85.550  15.070 0.0000000000
12218  -38.239  -85.404  14.241 0.0000000000
12219  -38.705  -85.372  14.710 0.0000000000
12229  -37.976  -85.395  13.722 0.0000000000
12268  -38.188  -85.784  11.782 0.0000000000
12269  -38.603  -85.417  11.349 0.0000000000
12280  -34.695  -85.834  10.455 0.0000000000
12281  -35.201  -85.491  10.408 0.0000000000
12282  -38.380  -85.751  10.618 0.0000000000
12293  -35.270  -86.005  10.077 0.0000000000
12296  -38.651  -85.535  10.185 0.0000000000
12305  -36.664  -85.713  9.222 0.0000000000
12319  -37.765  -85.482  8.846 0.0000000000
12320  -38.281  -85.430  8.914 0.0000000000
13084  -36.753  -84.906  19.523 0.0000000000
13103  -36.734  -84.952  19.057 0.0000000000
13106  -37.856  -85.208  19.090 0.0000000000
13120  -36.740  -85.033  18.521 0.0000000000
13123  -37.921  -85.109  18.466 0.0000000000
13124  -38.045  -85.070  17.903 0.0000000000
13125  -38.402  -85.739  18.223 0.0000000000
13137  -36.899  -85.158  17.908 0.0000000000
13139  -38.342  -85.258  17.657 0.0000000000
13140  -38.599  -85.726  17.556 0.0000000000
13152  -36.935  -85.184  17.222 0.0000000000
13153  -37.554  -85.140  16.926 0.0000000000
13155  -38.653  -85.935  17.050 0.0000000000
13163  -36.808  -84.884  16.137 0.0000000000
13165  -37.869  -85.028  16.314 0.0000000000
13166  -38.595  -85.370  16.963 0.0000000000
13172  -37.261  -85.030  15.671 0.0000000000
13173  -37.879  -85.013  15.847 0.0000000000
13175  -38.778  -85.359  16.162 0.0000000000
13184  -37.103  -84.926  15.150 0.0000000000
13196  -38.416  -85.165  14.604 0.0000000000
13197  -38.727  -85.239  14.997 0.0000000000
13255  -38.936  -84.865  11.025 0.0000000000
13256  -39.246  -84.520  10.803 0.0000000000
13261  -35.319  -84.980  10.315 0.0000000000
13262  -35.923  -84.921  10.112 0.0000000000
13264  -38.955  -85.285  9.848 0.0000000000
13265  -39.361  -85.023  9.608 0.0000000000
13276  -36.246  -85.547  9.572 0.0000000000
13278  -37.193  -84.913  9.220 0.0000000000
13279  -38.838  -85.316  9.156 0.0000000000
13289  -37.609  -85.070  8.837 0.0000000000
13301  -38.551  -84.924  8.188 0.0000000000
14107  -37.190  -84.533  20.752 0.0000000000
14123  -36.616  -84.504  19.952 0.0000000000
14124  -36.970  -84.735  20.346 0.0000000000
14139  -36.030  -84.181  18.947 0.0000000000
14153  -35.978  -84.433  18.308 0.0000000000
14154  -36.364  -84.764  18.683 0.0000000000
14155  -37.746  -85.009  18.202 0.0000000000
14156  -38.070  -85.007  17.919 0.0000000000
14164  -36.078  -84.657  17.732 0.0000000000
14166  -37.856  -84.979  17.819 0.0000000000
14167  -38.236  -84.970  17.619 0.0000000000
14168  -38.450  -84.934  17.345 0.0000000000
14176  -37.957  -85.031  17.329 0.0000000000
14177  -38.351  -85.029  17.066 0.0000000000
14178  -38.497  -85.195  16.996 0.0000000000
14189  -38.379  -85.120  16.524 0.0000000000
14190  -38.497  -85.273  16.679 0.0000000000
14196  -38.508  -85.101  15.910 0.0000000000
14203  -37.349  -84.917  14.642 0.0000000000
14205  -38.540  -85.072  15.306 0.0000000000
14216  -38.414  -85.024  15.006 0.0000000000
14229  -37.667  -84.767  13.697 0.0000000000
14239  -37.503  -83.994  13.115 0.0000000000
14285  -35.976  -84.315  9.915 0.0000000000
14286  -36.468  -84.154  9.664 0.0000000000
14288  -40.038  -84.229  9.717 0.0000000000
14297  -36.949  -84.528  9.542 0.0000000000
14299  -39.745  -84.698  9.359 0.0000000000
14300  -40.126  -84.407  9.098 0.0000000000
14307  -37.864  -84.594  8.608 0.0000000000
14318  -38.849  -84.594  7.967 0.0000000000
14319  -39.176  -84.537  7.721 0.0000000000
14330  -39.241  -84.324  7.186 0.0000000000
14344  -39.077  -84.083  6.736 0.0000000000
14345  -39.531  -84.242  6.759 0.0000000000
15205  -36.367  -83.974  20.176 0.0000000000
15231  -35.360  -83.651  18.225 0.0000000000
15244  -35.706  -84.170  18.049 0.0000000000
15259  -35.649  -84.273  17.087 0.0000000000
15275  -34.825  -83.816  16.467 0.0000000000
15276  -35.270  -84.210  15.940 0.0000000000
15277  -35.999  -84.288  16.110 0.0000000000
15287  -34.754  -83.924  15.874 0.0000000000
15288  -35.074  -84.152  15.234 0.0000000000
15290  -36.551  -84.241  15.655 0.0000000000
15301  -37.231  -83.822  14.709 0.0000000000
15317  -37.069  -83.592  14.402 0.0000000000
15318  -37.366  -84.201  14.002 0.0000000000
15335  -37.412  -83.862  13.602 0.0000000000
15372  -38.875  -83.575  11.134 0.0000000000
15381  -39.688  -83.254  10.602 0.0000000000
15386  -35.977  -83.817  9.680 0.0000000000
15387  -39.624  -83.643  10.741 0.0000000000
15399  -40.628  -83.384  9.457 0.0000000000
15408  -40.438  -83.984  8.951 0.0000000000
15416  -38.853  -83.837  7.610 0.0000000000
15417  -40.310  -84.163  7.785 0.0000000000
15435  -40.247  -84.139  7.062 0.0000000000
15436  -40.754  -83.735  7.496 0.0000000000
15455  -40.026  -83.992  6.438 0.0000000000
15471  -36.641  -83.362  5.569 0.0000000000
15472  -39.176  -83.192  5.303 0.0000000000
15506  -39.847  -83.142  4.667 0.0000000000
15583  -37.494  -84.174  1.202 0.0000000000
15600  -37.493  -83.829  0.681 0.0000000000
15614  -37.056  -83.413  -0.112 0.0000000000
15615  -37.412  -83.454  0.001 0.0000000000
16394  -35.970  -82.903  19.746 0.0000000000
16395  -36.302  -83.315  20.249 0.0000000000
16426  -35.534  -83.255  18.689 0.0000000000
16454  -34.732  -83.373  17.134 0.0000000000
16486  -34.409  -83.024  14.333 0.0000000000
16487  -34.691  -83.593  14.760 0.0000000000
16498  -34.531  -82.544  13.832 0.0000000000
16499  -35.141  -83.514  13.981 0.0000000000
16500  -35.869  -83.432  13.705 0.0000000000
16511  -36.089  -83.216  13.301 0.0000000000
16528  -37.329  -83.478  13.127 0.0000000000
16542  -37.325  -83.162  12.565 0.0000000000
16576  -39.054  -83.196  10.907 0.0000000000
16577  -40.272  -82.219  10.064 0.0000000000
16590  -40.081  -82.970  10.229 0.0000000000
16604  -36.583  -83.311  9.114 0.0000000000
16605  -37.179  -83.335  8.914 0.0000000000
16606  -41.014  -82.808  9.315 0.0000000000
16621  -37.818  -83.312  8.671 0.0000000000
16622  -38.307  -83.346  8.398 0.0000000000
16642  -38.611  -83.097  7.927 0.0000000000
16643  -41.141  -83.196  7.882 0.0000000000
16670  -38.937  -83.129  7.346 0.0000000000
16671  -39.137  -82.507  6.962 0.0000000000
16673  -41.454  -82.825  7.491 0.0000000000
16692  -39.080  -83.102  6.717 0.0000000000
16695  -41.622  -82.376  7.025 0.0000000000
16711  -37.372  -82.770  5.541 0.0000000000
16712  -39.252  -82.976  6.075 0.0000000000
16713  -39.620  -82.082  5.940 0.0000000000
16732  -39.355  -81.801  5.466 0.0000000000
16755  -39.692  -82.960  4.065 0.0000000000
16756  -40.157  -82.823  4.374 0.0000000000
16757  -40.628  -82.590  4.686 0.0000000000
16772  -39.618  -83.014  3.556 0.0000000000
16787  -39.132  -83.229  2.650 0.0000000000
16789  -39.957  -82.740  3.183 0.0000000000
16811  -39.127  -82.957  1.844 0.0000000000
16841  -36.941  -83.601  0.322 0.0000000000
16842  -37.252  -82.998  -0.184 0.0000000000
16843  -38.213  -83.067  0.255 0.0000000000
16844  -38.717  -82.462  -0.053 0.0000000000
16845  -39.221  -81.932  -0.075 0.0000000000
16857  -37.768  -83.004  -0.241 0.0000000000
17671  -35.482  -82.145  19.055 0.0000000000
17685  -34.732  -81.934  18.227 0.0000000000
17686  -35.305  -82.638  18.657 0.0000000000
17700  -34.504  -82.259  17.655 0.0000000000
17714  -33.993  -82.287  16.385 0.0000000000
17731  -34.255  -82.760  16.565 0.0000000000
17741  -33.925  -82.385  15.762 0.0000000000
17750  -33.911  -82.231  15.169 0.0000000000
17751  -34.057  -82.616  14.822 0.0000000000
17763  -34.196  -82.089  13.970 0.0000000000
17765  -35.718  -82.622  13.163 0.0000000000
17773  -35.897  -82.431  12.880 0.0000000000
17805  -38.650  -82.468  11.182 0.0000000000
17825  -40.911  -81.407  10.031 0.0000000000
17842  -41.292  -81.723  9.852 0.0000000000
17890  -41.974  -81.715  8.714 0.0000000000
17910  -37.537  -82.631  7.798 0.0000000000
17911  -38.227  -82.662  7.669 0.0000000000
17913  -41.803  -82.093  8.288 0.0000000000
17938  -38.420  -82.508  7.148 0.0000000000
17954  -37.002  -82.744  6.649 0.0000000000
17955  -37.953  -82.488  6.850 0.0000000000
17957  -39.252  -82.089  6.448 0.0000000000
17958  -39.522  -81.869  6.167 0.0000000000
17959  -39.478  -81.741  6.031 0.0000000000
17961  -41.870  -81.941  6.566 0.0000000000
17978  -37.441  -82.654  6.090 0.0000000000
17980  -38.385  -82.238  5.917 0.0000000000
17981  -39.023  -81.905  5.870 0.0000000000
17982  -39.494  -81.745  5.867 0.0000000000
17984  -41.736  -82.013  5.936 0.0000000000
18001  -38.986  -81.953  5.235 0.0000000000
18019  -41.458  -81.936  4.668 0.0000000000
18053  -40.760  -81.955  2.968 0.0000000000
18096  -38.616  -81.734  0.077 0.0000000000
18098  -40.250  -81.786  1.332 0.0000000000
18110  -37.630  -82.594  -0.373 0.0000000000
18112  -38.649  -82.136  -0.223 0.0000000000
18113  -39.708  -81.443  0.102 0.0000000000
18924  -36.861  -82.396  21.208 0.0000000000
18925  -37.109  -81.765  21.493 0.0000000000
18947  -36.662  -81.806  20.977 0.0000000000
18949  -39.840  -80.956  21.138 0.0000000000
18969  -36.126  -81.518  19.934 0.0000000000
18970  -36.374  -81.816  20.365 0.0000000000
18971  -41.140  -81.113  20.147 0.0000000000
18986  -35.289  -81.520  18.845 0.0000000000
19000  -34.847  -81.420  18.371 0.0000000000
19013  -34.019  -81.309  17.373 0.0000000000
19049  -33.798  -81.718  14.934 0.0000000000
19062  -34.188  -81.451  13.767 0.0000000000
19069  -35.129  -81.414  13.029 0.0000000000
19070  -35.430  -81.669  12.841 0.0000000000
19077  -35.766  -81.392  12.365 0.0000000000
19089  -37.773  -81.670  11.434 0.0000000000
19101  -39.120  -81.836  10.967 0.0000000000
19119  -41.856  -80.909  9.909 0.0000000000
19135  -41.604  -81.445  9.773 0.0000000000
19165  -42.192  -81.236  8.451 0.0000000000
19194  -39.406  -81.793  6.076 0.0000000000
19207  -39.301  -81.735  5.657 0.0000000000
19208  -39.347  -81.733  5.887 0.0000000000
19209  -42.008  -81.526  5.552 0.0000000000
19210  -42.353  -80.876  5.768 0.0000000000
19237  -41.767  -81.519  4.376 0.0000000000
19238  -42.170  -81.223  4.643 0.0000000000
19257  -41.335  -81.820  4.068 0.0000000000
19278  -41.251  -81.687  3.441 0.0000000000
19293  -39.271  -80.989  1.211 0.0000000000
19294  -40.680  -81.544  1.582 0.0000000000
19296  -41.576  -81.006  2.357 0.0000000000
19309  -41.021  -81.016  1.314 0.0000000000
19310  -41.425  -80.862  1.720 0.0000000000
19319  -39.698  -81.009  0.153 0.0000000000
20043  -37.412  -81.121  21.433 0.0000000000
20046  -39.275  -80.827  21.318 0.0000000000
20054  -37.462  -80.535  21.081 0.0000000000
20055  -38.287  -80.375  21.116 0.0000000000
20056  -38.925  -80.467  20.949 0.0000000000
20059  -40.599  -80.935  20.350 0.0000000000
20067  -36.092  -80.604  19.987 0.0000000000
20068  -36.471  -80.317  20.399 0.0000000000
20069  -39.915  -80.434  20.248 0.0000000000
20070  -40.318  -80.494  20.005 0.0000000000
20072  -41.371  -80.757  19.660 0.0000000000
20080  -35.506  -81.022  19.149 0.0000000000
20082  -40.672  -79.923  19.826 0.0000000000
20092  -34.688  -80.921  18.088 0.0000000000
20116  -33.652  -81.081  16.403 0.0000000000
20137  -34.005  -81.011  14.095 0.0000000000
20176  -38.228  -81.122  11.314 0.0000000000
20177  -38.937  -81.125  11.090 0.0000000000
20181  -41.958  -80.417  11.112 0.0000000000
20182  -42.342  -80.507  11.068 0.0000000000
20193  -39.875  -81.102  10.814 0.0000000000
20194  -40.460  -80.832  10.623 0.0000000000
20195  -41.009  -80.601  10.504 0.0000000000
20196  -41.762  -80.463  10.624 0.0000000000
20210  -42.094  -80.854  9.870 0.0000000000
20211  -42.577  -80.504  9.876 0.0000000000
20255  -42.286  -80.338  6.625 0.0000000000
20284  -42.784  -80.590  5.247 0.0000000000
20285  -43.319  -80.163  5.299 0.0000000000
20306  -43.242  -80.284  4.768 0.0000000000
20322  -42.714  -80.530  3.785 0.0000000000
20334  -38.726  -80.184  2.062 0.0000000000
20339  -43.261  -79.987  3.451 0.0000000000
20349  -40.429  -80.140  1.168 0.0000000000
20351  -42.525  -79.774  2.081 0.0000000000
20363  -40.082  -80.555  0.508 0.0000000000
20364  -40.659  -80.194  0.286 0.0000000000
20379  -40.723  -80.491  0.064 0.0000000000
21119  -37.122  -80.037  20.672 0.0000000000
21122  -39.178  -80.121  20.466 0.0000000000
21132  -38.227  -79.449  20.415 0.0000000000
21142  -35.870  -80.212  19.787 0.0000000000
21144  -39.852  -79.403  19.894 0.0000000000
21145  -40.381  -79.548  19.833 0.0000000000
21146  -41.511  -79.828  19.358 0.0000000000
21157  -35.086  -79.932  18.438 0.0000000000
21158  -35.204  -80.258  18.705 0.0000000000
21176  -33.669  -80.065  16.806 0.0000000000
21183  -33.288  -80.129  15.675 0.0000000000
21184  -33.409  -80.523  15.311 0.0000000000
21193  -33.629  -80.664  14.941 0.0000000000
21201  -33.841  -80.526  14.511 0.0000000000
21207  -34.680  -80.329  13.166 0.0000000000
21213  -35.069  -80.461  12.851 0.0000000000
21221  -35.832  -79.904  12.380 0.0000000000
21222  -36.384  -80.122  12.185 0.0000000000
21227  -40.803  -79.893  11.944 0.0000000000
21228  -41.484  -80.012  11.856 0.0000000000
21229  -41.893  -79.965  11.911 0.0000000000
21240  -38.170  -80.575  11.633 0.0000000000
21243  -40.502  -80.228  11.381 0.0000000000
21245  -41.864  -80.242  11.389 0.0000000000
21259  -42.646  -80.317  11.167 0.0000000000
21272  -43.268  -79.828  10.498 0.0000000000
21291  -42.607  -80.189  8.589 0.0000000000
21313  -42.601  -79.903  6.871 0.0000000000
21332  -43.122  -79.551  6.351 0.0000000000
21390  -43.689  -79.794  4.313 0.0000000000
21406  -41.691  -79.525  3.047 0.0000000000
21422  -42.916  -79.478  2.519 0.0000000000
21423  -43.350  -79.443  3.041 0.0000000000
21447  -41.003  -80.092  0.527 0.0000000000
21448  -41.444  -79.791  0.629 0.0000000000
21449  -41.705  -79.864  0.962 0.0000000000
22226  -38.587  -78.910  20.198 0.0000000000
22236  -36.069  -79.095  19.699 0.0000000000
22237  -36.717  -78.848  19.991 0.0000000000
22238  -37.492  -78.575  19.963 0.0000000000
22239  -38.169  -78.437  19.924 0.0000000000
22243  -41.032  -79.257  19.570 0.0000000000
22251  -34.802  -79.591  18.183 0.0000000000
22252  -35.158  -79.456  18.718 0.0000000000
22267  -33.994  -79.654  17.292 0.0000000000
22279  -33.411  -79.365  16.247 0.0000000000
22288  -33.294  -79.664  15.701 0.0000000000
22310  -34.799  -79.676  13.484 0.0000000000
22311  -35.271  -79.327  13.247 0.0000000000
22312  -35.719  -79.077  13.278 0.0000000000
22327  -37.256  -78.943  12.741 0.0000000000
22329  -38.742  -79.050  12.779 0.0000000000
22349  -39.041  -79.471  12.292 0.0000000000
22350  -39.781  -79.480  12.382 0.0000000000
22351  -40.476  -79.436  12.390 0.0000000000
22437  -43.477  -79.419  8.403 0.0000000000
22480  -43.594  -79.077  6.466 0.0000000000
22501  -44.073  -78.670  6.018 0.0000000000
22518  -43.595  -78.999  4.687 0.0000000000
22541  -39.199  -79.628  3.334 0.0000000000
22542  -39.594  -79.484  3.811 0.0000000000
22543  -40.179  -79.189  3.638 0.0000000000
22545  -42.985  -79.064  3.230 0.0000000000
22546  -43.653  -79.093  3.368 0.0000000000
22561  -40.901  -79.029  3.200 0.0000000000
22562  -42.834  -79.420  2.478 0.0000000000
22563  -43.084  -79.298  2.649 0.0000000000
22564  -43.141  -79.307  2.697 0.0000000000
22580  -42.931  -79.311  2.481 0.0000000000
23329  -35.912  -78.708  19.399 0.0000000000
23333  -38.487  -78.320  19.868 0.0000000000
23334  -39.115  -78.553  19.808 0.0000000000
23335  -39.911  -78.787  19.724 0.0000000000
23346  -37.868  -77.947  19.491 0.0000000000
23364  -34.520  -78.707  18.202 0.0000000000
23385  -33.565  -79.029  16.694 0.0000000000
23392  -33.481  -79.077  15.752 0.0000000000
23397  -33.519  -78.771  15.234 0.0000000000
23406  -34.713  -78.344  14.002 0.0000000000
23421  -34.810  -78.743  13.654 0.0000000000
23423  -36.005  -78.600  13.278 0.0000000000
23424  -36.630  -78.421  13.392 0.0000000000
23583  -41.796  -78.402  6.498 0.0000000000
23601  -44.559  -78.482  5.602 0.0000000000
23617  -43.280  -78.566  5.232 0.0000000000
23638  -41.600  -78.647  4.015 0.0000000000
24380  -36.991  -78.148  19.429 0.0000000000
24381  -37.516  -78.113  19.524 0.0000000000
24382  -38.365  -77.980  19.553 0.0000000000
24383  -39.016  -78.044  19.461 0.0000000000
24386  -41.055  -78.553  19.348 0.0000000000
24398  -34.218  -77.642  18.410 0.0000000000
24400  -36.192  -77.814  18.980 0.0000000000
24401  -36.790  -77.806  19.170 0.0000000000
24406  -40.106  -77.953  19.211 0.0000000000
24425  -33.974  -78.028  17.918 0.0000000000
24435  -33.370  -78.008  17.055 0.0000000000
24436  -33.683  -78.374  17.455 0.0000000000
24442  -33.287  -78.168  16.462 0.0000000000
24449  -33.322  -78.340  15.794 0.0000000000
24455  -33.422  -78.120  15.151 0.0000000000
24465  -33.820  -77.866  14.598 0.0000000000
24467  -35.111  -77.856  14.049 0.0000000000
24486  -36.859  -77.959  13.493 0.0000000000
24487  -37.536  -77.874  13.482 0.0000000000
24506  -37.884  -78.152  13.276 0.0000000000
24508  -38.980  -78.298  13.242 0.0000000000
24640  -42.331  -78.022  6.211 0.0000000000
24666  -42.133  -78.060  5.254 0.0000000000
24667  -42.696  -78.054  5.096 0.0000000000
24668  -43.146  -78.173  5.621 0.0000000000
25410  -34.133  -77.031  18.301 0.0000000000
25412  -35.312  -77.276  18.773 0.0000000000
25416  -37.930  -77.431  19.171 0.0000000000
25417  -39.375  -76.945  18.846 0.0000000000
25449  -33.366  -77.445  17.284 0.0000000000
25455  -33.216  -77.537  16.595 0.0000000000
25469  -33.368  -77.490  15.057 0.0000000000
25481  -34.865  -77.383  14.221 0.0000000000
26438  -34.548  -76.625  18.414 0.0000000000
26441  -37.054  -77.098  18.958 0.0000000000
26442  -38.109  -76.929  18.980 0.0000000000
26463  -33.382  -76.407  17.522 0.0000000000
26464  -33.757  -76.739  17.909 0.0000000000
26512  -33.343  -76.867  15.067 0.0000000000
26513  -33.555  -76.618  14.703 0.0000000000
26530  -36.762  -76.613  14.082 0.0000000000
27541  -34.373  -76.077  18.262 0.0000000000
27542  -34.828  -75.777  18.246 0.0000000000
27544  -35.815  -75.844  18.660 0.0000000000
27548  -39.830  -76.087  18.658 0.0000000000
27566  -33.851  -76.096  17.964 0.0000000000
27584  -33.207  -75.722  16.418 0.0000000000
27595  -33.257  -75.936  15.788 0.0000000000
27608  -33.420  -76.189  15.130 0.0000000000
27609  -33.825  -76.171  14.671 0.0000000000
27626  -34.978  -76.380  14.249 0.0000000000
28620  -34.450  -75.545  18.118 0.0000000000
28622  -37.763  -75.129  18.635 0.0000000000
28639  -33.973  -75.414  17.929 0.0000000000
28640  -34.397  -74.977  18.141 0.0000000000
28651  -33.346  -75.466  16.946 0.0000000000
28652  -33.672  -75.134  17.400 0.0000000000
28667  -33.297  -75.319  15.928 0.0000000000
29747  -34.916  -74.700  18.157 0.0000000000
29749  -36.115  -74.833  18.564 0.0000000000
29752  -38.012  -74.549  18.598 0.0000000000
29780  -33.791  -74.534  17.240 0.0000000000
29788  -33.603  -74.352  16.618 0.0000000000
29795  -33.423  -74.798  16.222 0.0000000000
30905  -35.803  -74.197  18.475 0.0000000000
30944  -33.812  -73.812  16.398 0.0000000000
32053  -36.372  -73.135  18.521 0.0000000000
32054  -37.005  -73.173  18.505 0.0000000000
32055  -37.575  -73.218  18.504 0.0000000000
255595  -36.794  -83.960  15.125 0.0000000000
257760  -37.838  -77.681  19.309 0.0000000000
257956  -37.509  -85.086  18.810 0.0000000000
258905  -35.525  -77.808  18.965 0.0000000000
261390  -36.106  -75.449  18.657 0.0000000000
261716  -34.463  -82.809  17.176 0.0000000000
261720  -35.400  -83.994  17.656 0.0000000000
262160  -37.548  -84.443  13.263 0.0000000000
262595  -40.990  -79.545  19.685 0.0000000000
262949  -34.674  -82.067  13.478 0.0000000000
263077  -37.964  -82.408  6.261 0.0000000000
264084  -44.110  -77.935  6.286 0.0000000000
264511  -36.606  -78.992  12.812 0.0000000000
264514  -39.819  -79.781  1.849 0.0000000000
264540  -38.602  -86.152  19.000 0.0000000000
264580  -35.682  -78.271  13.427 0.0000000000
264643  -38.505  -85.812  15.549 0.0000000000
266519  -37.380  -82.555  7.060 0.0000000000
266714  -41.325  -78.515  4.644 0.0000000000
267500  -36.741  -83.318  13.215 0.0000000000
267830  -42.370  -80.782  8.961 0.0000000000
268218  -36.976  -85.029  19.025 0.0000000000
269020  -33.446  -80.437  16.320 0.0000000000
269072  -37.175  -87.017  13.065 0.0000000000
269325  -42.185  -79.583  1.504 0.0000000000
269643  -41.314  -78.016  19.108 0.0000000000
269669  -37.094  -77.491  19.169 0.0000000000
269934  -39.457  -79.782  20.046 0.0000000000
270843  -37.167  -75.185  18.649 0.0000000000
270927  -40.205  -74.905  18.574 0.0000000000
270949  -36.595  -75.301  18.650 0.0000000000
271042  -38.136  -78.400  13.064 0.0000000000
271356  -40.521  -84.004  8.422 0.0000000000
271798  -42.051  -80.581  10.448 0.0000000000
272198  -35.711  -76.779  18.767 0.0000000000
272377  -38.915  -82.399  6.911 0.0000000000
272878  -35.501  -76.285  18.571 0.0000000000
273449  -34.317  -79.224  17.887 0.0000000000
274346  -38.083  -84.991  15.634 0.0000000000
274960  -37.595  -76.987  19.030 0.0000000000
275192  -36.409  -76.780  18.779 0.0000000000
275519  -35.706  -87.730  12.102 0.0000000000
275923  -39.632  -80.814  11.050 0.0000000000
276460  -36.579  -81.285  20.671 0.0000000000
277316  -36.853  -82.595  7.283 0.0000000000
277343  -34.818  -78.499  18.668 0.0000000000
278464  -39.538  -84.633  8.118 0.0000000000
278943  -38.775  -84.316  7.885 0.0000000000
279053  -41.137  -77.297  18.816 0.0000000000
279470  -33.179  -76.990  16.209 0.0000000000
279497  -35.950  -84.416  16.610 0.0000000000
280145  -39.648  -78.779  13.009 0.0000000000
280187  -38.184  -85.439  19.108 0.0000000000
280434  -39.543  -82.575  1.593 0.0000000000
280530  -40.999  -82.991  6.044 0.0000000000
281061  -33.869  -79.927  14.342 0.0000000000
281089  -37.016  -85.139  16.633 0.0000000000
281137  -37.951  -86.322  14.504 0.0000000000
281226  -39.861  -82.314  10.188 0.0000000000
281267  -42.392  -79.769  18.670 0.0000000000
281388  -35.958  -86.558  9.768 0.0000000000
282732  -42.191  -80.950  6.983 0.0000000000
282907  -42.917  -80.130  10.755 0.0000000000
284201  -33.221  -77.187  15.590 0.0000000000
284262  -38.995  -81.133  21.812 0.0000000000
284590  -34.339  -79.778  13.927 0.0000000000
284714  -33.620  -81.249  15.855 0.0000000000
285128  -38.994  -85.086  10.485 0.0000000000
285228  -36.341  -86.152  9.385 0.0000000000
285394  -37.479  -75.728  18.721 0.0000000000
285500  -42.137  -81.408  6.672 0.0000000000
285686  -38.725  -81.527  22.120 0.0000000000
289388  -33.232  -77.842  16.091 0.0000000000
289702  -35.123  -76.898  14.192 0.0000000000
289720  -35.197  -78.275  18.961 0.0000000000
289790  -33.914  -78.972  14.425 0.0000000000
290173  -34.270  -80.977  17.718 0.0000000000
290372  -37.278  -86.311  9.511 0.0000000000
291820  -42.817  -77.880  5.948 0.0000000000
291831  -36.436  -78.720  13.154 0.0000000000
292404  -34.968  -81.749  18.521 0.0000000000
294657  -37.351  -83.943  14.315 0.0000000000
294818  -36.803  -84.229  15.217 0.0000000000
295005  -38.887  -79.878  2.347 0.0000000000
295252  -39.069  -80.397  1.813 0.0000000000
295617  -39.483  -83.307  4.870 0.0000000000
295678  -40.028  -76.730  18.738 0.0000000000
296043  -34.455  -81.781  13.612 0.0000000000
297010  -36.020  -81.117  19.819 0.0000000000
297088  -38.063  -78.147  19.695 0.0000000000
297906  -36.382  -86.670  9.659 0.0000000000
298291  -33.853  -81.128  16.992 0.0000000000
299361  -33.982  -82.611  15.271 0.0000000000
299668  -37.564  -85.724  9.039 0.0000000000
299753  -37.415  -86.621  11.387 0.0000000000
299826  -43.228  -78.893  3.678 0.0000000000
300949  -40.688  -78.140  19.228 0.0000000000
301706  -36.967  -82.220  11.853 0.0000000000
302824  -33.707  -79.009  14.849 0.0000000000
303484  -36.641  -83.606  9.344 0.0000000000
304503  -36.553  -79.292  20.300 0.0000000000
304802  -40.358  -75.972  18.713 0.0000000000
305914  -34.431  -80.172  13.581 0.0000000000
306695  -43.811  -79.533  4.609 0.0000000000
306707  -34.794  -80.014  18.046 0.0000000000
307051  -36.696  -82.340  7.649 0.0000000000
