#!ascii label  , from subject sub-v2s5x29565_ses-1 vox2ras=TkReg
2140
101648  11.740  -29.790  82.642 0.0000000000
89963  3.834  -34.775  69.115 0.0000000000
299702  2.574  -37.140  81.768 0.0000000000
101687  2.395  -28.387  79.272 0.0000000000
107921  1.079  -26.928  71.005 0.0000000000
94148  7.486  -32.370  85.802 0.0000000000
104577  5.839  -28.714  83.704 0.0000000000
91157  12.563  -33.816  80.534 0.0000000000
91150  8.897  -32.790  82.187 0.0000000000
259190  5.152  -37.258  79.464 0.0000000000
113903  1.818  -23.230  78.329 0.0000000000
283236  1.721  -27.602  75.603 0.0000000000
115269  3.721  -23.134  74.591 0.0000000000
79972  2.866  -39.502  76.735 0.0000000000
88407  3.164  -35.863  76.500 0.0000000000
268373  3.131  -32.448  81.115 0.0000000000
268921  2.344  -25.679  81.669 0.0000000000
95757  4.104  -31.890  75.295 0.0000000000
100256  7.394  -29.521  73.299 0.0000000000
106333  8.128  -27.434  70.051 0.0000000000
112598  2.996  -23.799  67.301 0.0000000000
97121  9.862  -30.972  85.118 0.0000000000
103094  8.021  -29.123  83.932 0.0000000000
94184  12.740  -32.825  82.562 0.0000000000
295526  10.030  -32.037  81.186 0.0000000000
92644  10.799  -32.920  83.832 0.0000000000
91142  8.759  -34.170  83.939 0.0000000000
113925  3.100  -23.443  76.225 0.0000000000
81276  2.994  -38.409  78.018 0.0000000000
85531  3.176  -36.737  78.590 0.0000000000
277083  2.724  -34.881  82.032 0.0000000000
109295  6.043  -25.376  81.986 0.0000000000
107729  3.474  -26.782  83.179 0.0000000000
263877  4.131  -36.814  81.062 0.0000000000
78616  4.087  -39.879  77.808 0.0000000000
79947  3.279  -38.929  78.746 0.0000000000
279915  2.955  -40.336  77.038 0.0000000000
250339  2.429  -31.995  78.317 0.0000000000
92768  2.756  -33.257  75.784 0.0000000000
293998  3.778  -30.454  78.166 0.0000000000
106221  1.537  -27.430  73.514 0.0000000000
104698  5.467  -27.361  75.417 0.0000000000
106242  5.050  -26.967  72.945 0.0000000000
103278  7.742  -28.328  71.705 0.0000000000
106335  4.793  -26.717  70.599 0.0000000000
89726  5.467  -34.185  84.224 0.0000000000
94164  4.544  -32.332  84.415 0.0000000000
98607  5.987  -30.100  85.721 0.0000000000
107722  6.996  -27.268  82.957 0.0000000000
89768  12.864  -34.420  78.658 0.0000000000
91228  10.775  -33.425  77.041 0.0000000000
91169  10.762  -32.611  79.432 0.0000000000
92676  9.156  -31.965  80.413 0.0000000000
88355  7.606  -35.452  81.891 0.0000000000
86937  6.663  -35.824  83.946 0.0000000000
107780  0.926  -26.494  78.954 0.0000000000
252962  2.435  -27.651  77.725 0.0000000000
265622  0.466  -25.967  76.320 0.0000000000
267657  0.423  -25.016  74.574 0.0000000000
112507  0.784  -24.160  72.425 0.0000000000
286097  12.618  -29.976  80.027 0.0000000000
88428  15.288  -35.172  75.411 0.0000000000
89778  17.961  -34.445  77.838 0.0000000000
91180  14.713  -33.533  79.412 0.0000000000
94214  13.055  -32.545  79.551 0.0000000000
78648  2.575  -40.045  75.786 0.0000000000
82836  2.524  -38.598  74.999 0.0000000000
84152  3.046  -37.816  76.780 0.0000000000
251306  3.264  -34.371  78.929 0.0000000000
98662  2.620  -30.588  80.402 0.0000000000
269812  4.569  -29.979  82.416 0.0000000000
293060  2.532  -28.776  82.309 0.0000000000
268014  1.145  -27.595  80.666 0.0000000000
112387  1.135  -23.817  80.700 0.0000000000
252616  3.306  -37.055  73.988 0.0000000000
89899  3.546  -34.681  73.097 0.0000000000
92864  3.079  -32.978  72.036 0.0000000000
267005  5.379  -28.578  77.551 0.0000000000
97250  6.672  -31.007  74.945 0.0000000000
272699  4.210  -31.820  70.662 0.0000000000
97321  6.612  -31.684  69.979 0.0000000000
98804  7.784  -31.017  69.226 0.0000000000
116648  4.708  -22.108  72.674 0.0000000000
115315  3.245  -23.306  70.891 0.0000000000
116694  3.888  -22.004  69.234 0.0000000000
111053  2.622  -24.883  69.896 0.0000000000
108025  5.138  -26.724  67.223 0.0000000000
269339  9.983  -30.802  83.989 0.0000000000
103104  9.301  -29.860  82.896 0.0000000000
103125  10.553  -29.073  81.935 0.0000000000
98634  10.593  -31.259  82.283 0.0000000000
94179  12.099  -32.407  83.444 0.0000000000
277099  11.042  -31.657  83.932 0.0000000000
94161  10.629  -32.064  84.903 0.0000000000
87086  3.679  -35.762  68.224 0.0000000000
256795  4.120  -34.081  68.959 0.0000000000
82666  3.187  -36.925  79.251 0.0000000000
84098  3.199  -36.855  79.113 0.0000000000
86955  3.259  -35.918  82.129 0.0000000000
89832  11.448  -34.168  75.663 0.0000000000
82624  3.649  -37.902  81.719 0.0000000000
299028  3.729  -38.576  79.381 0.0000000000
81256  3.381  -37.864  79.385 0.0000000000
81275  3.048  -38.697  78.159 0.0000000000
282636  2.587  -30.237  79.060 0.0000000000
271700  2.958  -30.939  78.425 0.0000000000
101697  2.724  -29.378  78.728 0.0000000000
276320  1.611  -27.369  72.478 0.0000000000
106245  3.264  -27.420  73.270 0.0000000000
267857  2.937  -27.346  71.833 0.0000000000
106288  5.123  -26.769  71.780 0.0000000000
253235  3.252  -27.180  70.864 0.0000000000
91125  6.351  -33.367  85.441 0.0000000000
94152  5.352  -32.385  85.561 0.0000000000
97115  6.803  -30.926  86.084 0.0000000000
106075  7.736  -28.220  83.418 0.0000000000
109301  7.482  -25.707  81.487 0.0000000000
91182  12.499  -33.982  79.525 0.0000000000
91199  11.506  -33.819  78.758 0.0000000000
285618  11.508  -33.718  79.752 0.0000000000
91153  9.274  -32.199  82.156 0.0000000000
291975  9.996  -31.932  80.984 0.0000000000
91154  8.787  -32.585  81.813 0.0000000000
89747  8.572  -34.442  81.843 0.0000000000
91128  8.298  -33.705  85.378 0.0000000000
89731  7.781  -34.631  84.146 0.0000000000
89717  7.157  -34.212  85.174 0.0000000000
88337  6.043  -34.994  84.573 0.0000000000
266231  0.736  -24.512  78.599 0.0000000000
109344  0.588  -25.955  77.854 0.0000000000
110891  0.584  -24.518  77.326 0.0000000000
113932  3.198  -23.284  75.510 0.0000000000
112450  0.949  -23.507  75.160 0.0000000000
112460  1.620  -23.713  74.299 0.0000000000
112488  0.667  -24.170  73.412 0.0000000000
113956  2.284  -23.896  73.353 0.0000000000
291187  15.489  -34.273  78.514 0.0000000000
79984  2.701  -39.843  76.320 0.0000000000
79993  2.625  -39.387  75.950 0.0000000000
299249  3.075  -38.379  76.973 0.0000000000
89758  2.487  -34.965  80.008 0.0000000000
86975  3.113  -35.809  78.961 0.0000000000
283888  3.545  -33.378  80.157 0.0000000000
251515  2.890  -32.612  79.529 0.0000000000
302514  3.546  -31.761  80.590 0.0000000000
98613  4.823  -30.532  85.107 0.0000000000
97127  4.673  -31.399  83.895 0.0000000000
101631  5.207  -29.858  83.202 0.0000000000
109287  3.328  -26.112  81.997 0.0000000000
104602  2.803  -27.876  83.085 0.0000000000
302349  1.126  -27.135  82.670 0.0000000000
103138  2.100  -27.644  81.383 0.0000000000
106129  1.029  -26.802  81.416 0.0000000000
255146  1.116  -25.592  80.538 0.0000000000
276783  2.072  -24.440  81.854 0.0000000000
91218  10.948  -32.127  77.619 0.0000000000
91246  11.223  -32.141  76.436 0.0000000000
82706  5.044  -37.944  78.355 0.0000000000
79970  4.801  -38.994  77.132 0.0000000000
81283  4.623  -39.086  77.704 0.0000000000
77221  3.824  -40.258  77.549 0.0000000000
77233  3.899  -40.707  77.159 0.0000000000
78619  2.956  -39.949  77.114 0.0000000000
78629  2.708  -40.017  76.532 0.0000000000
303231  3.089  -37.161  75.829 0.0000000000
294771  3.097  -37.622  74.819 0.0000000000
282022  2.851  -36.219  75.230 0.0000000000
94259  3.358  -32.345  75.541 0.0000000000
287090  3.146  -34.132  74.242 0.0000000000
280146  2.900  -32.772  73.951 0.0000000000
294985  3.289  -33.475  72.416 0.0000000000
95789  2.822  -31.692  73.203 0.0000000000
104672  2.099  -27.573  76.660 0.0000000000
104647  3.473  -27.897  77.541 0.0000000000
104669  3.802  -27.633  76.688 0.0000000000
103221  6.637  -28.227  74.576 0.0000000000
101729  6.569  -29.038  75.883 0.0000000000
275079  7.242  -30.400  73.945 0.0000000000
95785  5.259  -31.290  73.012 0.0000000000
97284  6.307  -31.139  72.632 0.0000000000
95817  5.408  -31.667  70.870 0.0000000000
97293  7.087  -31.106  71.829 0.0000000000
103293  8.136  -28.156  70.762 0.0000000000
100303  7.926  -29.780  70.783 0.0000000000
100301  8.633  -29.305  69.959 0.0000000000
118036  5.012  -21.148  71.878 0.0000000000
115300  4.023  -22.978  71.995 0.0000000000
116673  4.483  -21.674  71.124 0.0000000000
116724  3.125  -21.728  67.404 0.0000000000
115366  3.714  -22.594  68.205 0.0000000000
114009  3.001  -23.499  69.200 0.0000000000
111079  2.828  -24.356  68.891 0.0000000000
107997  3.387  -25.972  68.674 0.0000000000
109534  4.873  -24.857  67.783 0.0000000000
95630  8.637  -31.578  85.537 0.0000000000
100111  7.895  -30.388  85.383 0.0000000000
100118  8.748  -30.410  84.694 0.0000000000
92663  11.996  -33.390  81.128 0.0000000000
92673  11.453  -33.348  80.929 0.0000000000
92655  11.494  -32.981  82.186 0.0000000000
92657  10.212  -32.519  82.148 0.0000000000
91147  9.734  -33.142  82.405 0.0000000000
89736  9.159  -33.980  82.685 0.0000000000
91140  9.546  -33.641  83.911 0.0000000000
94163  9.722  -32.755  85.213 0.0000000000
116577  3.296  -22.391  77.976 0.0000000000
112418  2.531  -23.932  77.039 0.0000000000
115242  3.518  -22.505  76.914 0.0000000000
116610  3.850  -21.859  76.064 0.0000000000
117993  4.118  -21.551  75.125 0.0000000000
81284  2.909  -38.724  77.689 0.0000000000
281177  3.002  -38.446  77.424 0.0000000000
282027  3.172  -37.155  78.636 0.0000000000
85524  3.016  -35.772  80.098 0.0000000000
92660  3.254  -33.452  81.799 0.0000000000
107713  5.488  -26.818  83.844 0.0000000000
104584  4.662  -28.070  83.216 0.0000000000
109277  4.809  -25.985  83.107 0.0000000000
110806  4.489  -25.355  82.549 0.0000000000
112358  3.905  -25.083  81.769 0.0000000000
115182  3.774  -23.955  81.023 0.0000000000
267137  4.758  -37.300  79.865 0.0000000000
257900  4.393  -38.856  78.685 0.0000000000
79945  4.120  -38.986  78.952 0.0000000000
293715  3.662  -39.649  78.223 0.0000000000
78608  3.580  -39.850  77.979 0.0000000000
77235  3.079  -40.681  77.060 0.0000000000
78618  3.077  -39.859  77.445 0.0000000000
79963  2.974  -39.408  77.450 0.0000000000
91234  2.907  -34.022  76.985 0.0000000000
89821  3.048  -34.585  76.273 0.0000000000
92755  2.662  -32.727  76.886 0.0000000000
95725  2.939  -31.645  76.934 0.0000000000
97225  4.456  -31.522  76.924 0.0000000000
104721  1.778  -27.522  74.560 0.0000000000
253237  3.553  -27.634  75.628 0.0000000000
104718  3.555  -27.530  74.231 0.0000000000
106203  5.318  -27.028  74.629 0.0000000000
104732  6.875  -27.361  73.883 0.0000000000
101779  7.578  -29.141  72.589 0.0000000000
107874  7.042  -26.594  72.668 0.0000000000
107915  6.541  -26.750  71.661 0.0000000000
297135  6.744  -26.665  70.303 0.0000000000
252977  3.362  -23.151  66.330 0.0000000000
270792  3.810  -24.869  66.848 0.0000000000
111128  3.835  -24.366  65.474 0.0000000000
88345  4.728  -34.941  83.554 0.0000000000
89734  4.365  -34.235  83.405 0.0000000000
92632  4.789  -33.080  84.725 0.0000000000
280598  4.661  -31.371  85.432 0.0000000000
101620  5.635  -29.140  85.614 0.0000000000
296576  7.126  -29.573  85.035 0.0000000000
103086  6.367  -27.713  85.553 0.0000000000
106068  6.169  -27.834  84.068 0.0000000000
109283  6.135  -26.139  82.764 0.0000000000
89798  12.528  -34.651  77.456 0.0000000000
89800  11.111  -33.883  76.661 0.0000000000
89786  11.633  -34.203  77.676 0.0000000000
298265  10.784  -32.502  79.910 0.0000000000
92688  10.406  -32.071  79.936 0.0000000000
92701  10.034  -32.003  79.326 0.0000000000
86961  6.111  -35.531  80.865 0.0000000000
291703  6.524  -36.329  81.372 0.0000000000
89738  8.258  -34.652  83.076 0.0000000000
86949  7.111  -35.819  82.955 0.0000000000
85513  5.982  -36.677  82.162 0.0000000000
85499  5.676  -36.580  83.713 0.0000000000
85501  4.675  -36.254  83.888 0.0000000000
253972  1.197  -27.474  79.558 0.0000000000
104641  2.407  -27.952  78.570 0.0000000000
106166  1.192  -27.439  78.557 0.0000000000
106173  1.045  -27.315  77.121 0.0000000000
259668  0.627  -26.805  75.904 0.0000000000
112440  0.565  -23.909  76.430 0.0000000000
109379  0.390  -25.419  75.626 0.0000000000
299303  0.504  -26.316  74.921 0.0000000000
107834  0.542  -26.213  74.117 0.0000000000
107876  0.556  -25.496  72.938 0.0000000000
264219  0.524  -25.527  71.504 0.0000000000
101671  12.629  -29.760  82.116 0.0000000000
285575  14.111  -35.348  75.590 0.0000000000
89791  19.901  -34.301  77.533 0.0000000000
89776  19.136  -33.896  78.438 0.0000000000
89813  18.245  -34.861  77.103 0.0000000000
272020  16.758  -35.673  76.505 0.0000000000
88401  14.924  -35.420  76.477 0.0000000000
88403  13.664  -35.328  76.803 0.0000000000
89760  13.476  -34.380  79.135 0.0000000000
272431  13.888  -33.761  79.927 0.0000000000
94212  14.064  -32.972  79.543 0.0000000000
92669  13.555  -33.024  80.511 0.0000000000
94191  12.720  -33.120  81.572 0.0000000000
98649  12.013  -30.825  81.827 0.0000000000
82818  2.759  -38.421  75.630 0.0000000000
85549  3.081  -36.676  76.236 0.0000000000
84137  3.111  -37.578  77.375 0.0000000000
85535  3.125  -36.670  77.481 0.0000000000
89790  3.059  -34.740  77.755 0.0000000000
249655  2.456  -33.282  78.206 0.0000000000
97181  2.496  -31.221  79.379 0.0000000000
101689  2.378  -28.987  79.911 0.0000000000
92642  3.826  -33.202  83.309 0.0000000000
95653  4.355  -32.456  82.423 0.0000000000
97134  4.084  -31.445  82.041 0.0000000000
264289  3.960  -28.164  83.041 0.0000000000
300045  3.509  -29.049  82.443 0.0000000000
257191  3.471  -30.114  81.617 0.0000000000
100161  2.478  -28.932  81.102 0.0000000000
253324  2.319  -28.215  80.831 0.0000000000
302279  2.199  -27.539  80.059 0.0000000000
106154  1.055  -26.980  79.604 0.0000000000
267862  0.876  -25.284  79.524 0.0000000000
113896  1.360  -22.827  78.981 0.0000000000
116523  2.928  -22.715  80.891 0.0000000000
115218  2.520  -22.545  79.376 0.0000000000
115227  2.867  -23.180  78.717 0.0000000000
78638  4.555  -40.180  76.586 0.0000000000
78627  4.319  -40.053  77.445 0.0000000000
88433  3.129  -35.205  74.845 0.0000000000
87004  3.229  -35.883  73.292 0.0000000000
91373  3.641  -33.411  70.784 0.0000000000
103160  3.337  -28.572  78.405 0.0000000000
100192  4.511  -29.660  78.237 0.0000000000
98697  5.567  -30.967  77.121 0.0000000000
104667  5.011  -27.752  76.598 0.0000000000
98695  6.435  -30.304  76.332 0.0000000000
97252  5.400  -31.710  75.516 0.0000000000
254010  4.086  -31.316  72.966 0.0000000000
95820  3.804  -31.984  71.633 0.0000000000
92894  3.711  -33.000  70.282 0.0000000000
94373  3.805  -32.232  69.309 0.0000000000
98788  7.626  -30.392  70.975 0.0000000000
97330  7.246  -31.532  69.617 0.0000000000
118004  4.636  -21.124  74.330 0.0000000000
120852  4.678  -20.506  73.593 0.0000000000
115275  4.161  -22.714  73.650 0.0000000000
115281  3.543  -23.313  72.780 0.0000000000
113981  1.489  -23.840  71.218 0.0000000000
109480  0.604  -24.961  70.447 0.0000000000
115339  3.724  -22.515  69.889 0.0000000000
114000  2.110  -23.879  70.601 0.0000000000
107963  1.466  -26.522  69.909 0.0000000000
253233  2.488  -26.863  69.196 0.0000000000
106378  4.906  -26.764  69.386 0.0000000000
107974  7.108  -26.377  69.491 0.0000000000
109550  6.786  -26.256  68.349 0.0000000000
100125  10.558  -30.395  82.891 0.0000000000
101650  10.573  -29.958  82.584 0.0000000000
103124  10.971  -29.395  82.239 0.0000000000
98624  10.639  -30.943  82.781 0.0000000000
97133  11.139  -31.114  82.975 0.0000000000
100124  10.678  -30.656  83.027 0.0000000000
97129  10.197  -30.951  83.922 0.0000000000
88514  3.752  -35.533  68.909 0.0000000000
272242  3.752  -35.058  68.338 0.0000000000
82636  4.099  -36.218  81.029 0.0000000000
84071  3.073  -36.114  80.571 0.0000000000
84045  2.893  -36.692  81.616 0.0000000000
88418  12.866  -35.024  75.750 0.0000000000
256856  12.098  -34.590  75.332 0.0000000000
89831  12.040  -34.595  75.961 0.0000000000
82625  3.075  -37.756  81.635 0.0000000000
81247  3.860  -37.177  80.152 0.0000000000
82647  4.003  -36.965  80.906 0.0000000000
82665  3.329  -36.863  79.804 0.0000000000
100178  2.579  -29.714  79.115 0.0000000000
100187  2.659  -29.957  78.536 0.0000000000
100171  2.519  -29.059  79.224 0.0000000000
283448  0.690  -26.777  71.441 0.0000000000
106271  1.899  -27.376  71.927 0.0000000000
255635  2.278  -27.329  71.432 0.0000000000
288299  2.912  -27.257  71.274 0.0000000000
106314  1.698  -27.221  70.820 0.0000000000
92623  6.568  -32.946  85.622 0.0000000000
273950  6.366  -32.214  85.804 0.0000000000
95632  7.277  -31.847  85.965 0.0000000000
91166  12.831  -33.837  80.061 0.0000000000
91183  11.813  -33.832  79.394 0.0000000000
91167  12.160  -33.792  80.043 0.0000000000
89754  8.091  -33.117  81.395 0.0000000000
89750  8.367  -33.229  81.870 0.0000000000
275185  8.516  -34.013  81.566 0.0000000000
89746  9.075  -33.696  81.861 0.0000000000
92629  8.006  -33.330  85.571 0.0000000000
91129  7.679  -33.903  85.446 0.0000000000
92630  7.406  -33.380  85.591 0.0000000000
274171  6.605  -33.638  85.260 0.0000000000
112410  0.967  -23.781  78.250 0.0000000000
110879  0.668  -24.514  77.933 0.0000000000
113912  1.442  -23.456  77.777 0.0000000000
271075  3.119  -23.379  74.888 0.0000000000
113940  2.387  -23.587  74.598 0.0000000000
113939  3.102  -23.451  74.298 0.0000000000
113949  2.367  -23.710  73.993 0.0000000000
113948  3.086  -23.576  73.681 0.0000000000
81311  2.769  -39.179  76.424 0.0000000000
81294  2.979  -38.869  76.894 0.0000000000
92677  3.336  -33.450  80.916 0.0000000000
255028  3.026  -34.673  80.043 0.0000000000
94203  3.173  -32.805  80.785 0.0000000000
95689  3.312  -32.211  80.787 0.0000000000
97163  3.563  -31.810  80.820 0.0000000000
270403  5.964  -29.569  84.458 0.0000000000
100120  5.306  -30.364  84.121 0.0000000000
101627  5.568  -29.694  83.642 0.0000000000
109288  2.868  -26.024  81.986 0.0000000000
106103  2.104  -26.868  83.155 0.0000000000
107745  1.210  -26.571  82.488 0.0000000000
106121  1.237  -26.557  81.951 0.0000000000
107752  1.295  -26.168  82.054 0.0000000000
109311  1.381  -25.386  81.878 0.0000000000
110824  1.932  -25.048  81.933 0.0000000000
84097  5.253  -37.225  79.333 0.0000000000
81282  4.697  -38.598  78.145 0.0000000000
81274  4.692  -38.358  78.657 0.0000000000
77234  3.434  -40.624  77.297 0.0000000000
75828  3.982  -40.833  76.895 0.0000000000
78639  2.423  -40.345  75.968 0.0000000000
85556  2.997  -36.506  75.784 0.0000000000
278131  2.891  -36.384  75.452 0.0000000000
86992  2.901  -36.211  75.565 0.0000000000
95759  3.460  -31.942  75.057 0.0000000000
280985  2.948  -32.545  74.563 0.0000000000
95768  3.119  -31.596  74.477 0.0000000000
94281  2.985  -32.212  73.549 0.0000000000
95767  3.236  -31.409  74.154 0.0000000000
104685  1.926  -27.598  75.983 0.0000000000
104671  2.791  -27.690  76.730 0.0000000000
104684  2.479  -27.670  76.097 0.0000000000
103220  7.090  -28.630  74.212 0.0000000000
100234  7.098  -29.651  74.664 0.0000000000
98741  7.507  -30.144  73.461 0.0000000000
97274  6.480  -31.024  73.053 0.0000000000
98760  6.855  -30.661  72.765 0.0000000000
97283  6.836  -30.996  72.406 0.0000000000
98749  7.277  -30.083  72.783 0.0000000000
104791  7.824  -27.660  70.554 0.0000000000
103292  8.537  -28.517  70.667 0.0000000000
260997  8.789  -28.334  70.094 0.0000000000
275164  5.291  -19.578  72.017 0.0000000000
120886  5.226  -20.251  71.374 0.0000000000
260014  4.863  -21.607  71.681 0.0000000000
118055  5.058  -20.767  71.121 0.0000000000
115371  3.568  -22.888  67.433 0.0000000000
281938  3.581  -22.310  67.658 0.0000000000
114030  3.347  -23.343  67.791 0.0000000000
114031  3.046  -23.708  68.180 0.0000000000
112588  3.034  -23.985  67.909 0.0000000000
111078  3.060  -24.698  68.467 0.0000000000
111091  3.261  -24.553  67.882 0.0000000000
95629  9.021  -31.456  85.308 0.0000000000
98603  8.748  -30.887  85.096 0.0000000000
100108  9.175  -30.525  84.832 0.0000000000
264321  10.068  -28.499  82.250 0.0000000000
92653  12.937  -33.151  81.933 0.0000000000
92664  11.707  -33.261  81.486 0.0000000000
92654  12.142  -33.149  82.082 0.0000000000
92643  11.146  -32.663  83.829 0.0000000000
92649  10.666  -32.981  82.624 0.0000000000
276417  10.680  -33.013  83.113 0.0000000000
92650  9.947  -32.916  82.299 0.0000000000
92645  10.100  -33.182  82.870 0.0000000000
91145  9.741  -33.490  83.292 0.0000000000
255748  10.219  -33.210  83.584 0.0000000000
97120  9.922  -30.997  85.079 0.0000000000
94162  10.184  -32.444  85.016 0.0000000000
95638  9.536  -31.534  85.230 0.0000000000
94155  9.275  -32.389  85.328 0.0000000000
116588  3.409  -22.502  77.478 0.0000000000
117969  3.990  -21.377  76.352 0.0000000000
117980  4.027  -21.400  75.756 0.0000000000
303329  3.911  -21.815  75.583 0.0000000000
119436  4.433  -21.008  75.459 0.0000000000
82727  3.043  -38.187  77.883 0.0000000000
82707  3.122  -37.841  78.330 0.0000000000
85521  3.029  -35.982  80.014 0.0000000000
85523  3.128  -36.086  79.861 0.0000000000
287692  2.319  -35.020  81.077 0.0000000000
88359  2.364  -34.893  81.177 0.0000000000
272608  2.881  -34.150  82.094 0.0000000000
109274  5.831  -26.168  82.928 0.0000000000
109268  5.135  -26.375  83.674 0.0000000000
109285  5.587  -25.633  82.679 0.0000000000
112344  5.052  -24.860  82.432 0.0000000000
112347  4.108  -25.009  82.006 0.0000000000
276122  4.860  -23.841  81.823 0.0000000000
115180  4.446  -23.724  81.060 0.0000000000
82644  4.798  -37.033  80.128 0.0000000000
82664  4.438  -37.626  79.760 0.0000000000
81255  3.964  -38.070  79.549 0.0000000000
266250  3.368  -38.605  79.277 0.0000000000
79946  3.657  -39.341  78.618 0.0000000000
79954  3.321  -39.403  78.254 0.0000000000
77223  2.979  -40.172  77.586 0.0000000000
78609  3.217  -39.729  77.829 0.0000000000
81267  3.106  -38.023  78.445 0.0000000000
79956  2.978  -38.957  77.834 0.0000000000
79964  2.939  -38.954  77.296 0.0000000000
250442  2.488  -32.641  77.931 0.0000000000
92742  2.711  -33.470  77.231 0.0000000000
251184  2.524  -32.261  77.390 0.0000000000
97193  3.364  -30.764  78.361 0.0000000000
97210  2.902  -31.493  77.407 0.0000000000
97209  3.395  -31.369  77.331 0.0000000000
95724  3.339  -31.670  76.683 0.0000000000
98681  4.175  -30.696  77.942 0.0000000000
104735  1.698  -27.479  74.044 0.0000000000
104734  2.348  -27.548  74.246 0.0000000000
106220  2.242  -27.464  73.675 0.0000000000
106244  3.898  -27.359  73.122 0.0000000000
301698  4.177  -27.385  73.589 0.0000000000
256263  4.994  -27.052  73.530 0.0000000000
106201  6.355  -26.952  74.145 0.0000000000
106217  6.274  -26.844  73.441 0.0000000000
106215  7.141  -27.110  73.411 0.0000000000
106241  5.837  -26.710  72.911 0.0000000000
106311  4.944  -26.687  71.207 0.0000000000
107916  6.067  -26.673  71.532 0.0000000000
107938  5.872  -26.670  71.101 0.0000000000
261038  6.749  -26.790  70.646 0.0000000000
107960  5.897  -26.615  70.308 0.0000000000
116747  3.385  -21.871  66.285 0.0000000000
115390  3.717  -22.454  66.108 0.0000000000
114050  3.210  -23.595  65.772 0.0000000000
114058  3.467  -23.621  65.227 0.0000000000
88344  4.780  -35.108  84.009 0.0000000000
89728  5.113  -33.874  84.059 0.0000000000
89722  5.225  -33.686  84.474 0.0000000000
97116  5.789  -31.270  85.857 0.0000000000
95636  5.034  -31.904  85.512 0.0000000000
97117  5.242  -30.704  85.712 0.0000000000
98609  4.849  -30.220  85.576 0.0000000000
100114  5.533  -29.593  85.718 0.0000000000
101615  8.022  -30.201  84.982 0.0000000000
297774  7.723  -30.221  85.266 0.0000000000
103084  7.533  -29.335  84.687 0.0000000000
289118  6.904  -28.480  84.145 0.0000000000
106067  6.915  -27.934  83.902 0.0000000000
283213  6.214  -27.793  84.120 0.0000000000
259677  6.586  -27.843  83.597 0.0000000000
107711  6.316  -27.174  83.317 0.0000000000
107736  6.598  -26.570  82.919 0.0000000000
89785  12.464  -34.448  78.066 0.0000000000
89769  11.987  -34.177  78.393 0.0000000000
91184  11.012  -33.460  79.179 0.0000000000
91200  10.832  -33.477  78.440 0.0000000000
91185  10.821  -32.861  79.068 0.0000000000
253670  10.561  -32.699  81.004 0.0000000000
92687  10.971  -33.109  80.269 0.0000000000
92675  9.856  -31.786  80.676 0.0000000000
91170  9.921  -31.702  79.915 0.0000000000
91186  8.987  -32.167  79.724 0.0000000000
91171  8.228  -32.674  80.522 0.0000000000
89757  7.563  -33.408  80.216 0.0000000000
88358  7.849  -35.212  81.389 0.0000000000
86958  6.682  -35.891  81.259 0.0000000000
85516  6.060  -36.007  81.086 0.0000000000
282545  7.012  -36.060  81.715 0.0000000000
89737  8.778  -34.329  83.218 0.0000000000
251703  8.245  -34.501  83.747 0.0000000000
263701  7.028  -35.315  84.213 0.0000000000
268402  7.336  -35.195  83.742 0.0000000000
86943  7.063  -35.604  83.613 0.0000000000
86950  6.717  -36.155  82.766 0.0000000000
85503  6.325  -36.506  83.056 0.0000000000
84026  5.428  -37.205  82.028 0.0000000000
86945  6.148  -36.218  83.678 0.0000000000
88338  5.781  -34.954  84.328 0.0000000000
86939  5.114  -35.897  84.164 0.0000000000
86936  5.093  -35.210  84.171 0.0000000000
85502  4.244  -35.828  83.808 0.0000000000
106161  1.095  -27.255  79.010 0.0000000000
104643  1.395  -27.709  79.069 0.0000000000
260800  0.950  -26.900  78.392 0.0000000000
107798  0.458  -25.993  77.210 0.0000000000
107791  0.689  -26.852  77.097 0.0000000000
270247  0.738  -27.037  76.229 0.0000000000
107799  0.457  -26.112  75.817 0.0000000000
112429  2.516  -23.810  76.430 0.0000000000
112430  1.758  -23.604  76.661 0.0000000000
112439  1.658  -23.396  76.090 0.0000000000
112462  0.579  -24.085  74.776 0.0000000000
112451  0.633  -23.855  75.695 0.0000000000
110933  0.438  -24.745  75.293 0.0000000000
107808  0.523  -26.319  75.455 0.0000000000
109392  0.416  -25.654  75.001 0.0000000000
107820  0.526  -26.594  74.517 0.0000000000
110932  0.427  -25.725  74.314 0.0000000000
112487  0.862  -24.109  72.966 0.0000000000
287363  0.529  -24.735  73.335 0.0000000000
289345  0.500  -24.773  72.728 0.0000000000
109452  0.538  -25.136  72.200 0.0000000000
111007  0.683  -24.185  71.882 0.0000000000
100160  12.582  -29.858  80.658 0.0000000000
101681  11.903  -29.876  79.668 0.0000000000
88427  15.879  -35.291  75.208 0.0000000000
88442  15.378  -34.770  74.858 0.0000000000
89844  14.846  -35.012  75.101 0.0000000000
88429  14.647  -35.330  75.496 0.0000000000
91213  17.867  -33.994  77.867 0.0000000000
91196  19.003  -33.545  78.466 0.0000000000
89777  18.462  -34.100  78.097 0.0000000000
270111  18.795  -34.324  77.972 0.0000000000
89793  17.765  -34.808  77.386 0.0000000000
300162  17.220  -35.666  76.562 0.0000000000
88398  16.954  -35.370  76.965 0.0000000000
88385  15.018  -35.058  77.392 0.0000000000
88402  14.325  -35.455  76.604 0.0000000000
88386  14.308  -35.326  77.241 0.0000000000
89765  15.008  -34.175  78.810 0.0000000000
89766  14.408  -34.596  78.671 0.0000000000
89759  14.266  -34.381  79.140 0.0000000000
299372  13.842  -34.132  79.463 0.0000000000
91181  14.335  -33.932  79.468 0.0000000000
95705  14.089  -32.202  78.607 0.0000000000
94213  13.697  -32.850  79.840 0.0000000000
92686  13.962  -33.015  79.934 0.0000000000
282431  13.224  -32.753  80.615 0.0000000000
92661  13.372  -33.138  81.168 0.0000000000
94199  12.351  -32.445  80.135 0.0000000000
100165  13.069  -30.461  80.890 0.0000000000
97159  12.035  -31.267  81.308 0.0000000000
100158  12.983  -30.584  81.846 0.0000000000
100153  13.234  -30.198  82.311 0.0000000000
78656  2.331  -40.641  74.996 0.0000000000
78655  2.457  -40.181  75.185 0.0000000000
82773  2.924  -38.566  76.549 0.0000000000
81328  2.714  -38.803  76.041 0.0000000000
82797  2.945  -38.163  76.182 0.0000000000
84167  3.042  -37.464  76.217 0.0000000000
85550  3.028  -37.119  76.518 0.0000000000
275879  3.124  -37.806  77.669 0.0000000000
85536  3.152  -36.980  77.824 0.0000000000
89774  3.022  -34.901  79.034 0.0000000000
86974  3.155  -35.744  78.458 0.0000000000
88377  3.070  -35.257  78.562 0.0000000000
88382  3.099  -35.426  77.930 0.0000000000
89773  3.088  -34.800  78.377 0.0000000000
303332  3.081  -34.445  78.069 0.0000000000
249658  3.062  -34.002  78.760 0.0000000000
97182  3.152  -31.152  79.952 0.0000000000
97189  2.949  -31.442  79.744 0.0000000000
98669  2.575  -30.891  80.106 0.0000000000
100179  2.370  -30.119  80.015 0.0000000000
100172  2.440  -29.514  80.200 0.0000000000
92637  4.507  -33.219  83.905 0.0000000000
91143  3.825  -33.730  83.363 0.0000000000
94165  4.580  -32.516  83.970 0.0000000000
287662  4.652  -30.965  83.440 0.0000000000
276876  4.528  -31.853  83.165 0.0000000000
97130  4.504  -31.383  82.913 0.0000000000
95654  4.221  -32.012  82.181 0.0000000000
98622  4.358  -30.639  82.366 0.0000000000
106083  4.087  -27.598  83.503 0.0000000000
104585  4.074  -28.013  83.173 0.0000000000
274557  3.333  -27.780  83.312 0.0000000000
103119  2.336  -28.364  82.757 0.0000000000
103118  2.982  -28.529  82.852 0.0000000000
101652  3.010  -29.133  82.117 0.0000000000
100137  3.618  -29.493  82.106 0.0000000000
100147  3.215  -29.450  81.760 0.0000000000
100154  3.107  -29.853  81.317 0.0000000000
259262  2.681  -29.184  81.459 0.0000000000
104627  1.312  -27.852  81.118 0.0000000000
101674  2.255  -27.734  81.112 0.0000000000
103141  2.215  -27.676  80.946 0.0000000000
256134  2.271  -27.796  80.461 0.0000000000
256181  1.525  -28.004  80.440 0.0000000000
267956  1.167  -27.521  80.070 0.0000000000
106145  1.058  -27.041  80.280 0.0000000000
110845  1.151  -24.528  80.551 0.0000000000
302246  1.050  -25.656  79.953 0.0000000000
258905  1.076  -24.319  80.066 0.0000000000
110864  0.851  -24.559  79.375 0.0000000000
112394  1.115  -23.910  79.764 0.0000000000
276511  3.379  -23.315  81.154 0.0000000000
89819  11.682  -33.582  76.220 0.0000000000
91244  11.766  -32.937  76.721 0.0000000000
261327  4.608  -39.857  77.018 0.0000000000
79983  4.694  -39.565  76.783 0.0000000000
79962  4.358  -39.556  77.837 0.0000000000
288835  2.200  -40.606  75.628 0.0000000000
292642  3.001  -38.025  73.742 0.0000000000
299482  3.248  -37.521  73.656 0.0000000000
84206  3.434  -37.203  73.374 0.0000000000
91266  2.840  -33.973  76.077 0.0000000000
88421  3.164  -35.211  75.528 0.0000000000
89852  3.124  -34.591  75.244 0.0000000000
89883  3.339  -34.423  73.687 0.0000000000
88454  3.240  -35.266  73.599 0.0000000000
88460  3.480  -35.475  72.933 0.0000000000
87009  3.521  -35.919  72.828 0.0000000000
89914  3.741  -34.912  72.578 0.0000000000
282709  3.035  -33.044  72.361 0.0000000000
89927  3.872  -34.718  71.838 0.0000000000
91345  3.693  -33.817  71.713 0.0000000000
285927  3.791  -33.848  71.207 0.0000000000
91359  3.402  -33.231  71.329 0.0000000000
274407  2.347  -27.727  78.180 0.0000000000
103170  2.782  -28.369  78.379 0.0000000000
104649  2.697  -27.927  78.055 0.0000000000
103167  4.508  -28.637  77.733 0.0000000000
101704  3.935  -28.826  78.194 0.0000000000
100191  5.024  -29.480  78.019 0.0000000000
98687  5.266  -30.515  77.588 0.0000000000
100199  5.436  -29.856  77.702 0.0000000000
253175  4.206  -27.705  75.526 0.0000000000
104681  4.629  -27.686  76.038 0.0000000000
104680  5.217  -27.666  75.955 0.0000000000
98720  6.846  -30.448  75.292 0.0000000000
101717  6.577  -29.218  76.461 0.0000000000
291668  6.556  -30.552  75.865 0.0000000000
98709  6.186  -30.852  76.164 0.0000000000
97251  6.063  -31.424  75.248 0.0000000000
95765  4.767  -31.771  74.501 0.0000000000
97262  5.415  -31.459  74.216 0.0000000000
95807  4.597  -31.529  71.632 0.0000000000
95797  4.437  -31.303  72.056 0.0000000000
95819  4.179  -31.739  71.300 0.0000000000
95830  3.712  -32.351  70.932 0.0000000000
95829  3.910  -32.101  70.515 0.0000000000
94374  3.727  -32.628  69.738 0.0000000000
95841  4.119  -31.948  69.840 0.0000000000
95816  6.151  -31.696  70.648 0.0000000000
95838  5.834  -31.514  69.385 0.0000000000
101799  7.621  -28.815  72.107 0.0000000000
274406  7.813  -29.566  71.974 0.0000000000
100283  7.882  -29.277  71.882 0.0000000000
296917  8.083  -30.097  69.824 0.0000000000
98795  7.674  -31.076  69.841 0.0000000000
286794  7.550  -31.299  69.405 0.0000000000
97338  7.360  -31.444  68.983 0.0000000000
120851  4.821  -19.872  73.397 0.0000000000
119466  4.776  -21.076  73.204 0.0000000000
118026  4.471  -21.487  73.425 0.0000000000
115286  4.421  -22.495  73.046 0.0000000000
115280  4.011  -22.926  73.102 0.0000000000
115287  4.033  -22.935  72.598 0.0000000000
115301  3.290  -23.316  71.537 0.0000000000
113968  2.546  -23.611  71.688 0.0000000000
113980  2.400  -23.607  71.055 0.0000000000
113992  1.562  -23.992  70.769 0.0000000000
118090  3.901  -21.414  69.004 0.0000000000
291363  4.114  -21.054  69.372 0.0000000000
118080  4.063  -21.450  69.642 0.0000000000
267643  4.013  -21.898  69.923 0.0000000000
282692  2.330  -24.103  70.055 0.0000000000
114010  2.418  -23.903  69.873 0.0000000000
111054  2.178  -24.337  70.398 0.0000000000
111037  1.192  -24.413  70.550 0.0000000000
109518  2.630  -25.565  70.360 0.0000000000
107979  1.922  -26.554  69.362 0.0000000000
107978  2.912  -25.776  69.804 0.0000000000
290775  3.929  -26.767  66.895 0.0000000000
106399  4.053  -27.036  67.985 0.0000000000
106398  4.812  -26.870  68.597 0.0000000000
257988  6.012  -26.548  69.235 0.0000000000
107995  5.923  -26.608  68.523 0.0000000000
111088  4.868  -24.915  67.308 0.0000000000
98616  10.078  -30.895  84.284 0.0000000000
100122  9.653  -30.498  83.887 0.0000000000
101637  9.896  -30.265  82.960 0.0000000000
103115  10.292  -29.597  82.364 0.0000000000
104615  10.236  -28.478  81.773 0.0000000000
95655  11.626  -31.964  82.124 0.0000000000
94178  12.542  -32.376  83.115 0.0000000000
94170  12.264  -32.053  83.470 0.0000000000
94171  11.992  -32.060  83.778 0.0000000000
94173  11.239  -32.406  84.171 0.0000000000
94168  10.930  -32.403  84.457 0.0000000000
94160  11.197  -32.102  84.570 0.0000000000
97126  10.515  -31.408  84.829 0.0000000000
89982  3.977  -34.586  67.845 0.0000000000
91396  4.362  -34.085  68.426 0.0000000000
82686  3.156  -37.553  78.773 0.0000000000
265699  3.026  -36.008  79.995 0.0000000000
86952  3.002  -35.304  82.092 0.0000000000
82623  3.939  -37.661  81.782 0.0000000000
81245  3.975  -38.202  79.787 0.0000000000
81246  4.004  -37.138  80.188 0.0000000000
79955  2.987  -39.245  77.790 0.0000000000
81266  3.160  -38.553  78.825 0.0000000000
81257  3.155  -37.749  78.966 0.0000000000
97188  2.425  -31.205  78.930 0.0000000000
252247  2.500  -31.692  78.142 0.0000000000
98675  2.703  -30.664  78.732 0.0000000000
98674  2.774  -30.237  78.289 0.0000000000
100194  3.114  -30.054  78.201 0.0000000000
106246  1.365  -27.374  73.008 0.0000000000
291057  2.715  -27.442  73.341 0.0000000000
292609  2.880  -27.378  72.877 0.0000000000
106269  3.202  -27.369  72.393 0.0000000000
268045  4.374  -27.197  72.702 0.0000000000
106267  4.777  -26.964  72.270 0.0000000000
280138  4.198  -27.152  72.087 0.0000000000
106313  3.859  -27.059  70.980 0.0000000000
106336  4.209  -26.920  70.543 0.0000000000
91132  5.829  -33.661  85.008 0.0000000000
91133  5.488  -33.373  84.986 0.0000000000
92624  6.033  -32.992  85.604 0.0000000000
95634  6.114  -31.832  85.880 0.0000000000
268015  6.449  -30.513  85.830 0.0000000000
104581  7.828  -28.523  83.893 0.0000000000
106101  7.837  -27.517  82.505 0.0000000000
107734  7.493  -27.064  82.660 0.0000000000
107744  7.284  -26.346  82.655 0.0000000000
107750  8.013  -25.988  81.935 0.0000000000
89762  12.251  -34.097  78.995 0.0000000000
91160  9.472  -32.009  81.531 0.0000000000
91161  8.829  -32.263  81.129 0.0000000000
88357  8.208  -34.587  81.490 0.0000000000
88354  8.130  -34.938  81.841 0.0000000000
91137  8.546  -33.856  84.917 0.0000000000
89730  8.326  -34.351  84.500 0.0000000000
89723  8.060  -34.040  85.081 0.0000000000
89732  7.333  -34.876  84.543 0.0000000000
88336  7.018  -35.222  84.703 0.0000000000
88342  6.547  -35.433  84.320 0.0000000000
89725  6.429  -34.571  84.716 0.0000000000
89719  6.168  -34.010  84.773 0.0000000000
274503  0.653  -25.292  78.322 0.0000000000
251513  0.783  -26.136  78.421 0.0000000000
280494  0.589  -25.101  77.740 0.0000000000
109356  0.466  -24.901  76.980 0.0000000000
112438  2.466  -23.505  75.808 0.0000000000
113933  2.413  -23.490  75.189 0.0000000000
112449  1.570  -23.495  74.870 0.0000000000
112461  0.944  -23.682  74.529 0.0000000000
110946  0.527  -24.444  74.241 0.0000000000
283008  1.063  -23.867  74.038 0.0000000000
112474  1.087  -23.966  73.488 0.0000000000
283194  1.465  -24.055  73.109 0.0000000000
88413  16.475  -35.468  75.741 0.0000000000
89779  17.485  -34.411  77.771 0.0000000000
255943  14.918  -34.647  78.411 0.0000000000
91197  15.534  -33.776  78.545 0.0000000000
91198  15.133  -33.634  78.950 0.0000000000
94216  12.138  -31.961  79.848 0.0000000000
86972  3.034  -35.281  79.820 0.0000000000
85537  3.162  -36.380  78.599 0.0000000000
88372  2.475  -34.783  79.805 0.0000000000
89775  3.032  -34.890  79.713 0.0000000000
249654  3.365  -33.521  79.575 0.0000000000
251298  2.941  -33.167  79.108 0.0000000000
251470  3.276  -32.996  79.697 0.0000000000
276557  3.489  -31.777  80.327 0.0000000000
97174  3.309  -31.136  80.590 0.0000000000
97123  4.634  -31.199  85.029 0.0000000000
280906  4.571  -31.694  84.390 0.0000000000
98614  5.024  -30.878  84.347 0.0000000000
100123  5.066  -30.320  83.508 0.0000000000
269798  4.923  -30.182  83.130 0.0000000000
292182  3.252  -26.614  82.707 0.0000000000
106094  3.122  -27.192  83.294 0.0000000000
106102  2.726  -27.024  83.154 0.0000000000
104603  1.906  -27.743  83.202 0.0000000000
104611  1.371  -27.828  82.783 0.0000000000
103132  2.031  -27.624  81.705 0.0000000000
104616  1.207  -27.770  82.396 0.0000000000
289472  1.073  -27.202  81.824 0.0000000000
267864  1.060  -27.361  81.280 0.0000000000
107773  1.115  -26.268  80.633 0.0000000000
107767  1.150  -26.294  81.147 0.0000000000
109318  1.194  -24.932  80.980 0.0000000000
110838  1.306  -24.350  81.210 0.0000000000
91217  10.959  -32.541  77.704 0.0000000000
91229  11.361  -32.453  77.140 0.0000000000
91230  11.125  -32.122  77.016 0.0000000000
84096  5.625  -36.915  78.975 0.0000000000
266916  4.853  -38.617  77.540 0.0000000000
79971  4.562  -39.573  77.339 0.0000000000
78617  4.126  -40.159  77.529 0.0000000000
265111  2.644  -40.406  76.635 0.0000000000
82817  2.964  -38.023  75.207 0.0000000000
82835  2.883  -38.208  74.470 0.0000000000
84181  3.123  -37.232  75.334 0.0000000000
84195  3.188  -37.054  74.680 0.0000000000
86996  2.830  -36.163  74.816 0.0000000000
268254  2.887  -32.759  75.747 0.0000000000
91294  2.834  -33.823  74.842 0.0000000000
92793  2.697  -33.099  74.641 0.0000000000
92810  2.792  -33.431  74.147 0.0000000000
91317  3.326  -33.870  73.150 0.0000000000
91330  3.555  -34.049  72.696 0.0000000000
92826  3.008  -33.205  73.113 0.0000000000
92844  2.897  -32.837  72.709 0.0000000000
95800  3.018  -31.926  72.776 0.0000000000
104661  2.038  -27.555  77.322 0.0000000000
269704  2.778  -27.750  77.628 0.0000000000
104659  3.103  -27.708  77.297 0.0000000000
252683  3.629  -27.717  77.156 0.0000000000
269207  4.092  -27.897  76.962 0.0000000000
104697  5.818  -27.348  75.254 0.0000000000
104679  5.667  -27.635  75.795 0.0000000000
294938  6.527  -28.847  75.338 0.0000000000
98719  7.177  -30.110  74.812 0.0000000000
98730  7.117  -30.462  74.578 0.0000000000
97268  6.060  -31.326  73.853 0.0000000000
97267  6.542  -31.097  73.497 0.0000000000
97285  5.823  -31.266  72.796 0.0000000000
95806  5.252  -31.593  71.509 0.0000000000
95818  4.690  -31.650  71.032 0.0000000000
97308  5.916  -31.562  71.362 0.0000000000
97307  6.613  -31.437  71.266 0.0000000000
103286  8.163  -28.510  71.150 0.0000000000
100293  8.069  -29.274  71.264 0.0000000000
101806  8.386  -28.844  70.967 0.0000000000
100302  8.195  -29.770  70.127 0.0000000000
119478  5.059  -20.707  72.271 0.0000000000
118045  5.018  -21.794  72.257 0.0000000000
115299  4.508  -22.567  72.401 0.0000000000
116657  4.748  -22.069  71.779 0.0000000000
115314  3.824  -22.874  71.396 0.0000000000
116715  3.439  -21.845  67.999 0.0000000000
116704  3.768  -22.284  68.617 0.0000000000
116695  3.734  -22.595  69.177 0.0000000000
115353  3.556  -22.937  68.814 0.0000000000
114023  2.852  -23.793  68.916 0.0000000000
111066  2.949  -24.850  69.078 0.0000000000
109537  2.922  -25.570  69.301 0.0000000000
109536  3.431  -25.319  68.693 0.0000000000
109554  3.778  -25.662  68.014 0.0000000000
274812  4.510  -26.141  66.663 0.0000000000
94147  8.042  -32.362  85.744 0.0000000000
273896  7.689  -31.331  86.107 0.0000000000
97112  8.132  -31.233  85.771 0.0000000000
100110  8.190  -30.475  85.109 0.0000000000
103093  8.175  -29.809  83.900 0.0000000000
103092  8.939  -30.077  83.426 0.0000000000
103106  8.348  -29.275  83.540 0.0000000000
92671  12.978  -33.451  80.903 0.0000000000
91158  11.963  -33.741  80.547 0.0000000000
92672  12.020  -33.496  80.775 0.0000000000
92665  10.946  -33.066  81.555 0.0000000000
261862  11.399  -32.847  83.036 0.0000000000
92656  10.730  -32.952  82.168 0.0000000000
92666  10.421  -32.569  81.638 0.0000000000
92658  9.642  -32.358  82.143 0.0000000000
91149  9.348  -32.497  82.360 0.0000000000
91148  9.305  -33.254  82.266 0.0000000000
268648  9.474  -33.666  82.762 0.0000000000
262571  9.233  -33.892  83.425 0.0000000000
91141  9.159  -33.798  84.200 0.0000000000
92634  10.026  -33.005  84.752 0.0000000000
92641  9.535  -33.417  84.483 0.0000000000
91136  9.124  -33.633  84.876 0.0000000000
252370  8.759  -33.527  85.222 0.0000000000
94146  8.484  -32.351  85.636 0.0000000000
112401  2.929  -23.666  78.305 0.0000000000
292646  2.569  -23.935  77.476 0.0000000000
113910  3.056  -23.719  77.648 0.0000000000
115243  3.318  -23.194  77.252 0.0000000000
115251  3.498  -23.150  76.604 0.0000000000
117958  3.913  -21.387  76.982 0.0000000000
115250  3.748  -22.510  76.324 0.0000000000
115257  3.627  -22.962  75.978 0.0000000000
115256  3.780  -22.753  75.419 0.0000000000
116620  4.013  -22.213  75.240 0.0000000000
116629  4.148  -22.083  74.662 0.0000000000
292874  2.993  -38.787  77.219 0.0000000000
84124  3.140  -37.391  77.968 0.0000000000
85527  3.171  -36.499  78.937 0.0000000000
293699  3.044  -35.573  79.903 0.0000000000
88364  2.437  -34.879  80.829 0.0000000000
91155  2.967  -33.985  81.166 0.0000000000
94186  3.265  -32.959  81.445 0.0000000000
106071  5.500  -28.151  83.775 0.0000000000
104583  5.162  -28.086  83.443 0.0000000000
106081  4.866  -27.384  83.781 0.0000000000
107716  4.383  -27.035  83.852 0.0000000000
107727  4.021  -26.810  83.713 0.0000000000
110804  5.205  -25.262  82.656 0.0000000000
110791  4.828  -25.822  82.969 0.0000000000
109279  3.962  -26.097  82.755 0.0000000000
109286  3.714  -25.814  82.201 0.0000000000
110809  3.482  -25.758  81.673 0.0000000000
110816  3.220  -25.402  81.382 0.0000000000
112368  2.823  -24.804  81.407 0.0000000000
113853  4.135  -24.303  80.962 0.0000000000
82662  5.072  -36.982  79.948 0.0000000000
82685  4.574  -38.366  79.040 0.0000000000
82663  5.038  -37.372  79.509 0.0000000000
81263  4.302  -38.735  79.144 0.0000000000
79953  3.963  -39.491  78.298 0.0000000000
81265  3.684  -39.008  79.120 0.0000000000
78607  3.969  -39.881  77.994 0.0000000000
77222  3.296  -40.148  77.568 0.0000000000
272970  3.084  -34.579  76.752 0.0000000000
89822  3.147  -35.202  76.425 0.0000000000
91250  2.926  -34.095  76.515 0.0000000000
92754  2.728  -33.452  76.519 0.0000000000
92769  2.733  -32.756  76.221 0.0000000000
97211  2.726  -31.680  77.506 0.0000000000
282510  2.585  -32.103  76.814 0.0000000000
94260  3.048  -32.318  76.033 0.0000000000
95749  3.242  -32.097  76.065 0.0000000000
260588  3.425  -31.944  76.124 0.0000000000
95748  4.174  -31.801  75.911 0.0000000000
104703  1.755  -27.559  75.088 0.0000000000
253236  2.949  -27.717  75.712 0.0000000000
104720  2.373  -27.613  74.832 0.0000000000
104700  3.794  -27.630  75.073 0.0000000000
104699  4.437  -27.500  75.012 0.0000000000
104733  2.989  -27.519  73.854 0.0000000000
106205  4.140  -27.468  74.051 0.0000000000
106189  5.093  -27.204  75.014 0.0000000000
104716  6.071  -27.171  74.729 0.0000000000
104715  6.555  -27.506  74.405 0.0000000000
103235  7.295  -28.438  73.655 0.0000000000
100266  7.491  -29.560  72.852 0.0000000000
103250  7.424  -28.247  73.051 0.0000000000
104747  7.287  -27.526  72.940 0.0000000000
104761  7.273  -27.538  72.410 0.0000000000
280382  5.977  -26.672  72.414 0.0000000000
107896  6.764  -26.691  72.250 0.0000000000
297706  7.556  -27.921  71.589 0.0000000000
267579  7.127  -27.251  71.037 0.0000000000
273659  7.375  -27.269  70.570 0.0000000000
107957  7.360  -26.852  70.211 0.0000000000
115379  3.330  -22.255  67.188 0.0000000000
114045  3.155  -23.537  66.827 0.0000000000
111105  3.467  -24.561  67.033 0.0000000000
111115  3.519  -24.413  66.339 0.0000000000
112622  3.814  -23.884  64.804 0.0000000000
88507  3.746  -35.478  69.669 0.0000000000
85511  2.795  -36.485  82.669 0.0000000000
85508  3.607  -35.927  82.445 0.0000000000
88346  4.514  -34.755  83.190 0.0000000000
91138  4.737  -33.648  84.077 0.0000000000
275570  4.797  -32.830  84.915 0.0000000000
92626  5.208  -32.740  85.321 0.0000000000
95640  4.712  -31.930  85.229 0.0000000000
280143  4.541  -31.525  85.093 0.0000000000
97122  4.569  -30.921  85.304 0.0000000000
101626  5.722  -29.713  85.661 0.0000000000
103089  6.269  -29.097  84.706 0.0000000000
97114  7.427  -30.846  86.116 0.0000000000
98606  6.989  -30.465  85.869 0.0000000000
300375  6.688  -29.779  85.348 0.0000000000
252250  6.966  -28.869  84.783 0.0000000000
103080  6.666  -28.174  85.554 0.0000000000
101618  6.410  -29.178  85.439 0.0000000000
103081  5.932  -28.284  85.649 0.0000000000
103088  5.530  -28.523  85.189 0.0000000000
104576  5.830  -29.185  84.233 0.0000000000
106078  5.919  -27.505  83.969 0.0000000000
107724  5.947  -26.618  83.280 0.0000000000
109294  6.175  -25.761  82.271 0.0000000000
266406  7.081  -25.942  82.202 0.0000000000
89817  12.263  -34.663  76.658 0.0000000000
89818  11.459  -34.322  76.276 0.0000000000
89799  11.514  -34.305  76.872 0.0000000000
89787  11.068  -33.927  77.139 0.0000000000
91216  10.693  -33.604  77.662 0.0000000000
91215  11.264  -33.862  78.177 0.0000000000
92714  10.165  -32.119  78.739 0.0000000000
91159  11.545  -33.687  80.226 0.0000000000
91168  11.062  -33.268  79.785 0.0000000000
92674  10.343  -32.346  80.431 0.0000000000
92700  10.523  -32.094  79.388 0.0000000000
92702  9.314  -32.302  79.077 0.0000000000
86966  5.985  -35.483  80.181 0.0000000000
85522  5.639  -35.958  79.736 0.0000000000
85520  5.668  -36.133  80.786 0.0000000000
282935  5.350  -36.584  80.609 0.0000000000
89742  8.720  -34.386  82.512 0.0000000000
89743  8.260  -34.779  82.433 0.0000000000
273774  7.914  -35.158  82.374 0.0000000000
88347  7.773  -34.905  83.573 0.0000000000
88351  7.887  -35.060  82.915 0.0000000000
88352  7.518  -35.415  82.649 0.0000000000
86954  6.762  -36.171  82.230 0.0000000000
85512  6.526  -36.569  81.838 0.0000000000
84056  5.365  -36.521  81.088 0.0000000000
282956  5.187  -36.583  81.446 0.0000000000
84058  4.920  -36.571  81.471 0.0000000000
84041  4.466  -36.751  81.927 0.0000000000
86938  5.740  -36.063  84.101 0.0000000000
85500  5.189  -36.474  83.836 0.0000000000
84028  4.275  -37.169  82.309 0.0000000000
84029  3.872  -37.362  82.505 0.0000000000
84030  3.344  -37.393  82.327 0.0000000000
103148  2.183  -27.694  79.664 0.0000000000
103154  2.333  -27.970  78.885 0.0000000000
282936  2.051  -27.770  79.139 0.0000000000
104642  2.013  -27.652  78.592 0.0000000000
104650  2.019  -27.577  77.957 0.0000000000
251128  0.771  -26.519  78.064 0.0000000000
274387  1.162  -27.368  77.949 0.0000000000
104662  1.489  -27.524  77.583 0.0000000000
104673  1.483  -27.553  76.881 0.0000000000
283237  1.585  -27.583  76.281 0.0000000000
104686  1.308  -27.549  75.880 0.0000000000
112419  1.799  -23.730  77.222 0.0000000000
112432  0.699  -24.038  77.010 0.0000000000
110904  0.495  -24.484  76.671 0.0000000000
261323  1.104  -23.397  75.742 0.0000000000
110918  0.439  -24.540  75.995 0.0000000000
109368  0.438  -25.062  76.157 0.0000000000
106184  0.796  -27.119  75.665 0.0000000000
104704  1.187  -27.455  75.338 0.0000000000
104722  1.222  -27.387  74.791 0.0000000000
106206  0.921  -27.076  74.440 0.0000000000
107856  0.612  -26.558  73.586 0.0000000000
109422  0.528  -25.368  73.599 0.0000000000
107855  0.568  -25.955  73.547 0.0000000000
107877  0.574  -26.503  72.903 0.0000000000
107878  0.985  -27.073  72.621 0.0000000000
107900  0.602  -26.747  72.086 0.0000000000
107919  0.496  -26.107  71.005 0.0000000000
101657  12.438  -29.740  82.571 0.0000000000
274785  11.831  -29.560  81.808 0.0000000000
101672  12.172  -29.707  81.310 0.0000000000
288222  11.011  -29.521  79.355 0.0000000000
88417  13.697  -35.357  76.085 0.0000000000
91225  19.338  -34.274  78.077 0.0000000000
88412  17.203  -35.820  76.052 0.0000000000
88414  15.748  -35.304  75.831 0.0000000000
290917  16.520  -35.324  76.907 0.0000000000
88415  15.100  -35.362  75.917 0.0000000000
88416  14.481  -35.466  76.013 0.0000000000
88404  12.880  -35.126  76.397 0.0000000000
88388  13.091  -35.043  77.066 0.0000000000
89767  13.706  -34.607  78.656 0.0000000000
89761  12.858  -34.268  79.177 0.0000000000
263217  13.165  -34.076  79.480 0.0000000000
91165  13.455  -33.679  80.142 0.0000000000
92725  14.877  -33.068  77.711 0.0000000000
92699  14.902  -33.339  79.082 0.0000000000
94223  14.162  -32.915  78.845 0.0000000000
92685  14.480  -33.235  79.507 0.0000000000
91163  14.310  -33.426  79.848 0.0000000000
91164  13.851  -33.304  80.166 0.0000000000
287560  12.999  -33.734  80.466 0.0000000000
92670  13.425  -33.148  81.215 0.0000000000
92662  13.143  -33.137  81.631 0.0000000000
94182  12.360  -32.987  82.024 0.0000000000
95678  11.394  -32.174  81.162 0.0000000000
95676  12.233  -32.269  81.711 0.0000000000
95663  11.715  -31.974  82.042 0.0000000000
97139  10.905  -31.257  82.163 0.0000000000
297725  13.259  -30.082  82.591 0.0000000000
81348  2.554  -38.976  75.468 0.0000000000
82796  3.128  -37.768  75.776 0.0000000000
289545  3.069  -36.892  76.025 0.0000000000
82750  3.083  -37.900  77.204 0.0000000000
86978  3.126  -36.248  77.924 0.0000000000
85541  3.061  -37.112  77.106 0.0000000000
85540  3.080  -36.778  76.814 0.0000000000
86980  3.117  -36.398  76.588 0.0000000000
89804  3.161  -35.195  77.111 0.0000000000
89803  3.047  -34.512  77.252 0.0000000000
92729  2.673  -33.621  77.891 0.0000000000
284152  2.464  -32.531  78.622 0.0000000000
249659  1.972  -33.254  78.262 0.0000000000
283814  2.443  -31.983  78.980 0.0000000000
285282  2.113  -31.503  79.115 0.0000000000
98668  2.527  -30.712  79.228 0.0000000000
285840  2.481  -30.187  79.510 0.0000000000
101688  2.348  -28.602  79.631 0.0000000000
88350  3.737  -34.846  82.753 0.0000000000
89740  3.645  -34.414  82.860 0.0000000000
89741  3.344  -34.192  82.680 0.0000000000
95645  4.591  -32.209  83.633 0.0000000000
94174  4.009  -33.015  83.147 0.0000000000
92647  3.494  -33.419  82.575 0.0000000000
94181  3.709  -33.127  82.168 0.0000000000
95657  4.013  -32.006  81.919 0.0000000000
97141  3.900  -31.132  81.843 0.0000000000
103096  4.893  -28.586  82.860 0.0000000000
103097  4.605  -28.640  82.709 0.0000000000
100127  4.666  -29.206  82.558 0.0000000000
103107  3.492  -28.211  83.044 0.0000000000
101639  3.685  -28.878  82.522 0.0000000000
100128  4.160  -29.412  82.271 0.0000000000
98625  4.103  -30.365  82.125 0.0000000000
98637  3.785  -30.780  81.976 0.0000000000
97142  3.796  -31.146  81.628 0.0000000000
98644  3.382  -30.636  81.408 0.0000000000
98651  3.116  -30.465  80.895 0.0000000000
254691  2.843  -29.854  81.012 0.0000000000
101666  2.294  -28.103  81.544 0.0000000000
100167  2.496  -29.264  80.795 0.0000000000
101682  2.370  -28.585  80.440 0.0000000000
103155  2.268  -27.971  80.076 0.0000000000
258243  1.986  -27.571  79.824 0.0000000000
287852  1.069  -26.257  80.045 0.0000000000
287017  0.972  -26.058  79.478 0.0000000000
270758  0.767  -25.725  78.926 0.0000000000
297271  0.728  -25.084  78.919 0.0000000000
277007  1.146  -23.169  78.797 0.0000000000
112376  2.788  -24.322  81.488 0.0000000000
113875  2.118  -23.315  81.774 0.0000000000
115211  1.577  -22.601  80.650 0.0000000000
115209  2.541  -22.329  79.878 0.0000000000
115219  2.073  -22.401  79.680 0.0000000000
115229  2.026  -22.631  79.255 0.0000000000
113895  2.362  -23.207  78.787 0.0000000000
113894  2.741  -23.546  78.635 0.0000000000
272625  3.089  -22.931  78.393 0.0000000000
101665  11.107  -29.283  81.610 0.0000000000
291573  12.071  -33.203  76.024 0.0000000000
91262  12.105  -32.729  75.889 0.0000000000
91245  11.882  -32.478  76.310 0.0000000000
256666  4.519  -38.890  78.208 0.0000000000
77248  4.401  -40.511  76.732 0.0000000000
267291  2.577  -38.522  73.840 0.0000000000
89836  3.164  -35.106  75.994 0.0000000000
88434  2.851  -35.885  75.206 0.0000000000
88445  2.856  -35.845  74.546 0.0000000000
89869  3.170  -34.520  74.717 0.0000000000
277464  3.077  -35.421  74.230 0.0000000000
291240  3.170  -36.163  73.616 0.0000000000
85594  3.414  -36.294  73.173 0.0000000000
270095  3.729  -37.127  72.489 0.0000000000
88466  3.778  -35.220  72.117 0.0000000000
89955  3.848  -34.773  70.081 0.0000000000
258766  2.658  -28.741  78.870 0.0000000000
101696  2.904  -28.946  78.570 0.0000000000
100185  3.393  -29.427  78.504 0.0000000000
103169  3.047  -28.218  78.117 0.0000000000
100184  4.022  -29.289  78.460 0.0000000000
289977  4.367  -30.232  78.106 0.0000000000
98688  4.705  -30.647  77.824 0.0000000000
97208  4.938  -31.084  77.345 0.0000000000
95737  4.658  -31.784  76.367 0.0000000000
104682  3.987  -27.647  76.114 0.0000000000
104668  4.413  -27.754  76.596 0.0000000000
103177  5.571  -28.368  77.280 0.0000000000
101730  6.202  -28.681  76.276 0.0000000000
101718  6.070  -28.883  76.887 0.0000000000
101710  5.703  -28.852  77.350 0.0000000000
98696  6.011  -30.639  76.715 0.0000000000
95736  5.329  -31.729  76.207 0.0000000000
95756  4.781  -31.930  75.085 0.0000000000
95766  3.994  -31.528  74.179 0.0000000000
95788  3.018  -31.398  73.134 0.0000000000
95799  3.294  -31.651  72.565 0.0000000000
262955  4.716  -31.270  73.258 0.0000000000
95798  3.894  -31.393  72.370 0.0000000000
94310  3.499  -32.268  71.940 0.0000000000
265357  3.425  -32.803  70.963 0.0000000000
258138  4.065  -34.003  69.547 0.0000000000
92906  3.882  -33.183  69.643 0.0000000000
92905  3.752  -32.793  69.096 0.0000000000
92919  4.566  -33.181  68.781 0.0000000000
100275  7.560  -29.714  72.559 0.0000000000
266521  7.478  -30.555  71.686 0.0000000000
97306  7.249  -31.110  71.049 0.0000000000
290004  7.552  -30.901  70.472 0.0000000000
264823  6.617  -31.532  69.210 0.0000000000
119435  4.646  -20.544  75.188 0.0000000000
118005  4.245  -21.532  74.439 0.0000000000
115268  4.068  -22.659  74.311 0.0000000000
119454  4.661  -21.077  73.793 0.0000000000
118015  4.322  -21.505  73.897 0.0000000000
115276  3.731  -23.186  73.995 0.0000000000
113947  3.713  -23.320  73.386 0.0000000000
113955  2.917  -23.579  73.031 0.0000000000
113969  2.021  -24.009  72.616 0.0000000000
115288  3.404  -23.330  72.165 0.0000000000
268219  1.994  -23.897  71.919 0.0000000000
112506  1.243  -24.034  71.968 0.0000000000
112524  0.777  -24.089  71.261 0.0000000000
109468  0.530  -25.170  70.865 0.0000000000
288914  0.584  -25.534  70.545 0.0000000000
116684  4.028  -22.069  70.543 0.0000000000
115327  3.260  -23.237  70.205 0.0000000000
115340  3.360  -23.117  69.494 0.0000000000
113999  2.658  -23.600  69.917 0.0000000000
113991  2.466  -23.613  70.525 0.0000000000
112550  1.084  -24.206  70.642 0.0000000000
107918  1.022  -25.564  70.348 0.0000000000
274416  0.965  -26.325  70.378 0.0000000000
106363  1.767  -26.711  69.691 0.0000000000
296814  2.721  -27.064  69.847 0.0000000000
106361  3.908  -26.966  69.918 0.0000000000
106401  2.852  -26.831  68.547 0.0000000000
258785  3.962  -26.964  69.371 0.0000000000
106359  4.904  -26.751  70.012 0.0000000000
107977  5.504  -26.636  69.740 0.0000000000
107958  7.010  -26.538  69.973 0.0000000000
107973  7.572  -26.469  69.725 0.0000000000
111089  4.608  -24.772  67.624 0.0000000000
109552  4.765  -25.314  66.924 0.0000000000
108008  5.864  -26.619  67.751 0.0000000000
107993  6.916  -26.285  69.014 0.0000000000
106357  8.468  -27.040  69.698 0.0000000000
79952  4.160  -39.351  78.316 0.0000000000
81237  4.001  -36.995  80.999 0.0000000000
81254  4.404  -38.127  79.370 0.0000000000
81264  4.075  -38.691  79.279 0.0000000000
82632  4.925  -36.986  80.135 0.0000000000
82633  4.330  -36.778  81.754 0.0000000000
82634  4.058  -37.176  81.172 0.0000000000
82635  3.720  -36.849  80.999 0.0000000000
82645  4.294  -37.228  80.154 0.0000000000
82646  4.054  -37.069  80.299 0.0000000000
82648  3.289  -36.711  79.840 0.0000000000
84016  5.180  -36.915  83.231 0.0000000000
84017  4.551  -37.164  82.929 0.0000000000
84018  4.146  -36.890  83.031 0.0000000000
84019  3.778  -36.891  82.844 0.0000000000
84027  4.879  -37.336  82.274 0.0000000000
84031  2.746  -37.172  82.163 0.0000000000
84039  5.260  -36.755  81.482 0.0000000000
84040  5.006  -36.532  81.854 0.0000000000
84042  4.082  -37.025  81.986 0.0000000000
84043  3.534  -38.002  82.173 0.0000000000
84044  2.990  -37.847  81.965 0.0000000000
84057  5.158  -36.581  81.090 0.0000000000
84059  2.709  -37.413  81.758 0.0000000000
84060  3.190  -36.230  81.629 0.0000000000
84069  5.294  -36.559  80.164 0.0000000000
84070  5.042  -36.904  80.223 0.0000000000
84081  5.359  -36.589  79.662 0.0000000000
84082  5.202  -36.845  79.806 0.0000000000
84083  3.256  -36.509  79.836 0.0000000000
84113  5.299  -37.487  78.715 0.0000000000
84166  3.014  -36.710  75.605 0.0000000000
85504  5.834  -36.693  83.238 0.0000000000
85505  4.659  -36.723  83.449 0.0000000000
85506  4.235  -36.439  83.557 0.0000000000
85507  3.672  -36.179  83.169 0.0000000000
85509  6.452  -36.601  82.473 0.0000000000
85510  5.921  -36.784  82.673 0.0000000000
85514  2.957  -36.485  81.843 0.0000000000
85515  3.121  -35.981  81.948 0.0000000000
85517  5.861  -36.497  81.253 0.0000000000
85518  3.038  -36.166  81.030 0.0000000000
85519  5.725  -35.851  80.371 0.0000000000
85528  3.134  -36.012  79.581 0.0000000000
85532  3.124  -35.971  79.202 0.0000000000
85569  3.059  -36.513  74.425 0.0000000000
85580  3.278  -36.582  73.665 0.0000000000
85593  3.575  -36.866  73.143 0.0000000000
86935  5.616  -35.384  84.291 0.0000000000
86940  4.702  -35.598  84.167 0.0000000000
86941  4.481  -35.318  83.600 0.0000000000
86942  4.448  -35.224  83.130 0.0000000000
86944  6.642  -35.973  83.344 0.0000000000
86946  4.169  -35.743  83.232 0.0000000000
86947  4.069  -35.586  82.752 0.0000000000
86948  3.795  -35.414  82.474 0.0000000000
86951  3.407  -35.671  82.215 0.0000000000
86953  7.189  -35.904  82.405 0.0000000000
86956  3.046  -35.679  81.993 0.0000000000
86959  2.686  -35.474  81.162 0.0000000000
86962  2.775  -35.528  80.886 0.0000000000
86963  2.654  -35.121  80.412 0.0000000000
86968  2.763  -34.930  80.041 0.0000000000
86977  3.118  -36.131  77.754 0.0000000000
86987  3.049  -36.288  76.033 0.0000000000
86999  2.999  -36.177  74.170 0.0000000000
88335  6.129  -34.433  84.447 0.0000000000
88339  5.249  -34.693  83.973 0.0000000000
88340  4.959  -34.837  83.784 0.0000000000
88341  7.441  -34.991  84.039 0.0000000000
88343  6.112  -35.490  84.370 0.0000000000
88348  7.427  -35.287  83.231 0.0000000000
88349  4.205  -35.090  82.805 0.0000000000
88353  3.175  -35.055  82.359 0.0000000000
88356  2.624  -35.246  81.557 0.0000000000
88363  2.223  -34.822  80.975 0.0000000000
88367  2.523  -35.128  80.166 0.0000000000
88378  3.063  -35.360  78.911 0.0000000000
88379  3.000  -35.027  79.669 0.0000000000
88387  13.702  -35.236  77.315 0.0000000000
88391  3.135  -35.954  77.175 0.0000000000
88397  17.722  -35.623  76.328 0.0000000000
88408  1.169  -33.089  78.067 0.0000000000
88455  3.014  -35.849  73.894 0.0000000000
88467  3.622  -35.670  72.421 0.0000000000
89718  6.632  -34.029  85.000 0.0000000000
89720  5.901  -33.919  84.747 0.0000000000
89721  5.441  -33.747  84.603 0.0000000000
89724  7.253  -34.571  84.882 0.0000000000
89727  5.266  -34.133  84.137 0.0000000000
89729  4.698  -34.013  83.712 0.0000000000
89733  4.824  -34.460  83.543 0.0000000000
89735  3.947  -34.198  83.162 0.0000000000
89739  3.880  -34.610  82.879 0.0000000000
89744  3.243  -34.625  82.513 0.0000000000
89745  2.971  -34.307  82.276 0.0000000000
89748  2.750  -34.562  82.044 0.0000000000
89749  2.670  -34.418  81.676 0.0000000000
89752  2.416  -34.930  81.453 0.0000000000
89753  2.536  -34.693  81.185 0.0000000000
89755  2.402  -34.764  81.163 0.0000000000
89764  3.015  -34.834  79.870 0.0000000000
89792  18.327  -34.591  77.684 0.0000000000
89814  17.846  -35.142  76.850 0.0000000000
89815  17.442  -35.288  76.915 0.0000000000
89835  3.089  -34.594  75.802 0.0000000000
89913  3.794  -34.179  72.241 0.0000000000
89973  3.942  -34.519  68.509 0.0000000000
91124  7.097  -33.265  85.609 0.0000000000
91126  6.017  -33.387  85.296 0.0000000000
91127  5.694  -33.247  85.305 0.0000000000
91130  7.035  -33.777  85.355 0.0000000000
91131  6.246  -33.666  85.115 0.0000000000
91134  5.158  -33.315  84.757 0.0000000000
91135  4.955  -33.555  84.364 0.0000000000
91139  4.639  -33.846  83.854 0.0000000000
91144  3.749  -33.867  83.084 0.0000000000
91146  3.180  -33.907  82.433 0.0000000000
91151  3.054  -33.866  82.093 0.0000000000
91152  2.945  -33.935  81.760 0.0000000000
91156  13.469  -33.322  80.613 0.0000000000
91162  3.057  -34.150  80.956 0.0000000000
91173  3.157  -34.452  80.533 0.0000000000
91188  3.279  -34.024  79.794 0.0000000000
91205  3.118  -34.242  78.376 0.0000000000
91221  2.941  -34.135  77.664 0.0000000000
91281  2.792  -33.930  75.512 0.0000000000
91307  3.098  -33.699  73.655 0.0000000000
91346  3.269  -33.327  72.100 0.0000000000
91360  3.251  -33.125  71.780 0.0000000000
91380  3.999  -33.758  70.208 0.0000000000
91387  4.676  -33.651  68.872 0.0000000000
92620  8.283  -32.789  85.642 0.0000000000
92621  7.741  -32.886  85.789 0.0000000000
92622  7.132  -32.886  85.654 0.0000000000
92625  5.532  -32.864  85.561 0.0000000000
92627  9.149  -33.084  85.282 0.0000000000
92628  8.565  -33.199  85.463 0.0000000000
92631  5.319  -33.093  85.173 0.0000000000
92633  4.630  -32.860  84.592 0.0000000000
92635  9.496  -33.157  84.928 0.0000000000
92636  4.742  -33.224  84.400 0.0000000000
92638  4.380  -32.930  83.747 0.0000000000
92639  10.444  -33.011  84.196 0.0000000000
92640  9.929  -33.331  84.067 0.0000000000
92646  3.844  -33.307  83.027 0.0000000000
92648  12.159  -32.750  83.021 0.0000000000
92651  9.667  -32.535  82.482 0.0000000000
92652  3.283  -33.527  82.235 0.0000000000
92659  3.500  -33.185  81.948 0.0000000000
92667  9.811  -32.017  81.736 0.0000000000
92668  3.172  -33.498  81.348 0.0000000000
92689  3.543  -33.567  80.646 0.0000000000
92704  3.441  -33.960  80.198 0.0000000000
92712  15.096  -33.307  78.648 0.0000000000
92722  18.361  -33.495  77.979 0.0000000000
92743  2.616  -32.923  77.462 0.0000000000
92781  2.848  -32.722  75.194 0.0000000000
92882  3.204  -32.835  71.602 0.0000000000
92920  4.162  -33.467  69.224 0.0000000000
94145  8.880  -32.103  85.462 0.0000000000
94149  6.819  -32.396  85.774 0.0000000000
94150  6.326  -32.602  85.730 0.0000000000
94151  6.034  -32.296  85.764 0.0000000000
94153  10.312  -32.116  85.117 0.0000000000
94154  9.770  -32.092  85.239 0.0000000000
94156  8.802  -32.624  85.492 0.0000000000
94157  4.966  -32.389  85.270 0.0000000000
94158  4.739  -32.417  85.056 0.0000000000
94159  4.565  -32.419  84.835 0.0000000000
94166  11.699  -31.909  83.998 0.0000000000
94167  11.326  -31.985  84.282 0.0000000000
94169  4.417  -32.608  83.551 0.0000000000
94172  11.661  -32.177  84.095 0.0000000000
94175  4.112  -32.977  82.549 0.0000000000
94176  12.047  -32.084  82.280 0.0000000000
94177  12.415  -32.554  82.842 0.0000000000
94180  11.654  -32.483  83.646 0.0000000000
94183  12.949  -32.711  82.226 0.0000000000
94185  3.683  -33.066  81.988 0.0000000000
94192  11.362  -31.705  80.199 0.0000000000
94193  2.831  -33.039  80.944 0.0000000000
94200  12.066  -32.420  80.076 0.0000000000
94201  11.423  -32.268  80.226 0.0000000000
94202  11.753  -31.844  79.988 0.0000000000
94215  12.449  -32.283  79.682 0.0000000000
94217  3.544  -33.175  80.156 0.0000000000
94224  13.716  -32.865  78.846 0.0000000000
94253  2.692  -32.301  76.449 0.0000000000
94267  3.215  -32.175  74.915 0.0000000000
94273  3.046  -32.123  74.195 0.0000000000
94288  2.961  -32.315  73.053 0.0000000000
94297  3.238  -32.251  72.342 0.0000000000
94311  3.210  -32.597  71.971 0.0000000000
94331  3.507  -32.413  71.467 0.0000000000
94351  3.826  -32.220  69.974 0.0000000000
94352  3.720  -32.506  70.423 0.0000000000
94394  4.001  -32.305  68.675 0.0000000000
95631  7.860  -31.862  85.879 0.0000000000
95633  6.672  -31.846  85.951 0.0000000000
95635  5.550  -31.866  85.748 0.0000000000
95637  10.025  -31.716  85.180 0.0000000000
95639  9.286  -31.865  85.300 0.0000000000
95641  4.500  -31.946  84.755 0.0000000000
95642  10.737  -31.688  84.763 0.0000000000
95643  10.450  -31.631  85.024 0.0000000000
95644  4.616  -31.929  84.030 0.0000000000
95646  11.524  -31.816  83.528 0.0000000000
95647  11.116  -31.805  84.363 0.0000000000
95648  4.527  -32.131  83.035 0.0000000000
95649  4.508  -32.137  82.698 0.0000000000
95650  12.150  -31.927  83.023 0.0000000000
95651  11.969  -31.898  83.422 0.0000000000
95652  12.003  -32.012  83.609 0.0000000000
95656  12.549  -32.077  83.308 0.0000000000
95658  3.845  -31.743  81.495 0.0000000000
95664  12.123  -31.383  81.046 0.0000000000
95665  11.969  -31.500  81.066 0.0000000000
95666  11.717  -32.118  80.985 0.0000000000
95667  3.555  -32.475  81.518 0.0000000000
95668  3.517  -32.025  81.143 0.0000000000
95677  11.831  -32.229  81.259 0.0000000000
95679  11.132  -32.039  80.639 0.0000000000
95680  3.193  -32.148  81.137 0.0000000000
95687  12.298  -32.366  80.907 0.0000000000
95688  11.683  -32.382  80.499 0.0000000000
95695  12.744  -31.771  79.680 0.0000000000
95696  12.374  -31.754  79.853 0.0000000000
95697  11.926  -31.785  79.960 0.0000000000
95699  2.637  -31.743  79.403 0.0000000000
95700  3.163  -31.973  79.845 0.0000000000
95726  2.669  -31.822  77.184 0.0000000000
95738  3.886  -31.728  76.392 0.0000000000
95739  3.034  -31.856  76.467 0.0000000000
95740  2.836  -32.016  76.405 0.0000000000
95747  4.741  -31.851  75.750 0.0000000000
95755  5.466  -31.752  74.845 0.0000000000
95758  3.409  -31.653  74.755 0.0000000000
95775  5.369  -31.379  73.552 0.0000000000
95776  4.053  -31.303  73.543 0.0000000000
95777  3.270  -31.332  73.681 0.0000000000
95778  2.751  -31.416  73.813 0.0000000000
95786  4.691  -31.236  72.581 0.0000000000
95787  3.515  -31.431  72.840 0.0000000000
95796  5.099  -31.375  72.107 0.0000000000
95808  4.045  -31.548  71.815 0.0000000000
95809  3.595  -31.833  72.109 0.0000000000
95826  5.885  -31.626  70.015 0.0000000000
95827  5.525  -31.663  70.335 0.0000000000
95850  6.057  -31.564  68.777 0.0000000000
97110  9.401  -31.137  85.133 0.0000000000
97111  8.756  -31.176  85.275 0.0000000000
97113  7.791  -31.027  86.111 0.0000000000
97118  4.740  -30.777  85.544 0.0000000000
97119  10.003  -30.949  84.702 0.0000000000
97124  4.780  -31.237  84.348 0.0000000000
97125  10.526  -31.585  84.482 0.0000000000
97128  4.537  -31.346  83.355 0.0000000000
97131  4.300  -31.409  82.314 0.0000000000
97132  10.736  -31.782  82.779 0.0000000000
97140  10.966  -31.601  81.769 0.0000000000
97150  11.609  -32.021  81.916 0.0000000000
97151  3.713  -31.397  81.187 0.0000000000
97161  12.020  -31.344  80.585 0.0000000000
97162  11.281  -31.602  80.542 0.0000000000
97169  13.063  -31.000  80.870 0.0000000000
97194  2.513  -31.304  78.494 0.0000000000
97199  4.169  -31.102  77.460 0.0000000000
97200  3.703  -30.952  77.941 0.0000000000
97201  3.141  -31.167  77.933 0.0000000000
97202  2.694  -31.434  77.899 0.0000000000
97223  5.731  -31.247  76.524 0.0000000000
97224  5.147  -31.445  76.785 0.0000000000
97226  3.843  -31.562  76.999 0.0000000000
97238  6.451  -30.985  75.604 0.0000000000
97239  5.892  -31.357  75.901 0.0000000000
97260  6.746  -30.919  74.134 0.0000000000
97261  6.150  -31.425  74.556 0.0000000000
97275  5.933  -31.273  73.235 0.0000000000
97294  6.389  -31.338  71.870 0.0000000000
97295  5.766  -31.517  71.943 0.0000000000
97320  7.265  -31.426  70.279 0.0000000000
98602  9.077  -30.946  85.070 0.0000000000
98604  8.301  -30.772  85.321 0.0000000000
98605  7.642  -30.491  85.882 0.0000000000
98608  5.354  -30.126  85.750 0.0000000000
98610  9.935  -30.877  84.775 0.0000000000
98611  9.593  -30.692  84.852 0.0000000000
98612  4.638  -30.424  85.445 0.0000000000
98615  9.916  -31.329  83.822 0.0000000000
98617  4.916  -30.932  83.793 0.0000000000
98618  10.618  -30.818  83.137 0.0000000000
98619  10.283  -30.965  83.517 0.0000000000
98620  10.038  -30.979  83.999 0.0000000000
98621  4.594  -30.784  83.212 0.0000000000
98623  10.321  -31.558  82.401 0.0000000000
98626  3.779  -30.131  82.003 0.0000000000
98633  11.751  -30.778  81.889 0.0000000000
98635  11.612  -30.380  82.495 0.0000000000
98636  3.963  -30.869  82.076 0.0000000000
98643  13.221  -30.433  82.004 0.0000000000
98650  13.196  -30.812  81.399 0.0000000000
98656  13.379  -30.793  80.474 0.0000000000
98657  2.800  -30.177  80.752 0.0000000000
98680  4.946  -30.072  78.002 0.0000000000
98686  5.781  -30.279  77.241 0.0000000000
98729  7.298  -30.088  74.226 0.0000000000
98742  7.113  -30.662  73.454 0.0000000000
98750  7.101  -30.496  73.145 0.0000000000
98759  7.268  -30.355  72.604 0.0000000000
98770  7.429  -30.684  71.881 0.0000000000
98787  7.864  -30.347  70.224 0.0000000000
98794  7.987  -30.484  69.580 0.0000000000
100109  8.742  -30.527  84.834 0.0000000000
100112  7.501  -30.230  85.495 0.0000000000
100113  6.153  -29.732  85.584 0.0000000000
100115  5.206  -29.782  85.638 0.0000000000
100116  9.692  -30.616  84.692 0.0000000000
100117  9.038  -30.400  84.330 0.0000000000
100119  5.556  -30.120  84.754 0.0000000000
100121  9.824  -30.547  83.742 0.0000000000
100126  9.996  -30.502  83.340 0.0000000000
100134  11.731  -29.948  82.725 0.0000000000
100135  11.115  -30.029  82.866 0.0000000000
100136  3.639  -29.389  82.238 0.0000000000
100146  12.730  -29.992  82.610 0.0000000000
100159  13.028  -29.981  81.773 0.0000000000
100166  12.931  -30.091  80.910 0.0000000000
100186  2.776  -29.702  78.372 0.0000000000
100193  3.860  -29.844  78.284 0.0000000000
100198  5.898  -29.492  77.227 0.0000000000
100207  6.618  -29.695  76.421 0.0000000000
100208  6.195  -29.978  76.779 0.0000000000
100221  6.730  -29.523  75.912 0.0000000000
100235  6.886  -29.855  75.309 0.0000000000
100247  7.178  -29.597  73.905 0.0000000000
100274  7.740  -29.143  72.153 0.0000000000
100284  7.653  -30.010  71.913 0.0000000000
100294  7.788  -29.845  71.612 0.0000000000
101614  8.388  -30.416  84.828 0.0000000000
101616  7.422  -29.687  84.983 0.0000000000
101617  7.453  -29.899  85.086 0.0000000000
101619  5.687  -28.963  85.677 0.0000000000
101621  8.600  -30.343  84.073 0.0000000000
101622  8.231  -30.169  84.289 0.0000000000
101623  8.035  -29.967  84.667 0.0000000000
101624  7.756  -29.674  84.770 0.0000000000
101625  5.935  -29.093  85.492 0.0000000000
101628  9.426  -30.338  83.487 0.0000000000
101629  8.916  -30.354  83.858 0.0000000000
101630  8.437  -30.224  83.878 0.0000000000
101632  5.028  -29.402  82.687 0.0000000000
101636  10.778  -30.086  83.000 0.0000000000
101638  4.293  -28.698  82.618 0.0000000000
101649  11.204  -29.720  82.659 0.0000000000
101651  2.993  -28.975  82.465 0.0000000000
101658  11.773  -29.662  82.424 0.0000000000
101659  2.514  -28.875  81.955 0.0000000000
101664  13.022  -29.922  82.439 0.0000000000
101678  11.482  -29.716  80.290 0.0000000000
101695  3.529  -28.995  78.527 0.0000000000
101703  4.526  -29.157  78.148 0.0000000000
101711  5.407  -29.191  77.598 0.0000000000
101712  5.056  -28.971  77.797 0.0000000000
101742  6.777  -29.319  75.317 0.0000000000
101753  6.957  -29.188  74.222 0.0000000000
101754  6.704  -28.930  74.744 0.0000000000
101766  7.231  -29.046  73.755 0.0000000000
101780  7.449  -28.958  73.084 0.0000000000
101813  8.695  -28.811  70.397 0.0000000000
101814  8.301  -29.244  70.579 0.0000000000
103079  7.060  -29.084  84.864 0.0000000000
103082  5.561  -28.522  85.578 0.0000000000
103083  8.068  -29.721  84.103 0.0000000000
103085  6.960  -28.006  85.298 0.0000000000
103087  5.764  -28.081  85.530 0.0000000000
103090  5.912  -29.163  83.693 0.0000000000
103095  5.339  -28.627  83.167 0.0000000000
103103  9.836  -29.949  82.654 0.0000000000
103114  10.807  -29.571  82.415 0.0000000000
103116  9.654  -29.522  82.507 0.0000000000
103126  2.039  -28.291  82.190 0.0000000000
103131  10.864  -29.175  81.898 0.0000000000
103136  10.582  -29.131  80.811 0.0000000000
103161  2.640  -28.414  78.652 0.0000000000
103168  3.562  -28.270  77.927 0.0000000000
103178  5.115  -28.138  77.596 0.0000000000
103179  4.072  -28.443  77.699 0.0000000000
103186  5.763  -28.297  76.668 0.0000000000
103187  5.325  -27.941  77.065 0.0000000000
103194  6.275  -28.511  75.694 0.0000000000
103195  5.894  -28.122  76.074 0.0000000000
103207  6.371  -28.393  75.108 0.0000000000
103208  6.007  -27.982  75.474 0.0000000000
103236  7.057  -27.982  74.084 0.0000000000
103249  7.518  -28.617  72.572 0.0000000000
103264  7.506  -28.339  72.184 0.0000000000
103265  7.485  -28.029  72.517 0.0000000000
104570  7.949  -28.944  84.070 0.0000000000
104571  7.698  -28.848  84.273 0.0000000000
104572  6.857  -27.874  85.030 0.0000000000
104573  6.704  -27.658  85.348 0.0000000000
104574  6.217  -27.693  85.170 0.0000000000
104575  5.997  -28.682  84.856 0.0000000000
104582  7.649  -28.440  83.955 0.0000000000
104592  8.927  -29.172  83.084 0.0000000000
104594  8.069  -28.466  83.335 0.0000000000
104609  9.948  -28.943  82.129 0.0000000000
104614  10.358  -28.954  81.989 0.0000000000
104622  1.106  -27.422  81.870 0.0000000000
104648  3.119  -27.923  77.790 0.0000000000
104651  1.447  -27.598  78.330 0.0000000000
104656  4.839  -27.846  77.187 0.0000000000
104657  4.541  -28.137  77.459 0.0000000000
104658  3.897  -28.109  77.445 0.0000000000
104660  2.540  -27.646  77.224 0.0000000000
104666  5.483  -27.890  76.373 0.0000000000
104670  3.355  -27.589  76.855 0.0000000000
104683  3.286  -27.585  76.274 0.0000000000
104696  6.210  -27.744  74.924 0.0000000000
104701  3.068  -27.654  75.124 0.0000000000
104702  2.332  -27.643  75.465 0.0000000000
104717  4.025  -27.546  74.569 0.0000000000
104719  2.984  -27.615  74.497 0.0000000000
104731  7.247  -27.767  73.540 0.0000000000
104736  1.313  -27.427  74.350 0.0000000000
104760  7.397  -27.854  71.981 0.0000000000
104775  7.331  -27.558  71.462 0.0000000000
104776  7.168  -27.282  72.035 0.0000000000
104784  7.763  -27.960  71.171 0.0000000000
104790  8.400  -27.976  70.347 0.0000000000
106069  6.012  -27.957  84.141 0.0000000000
106070  5.826  -28.098  84.069 0.0000000000
106076  6.924  -28.210  83.583 0.0000000000
106077  6.321  -27.704  83.759 0.0000000000
106079  5.660  -27.299  83.907 0.0000000000
106080  5.194  -27.389  83.847 0.0000000000
106082  4.463  -27.457  83.703 0.0000000000
106092  3.923  -27.024  83.660 0.0000000000
106093  3.558  -27.433  83.466 0.0000000000
106112  1.193  -27.400  82.823 0.0000000000
106136  1.019  -27.006  80.860 0.0000000000
106178  1.041  -27.357  76.297 0.0000000000
106188  5.634  -27.057  74.979 0.0000000000
106190  0.724  -26.927  75.026 0.0000000000
106202  5.767  -26.966  74.465 0.0000000000
106204  4.704  -27.218  74.470 0.0000000000
106216  6.770  -26.967  73.630 0.0000000000
106218  5.267  -26.970  74.085 0.0000000000
106219  4.622  -27.202  73.833 0.0000000000
106222  1.128  -27.308  73.950 0.0000000000
106239  7.135  -26.920  72.999 0.0000000000
106240  6.944  -26.711  73.155 0.0000000000
106243  4.513  -27.209  73.282 0.0000000000
106247  0.915  -27.088  73.370 0.0000000000
106265  7.154  -27.041  72.567 0.0000000000
106266  5.402  -26.800  72.383 0.0000000000
106268  3.790  -27.319  72.499 0.0000000000
106270  2.459  -27.370  72.372 0.0000000000
106272  1.131  -27.151  71.848 0.0000000000
106287  7.000  -27.117  71.615 0.0000000000
106289  4.572  -26.897  71.641 0.0000000000
106290  4.034  -27.087  71.517 0.0000000000
106291  1.552  -27.355  71.397 0.0000000000
106309  7.465  -27.543  70.941 0.0000000000
106310  7.045  -27.001  70.628 0.0000000000
106312  4.410  -26.874  71.081 0.0000000000
106315  1.281  -26.862  70.333 0.0000000000
106334  7.689  -27.201  70.248 0.0000000000
106337  3.599  -27.071  70.419 0.0000000000
106338  2.939  -27.117  70.303 0.0000000000
106339  2.299  -27.005  70.033 0.0000000000
106340  1.882  -27.008  70.225 0.0000000000
106341  1.447  -26.832  69.993 0.0000000000
106358  7.908  -26.856  69.948 0.0000000000
106360  4.429  -26.848  69.689 0.0000000000
106362  3.169  -27.067  69.813 0.0000000000
106379  4.338  -26.951  69.023 0.0000000000
106380  3.860  -27.274  68.809 0.0000000000
106381  2.442  -26.682  68.938 0.0000000000
106382  2.089  -26.734  69.264 0.0000000000
106400  3.428  -26.909  68.245 0.0000000000
106416  4.674  -26.886  67.776 0.0000000000
106417  4.049  -26.960  67.303 0.0000000000
106418  3.640  -26.808  67.489 0.0000000000
106419  3.644  -26.907  68.208 0.0000000000
106442  4.438  -26.866  67.001 0.0000000000
107710  6.842  -27.539  83.129 0.0000000000
107712  5.991  -26.996  83.511 0.0000000000
107714  5.094  -26.707  84.051 0.0000000000
107715  4.741  -26.704  84.032 0.0000000000
107723  6.175  -26.550  83.063 0.0000000000
107725  5.530  -26.446  83.403 0.0000000000
107726  4.568  -26.284  83.567 0.0000000000
107728  3.880  -26.400  83.143 0.0000000000
107735  6.929  -26.967  82.985 0.0000000000
107737  2.842  -26.341  82.516 0.0000000000
107738  2.117  -26.332  82.529 0.0000000000
107743  7.814  -26.573  82.535 0.0000000000
107751  7.367  -26.010  82.226 0.0000000000
107759  1.163  -26.014  81.770 0.0000000000
107819  0.455  -25.848  74.322 0.0000000000
107835  0.699  -26.853  74.000 0.0000000000
107875  6.574  -26.560  72.718 0.0000000000
107895  7.010  -26.849  72.198 0.0000000000
107897  6.279  -26.672  72.072 0.0000000000
107898  5.717  -26.714  71.931 0.0000000000
107899  0.594  -25.964  72.199 0.0000000000
107914  6.806  -26.871  71.810 0.0000000000
107917  5.492  -26.661  71.379 0.0000000000
107920  0.631  -26.421  70.870 0.0000000000
107936  6.802  -26.916  71.189 0.0000000000
107937  6.366  -26.692  71.052 0.0000000000
107939  5.441  -26.660  70.813 0.0000000000
107940  0.655  -26.070  70.503 0.0000000000
107941  0.838  -26.517  70.414 0.0000000000
107959  6.385  -26.640  70.531 0.0000000000
107961  5.295  -26.658  70.309 0.0000000000
107962  2.343  -26.009  70.451 0.0000000000
107964  1.273  -26.675  70.100 0.0000000000
107975  6.585  -26.431  69.486 0.0000000000
107976  6.117  -26.483  69.787 0.0000000000
107994  6.413  -26.419  68.823 0.0000000000
107996  5.432  -26.700  68.979 0.0000000000
107998  2.674  -26.373  68.786 0.0000000000
108009  5.373  -26.747  68.125 0.0000000000
108026  3.337  -26.550  67.381 0.0000000000
108042  4.635  -26.717  66.738 0.0000000000
109269  4.863  -26.343  83.835 0.0000000000
109275  5.298  -26.135  83.128 0.0000000000
109276  4.994  -26.041  83.174 0.0000000000
109278  4.210  -26.130  83.074 0.0000000000
109280  3.611  -26.307  82.499 0.0000000000
109284  6.198  -25.888  82.263 0.0000000000
109293  6.601  -26.111  82.588 0.0000000000
109296  2.002  -26.006  82.235 0.0000000000
109302  7.000  -25.803  81.798 0.0000000000
109304  1.438  -25.527  82.398 0.0000000000
109342  0.630  -26.399  76.735 0.0000000000
109343  0.588  -26.164  77.280 0.0000000000
109354  0.667  -26.461  76.520 0.0000000000
109355  0.553  -26.244  77.237 0.0000000000
109391  0.424  -25.658  74.481 0.0000000000
109404  0.470  -25.611  74.136 0.0000000000
109405  0.497  -25.119  74.054 0.0000000000
109498  2.055  -25.573  70.715 0.0000000000
109499  0.981  -24.845  70.205 0.0000000000
109519  2.100  -24.911  70.588 0.0000000000
109533  5.103  -24.852  67.829 0.0000000000
109535  3.898  -25.070  68.160 0.0000000000
109551  5.145  -25.254  67.118 0.0000000000
109553  4.235  -25.383  67.268 0.0000000000
109572  4.197  -26.632  66.555 0.0000000000
109573  3.843  -26.232  66.869 0.0000000000
110789  4.997  -25.828  83.035 0.0000000000
110790  4.957  -25.843  82.990 0.0000000000
110792  3.941  -25.820  82.431 0.0000000000
110793  3.931  -25.619  82.339 0.0000000000
110803  5.861  -25.320  82.197 0.0000000000
110805  4.925  -25.327  82.706 0.0000000000
110807  3.993  -25.280  82.201 0.0000000000
110808  3.811  -25.374  82.039 0.0000000000
110810  2.919  -25.813  81.585 0.0000000000
110817  2.807  -25.348  81.428 0.0000000000
110832  1.340  -24.890  81.608 0.0000000000
110853  0.992  -24.772  79.930 0.0000000000
110903  0.903  -23.363  76.295 0.0000000000
110960  0.565  -24.400  73.803 0.0000000000
110978  0.532  -24.452  72.267 0.0000000000
110993  0.505  -24.645  71.503 0.0000000000
111023  0.583  -24.444  70.701 0.0000000000
111065  3.400  -25.025  68.544 0.0000000000
111067  2.564  -24.381  69.591 0.0000000000
111076  4.469  -24.827  67.745 0.0000000000
111077  3.689  -24.891  68.100 0.0000000000
111090  3.936  -24.761  67.679 0.0000000000
111092  2.987  -24.317  68.276 0.0000000000
111127  4.445  -24.647  65.575 0.0000000000
111143  4.030  -24.261  65.016 0.0000000000
112345  4.739  -24.975  82.451 0.0000000000
112346  4.082  -24.993  82.058 0.0000000000
112348  3.643  -25.208  81.638 0.0000000000
112357  4.044  -24.864  81.884 0.0000000000
112359  3.504  -25.139  81.438 0.0000000000
112360  2.840  -25.149  81.202 0.0000000000
112367  3.175  -24.753  81.286 0.0000000000
112382  1.494  -23.838  81.616 0.0000000000
112402  0.942  -23.916  79.065 0.0000000000
112409  2.808  -23.978  77.895 0.0000000000
112420  1.058  -23.680  77.330 0.0000000000
112421  0.827  -24.023  77.570 0.0000000000
112431  0.989  -23.546  76.883 0.0000000000
112473  1.582  -23.898  73.724 0.0000000000
112475  0.691  -24.011  74.040 0.0000000000
112486  1.218  -24.111  72.607 0.0000000000
112508  0.580  -24.315  72.860 0.0000000000
112561  1.776  -24.159  70.610 0.0000000000
112574  2.694  -24.088  69.368 0.0000000000
112580  2.880  -24.043  68.581 0.0000000000
112587  3.107  -24.125  67.420 0.0000000000
112597  3.162  -24.056  66.736 0.0000000000
112606  3.482  -24.234  65.711 0.0000000000
112607  3.223  -23.966  65.997 0.0000000000
112612  3.516  -24.059  65.195 0.0000000000
113839  4.935  -23.846  81.984 0.0000000000
113840  4.513  -24.364  81.669 0.0000000000
113841  4.118  -24.713  81.294 0.0000000000
113842  3.817  -24.668  81.131 0.0000000000
113851  4.720  -23.961  81.640 0.0000000000
113852  4.227  -24.324  80.846 0.0000000000
113854  3.635  -24.392  81.001 0.0000000000
113855  2.943  -24.331  81.268 0.0000000000
113864  4.809  -23.674  81.280 0.0000000000
113865  3.322  -23.895  81.212 0.0000000000
113866  2.874  -23.679  81.604 0.0000000000
113882  1.436  -23.245  81.140 0.0000000000
113888  1.191  -23.156  80.256 0.0000000000
113902  2.674  -23.716  78.397 0.0000000000
113904  1.248  -23.197  78.329 0.0000000000
113911  2.127  -23.588  77.819 0.0000000000
113913  1.137  -23.604  77.811 0.0000000000
113920  3.026  -23.716  76.960 0.0000000000
114022  3.331  -23.297  68.398 0.0000000000
114036  3.210  -23.416  67.315 0.0000000000
114037  3.091  -23.668  67.685 0.0000000000
115192  3.762  -23.382  80.968 0.0000000000
115193  2.976  -23.367  81.522 0.0000000000
115200  2.504  -22.358  80.852 0.0000000000
115201  2.126  -22.855  81.468 0.0000000000
115208  2.968  -22.403  79.714 0.0000000000
115210  2.037  -22.143  80.222 0.0000000000
115220  1.418  -22.518  79.757 0.0000000000
115228  2.626  -23.070  78.885 0.0000000000
115236  3.234  -23.168  77.880 0.0000000000
115262  4.001  -22.686  74.893 0.0000000000
115263  3.669  -23.095  75.079 0.0000000000
115326  3.732  -22.762  70.694 0.0000000000
115403  3.833  -22.464  65.578 0.0000000000
115404  3.484  -23.106  65.662 0.0000000000
116506  3.367  -22.923  80.877 0.0000000000
116538  2.913  -22.373  80.235 0.0000000000
116539  2.736  -22.245  80.343 0.0000000000
116599  3.766  -21.908  76.642 0.0000000000
116635  4.202  -22.013  74.066 0.0000000000
116644  4.359  -21.992  73.567 0.0000000000
116658  4.471  -22.527  71.867 0.0000000000
116674  4.137  -22.245  71.259 0.0000000000
116734  3.105  -21.661  66.802 0.0000000000
117992  4.562  -21.115  74.863 0.0000000000
118037  4.815  -21.602  72.903 0.0000000000
118056  4.879  -21.299  71.335 0.0000000000
118091  3.499  -21.714  68.570 0.0000000000
119428  4.388  -20.947  76.065 0.0000000000
119492  5.148  -20.530  71.765 0.0000000000
119534  4.463  -20.626  69.335 0.0000000000
120874  5.147  -20.188  72.237 0.0000000000
249653  2.434  -33.107  78.694 0.0000000000
249656  3.138  -34.613  79.456 0.0000000000
249657  2.538  -33.297  78.381 0.0000000000
249660  2.507  -32.926  78.597 0.0000000000
249661  2.505  -32.107  77.899 0.0000000000
249682  0.546  -26.425  77.181 0.0000000000
249683  0.626  -26.488  77.558 0.0000000000
250544  1.879  -33.327  78.211 0.0000000000
250567  2.717  -32.228  79.389 0.0000000000
250750  1.673  -33.252  78.266 0.0000000000
250816  1.422  -33.124  78.188 0.0000000000
250832  2.314  -31.558  78.687 0.0000000000
250867  2.988  -32.123  79.679 0.0000000000
251367  2.716  -32.878  79.143 0.0000000000
251728  3.016  -33.468  78.904 0.0000000000
251949  0.939  -27.004  77.742 0.0000000000
252086  4.720  -31.432  73.884 0.0000000000
252179  3.618  -32.173  75.623 0.0000000000
252309  3.676  -27.443  73.687 0.0000000000
252941  9.794  -31.221  85.101 0.0000000000
253170  3.873  -31.875  75.751 0.0000000000
253234  2.473  -27.201  70.707 0.0000000000
253409  2.748  -26.802  68.561 0.0000000000
253410  3.280  -27.031  69.233 0.0000000000
253452  0.599  -26.261  71.472 0.0000000000
253631  8.756  -33.935  84.478 0.0000000000
253651  1.201  -23.021  79.430 0.0000000000
254075  8.006  -28.855  71.519 0.0000000000
254096  18.110  -34.943  76.359 0.0000000000
254105  11.463  -31.661  79.985 0.0000000000
254198  3.165  -37.779  73.215 0.0000000000
254452  4.843  -27.588  75.481 0.0000000000
255446  6.590  -30.080  85.590 0.0000000000
255460  4.077  -32.637  82.143 0.0000000000
255469  5.196  -29.173  82.835 0.0000000000
255620  3.238  -37.602  74.231 0.0000000000
255636  3.474  -27.251  71.404 0.0000000000
255806  3.128  -33.297  72.707 0.0000000000
255959  6.279  -26.471  68.237 0.0000000000
256069  10.496  -30.961  83.561 0.0000000000
256947  4.146  -32.798  81.929 0.0000000000
257028  2.791  -35.960  81.036 0.0000000000
257372  7.373  -28.285  83.546 0.0000000000
257593  4.207  -31.874  74.742 0.0000000000
257993  1.667  -23.415  75.472 0.0000000000
258820  6.825  -29.900  85.315 0.0000000000
259699  7.397  -35.658  81.291 0.0000000000
260232  3.360  -30.960  80.984 0.0000000000
260255  6.287  -35.898  84.138 0.0000000000
260880  4.954  -37.843  78.911 0.0000000000
260954  1.728  -25.938  70.614 0.0000000000
260968  7.957  -29.472  84.347 0.0000000000
261030  7.732  -34.494  84.753 0.0000000000
261881  4.881  -37.885  79.021 0.0000000000
262596  5.545  -26.903  73.492 0.0000000000
262748  3.164  -36.302  79.441 0.0000000000
262773  6.847  -31.601  70.659 0.0000000000
262785  11.195  -30.995  82.085 0.0000000000
264070  12.337  -29.644  82.354 0.0000000000
264652  5.039  -25.169  83.008 0.0000000000
265337  3.044  -35.755  75.883 0.0000000000
265897  3.961  -36.566  83.342 0.0000000000
265909  7.095  -34.624  84.997 0.0000000000
265943  7.107  -28.721  84.351 0.0000000000
266227  3.161  -23.680  66.300 0.0000000000
266461  3.908  -22.909  65.220 0.0000000000
266615  5.467  -37.067  82.735 0.0000000000
266827  3.963  -24.787  66.586 0.0000000000
266857  3.218  -34.832  74.239 0.0000000000
267333  2.465  -30.791  79.728 0.0000000000
267346  10.152  -30.566  83.546 0.0000000000
267423  6.416  -35.139  84.583 0.0000000000
267855  3.626  -27.298  71.941 0.0000000000
268297  1.075  -25.094  80.247 0.0000000000
269369  2.913  -34.807  82.195 0.0000000000
269740  4.778  -24.850  67.670 0.0000000000
269813  4.225  -29.917  82.166 0.0000000000
270182  3.502  -22.359  66.702 0.0000000000
270874  5.001  -32.985  84.986 0.0000000000
271232  1.179  -25.543  81.306 0.0000000000
271246  6.476  -26.494  70.078 0.0000000000
271438  3.008  -22.822  81.006 0.0000000000
271470  0.910  -24.103  70.671 0.0000000000
271948  2.732  -23.595  72.358 0.0000000000
271996  2.946  -36.506  75.117 0.0000000000
272091  3.538  -31.319  73.225 0.0000000000
272110  2.114  -27.359  73.043 0.0000000000
272517  4.791  -29.996  85.420 0.0000000000
272580  3.793  -37.932  79.580 0.0000000000
273405  5.865  -30.628  85.798 0.0000000000
273445  3.101  -32.424  80.914 0.0000000000
273511  0.556  -26.293  77.224 0.0000000000
273879  8.218  -31.397  85.772 0.0000000000
273895  7.069  -31.347  86.142 0.0000000000
273901  6.450  -31.381  86.025 0.0000000000
274072  4.549  -32.890  84.135 0.0000000000
274629  3.355  -32.488  80.579 0.0000000000
275236  8.644  -31.259  85.458 0.0000000000
276136  0.483  -26.051  74.566 0.0000000000
276305  3.011  -32.726  72.336 0.0000000000
276480  5.308  -31.314  72.579 0.0000000000
276545  5.589  -35.951  80.036 0.0000000000
276933  11.519  -32.374  76.666 0.0000000000
277159  6.699  -30.064  75.874 0.0000000000
278292  8.309  -32.014  85.684 0.0000000000
278494  2.888  -32.777  73.243 0.0000000000
278540  4.068  -31.009  82.112 0.0000000000
279269  6.471  -29.404  76.825 0.0000000000
279834  5.137  -31.321  85.665 0.0000000000
280166  4.545  -31.544  84.814 0.0000000000
280507  4.595  -31.790  83.796 0.0000000000
280810  5.831  -26.680  70.839 0.0000000000
281258  6.801  -29.402  85.099 0.0000000000
281843  0.721  -24.359  70.355 0.0000000000
281907  3.222  -32.603  79.947 0.0000000000
282019  4.634  -31.973  85.091 0.0000000000
282082  4.044  -36.938  81.112 0.0000000000
282213  7.806  -30.062  84.993 0.0000000000
282940  3.659  -22.919  67.872 0.0000000000
282981  5.753  -31.410  72.419 0.0000000000
283201  2.451  -29.464  79.606 0.0000000000
283407  13.199  -33.161  81.526 0.0000000000
283459  3.884  -22.368  75.774 0.0000000000
284140  2.634  -32.533  79.056 0.0000000000
284165  1.319  -33.228  78.301 0.0000000000
284405  1.923  -33.182  78.558 0.0000000000
284465  2.626  -31.871  77.670 0.0000000000
284550  2.514  -33.206  78.520 0.0000000000
284596  3.321  -33.994  79.232 0.0000000000
285648  5.436  -29.051  83.067 0.0000000000
285765  1.815  -27.649  79.683 0.0000000000
286068  2.018  -27.093  69.489 0.0000000000
286469  3.095  -30.217  80.971 0.0000000000
286545  2.922  -33.158  73.569 0.0000000000
286838  11.436  -29.398  81.876 0.0000000000
286868  6.239  -31.038  85.897 0.0000000000
287333  1.133  -27.343  82.407 0.0000000000
287351  2.996  -32.466  72.611 0.0000000000
287687  3.133  -36.851  82.650 0.0000000000
287826  3.436  -22.957  66.982 0.0000000000
287972  4.340  -26.793  66.745 0.0000000000
288479  5.865  -26.899  73.973 0.0000000000
288484  5.232  -20.066  71.752 0.0000000000
288560  7.418  -30.018  73.132 0.0000000000
288980  4.984  -36.594  81.004 0.0000000000
289253  4.469  -26.807  70.182 0.0000000000
289469  19.428  -34.461  77.283 0.0000000000
289588  2.933  -36.173  82.565 0.0000000000
290091  14.789  -34.163  78.990 0.0000000000
290164  2.094  -23.862  81.988 0.0000000000
290651  9.151  -31.257  85.069 0.0000000000
290668  7.145  -26.821  70.260 0.0000000000
291084  3.013  -24.146  68.042 0.0000000000
291359  2.742  -31.853  76.738 0.0000000000
291366  14.782  -35.445  76.949 0.0000000000
291726  10.527  -32.628  84.741 0.0000000000
291984  6.214  -31.296  72.197 0.0000000000
292594  3.621  -31.949  75.264 0.0000000000
292839  3.723  -36.437  72.698 0.0000000000
293252  7.598  -34.313  85.153 0.0000000000
293501  3.390  -32.079  80.108 0.0000000000
293711  11.087  -31.126  82.216 0.0000000000
294688  9.428  -30.115  82.978 0.0000000000
294826  3.953  -29.910  82.109 0.0000000000
294899  2.907  -29.913  81.072 0.0000000000
294926  14.596  -32.948  78.844 0.0000000000
295464  11.138  -32.821  83.228 0.0000000000
295508  3.923  -32.002  71.055 0.0000000000
295625  4.525  -21.909  73.169 0.0000000000
295825  1.226  -33.284  78.267 0.0000000000
295993  2.419  -27.372  71.915 0.0000000000
296360  3.171  -34.563  78.696 0.0000000000
296637  8.138  -28.814  83.562 0.0000000000
297845  3.413  -27.383  72.825 0.0000000000
297974  7.744  -28.013  83.000 0.0000000000
298711  3.342  -26.363  82.305 0.0000000000
299601  2.683  -33.351  75.198 0.0000000000
299856  11.059  -32.915  77.386 0.0000000000
300247  3.644  -34.155  83.142 0.0000000000
300813  10.447  -33.147  83.318 0.0000000000
300867  11.043  -31.754  84.028 0.0000000000
300878  4.842  -22.275  72.192 0.0000000000
300960  4.688  -21.223  70.868 0.0000000000
301445  2.852  -23.992  77.434 0.0000000000
301681  3.486  -27.602  74.688 0.0000000000
301714  3.180  -26.018  81.739 0.0000000000
301799  12.866  -30.311  82.418 0.0000000000
301887  3.115  -36.452  77.156 0.0000000000
301984  8.785  -30.644  85.025 0.0000000000
301986  6.559  -26.993  83.054 0.0000000000
301992  2.093  -27.601  75.798 0.0000000000
302109  2.179  -34.926  80.185 0.0000000000
302159  7.915  -27.897  82.725 0.0000000000
303089  3.296  -23.902  65.521 0.0000000000
303098  9.938  -32.195  81.810 0.0000000000
303126  2.951  -27.451  83.271 0.0000000000
