#!ascii label  , from subject sub-v2s5x29565_ses-1 vox2ras=TkReg
1695
281435  43.303  32.898  30.377 0.0000000000
217525  46.779  38.904  28.716 0.0000000000
271707  49.362  27.909  31.604 0.0000000000
205602  38.156  29.711  29.801 0.0000000000
254575  41.076  27.725  28.764 0.0000000000
213952  45.419  35.671  25.834 0.0000000000
220335  42.940  41.081  29.155 0.0000000000
216604  42.403  37.838  26.278 0.0000000000
199622  50.782  24.833  35.375 0.0000000000
191046  46.717  19.695  33.169 0.0000000000
212056  48.627  34.603  28.935 0.0000000000
206632  47.207  30.306  29.111 0.0000000000
259683  45.906  34.906  32.239 0.0000000000
212856  47.274  35.027  36.811 0.0000000000
214875  42.050  36.613  22.401 0.0000000000
215671  46.743  38.026  24.074 0.0000000000
198792  44.261  24.824  31.309 0.0000000000
208558  41.142  31.809  29.607 0.0000000000
204648  39.153  28.705  28.529 0.0000000000
206648  42.026  30.177  28.364 0.0000000000
212971  44.656  35.606  28.470 0.0000000000
212024  41.750  34.250  30.262 0.0000000000
218487  39.752  39.671  29.541 0.0000000000
196069  50.090  23.134  36.209 0.0000000000
281766  51.666  19.712  36.036 0.0000000000
188644  52.318  18.029  38.448 0.0000000000
210436  43.844  33.334  20.345 0.0000000000
214816  48.411  36.671  28.914 0.0000000000
212927  47.080  35.254  30.583 0.0000000000
301805  47.020  37.838  30.662 0.0000000000
217472  44.518  38.639  31.693 0.0000000000
216494  46.359  38.549  34.865 0.0000000000
215571  44.064  37.241  36.038 0.0000000000
210240  46.077  33.301  35.467 0.0000000000
217565  44.884  39.125  26.695 0.0000000000
216630  44.705  38.056  24.963 0.0000000000
254045  46.771  38.397  26.470 0.0000000000
214825  48.471  36.337  26.616 0.0000000000
205598  48.682  29.620  29.513 0.0000000000
201627  46.240  27.073  28.095 0.0000000000
200616  47.514  25.903  30.545 0.0000000000
200657  38.025  26.271  28.690 0.0000000000
198815  39.516  25.112  28.762 0.0000000000
213086  45.666  34.654  23.788 0.0000000000
275138  43.422  35.311  24.343 0.0000000000
219442  45.187  40.388  28.202 0.0000000000
219383  47.201  40.524  30.257 0.0000000000
252827  35.880  38.622  26.698 0.0000000000
216619  39.575  38.624  25.290 0.0000000000
218537  42.448  39.210  28.041 0.0000000000
201560  50.487  26.824  33.536 0.0000000000
197934  47.737  24.265  32.975 0.0000000000
195203  48.801  22.081  34.650 0.0000000000
188729  48.902  17.866  32.834 0.0000000000
211186  45.683  33.969  30.015 0.0000000000
283215  44.946  31.709  30.015 0.0000000000
210321  47.899  32.993  30.031 0.0000000000
209426  47.391  32.386  31.158 0.0000000000
207581  47.427  31.358  33.000 0.0000000000
216530  47.401  38.938  32.765 0.0000000000
211982  46.372  35.130  34.497 0.0000000000
208487  49.161  31.715  34.768 0.0000000000
205503  48.755  30.135  35.316 0.0000000000
255502  47.373  27.840  34.699 0.0000000000
212181  41.890  34.898  21.086 0.0000000000
214003  44.631  36.023  21.302 0.0000000000
214841  44.605  37.213  23.186 0.0000000000
213982  47.008  36.110  21.965 0.0000000000
281484  47.420  35.539  24.433 0.0000000000
301172  46.679  35.498  27.412 0.0000000000
204652  43.966  28.856  27.455 0.0000000000
201586  42.722  26.486  30.190 0.0000000000
197091  40.737  23.457  29.977 0.0000000000
196134  45.001  22.448  32.681 0.0000000000
208543  42.032  32.236  29.947 0.0000000000
207633  41.906  31.110  28.937 0.0000000000
207621  42.763  31.496  29.294 0.0000000000
279571  43.972  34.764  29.798 0.0000000000
212950  43.369  35.325  29.315 0.0000000000
211164  42.782  33.965  30.184 0.0000000000
209451  41.111  32.636  30.212 0.0000000000
194227  49.303  21.960  36.496 0.0000000000
193193  51.466  20.513  37.375 0.0000000000
190985  50.309  19.392  37.593 0.0000000000
197113  37.578  23.293  27.743 0.0000000000
216568  47.266  38.055  28.359 0.0000000000
215636  47.478  37.553  29.791 0.0000000000
216560  47.166  38.159  29.593 0.0000000000
216544  43.283  37.790  31.685 0.0000000000
215605  44.515  37.505  33.553 0.0000000000
217544  45.968  39.174  27.445 0.0000000000
217580  45.851  38.928  26.250 0.0000000000
216575  46.785  38.516  27.707 0.0000000000
215646  47.618  37.578  27.274 0.0000000000
278820  49.226  28.331  30.366 0.0000000000
202580  49.305  26.987  28.972 0.0000000000
201584  49.502  26.596  30.152 0.0000000000
204621  36.953  28.793  30.010 0.0000000000
203624  37.312  28.448  29.670 0.0000000000
203647  40.110  28.521  28.380 0.0000000000
202612  38.840  27.579  28.377 0.0000000000
201628  39.226  27.168  28.317 0.0000000000
199727  38.595  25.603  28.437 0.0000000000
200654  40.021  26.304  28.926 0.0000000000
213049  45.844  35.094  24.755 0.0000000000
212135  44.901  34.787  23.897 0.0000000000
213964  44.542  35.643  25.321 0.0000000000
207610  38.785  31.429  30.322 0.0000000000
205589  37.259  29.893  30.331 0.0000000000
220334  44.052  41.308  28.757 0.0000000000
221199  45.009  41.732  28.732 0.0000000000
250505  43.622  42.444  29.491 0.0000000000
219425  41.459  40.247  29.208 0.0000000000
218523  41.513  39.455  28.550 0.0000000000
219446  42.437  39.963  28.793 0.0000000000
218520  43.707  40.135  28.223 0.0000000000
201527  50.633  26.211  34.681 0.0000000000
197918  49.895  24.047  34.211 0.0000000000
196088  50.756  23.269  34.969 0.0000000000
188708  51.473  17.862  35.364 0.0000000000
191031  49.691  18.953  35.033 0.0000000000
187541  50.619  17.399  33.101 0.0000000000
212059  46.904  34.352  29.365 0.0000000000
211185  46.564  33.673  29.928 0.0000000000
262755  48.102  34.195  29.619 0.0000000000
212919  46.583  35.151  31.236 0.0000000000
210309  46.990  33.768  31.154 0.0000000000
211145  46.308  33.875  31.762 0.0000000000
208520  47.184  32.036  31.778 0.0000000000
211131  45.890  33.955  32.748 0.0000000000
220284  46.639  41.277  31.399 0.0000000000
218450  47.589  39.613  31.598 0.0000000000
219330  46.943  40.206  32.947 0.0000000000
215545  46.369  37.177  36.582 0.0000000000
215568  46.507  37.614  35.411 0.0000000000
212878  47.199  35.368  35.922 0.0000000000
210246  47.929  33.500  34.880 0.0000000000
210237  48.763  33.328  36.283 0.0000000000
206541  49.414  31.036  35.201 0.0000000000
208457  48.598  32.229  36.224 0.0000000000
209377  45.443  32.395  34.632 0.0000000000
206557  46.645  30.615  34.828 0.0000000000
214006  42.295  35.858  21.613 0.0000000000
213105  42.844  35.546  21.303 0.0000000000
213987  43.112  36.352  21.928 0.0000000000
215656  41.366  37.629  25.601 0.0000000000
215678  41.157  37.552  24.561 0.0000000000
215664  42.311  37.563  25.383 0.0000000000
216628  46.149  38.338  24.641 0.0000000000
215686  44.536  37.502  24.130 0.0000000000
215684  45.789  37.751  23.703 0.0000000000
215714  45.919  37.274  22.638 0.0000000000
215696  46.947  37.381  23.196 0.0000000000
213972  47.508  36.297  23.429 0.0000000000
214832  48.146  36.732  24.341 0.0000000000
213005  49.052  35.086  27.528 0.0000000000
213007  47.942  35.367  26.826 0.0000000000
252907  47.747  34.829  28.198 0.0000000000
212969  46.823  35.154  28.318 0.0000000000
206622  46.000  30.880  29.470 0.0000000000
205616  44.476  30.150  28.220 0.0000000000
296944  45.870  29.428  28.273 0.0000000000
200641  45.336  26.535  29.996 0.0000000000
272954  44.329  26.900  29.700 0.0000000000
271774  43.468  25.645  30.830 0.0000000000
199708  41.652  25.223  30.377 0.0000000000
198795  42.518  24.516  31.019 0.0000000000
196112  46.828  22.358  33.764 0.0000000000
197063  46.347  23.439  32.902 0.0000000000
296509  45.612  21.023  33.039 0.0000000000
206625  39.436  30.625  29.581 0.0000000000
205620  39.054  29.531  29.225 0.0000000000
206641  40.402  30.494  29.112 0.0000000000
205637  40.488  29.558  28.392 0.0000000000
204644  41.300  28.703  27.997 0.0000000000
213928  44.715  36.065  26.953 0.0000000000
208546  40.111  32.112  30.113 0.0000000000
197876  50.654  23.855  35.993 0.0000000000
195188  51.415  22.380  35.544 0.0000000000
195168  51.837  21.780  36.773 0.0000000000
190994  52.513  19.386  36.976 0.0000000000
213892  48.983  35.337  28.901 0.0000000000
212934  48.385  34.804  29.544 0.0000000000
213888  48.083  35.906  29.813 0.0000000000
213883  47.018  36.045  30.638 0.0000000000
256028  46.431  36.420  31.485 0.0000000000
218444  45.607  39.645  31.817 0.0000000000
277740  46.554  39.540  33.428 0.0000000000
216524  45.426  38.156  33.603 0.0000000000
216481  45.380  37.715  35.628 0.0000000000
213797  45.966  36.119  36.879 0.0000000000
210231  47.156  33.880  36.568 0.0000000000
212868  45.205  35.431  36.562 0.0000000000
211967  44.472  34.488  35.650 0.0000000000
211114  44.433  33.627  34.808 0.0000000000
214846  41.246  37.322  23.068 0.0000000000
217583  43.959  38.634  26.459 0.0000000000
216616  43.857  38.065  25.607 0.0000000000
217591  44.882  38.561  25.828 0.0000000000
216613  46.036  38.631  25.222 0.0000000000
294797  47.003  38.246  25.190 0.0000000000
215661  48.024  37.233  25.374 0.0000000000
215650  47.676  37.507  26.627 0.0000000000
214822  48.569  36.529  27.236 0.0000000000
206630  48.491  30.066  29.002 0.0000000000
204637  47.065  28.639  28.003 0.0000000000
203636  49.073  27.976  27.371 0.0000000000
201610  47.702  26.561  28.375 0.0000000000
199692  45.872  25.491  31.027 0.0000000000
189907  46.806  18.587  31.689 0.0000000000
191056  45.340  19.457  31.859 0.0000000000
199718  36.241  25.587  29.931 0.0000000000
281765  38.070  27.835  28.959 0.0000000000
200658  37.418  26.372  29.115 0.0000000000
199725  37.220  25.164  29.054 0.0000000000
198824  37.676  25.125  28.517 0.0000000000
197981  38.287  24.380  28.226 0.0000000000
197105  38.504  23.813  28.020 0.0000000000
212168  44.705  34.285  23.087 0.0000000000
302951  43.612  34.468  23.315 0.0000000000
218518  45.990  39.739  28.307 0.0000000000
218500  46.557  39.712  29.268 0.0000000000
219422  46.038  40.567  28.884 0.0000000000
282093  46.511  41.615  29.676 0.0000000000
222046  45.980  42.545  30.518 0.0000000000
220286  45.358  41.663  31.334 0.0000000000
219384  44.431  40.861  30.817 0.0000000000
256092  38.170  38.594  25.790 0.0000000000
216592  39.909  38.227  26.410 0.0000000000
216590  41.508  37.888  26.860 0.0000000000
217569  42.499  38.395  27.279 0.0000000000
218543  44.081  39.320  27.341 0.0000000000
218534  44.626  39.723  27.473 0.0000000000
202558  50.082  27.809  32.671 0.0000000000
200606  48.998  26.107  31.656 0.0000000000
199674  49.342  25.694  32.816 0.0000000000
197047  48.362  23.230  33.857 0.0000000000
271051  47.827  21.054  34.233 0.0000000000
193224  49.963  20.634  35.363 0.0000000000
191033  48.705  19.525  34.635 0.0000000000
191044  47.678  19.025  33.382 0.0000000000
299300  44.477  33.919  30.227 0.0000000000
208540  44.273  32.280  30.223 0.0000000000
210323  45.146  33.181  30.404 0.0000000000
272573  46.252  32.280  30.347 0.0000000000
207607  47.796  31.887  29.826 0.0000000000
212020  48.047  33.971  29.996 0.0000000000
210320  48.080  32.915  30.208 0.0000000000
262930  48.376  32.151  29.988 0.0000000000
207595  48.156  31.161  30.554 0.0000000000
299213  48.269  30.326  31.017 0.0000000000
205564  48.689  29.847  32.184 0.0000000000
217491  47.264  39.076  30.632 0.0000000000
216540  46.940  38.395  31.733 0.0000000000
214787  46.342  37.113  32.794 0.0000000000
218395  47.112  39.342  34.623 0.0000000000
214761  46.450  37.097  34.060 0.0000000000
212909  45.862  35.356  33.383 0.0000000000
210268  46.750  33.456  34.040 0.0000000000
208508  47.794  31.604  33.595 0.0000000000
204571  49.756  29.493  32.820 0.0000000000
205519  49.911  29.710  33.843 0.0000000000
204536  49.609  28.946  34.713 0.0000000000
202517  49.403  27.864  34.638 0.0000000000
207536  47.525  31.390  35.556 0.0000000000
205522  47.452  29.488  35.040 0.0000000000
200561  48.819  26.272  34.966 0.0000000000
199626  48.555  25.029  35.189 0.0000000000
212193  42.961  34.531  20.691 0.0000000000
213119  44.006  35.107  20.737 0.0000000000
212179  45.405  35.122  20.708 0.0000000000
215674  43.639  37.558  24.760 0.0000000000
214856  43.785  36.778  22.589 0.0000000000
214872  44.326  36.667  22.117 0.0000000000
213984  45.768  36.382  21.522 0.0000000000
213094  46.390  35.391  21.316 0.0000000000
213084  47.103  35.252  23.085 0.0000000000
213048  46.725  35.178  24.497 0.0000000000
213962  46.329  35.157  25.173 0.0000000000
213949  48.123  35.826  25.390 0.0000000000
213940  47.326  35.309  25.900 0.0000000000
213926  45.931  35.761  26.723 0.0000000000
213898  45.537  35.820  27.800 0.0000000000
295132  45.206  34.957  29.404 0.0000000000
207630  43.798  30.941  29.048 0.0000000000
291560  42.939  29.291  27.612 0.0000000000
266118  42.632  28.270  27.681 0.0000000000
203641  45.351  27.936  27.553 0.0000000000
202590  43.327  27.604  28.531 0.0000000000
202582  42.018  27.302  29.425 0.0000000000
200647  41.012  26.023  29.528 0.0000000000
274580  40.236  24.451  29.604 0.0000000000
199681  47.959  25.561  31.764 0.0000000000
198781  46.461  24.882  31.903 0.0000000000
197945  44.343  23.894  31.959 0.0000000000
193269  44.273  20.738  32.267 0.0000000000
196148  42.716  22.884  31.592 0.0000000000
188647  50.593  17.694  38.423 0.0000000000
186332  51.127  16.349  36.501 0.0000000000
209448  42.778  32.771  30.290 0.0000000000
208556  42.398  31.873  29.641 0.0000000000
208541  43.309  32.395  30.042 0.0000000000
211162  43.912  33.877  30.279 0.0000000000
299389  43.106  34.159  30.140 0.0000000000
210326  42.893  33.357  30.386 0.0000000000
209449  42.230  32.630  30.250 0.0000000000
193202  49.424  20.919  36.877 0.0000000000
216569  46.941  38.524  28.267 0.0000000000
216565  47.167  38.272  28.888 0.0000000000
218531  46.417  39.114  28.010 0.0000000000
217563  46.359  38.845  27.319 0.0000000000
265596  47.145  38.186  27.967 0.0000000000
203610  49.347  28.010  30.893 0.0000000000
203619  49.436  27.673  30.077 0.0000000000
202571  49.489  27.281  30.518 0.0000000000
205603  37.586  29.558  29.914 0.0000000000
204620  37.432  29.022  29.757 0.0000000000
204619  37.937  29.213  29.547 0.0000000000
202609  40.540  28.097  28.452 0.0000000000
202610  39.962  27.943  28.438 0.0000000000
202594  39.796  27.350  28.516 0.0000000000
201620  39.624  26.761  28.656 0.0000000000
201619  40.223  26.920  28.876 0.0000000000
213033  45.604  35.358  25.335 0.0000000000
213050  45.025  35.352  24.889 0.0000000000
213963  45.075  35.617  25.488 0.0000000000
206627  38.406  30.241  30.080 0.0000000000
206612  38.064  30.695  30.462 0.0000000000
205588  37.862  30.037  30.288 0.0000000000
205604  37.086  29.357  30.128 0.0000000000
261404  43.503  41.263  28.918 0.0000000000
284110  43.961  41.957  29.129 0.0000000000
221193  43.262  41.724  29.321 0.0000000000
220321  42.355  40.853  29.352 0.0000000000
219424  42.085  40.325  29.144 0.0000000000
219423  42.698  40.479  29.027 0.0000000000
287875  43.192  40.714  28.867 0.0000000000
200559  50.327  26.087  35.026 0.0000000000
198734  50.791  24.400  34.811 0.0000000000
197900  51.149  24.058  35.071 0.0000000000
187534  50.857  17.455  34.241 0.0000000000
212058  47.717  34.173  29.188 0.0000000000
212031  47.717  33.859  29.609 0.0000000000
212057  48.263  34.394  29.108 0.0000000000
212914  46.146  35.364  31.958 0.0000000000
212004  46.293  34.769  31.719 0.0000000000
212005  46.051  34.381  31.998 0.0000000000
210302  45.951  33.936  32.206 0.0000000000
212000  45.860  34.435  32.482 0.0000000000
220265  46.503  41.064  31.856 0.0000000000
220264  47.044  40.776  31.943 0.0000000000
219341  46.906  40.677  32.381 0.0000000000
213807  47.130  35.468  36.715 0.0000000000
213826  46.946  36.153  36.506 0.0000000000
212877  47.665  35.019  36.480 0.0000000000
211101  48.338  33.933  36.086 0.0000000000
211092  48.345  33.847  36.620 0.0000000000
210229  48.972  32.983  36.513 0.0000000000
210230  47.987  33.788  36.681 0.0000000000
252145  45.353  31.324  34.376 0.0000000000
214876  41.464  36.547  22.324 0.0000000000
213990  41.300  36.001  21.919 0.0000000000
213989  41.877  36.154  21.977 0.0000000000
214005  42.799  36.026  21.620 0.0000000000
216605  41.769  37.728  26.257 0.0000000000
300630  41.668  37.568  25.373 0.0000000000
216618  42.629  37.687  25.800 0.0000000000
216639  46.158  38.079  23.994 0.0000000000
215683  46.479  37.746  23.506 0.0000000000
215697  46.494  37.384  22.963 0.0000000000
215682  47.198  37.516  23.628 0.0000000000
214835  47.734  36.914  23.763 0.0000000000
215670  47.553  37.582  24.269 0.0000000000
212077  49.047  34.732  28.310 0.0000000000
212990  48.857  34.813  27.768 0.0000000000
212078  48.592  34.632  28.396 0.0000000000
212080  47.581  34.515  28.715 0.0000000000
206633  46.244  30.340  29.031 0.0000000000
205614  45.669  29.798  28.627 0.0000000000
205613  46.536  29.741  28.620 0.0000000000
199703  45.000  25.808  30.603 0.0000000000
199704  44.413  25.931  30.355 0.0000000000
199694  43.858  25.250  31.063 0.0000000000
199696  42.714  25.030  30.944 0.0000000000
198794  43.090  24.455  31.209 0.0000000000
193248  46.951  20.818  33.657 0.0000000000
194271  46.398  21.595  33.569 0.0000000000
193250  45.938  20.602  33.113 0.0000000000
207625  40.293  31.156  29.469 0.0000000000
206642  39.800  30.255  29.233 0.0000000000
207635  40.796  30.912  29.182 0.0000000000
206639  41.665  30.609  28.746 0.0000000000
206649  41.382  30.097  28.516 0.0000000000
289201  41.343  29.226  28.060 0.0000000000
205635  41.683  29.616  28.184 0.0000000000
213899  44.918  35.861  27.861 0.0000000000
213914  44.575  36.008  27.444 0.0000000000
212972  44.018  35.791  28.173 0.0000000000
212036  42.382  34.805  29.712 0.0000000000
212951  42.746  35.444  29.112 0.0000000000
208544  41.418  32.219  29.909 0.0000000000
299007  40.698  32.577  30.191 0.0000000000
208559  40.504  31.732  29.699 0.0000000000
208560  39.863  31.623  29.918 0.0000000000
197005  50.048  23.600  36.049 0.0000000000
196067  51.206  23.018  36.091 0.0000000000
195169  51.269  22.129  36.784 0.0000000000
190984  51.479  19.252  37.708 0.0000000000
190983  52.367  19.460  37.324 0.0000000000
189832  52.454  18.502  37.409 0.0000000000
277169  52.234  18.134  36.571 0.0000000000
291209  52.221  17.751  37.238 0.0000000000
210437  43.075  33.339  20.300 0.0000000000
210446  42.850  32.818  20.000 0.0000000000
214815  48.824  35.996  28.637 0.0000000000
213887  48.677  35.475  29.384 0.0000000000
214811  48.360  36.392  29.488 0.0000000000
215632  47.283  37.278  30.379 0.0000000000
214808  47.486  36.417  30.318 0.0000000000
214809  47.001  36.765  30.770 0.0000000000
280786  46.723  36.414  31.052 0.0000000000
215627  46.916  37.434  30.957 0.0000000000
217480  44.917  39.381  31.531 0.0000000000
217461  45.565  38.763  32.493 0.0000000000
216541  45.015  38.324  32.216 0.0000000000
215584  44.272  37.368  34.732 0.0000000000
215583  44.880  37.691  34.644 0.0000000000
215570  44.637  37.486  35.698 0.0000000000
215547  45.372  37.258  36.720 0.0000000000
214698  44.979  36.804  36.773 0.0000000000
213809  45.510  35.870  36.892 0.0000000000
213811  44.418  36.507  36.674 0.0000000000
212870  43.822  35.641  36.415 0.0000000000
211958  44.136  35.074  35.996 0.0000000000
211103  44.099  34.091  35.220 0.0000000000
211968  43.758  34.623  35.603 0.0000000000
217566  44.311  39.018  26.803 0.0000000000
217582  44.587  38.788  26.316 0.0000000000
297526  46.382  38.735  26.133 0.0000000000
216600  46.183  38.776  25.630 0.0000000000
216612  46.510  38.536  25.142 0.0000000000
260741  46.778  38.433  25.747 0.0000000000
216611  47.387  37.869  25.590 0.0000000000
216599  47.262  37.961  26.228 0.0000000000
215638  48.150  37.092  28.346 0.0000000000
215641  48.099  37.103  27.617 0.0000000000
214819  48.611  36.603  27.858 0.0000000000
214818  48.908  35.977  28.074 0.0000000000
205599  48.591  30.172  29.072 0.0000000000
204635  48.775  29.222  27.774 0.0000000000
204625  49.182  28.867  28.105 0.0000000000
201593  49.180  26.537  29.201 0.0000000000
201594  48.412  26.705  28.773 0.0000000000
201595  47.584  26.309  29.204 0.0000000000
200626  46.447  26.138  30.156 0.0000000000
200617  46.824  25.820  30.579 0.0000000000
291899  36.553  25.973  29.876 0.0000000000
204628  38.827  29.034  28.958 0.0000000000
204629  38.275  28.887  29.128 0.0000000000
203631  38.641  28.514  28.744 0.0000000000
201630  38.296  26.791  28.642 0.0000000000
202613  38.288  27.359  28.707 0.0000000000
199716  37.261  25.760  29.299 0.0000000000
258873  37.608  25.733  28.790 0.0000000000
199724  38.074  25.637  28.506 0.0000000000
198822  38.877  25.134  28.476 0.0000000000
198823  38.246  25.023  28.381 0.0000000000
271610  38.649  24.704  28.361 0.0000000000
198821  39.097  24.660  28.613 0.0000000000
212151  45.991  34.468  23.152 0.0000000000
212152  45.182  34.465  23.407 0.0000000000
213070  43.943  35.275  24.339 0.0000000000
212154  43.846  34.723  23.604 0.0000000000
212137  43.594  35.082  24.007 0.0000000000
213071  43.023  35.154  24.064 0.0000000000
219441  45.715  40.270  28.464 0.0000000000
220346  45.553  40.844  28.672 0.0000000000
221190  45.757  42.246  28.937 0.0000000000
222045  46.245  42.354  30.074 0.0000000000
222906  45.406  43.366  30.865 0.0000000000
220287  44.717  41.547  30.981 0.0000000000
216607  37.230  38.505  25.776 0.0000000000
216596  37.061  38.549  26.380 0.0000000000
216594  38.943  38.621  26.659 0.0000000000
263392  39.806  38.268  26.976 0.0000000000
273645  40.263  38.040  26.960 0.0000000000
218522  42.123  39.546  28.455 0.0000000000
217526  41.849  39.086  28.155 0.0000000000
217547  42.187  38.711  27.744 0.0000000000
217546  42.770  38.903  27.601 0.0000000000
217545  43.396  39.080  27.504 0.0000000000
218536  43.049  39.355  27.941 0.0000000000
219443  44.588  40.623  28.240 0.0000000000
219457  44.271  40.068  27.907 0.0000000000
219456  44.797  40.179  27.809 0.0000000000
218519  45.577  40.003  28.003 0.0000000000
259225  50.225  27.191  32.957 0.0000000000
201567  49.851  26.748  32.393 0.0000000000
199673  49.890  25.968  33.124 0.0000000000
196108  49.500  23.292  34.469 0.0000000000
197919  49.220  23.833  34.049 0.0000000000
196091  48.417  22.569  34.422 0.0000000000
195204  48.142  22.040  34.499 0.0000000000
194251  48.243  21.508  34.521 0.0000000000
193222  51.968  21.114  35.571 0.0000000000
194237  51.109  21.646  35.489 0.0000000000
192148  50.390  20.114  35.622 0.0000000000
189880  49.121  18.499  34.157 0.0000000000
191032  49.160  19.018  34.598 0.0000000000
189881  48.560  18.734  33.898 0.0000000000
189882  48.234  18.956  33.869 0.0000000000
189885  48.449  18.426  33.301 0.0000000000
189905  47.803  18.390  31.967 0.0000000000
188733  48.220  18.072  32.104 0.0000000000
278151  44.890  34.220  29.981 0.0000000000
211161  45.063  33.710  30.282 0.0000000000
211159  47.080  33.328  29.981 0.0000000000
210322  46.947  32.980  30.131 0.0000000000
208538  46.970  32.010  30.141 0.0000000000
209444  47.746  32.597  29.949 0.0000000000
212926  47.885  34.478  30.056 0.0000000000
293657  47.306  33.029  31.049 0.0000000000
211153  47.797  33.256  30.416 0.0000000000
210308  47.574  32.735  30.887 0.0000000000
209442  48.211  32.541  30.220 0.0000000000
208536  48.442  32.054  30.095 0.0000000000
207606  48.447  31.700  29.959 0.0000000000
208527  47.667  31.986  30.906 0.0000000000
208518  47.125  31.751  32.495 0.0000000000
207588  47.478  31.535  31.662 0.0000000000
297130  47.456  31.315  32.386 0.0000000000
205573  48.367  29.969  31.463 0.0000000000
207583  47.748  30.972  32.690 0.0000000000
219405  46.847  39.974  29.744 0.0000000000
255077  46.805  39.274  29.827 0.0000000000
218469  47.217  39.750  30.352 0.0000000000
217468  47.631  39.245  32.495 0.0000000000
217469  47.404  38.922  32.055 0.0000000000
266643  47.048  38.596  32.318 0.0000000000
215610  46.719  37.992  32.184 0.0000000000
216531  46.860  38.389  32.954 0.0000000000
217451  46.434  39.003  33.832 0.0000000000
217450  46.827  39.592  34.240 0.0000000000
217427  46.898  38.980  35.159 0.0000000000
213856  46.599  36.290  35.188 0.0000000000
278341  46.563  37.406  34.726 0.0000000000
213865  46.294  36.336  34.391 0.0000000000
274344  46.132  36.522  33.748 0.0000000000
212906  46.047  35.406  33.997 0.0000000000
266436  45.971  34.410  33.658 0.0000000000
211994  46.445  34.508  34.309 0.0000000000
294249  49.003  32.435  35.014 0.0000000000
258674  48.144  32.449  34.381 0.0000000000
252719  48.577  31.328  33.945 0.0000000000
206587  48.805  30.530  33.310 0.0000000000
206586  49.386  30.407  33.674 0.0000000000
205557  49.963  29.493  33.315 0.0000000000
205537  49.709  30.188  34.064 0.0000000000
206542  49.146  30.885  35.534 0.0000000000
292190  49.432  30.018  34.882 0.0000000000
205521  49.108  29.750  35.132 0.0000000000
203543  49.762  28.375  34.625 0.0000000000
273135  49.143  28.518  34.698 0.0000000000
210239  46.725  33.307  36.000 0.0000000000
209367  47.087  32.845  35.968 0.0000000000
209375  46.697  32.291  35.423 0.0000000000
204539  46.932  29.151  34.657 0.0000000000
205523  47.226  29.974  35.048 0.0000000000
287818  47.706  28.395  34.777 0.0000000000
203545  48.144  27.972  34.823 0.0000000000
202519  48.045  27.326  34.742 0.0000000000
199638  48.616  25.559  35.086 0.0000000000
213107  41.511  35.257  21.335 0.0000000000
213109  40.316  35.211  21.106 0.0000000000
212182  41.265  34.861  21.038 0.0000000000
213104  43.611  35.508  21.177 0.0000000000
213120  43.264  35.084  20.865 0.0000000000
213103  44.326  35.523  21.075 0.0000000000
213118  44.764  35.098  20.703 0.0000000000
213102  45.046  35.577  20.941 0.0000000000
216615  44.484  38.229  25.466 0.0000000000
215662  43.446  37.699  25.257 0.0000000000
216631  44.065  37.866  25.122 0.0000000000
215700  44.765  37.394  23.662 0.0000000000
215701  44.157  37.244  23.713 0.0000000000
214842  43.887  36.995  23.196 0.0000000000
214855  44.430  36.903  22.675 0.0000000000
214853  46.337  36.888  22.144 0.0000000000
214871  45.596  36.814  22.064 0.0000000000
214870  46.177  36.583  21.785 0.0000000000
214001  45.967  35.895  21.281 0.0000000000
213093  46.902  35.670  21.691 0.0000000000
213090  47.161  35.581  22.287 0.0000000000
213970  47.360  35.588  23.962 0.0000000000
213961  47.089  35.314  24.956 0.0000000000
215653  48.213  36.980  25.844 0.0000000000
214829  48.353  36.580  25.534 0.0000000000
213948  48.261  36.116  25.809 0.0000000000
212992  47.206  35.396  27.174 0.0000000000
213021  47.903  35.497  26.291 0.0000000000
213008  47.219  35.432  26.586 0.0000000000
253063  46.492  35.463  26.425 0.0000000000
213911  46.459  35.590  27.035 0.0000000000
213912  45.760  35.897  27.225 0.0000000000
212993  46.287  35.639  27.717 0.0000000000
212060  45.964  34.702  29.350 0.0000000000
285586  45.456  35.248  28.919 0.0000000000
212033  45.435  34.490  29.692 0.0000000000
294224  44.671  32.103  30.226 0.0000000000
275129  43.902  31.434  29.502 0.0000000000
207619  44.531  31.189  29.462 0.0000000000
205631  44.732  29.643  27.756 0.0000000000
301030  44.038  30.212  27.843 0.0000000000
204641  43.614  29.445  27.395 0.0000000000
204642  43.016  28.676  27.412 0.0000000000
203644  43.204  28.112  27.528 0.0000000000
203639  46.809  28.025  27.656 0.0000000000
203640  45.981  27.924  27.701 0.0000000000
202603  45.809  27.542  27.819 0.0000000000
201598  43.702  27.006  29.591 0.0000000000
201614  44.292  27.281  29.105 0.0000000000
201616  43.173  27.313  29.183 0.0000000000
202581  42.591  27.330  29.389 0.0000000000
201600  42.355  26.890  29.808 0.0000000000
201602  41.249  26.636  29.396 0.0000000000
200646  41.589  26.241  29.809 0.0000000000
197961  41.125  24.342  30.342 0.0000000000
198807  40.762  24.779  29.966 0.0000000000
197092  40.188  23.785  29.528 0.0000000000
197098  39.789  23.766  28.891 0.0000000000
263469  40.137  23.396  29.043 0.0000000000
199676  48.193  25.283  32.367 0.0000000000
199680  48.567  25.730  31.984 0.0000000000
198771  47.937  24.775  32.726 0.0000000000
197064  45.774  23.270  32.783 0.0000000000
197942  46.186  24.370  32.282 0.0000000000
197938  45.354  23.649  32.446 0.0000000000
197943  45.611  24.186  32.120 0.0000000000
197070  44.726  23.473  32.296 0.0000000000
191074  44.988  19.409  30.759 0.0000000000
192197  44.970  19.879  32.012 0.0000000000
192207  44.269  19.913  31.246 0.0000000000
208557  41.776  31.850  29.599 0.0000000000
207623  41.535  31.446  29.299 0.0000000000
207622  42.146  31.509  29.246 0.0000000000
207632  42.508  31.126  28.918 0.0000000000
212935  44.653  35.274  29.184 0.0000000000
212949  43.919  35.505  28.845 0.0000000000
212035  43.451  34.984  29.794 0.0000000000
212022  42.913  34.506  29.921 0.0000000000
212023  42.331  34.292  30.032 0.0000000000
211166  41.459  33.778  30.407 0.0000000000
210328  41.757  33.272  30.434 0.0000000000
209450  41.713  32.576  30.205 0.0000000000
195180  49.673  22.573  36.431 0.0000000000
194218  50.622  21.763  36.946 0.0000000000
193201  50.157  21.105  37.109 0.0000000000
192122  50.956  19.970  37.528 0.0000000000
283118  51.527  18.598  38.131 0.0000000000
296886  48.047  37.185  28.843 0.0000000000
215635  47.957  37.213  29.323 0.0000000000
266058  47.470  37.781  29.267 0.0000000000
216556  47.162  37.966  30.201 0.0000000000
216543  43.870  38.166  31.719 0.0000000000
292149  44.569  37.547  32.982 0.0000000000
254159  44.190  37.311  33.103 0.0000000000
214725  43.672  37.032  35.818 0.0000000000
218541  45.060  39.443  27.121 0.0000000000
274947  45.404  39.181  26.702 0.0000000000
217564  45.888  39.060  26.925 0.0000000000
217579  46.343  38.772  26.693 0.0000000000
216586  46.758  38.430  27.110 0.0000000000
216585  47.225  38.026  26.879 0.0000000000
216574  47.192  38.097  27.495 0.0000000000
215642  47.536  37.662  27.977 0.0000000000
204609  48.898  28.995  30.170 0.0000000000
203623  49.061  28.050  28.676 0.0000000000
256045  49.256  28.194  29.620 0.0000000000
201592  49.563  26.665  29.457 0.0000000000
200637  48.888  26.251  29.829 0.0000000000
204647  39.726  28.895  28.482 0.0000000000
203649  38.970  28.168  28.369 0.0000000000
202611  39.363  27.769  28.294 0.0000000000
200661  38.549  26.465  28.484 0.0000000000
285815  38.407  26.017  28.474 0.0000000000
200656  38.866  26.090  28.516 0.0000000000
200655  39.430  26.190  28.670 0.0000000000
199722  39.775  25.715  28.870 0.0000000000
213067  46.161  34.921  24.146 0.0000000000
213068  45.356  34.933  24.340 0.0000000000
213069  44.605  35.147  24.350 0.0000000000
213052  43.631  35.492  24.758 0.0000000000
207611  38.206  31.364  30.485 0.0000000000
207612  37.655  31.114  30.739 0.0000000000
205590  36.703  29.736  30.469 0.0000000000
204610  36.591  29.155  30.359 0.0000000000
253599  44.179  40.910  28.420 0.0000000000
220347  45.070  41.063  28.604 0.0000000000
221192  44.483  41.830  28.871 0.0000000000
284553  44.445  42.396  28.981 0.0000000000
219426  40.858  40.144  29.339 0.0000000000
258456  40.636  39.667  29.101 0.0000000000
218503  41.184  39.818  28.923 0.0000000000
218502  41.789  39.895  28.838 0.0000000000
259906  42.743  39.637  28.377 0.0000000000
218521  43.261  39.758  28.225 0.0000000000
219445  43.102  40.182  28.598 0.0000000000
219444  44.094  40.517  28.206 0.0000000000
289109  50.602  26.972  34.069 0.0000000000
199664  50.160  25.690  33.702 0.0000000000
198753  50.423  24.763  34.491 0.0000000000
197044  50.482  23.809  34.533 0.0000000000
195202  49.605  22.431  34.743 0.0000000000
291521  51.394  19.000  36.094 0.0000000000
191004  50.787  19.500  35.839 0.0000000000
189875  50.730  18.193  35.103 0.0000000000
188723  49.956  17.828  33.992 0.0000000000
252074  49.445  17.722  33.175 0.0000000000
212032  46.517  34.078  29.665 0.0000000000
211184  47.579  33.541  29.865 0.0000000000
211183  47.970  33.816  29.840 0.0000000000
212021  47.267  34.471  30.570 0.0000000000
212013  46.818  34.419  31.151 0.0000000000
269896  46.465  34.264  31.575 0.0000000000
210301  46.639  33.342  31.580 0.0000000000
209427  46.835  32.498  31.908 0.0000000000
210289  46.433  33.036  32.106 0.0000000000
209420  46.561  32.591  32.544 0.0000000000
209406  46.556  32.665  33.185 0.0000000000
220304  46.965  41.118  30.679 0.0000000000
219382  47.348  40.179  30.816 0.0000000000
219358  47.379  40.216  31.432 0.0000000000
218441  47.555  39.679  32.222 0.0000000000
217459  47.523  39.237  33.228 0.0000000000
216471  46.315  37.797  35.570 0.0000000000
292072  46.674  38.314  35.152 0.0000000000
273550  46.420  37.344  36.022 0.0000000000
213841  46.923  35.951  35.924 0.0000000000
256562  46.814  35.000  35.244 0.0000000000
211981  47.143  34.478  35.091 0.0000000000
211980  47.814  34.318  35.795 0.0000000000
210245  48.515  33.546  35.516 0.0000000000
209373  49.006  33.022  35.657 0.0000000000
207546  49.474  31.407  35.162 0.0000000000
208461  49.271  32.097  35.879 0.0000000000
207529  49.041  31.921  36.012 0.0000000000
208462  48.379  31.599  35.949 0.0000000000
210248  45.846  32.884  34.971 0.0000000000
208471  46.354  31.651  34.874 0.0000000000
254301  46.276  30.924  34.666 0.0000000000
285322  46.216  30.333  34.558 0.0000000000
282645  40.744  35.860  21.777 0.0000000000
214008  41.143  35.567  21.574 0.0000000000
213106  42.127  35.364  21.349 0.0000000000
212180  42.553  34.986  21.034 0.0000000000
283425  43.321  35.953  21.502 0.0000000000
214004  43.948  35.947  21.398 0.0000000000
215657  40.677  37.773  25.647 0.0000000000
215667  40.361  38.023  25.062 0.0000000000
265656  41.441  37.574  25.064 0.0000000000
215665  41.883  37.519  25.176 0.0000000000
216629  45.369  38.193  24.799 0.0000000000
215672  44.946  37.832  24.471 0.0000000000
216640  45.603  37.983  24.265 0.0000000000
215685  45.171  37.612  23.949 0.0000000000
215699  45.331  37.448  23.276 0.0000000000
214854  45.119  37.094  22.671 0.0000000000
215713  46.567  37.105  22.526 0.0000000000
214840  46.985  37.030  22.814 0.0000000000
213976  47.319  36.525  22.807 0.0000000000
214839  47.371  37.005  23.218 0.0000000000
213969  47.794  36.154  24.068 0.0000000000
213960  47.922  35.875  24.719 0.0000000000
213925  48.672  35.692  26.768 0.0000000000
213938  48.313  35.894  26.254 0.0000000000
213006  48.697  35.224  27.091 0.0000000000
212991  47.894  35.074  27.549 0.0000000000
295126  47.057  35.303  27.743 0.0000000000
212948  46.583  34.831  28.924 0.0000000000
207618  45.398  31.279  29.737 0.0000000000
206623  45.082  30.766  29.164 0.0000000000
206634  45.429  30.304  28.939 0.0000000000
205615  45.042  29.886  28.426 0.0000000000
204639  44.969  28.991  27.647 0.0000000000
263203  45.608  26.861  29.212 0.0000000000
201613  45.622  27.125  28.328 0.0000000000
201597  44.878  26.950  29.545 0.0000000000
200643  44.042  26.403  29.982 0.0000000000
200630  43.108  26.052  30.506 0.0000000000
200632  41.922  25.857  30.242 0.0000000000
199707  42.307  25.446  30.604 0.0000000000
198800  42.147  24.845  30.716 0.0000000000
197960  41.524  24.024  30.718 0.0000000000
197055  47.266  23.361  33.475 0.0000000000
197935  47.138  24.152  32.839 0.0000000000
196124  46.505  22.654  33.467 0.0000000000
196125  45.988  22.414  33.324 0.0000000000
196126  45.460  22.143  33.111 0.0000000000
206626  38.916  30.453  29.798 0.0000000000
205601  38.720  29.875  29.640 0.0000000000
205600  39.254  30.072  29.410 0.0000000000
205619  39.604  29.723  29.015 0.0000000000
205638  39.927  29.427  28.564 0.0000000000
206640  41.063  30.506  28.921 0.0000000000
205617  40.778  29.991  28.723 0.0000000000
204646  40.289  29.068  28.336 0.0000000000
203646  40.677  28.657  28.237 0.0000000000
299183  41.014  28.268  28.336 0.0000000000
213941  45.221  35.911  26.235 0.0000000000
213953  44.790  35.945  25.890 0.0000000000
255330  44.216  36.034  27.105 0.0000000000
212973  43.447  35.722  28.371 0.0000000000
276109  40.639  32.904  30.309 0.0000000000
209452  40.335  32.574  30.216 0.0000000000
207609  39.286  31.524  30.166 0.0000000000
207627  39.113  31.038  29.986 0.0000000000
298747  39.925  40.150  29.756 0.0000000000
293548  40.415  40.604  29.732 0.0000000000
269662  41.469  41.039  29.831 0.0000000000
198723  50.517  24.652  35.653 0.0000000000
197013  51.194  23.419  35.527 0.0000000000
197002  51.311  22.931  35.857 0.0000000000
194235  52.103  21.606  35.771 0.0000000000
193210  52.213  20.731  35.901 0.0000000000
194216  51.909  21.080  37.071 0.0000000000
193209  52.219  20.522  36.585 0.0000000000
260771  52.136  19.534  36.455 0.0000000000
189844  51.757  18.606  36.115 0.0000000000
188707  51.997  17.623  35.571 0.0000000000
212055  48.935  34.652  28.702 0.0000000000
212030  48.450  34.486  29.268 0.0000000000
212947  48.833  34.763  29.052 0.0000000000
213882  47.546  35.464  30.062 0.0000000000
214812  47.800  36.830  29.885 0.0000000000
213879  46.635  35.868  31.101 0.0000000000
213876  46.324  35.849  31.665 0.0000000000
302087  46.187  36.369  31.943 0.0000000000
218451  45.925  40.225  31.824 0.0000000000
218443  46.309  40.077  32.205 0.0000000000
217470  45.891  39.355  32.259 0.0000000000
216532  45.910  38.732  33.239 0.0000000000
216511  46.068  38.575  34.073 0.0000000000
215604  44.934  37.787  33.254 0.0000000000
216512  45.543  38.099  34.370 0.0000000000
216495  45.686  38.052  35.138 0.0000000000
216472  45.864  37.633  35.945 0.0000000000
214696  46.178  36.834  36.895 0.0000000000
212857  46.846  35.478  36.845 0.0000000000
211093  47.660  34.335  36.877 0.0000000000
211950  46.814  35.049  36.860 0.0000000000
211955  46.366  34.708  36.562 0.0000000000
211094  45.927  34.259  36.074 0.0000000000
211957  44.849  34.962  36.063 0.0000000000
211102  45.594  33.777  35.462 0.0000000000
211113  45.097  33.495  34.900 0.0000000000
210250  44.660  33.112  34.542 0.0000000000
209378  44.813  32.513  34.443 0.0000000000
214858  41.650  37.045  22.859 0.0000000000
216587  43.356  38.405  26.638 0.0000000000
216617  43.240  37.878  25.731 0.0000000000
216602  43.614  38.248  26.104 0.0000000000
216601  44.236  38.430  25.956 0.0000000000
216614  45.117  38.397  25.300 0.0000000000
217581  45.209  38.910  26.221 0.0000000000
217590  45.571  38.736  25.629 0.0000000000
256318  45.664  38.478  25.123 0.0000000000
216627  46.932  38.237  24.657 0.0000000000
216626  47.483  37.771  24.977 0.0000000000
215654  47.807  37.442  26.007 0.0000000000
215649  48.115  36.966  26.341 0.0000000000
215645  48.100  37.014  26.953 0.0000000000
214821  48.853  36.029  27.512 0.0000000000
212989  49.192  34.901  27.992 0.0000000000
206631  47.989  30.268  29.007 0.0000000000
205629  47.262  29.375  28.213 0.0000000000
205628  48.148  29.626  28.135 0.0000000000
203638  47.825  28.197  27.509 0.0000000000
202601  47.415  27.608  27.736 0.0000000000
202587  49.127  27.466  27.632 0.0000000000
201609  48.514  27.031  27.945 0.0000000000
288522  47.163  26.598  28.210 0.0000000000
200640  46.028  26.416  29.724 0.0000000000
200627  45.812  26.169  30.294 0.0000000000
271586  45.246  25.422  30.973 0.0000000000
191054  46.680  19.145  32.841 0.0000000000
191055  45.744  19.450  32.487 0.0000000000
189908  46.262  18.636  31.515 0.0000000000
198809  35.757  25.213  29.885 0.0000000000
204630  37.782  28.671  29.394 0.0000000000
203633  37.609  28.064  29.245 0.0000000000
202596  37.298  27.563  29.378 0.0000000000
203650  38.476  27.976  28.603 0.0000000000
202595  37.736  27.465  29.071 0.0000000000
201622  37.347  27.044  29.211 0.0000000000
200649  36.982  26.116  29.616 0.0000000000
199717  36.821  25.502  29.621 0.0000000000
198817  36.733  24.968  29.378 0.0000000000
198816  36.876  24.657  29.062 0.0000000000
260170  37.776  24.546  28.257 0.0000000000
197106  37.875  23.896  28.025 0.0000000000
212153  44.463  34.607  23.529 0.0000000000
275993  44.087  34.347  23.265 0.0000000000
275442  44.249  35.801  25.753 0.0000000000
213965  43.936  35.694  25.271 0.0000000000
218517  46.452  39.460  28.713 0.0000000000
218501  46.139  39.991  28.873 0.0000000000
219421  46.550  40.317  29.239 0.0000000000
220330  46.499  41.016  29.256 0.0000000000
220332  45.597  41.605  28.762 0.0000000000
221189  46.174  41.685  29.052 0.0000000000
220319  46.852  41.099  29.956 0.0000000000
258287  46.615  41.616  30.538 0.0000000000
221157  46.255  41.826  31.215 0.0000000000
220285  45.950  41.435  31.712 0.0000000000
219360  45.395  40.927  31.409 0.0000000000
219361  44.787  40.477  31.103 0.0000000000
217481  44.240  39.215  31.309 0.0000000000
216620  39.143  38.779  25.606 0.0000000000
216595  38.108  38.535  26.420 0.0000000000
289435  39.167  38.677  26.179 0.0000000000
252877  39.535  38.537  25.945 0.0000000000
254949  40.447  37.874  26.310 0.0000000000
216606  41.096  37.689  26.268 0.0000000000
216589  42.152  38.027  26.820 0.0000000000
218525  40.335  39.213  28.822 0.0000000000
216577  41.238  38.117  27.454 0.0000000000
216576  41.877  38.252  27.362 0.0000000000
216588  42.778  38.150  26.782 0.0000000000
217568  43.087  38.607  27.148 0.0000000000
217567  43.699  38.849  26.981 0.0000000000
218542  44.607  39.350  27.068 0.0000000000
218535  43.720  39.617  27.836 0.0000000000
298521  44.191  39.690  27.633 0.0000000000
218533  45.221  39.847  27.611 0.0000000000
218532  45.787  39.584  27.726 0.0000000000
202559  49.711  27.838  32.150 0.0000000000
202564  49.495  27.369  31.660 0.0000000000
201574  49.527  26.863  31.773 0.0000000000
200602  49.133  25.936  32.245 0.0000000000
198770  48.436  24.979  32.995 0.0000000000
198762  49.438  24.775  33.632 0.0000000000
197926  48.730  24.050  33.567 0.0000000000
197927  48.138  23.898  33.331 0.0000000000
196111  47.334  22.627  34.053 0.0000000000
194263  47.312  21.231  33.989 0.0000000000
192177  47.210  20.315  33.707 0.0000000000
196077  50.872  22.859  35.304 0.0000000000
194238  50.150  21.763  35.251 0.0000000000
274760  49.498  21.154  35.078 0.0000000000
192149  49.596  20.002  35.269 0.0000000000
192163  49.178  20.437  35.078 0.0000000000
193235  48.762  20.742  34.735 0.0000000000
298472  47.898  20.131  34.306 0.0000000000
192176  47.553  20.068  34.005 0.0000000000
272701  46.770  19.345  33.054 0.0000000000
189906  47.288  18.556  31.956 0.0000000000
209447  43.917  32.717  30.326 0.0000000000
210324  44.388  33.341  30.395 0.0000000000
209446  44.744  32.634  30.388 0.0000000000
208539  45.300  32.184  30.349 0.0000000000
211160  46.002  33.396  30.192 0.0000000000
209445  45.787  32.742  30.377 0.0000000000
208552  45.779  31.811  30.152 0.0000000000
207608  46.390  31.466  29.937 0.0000000000
206621  47.055  30.833  29.580 0.0000000000
211158  48.014  33.427  30.044 0.0000000000
212012  47.360  34.069  30.653 0.0000000000
288209  48.045  33.216  30.054 0.0000000000
209443  48.229  32.685  30.016 0.0000000000
206620  48.031  30.998  29.352 0.0000000000
207616  48.545  31.216  29.599 0.0000000000
302872  48.658  30.635  29.379 0.0000000000
205587  48.524  30.141  30.021 0.0000000000
206603  48.389  30.688  30.401 0.0000000000
205586  48.589  29.655  30.300 0.0000000000
204598  48.629  29.391  31.033 0.0000000000
205572  48.656  29.476  31.754 0.0000000000
203601  48.824  28.965  31.657 0.0000000000
298794  46.660  39.216  29.172 0.0000000000
216561  46.933  38.580  30.047 0.0000000000
262612  47.009  38.388  30.665 0.0000000000
217490  47.597  39.228  31.256 0.0000000000
217479  47.275  38.784  31.309 0.0000000000
216550  46.932  38.096  31.132 0.0000000000
215620  46.747  37.656  31.545 0.0000000000
214798  46.438  37.082  32.011 0.0000000000
213877  46.095  36.533  32.437 0.0000000000
218433  46.836  40.092  33.304 0.0000000000
219320  47.041  39.777  33.951 0.0000000000
217449  47.388  39.159  33.923 0.0000000000
215582  46.792  38.244  35.131 0.0000000000
215595  46.609  37.842  34.243 0.0000000000
216523  47.064  38.424  33.970 0.0000000000
214774  46.408  37.103  33.489 0.0000000000
213871  45.907  35.997  33.220 0.0000000000
281266  45.904  35.517  32.630 0.0000000000
281229  45.824  34.419  33.048 0.0000000000
210277  46.378  33.153  33.437 0.0000000000
209405  47.032  32.387  33.501 0.0000000000
210247  47.348  33.600  34.598 0.0000000000
209390  47.572  32.716  34.064 0.0000000000
206588  48.176  30.626  33.023 0.0000000000
253653  49.264  29.874  32.755 0.0000000000
204590  49.168  28.765  32.058 0.0000000000
203588  49.890  28.368  32.554 0.0000000000
203579  50.153  28.297  33.014 0.0000000000
203566  50.148  28.442  33.688 0.0000000000
206555  49.476  30.488  34.717 0.0000000000
204535  49.844  29.339  34.315 0.0000000000
202535  50.292  27.833  34.105 0.0000000000
201548  50.511  27.260  34.459 0.0000000000
201528  50.480  26.640  34.747 0.0000000000
200560  49.808  26.319  34.934 0.0000000000
209366  47.956  33.014  36.428 0.0000000000
208463  47.842  31.944  35.966 0.0000000000
252841  48.060  30.997  35.613 0.0000000000
207547  46.796  31.200  35.090 0.0000000000
205505  47.668  30.450  35.303 0.0000000000
204524  48.349  29.453  35.027 0.0000000000
253039  48.388  28.631  34.931 0.0000000000
201529  49.271  26.820  34.804 0.0000000000
200544  50.116  25.678  35.255 0.0000000000
199624  49.660  25.255  35.412 0.0000000000
198725  49.142  24.859  35.402 0.0000000000
197006  49.426  23.644  35.863 0.0000000000
196070  49.389  23.272  36.007 0.0000000000
211297  43.386  33.941  20.443 0.0000000000
212192  43.701  34.603  20.530 0.0000000000
211296  44.173  34.030  20.324 0.0000000000
212191  44.484  34.609  20.451 0.0000000000
212190  45.297  34.543  20.518 0.0000000000
212178  45.957  34.722  20.859 0.0000000000
283334  41.521  37.395  23.220 0.0000000000
214857  42.240  36.943  22.839 0.0000000000
215675  43.008  37.510  24.841 0.0000000000
215673  44.291  37.648  24.649 0.0000000000
283470  42.728  36.838  22.829 0.0000000000
214874  42.633  36.653  22.362 0.0000000000
214873  43.711  36.539  22.025 0.0000000000
213986  44.193  36.399  21.618 0.0000000000
281918  44.879  36.809  22.228 0.0000000000
213985  44.963  36.483  21.674 0.0000000000
214002  45.360  36.008  21.237 0.0000000000
213101  45.731  35.483  20.982 0.0000000000
212174  46.433  34.657  21.481 0.0000000000
212165  46.747  35.126  21.858 0.0000000000
213085  46.432  34.825  23.476 0.0000000000
213083  47.325  35.902  22.884 0.0000000000
213066  46.952  35.101  23.810 0.0000000000
213951  46.043  35.380  25.707 0.0000000000
261961  47.939  37.197  24.786 0.0000000000
214830  48.391  36.605  24.959 0.0000000000
213939  48.043  35.658  25.885 0.0000000000
301506  47.407  35.446  25.288 0.0000000000
213950  46.754  35.256  25.520 0.0000000000
253702  45.818  35.682  26.235 0.0000000000
213927  45.326  35.972  26.723 0.0000000000
213913  45.127  36.005  27.330 0.0000000000
276899  45.275  35.584  28.308 0.0000000000
212970  45.963  35.428  28.376 0.0000000000
212034  44.625  34.803  29.673 0.0000000000
211187  44.224  34.323  29.985 0.0000000000
208554  43.613  31.856  29.742 0.0000000000
207631  43.115  31.080  28.976 0.0000000000
206637  42.867  30.777  28.528 0.0000000000
206635  44.422  30.568  28.875 0.0000000000
206646  43.260  30.485  28.018 0.0000000000
206647  42.690  30.293  28.226 0.0000000000
204643  42.429  28.805  27.595 0.0000000000
203645  41.991  28.493  27.921 0.0000000000
203630  41.547  28.144  28.353 0.0000000000
280194  46.378  29.100  28.215 0.0000000000
256880  45.439  28.359  27.711 0.0000000000
287251  44.990  28.382  27.617 0.0000000000
202604  45.161  27.569  28.031 0.0000000000
202588  44.521  27.555  28.304 0.0000000000
202606  43.515  27.742  27.827 0.0000000000
202607  42.939  27.853  27.975 0.0000000000
202592  42.266  27.600  28.994 0.0000000000
201617  41.458  27.223  29.244 0.0000000000
200653  40.643  26.447  29.161 0.0000000000
200648  40.369  25.756  29.260 0.0000000000
199721  40.005  25.289  29.078 0.0000000000
199709  41.123  25.203  30.108 0.0000000000
273418  40.307  25.087  29.521 0.0000000000
198814  39.927  24.783  29.147 0.0000000000
197979  39.368  24.177  28.740 0.0000000000
200623  49.262  26.460  30.716 0.0000000000
200614  48.977  26.198  30.978 0.0000000000
199689  47.747  25.756  31.154 0.0000000000
198772  47.378  24.677  32.522 0.0000000000
198780  47.060  24.997  32.005 0.0000000000
199690  47.118  25.573  31.056 0.0000000000
198789  46.171  25.177  31.424 0.0000000000
198790  45.557  25.047  31.320 0.0000000000
197952  44.010  24.274  31.608 0.0000000000
192188  45.218  20.008  32.518 0.0000000000
193261  45.005  20.590  32.688 0.0000000000
194285  44.666  21.330  32.492 0.0000000000
192208  43.817  20.048  31.024 0.0000000000
193270  43.779  20.945  31.927 0.0000000000
268608  44.544  22.308  32.289 0.0000000000
196141  44.122  22.650  31.931 0.0000000000
197072  43.764  23.171  31.732 0.0000000000
197953  43.524  24.094  31.484 0.0000000000
197080  42.495  23.400  31.362 0.0000000000
196155  41.705  23.202  30.870 0.0000000000
189815  50.356  18.156  38.249 0.0000000000
188646  51.302  17.824  38.390 0.0000000000
186313  50.747  16.725  37.660 0.0000000000
186326  51.915  17.160  37.007 0.0000000000
186327  51.215  16.774  37.018 0.0000000000
186337  51.473  16.150  35.926 0.0000000000
187457  51.352  17.499  38.110 0.0000000000
187458  50.826  17.354  38.368 0.0000000000
187480  51.921  17.665  37.855 0.0000000000
187481  50.512  16.902  38.343 0.0000000000
187529  51.808  17.332  35.049 0.0000000000
187542  49.931  17.423  32.950 0.0000000000
187547  50.319  17.469  32.488 0.0000000000
188645  51.882  17.853  38.474 0.0000000000
188656  52.320  18.132  37.739 0.0000000000
188667  52.341  18.134  36.976 0.0000000000
188688  52.109  17.772  36.070 0.0000000000
188718  51.091  17.610  34.741 0.0000000000
188719  50.358  17.879  34.451 0.0000000000
188722  50.497  17.652  33.798 0.0000000000
188724  49.486  17.961  33.792 0.0000000000
188727  49.980  17.656  33.459 0.0000000000
188728  48.978  18.194  33.522 0.0000000000
188731  49.560  17.596  32.516 0.0000000000
188732  48.749  17.906  32.262 0.0000000000
189813  52.005  18.285  38.581 0.0000000000
189814  51.135  18.190  38.271 0.0000000000
189820  52.381  18.300  38.174 0.0000000000
189821  52.041  18.700  37.846 0.0000000000
189822  50.781  18.712  37.945 0.0000000000
189842  52.414  18.511  36.852 0.0000000000
189843  52.181  18.351  36.372 0.0000000000
189859  51.892  18.112  35.865 0.0000000000
189860  51.159  18.442  35.771 0.0000000000
189861  50.451  18.839  35.533 0.0000000000
189876  50.043  18.443  34.833 0.0000000000
189877  49.504  18.587  34.591 0.0000000000
189879  49.668  18.116  34.354 0.0000000000
189886  47.977  18.628  33.104 0.0000000000
189887  47.598  18.804  32.907 0.0000000000
189892  48.334  18.144  32.675 0.0000000000
189893  47.903  18.422  32.511 0.0000000000
189894  46.771  18.753  32.318 0.0000000000
189921  46.760  18.606  31.068 0.0000000000
190982  52.477  18.829  37.481 0.0000000000
190993  52.672  18.839  37.064 0.0000000000
191003  52.332  18.896  36.593 0.0000000000
191014  49.997  19.468  35.394 0.0000000000
191040  48.727  19.010  34.308 0.0000000000
191041  48.284  19.293  34.229 0.0000000000
191042  47.583  19.462  33.719 0.0000000000
191045  47.350  19.204  33.256 0.0000000000
191047  46.227  19.520  32.904 0.0000000000
191064  45.746  19.006  31.346 0.0000000000
191075  44.551  19.605  30.899 0.0000000000
192121  51.853  19.901  37.420 0.0000000000
192123  49.618  19.878  37.295 0.0000000000
192130  52.361  19.966  36.914 0.0000000000
192137  52.216  20.115  36.504 0.0000000000
192138  52.060  20.220  36.024 0.0000000000
192139  51.322  20.179  35.854 0.0000000000
192164  48.626  20.155  34.747 0.0000000000
192165  48.255  20.409  34.482 0.0000000000
192174  48.205  19.864  34.451 0.0000000000
192175  47.860  20.532  34.275 0.0000000000
192179  47.181  19.776  33.493 0.0000000000
192180  46.828  20.265  33.397 0.0000000000
192181  46.320  20.125  33.161 0.0000000000
192187  45.778  20.021  32.894 0.0000000000
192198  44.703  20.343  32.398 0.0000000000
192206  44.824  19.692  31.381 0.0000000000
192215  44.159  19.601  30.676 0.0000000000
193192  52.158  20.221  37.070 0.0000000000
193194  50.551  20.590  37.378 0.0000000000
193195  49.806  20.506  37.220 0.0000000000
193211  51.917  20.605  35.646 0.0000000000
193223  51.018  20.804  35.575 0.0000000000
193236  48.303  20.921  34.470 0.0000000000
193247  47.447  20.650  34.000 0.0000000000
193260  45.414  20.569  32.903 0.0000000000
193262  44.725  20.840  32.570 0.0000000000
193275  43.976  20.393  31.635 0.0000000000
193276  43.516  20.568  31.386 0.0000000000
194208  51.064  21.184  37.317 0.0000000000
194217  51.448  21.665  37.138 0.0000000000
194219  49.721  21.552  36.788 0.0000000000
194225  52.190  21.253  36.249 0.0000000000
194226  52.242  21.246  35.693 0.0000000000
194236  51.942  21.689  35.637 0.0000000000
194249  49.448  21.848  34.920 0.0000000000
194250  48.833  21.368  34.717 0.0000000000
194262  47.727  21.679  34.269 0.0000000000
194264  46.828  21.429  33.785 0.0000000000
194272  46.059  21.203  33.289 0.0000000000
194273  45.499  21.538  33.092 0.0000000000
194284  45.142  21.132  32.769 0.0000000000
194292  44.147  21.402  32.295 0.0000000000
195170  50.730  22.367  36.707 0.0000000000
195171  50.053  22.186  36.672 0.0000000000
195178  51.878  21.940  36.147 0.0000000000
195179  50.459  22.767  36.522 0.0000000000
195181  48.957  22.364  36.199 0.0000000000
195187  51.798  22.153  35.751 0.0000000000
195189  50.641  22.337  35.293 0.0000000000
195190  49.995  22.239  35.027 0.0000000000
195201  50.293  22.723  34.987 0.0000000000
195213  47.700  22.350  34.427 0.0000000000
195214  46.707  21.885  33.759 0.0000000000
195223  46.393  22.134  33.548 0.0000000000
195224  45.944  21.850  33.358 0.0000000000
195231  45.044  21.793  32.631 0.0000000000
195232  44.586  21.839  32.353 0.0000000000
195235  44.154  22.002  32.116 0.0000000000
196056  51.539  22.225  36.463 0.0000000000
196057  51.154  22.698  36.466 0.0000000000
196066  51.506  22.544  36.056 0.0000000000
196068  50.826  23.139  36.210 0.0000000000
196075  51.504  22.591  35.738 0.0000000000
196076  51.266  22.885  35.585 0.0000000000
196087  51.088  23.311  35.318 0.0000000000
196089  49.951  22.938  34.736 0.0000000000
196090  49.160  22.789  34.528 0.0000000000
196109  48.780  23.053  34.216 0.0000000000
196110  48.029  22.849  34.132 0.0000000000
196123  47.002  22.909  33.700 0.0000000000
196133  45.603  22.733  33.003 0.0000000000
196135  44.571  22.909  32.413 0.0000000000
197003  51.038  23.455  35.937 0.0000000000
197004  50.601  23.482  36.123 0.0000000000
197007  48.789  23.401  35.784 0.0000000000
197014  49.028  23.876  35.640 0.0000000000
197025  51.191  23.669  35.159 0.0000000000
197026  50.968  23.718  34.788 0.0000000000
197027  50.311  23.491  34.629 0.0000000000
197045  49.768  23.661  34.366 0.0000000000
197046  49.034  23.475  34.161 0.0000000000
197048  47.614  23.144  33.880 0.0000000000
197053  48.573  23.621  33.711 0.0000000000
197054  47.920  23.484  33.543 0.0000000000
197056  46.679  23.162  33.324 0.0000000000
197057  46.152  22.947  33.150 0.0000000000
197065  45.139  23.082  32.659 0.0000000000
197071  44.206  23.317  32.038 0.0000000000
197073  43.350  23.045  31.523 0.0000000000
197078  43.444  23.557  31.526 0.0000000000
197079  42.968  23.453  31.482 0.0000000000
197081  41.956  23.652  31.104 0.0000000000
197086  41.474  23.551  30.745 0.0000000000
197877  49.862  24.007  35.856 0.0000000000
197889  51.173  23.992  35.608 0.0000000000
197890  50.597  24.185  35.864 0.0000000000
197891  49.962  24.344  35.716 0.0000000000
197892  49.271  24.364  35.544 0.0000000000
197901  50.932  24.022  34.790 0.0000000000
197917  50.442  24.151  34.535 0.0000000000
197925  49.355  24.229  33.870 0.0000000000
197928  47.524  23.784  33.203 0.0000000000
197929  46.894  23.660  33.118 0.0000000000
197936  46.547  23.984  32.689 0.0000000000
197937  45.963  23.809  32.553 0.0000000000
197944  44.982  24.051  32.014 0.0000000000
197946  43.837  23.751  31.809 0.0000000000
197954  43.143  23.895  31.417 0.0000000000
197955  42.596  23.946  31.282 0.0000000000
197967  40.669  24.086  29.993 0.0000000000
197968  36.358  24.480  29.383 0.0000000000
197973  39.856  24.256  29.136 0.0000000000
197980  38.830  24.239  28.364 0.0000000000
198722  51.009  24.365  35.486 0.0000000000
198724  49.834  24.768  35.544 0.0000000000
198733  50.953  24.366  35.122 0.0000000000
198752  50.732  24.977  34.949 0.0000000000
198754  49.947  24.425  34.100 0.0000000000
198761  49.961  25.036  33.905 0.0000000000
198763  48.850  24.577  33.413 0.0000000000
198764  48.274  24.414  33.194 0.0000000000
198773  46.742  24.594  32.480 0.0000000000
198779  47.648  25.111  32.146 0.0000000000
198782  45.871  24.746  31.781 0.0000000000
198783  45.247  24.596  31.697 0.0000000000
198784  44.581  24.446  31.692 0.0000000000
198791  44.917  24.937  31.277 0.0000000000
198793  43.679  24.668  31.304 0.0000000000
198796  42.037  24.268  30.938 0.0000000000
198801  41.610  24.593  30.567 0.0000000000
198802  41.239  24.835  30.282 0.0000000000
199623  50.356  25.184  35.532 0.0000000000
199625  49.037  25.265  35.296 0.0000000000
199637  50.583  25.393  35.216 0.0000000000
199656  50.563  25.361  34.639 0.0000000000
199657  50.162  25.226  34.108 0.0000000000
199665  49.640  25.391  33.340 0.0000000000
199666  49.018  25.150  33.172 0.0000000000
199675  48.756  25.469  32.595 0.0000000000
199682  47.377  25.358  31.578 0.0000000000
199683  46.787  25.232  31.471 0.0000000000
199691  46.489  25.520  31.044 0.0000000000
199693  44.536  25.398  30.903 0.0000000000
199695  43.284  25.158  31.129 0.0000000000
199701  46.168  25.878  30.681 0.0000000000
199702  45.569  25.825  30.678 0.0000000000
199705  43.999  25.621  30.694 0.0000000000
199706  42.908  25.585  30.768 0.0000000000
199714  41.352  25.662  29.951 0.0000000000
199715  40.780  25.430  29.765 0.0000000000
199723  39.184  25.643  28.599 0.0000000000
200545  49.343  25.754  35.224 0.0000000000
200558  50.582  25.647  34.808 0.0000000000
200583  50.655  26.002  34.249 0.0000000000
200591  50.653  26.578  33.960 0.0000000000
200592  50.385  26.278  33.568 0.0000000000
200600  50.119  26.525  32.980 0.0000000000
200601  49.677  26.195  32.543 0.0000000000
200605  49.436  26.395  31.982 0.0000000000
200607  48.386  26.024  31.397 0.0000000000
200613  49.276  26.459  31.326 0.0000000000
200615  48.346  26.194  30.630 0.0000000000
200624  49.133  26.299  30.273 0.0000000000
200625  47.160  26.136  29.999 0.0000000000
200628  44.948  26.199  30.309 0.0000000000
200629  43.732  25.999  30.408 0.0000000000
200631  42.502  26.028  30.481 0.0000000000
200638  47.954  26.279  29.971 0.0000000000
200639  46.739  26.293  29.474 0.0000000000
200642  44.676  26.565  30.056 0.0000000000
200644  43.378  26.478  30.101 0.0000000000
200645  42.133  26.432  30.114 0.0000000000
200660  39.060  26.609  28.470 0.0000000000
201530  48.661  26.980  34.758 0.0000000000
201547  50.702  26.650  34.418 0.0000000000
201573  49.891  27.290  32.242 0.0000000000
201579  49.410  26.927  31.029 0.0000000000
201585  49.347  26.414  29.728 0.0000000000
201596  46.997  26.347  28.693 0.0000000000
201599  42.979  26.920  29.743 0.0000000000
201601  41.797  26.827  29.694 0.0000000000
201608  49.050  27.104  28.454 0.0000000000
201611  46.603  26.629  28.371 0.0000000000
201612  46.067  26.832  28.598 0.0000000000
201615  43.679  27.385  28.988 0.0000000000
201618  40.846  27.094  29.062 0.0000000000
201621  37.854  26.884  28.919 0.0000000000
201625  47.714  27.057  27.916 0.0000000000
201626  46.926  27.044  28.027 0.0000000000
201629  38.709  26.993  28.447 0.0000000000
202516  50.044  27.804  34.505 0.0000000000
202518  48.678  27.585  34.730 0.0000000000
202550  50.288  27.835  33.356 0.0000000000
202577  49.488  27.288  29.228 0.0000000000
202589  43.895  27.560  28.388 0.0000000000
202591  42.761  27.665  28.779 0.0000000000
202593  41.753  27.669  28.885 0.0000000000
202600  48.541  27.630  27.414 0.0000000000
202602  46.508  27.545  27.813 0.0000000000
202605  44.083  27.764  27.818 0.0000000000
202608  42.248  27.958  28.328 0.0000000000
203542  49.928  28.745  34.279 0.0000000000
203544  48.728  28.110  34.742 0.0000000000
203546  47.087  28.551  34.696 0.0000000000
203589  49.453  28.351  32.104 0.0000000000
203600  49.110  28.423  31.575 0.0000000000
203611  48.969  28.691  30.982 0.0000000000
203629  49.183  28.006  27.759 0.0000000000
203632  38.145  28.328  29.014 0.0000000000
203637  48.700  28.442  27.399 0.0000000000
203642  44.692  27.960  27.692 0.0000000000
203643  43.841  28.179  27.547 0.0000000000
203648  39.516  28.356  28.369 0.0000000000
203653  44.456  28.578  27.531 0.0000000000
203654  43.523  28.637  27.430 0.0000000000
204537  49.035  29.129  34.918 0.0000000000
204538  47.636  28.937  34.875 0.0000000000
204555  50.037  29.137  33.726 0.0000000000
204570  50.029  28.924  33.027 0.0000000000
204581  49.604  28.884  32.473 0.0000000000
204582  49.075  29.297  32.305 0.0000000000
204618  48.926  28.896  29.124 0.0000000000
204626  48.709  29.718  28.397 0.0000000000
204627  39.399  29.198  28.820 0.0000000000
204634  49.098  28.668  27.642 0.0000000000
204636  48.032  28.976  27.739 0.0000000000
204638  46.179  28.426  27.963 0.0000000000
204640  44.359  29.321  27.447 0.0000000000
204645  40.855  29.162  28.164 0.0000000000
205502  49.229  30.409  35.262 0.0000000000
205504  48.003  30.017  35.208 0.0000000000
205520  49.721  29.909  34.414 0.0000000000
205524  46.560  30.011  34.695 0.0000000000
205558  49.746  29.969  33.339 0.0000000000
205559  48.638  30.256  32.687 0.0000000000
205565  48.318  30.245  32.019 0.0000000000
205611  48.878  29.535  28.523 0.0000000000
205612  47.529  29.877  28.655 0.0000000000
205618  40.166  29.897  28.838 0.0000000000
205621  38.453  29.408  29.323 0.0000000000
205630  45.295  29.455  28.046 0.0000000000
205632  43.665  30.209  27.624 0.0000000000
205633  43.149  30.022  27.684 0.0000000000
205634  42.435  29.571  28.009 0.0000000000
205636  41.070  29.622  28.273 0.0000000000
206543  48.557  30.581  35.541 0.0000000000
206556  47.218  30.838  35.257 0.0000000000
206569  49.438  30.665  34.325 0.0000000000
206570  49.040  30.848  33.860 0.0000000000
206590  48.049  30.586  32.316 0.0000000000
206596  48.058  30.624  31.395 0.0000000000
206610  48.662  30.855  29.589 0.0000000000
206611  38.608  30.892  30.243 0.0000000000
206613  37.468  30.476  30.594 0.0000000000
206619  48.555  30.682  29.313 0.0000000000
206624  39.918  30.741  29.421 0.0000000000
206636  43.868  30.471  28.333 0.0000000000
206638  42.272  30.725  28.578 0.0000000000
207534  49.313  31.561  35.579 0.0000000000
207535  48.835  31.275  35.752 0.0000000000
207537  47.062  31.798  35.461 0.0000000000
207545  49.489  30.972  34.863 0.0000000000
207562  49.260  31.147  34.531 0.0000000000
207580  47.970  31.100  33.300 0.0000000000
207587  47.819  31.182  31.288 0.0000000000
207596  47.903  31.595  30.702 0.0000000000
207605  48.603  31.227  29.853 0.0000000000
207617  48.150  31.628  29.798 0.0000000000
207620  43.368  31.423  29.388 0.0000000000
207624  40.924  31.362  29.357 0.0000000000
207626  39.641  31.143  29.758 0.0000000000
207634  41.321  30.984  29.101 0.0000000000
208456  49.094  32.538  36.272 0.0000000000
208458  48.108  32.483  36.238 0.0000000000
208464  47.420  32.380  35.963 0.0000000000
208470  49.369  31.930  35.458 0.0000000000
208472  45.689  31.786  34.576 0.0000000000
208473  44.980  31.819  34.371 0.0000000000
208488  48.377  31.957  34.232 0.0000000000
208489  47.665  32.181  33.798 0.0000000000
208509  47.200  31.860  33.240 0.0000000000
208510  46.739  32.161  32.913 0.0000000000
208537  48.320  32.325  29.996 0.0000000000
208542  42.632  32.300  29.982 0.0000000000
208545  40.748  32.230  29.972 0.0000000000
208553  44.238  31.812  29.891 0.0000000000
208555  43.017  31.881  29.685 0.0000000000
209362  48.682  32.799  36.501 0.0000000000
209365  49.109  32.892  36.238 0.0000000000
209368  46.407  32.823  35.423 0.0000000000
209372  49.229  32.503  35.816 0.0000000000
209374  48.243  32.987  34.840 0.0000000000
209376  46.085  32.318  34.923 0.0000000000
209391  46.896  32.905  33.778 0.0000000000
209407  46.224  33.021  32.797 0.0000000000
210232  46.318  33.755  36.011 0.0000000000
210238  47.436  33.372  36.415 0.0000000000
210241  45.615  33.318  35.038 0.0000000000
210249  45.264  32.978  34.711 0.0000000000
210267  47.437  33.195  34.348 0.0000000000
210269  46.229  33.580  33.589 0.0000000000
210278  46.039  33.496  33.067 0.0000000000
210290  46.025  33.478  32.456 0.0000000000
210300  46.993  32.809  31.433 0.0000000000
210325  43.612  33.323  30.394 0.0000000000
210327  42.296  33.091  30.407 0.0000000000
210329  41.119  33.227  30.381 0.0000000000
210347  48.003  33.310  30.063 0.0000000000
211087  47.385  34.729  36.810 0.0000000000
211088  47.014  34.467  36.740 0.0000000000
211095  45.211  34.372  35.767 0.0000000000
211111  47.801  33.948  35.222 0.0000000000
211112  46.943  33.963  34.538 0.0000000000
211128  46.342  33.963  33.922 0.0000000000
211129  45.987  33.963  33.344 0.0000000000
211163  43.300  33.857  30.294 0.0000000000
211165  42.184  33.717  30.405 0.0000000000
211188  43.543  34.380  30.083 0.0000000000
211951  45.963  35.260  36.658 0.0000000000
211954  47.662  34.650  36.766 0.0000000000
211956  45.599  34.846  36.255 0.0000000000
211965  48.017  34.415  36.515 0.0000000000
211966  47.554  34.832  35.885 0.0000000000
211995  46.019  34.926  33.862 0.0000000000
211997  45.881  34.812  33.333 0.0000000000
212037  41.892  34.670  29.868 0.0000000000
212079  48.210  34.513  28.729 0.0000000000
212136  44.209  34.954  23.949 0.0000000000
212848  46.434  35.899  36.777 0.0000000000
212858  46.278  35.628  36.772 0.0000000000
212859  44.795  35.989  36.696 0.0000000000
212866  47.442  35.075  36.738 0.0000000000
212867  47.314  35.530  36.493 0.0000000000
212892  46.658  35.585  35.169 0.0000000000
212893  46.270  35.762  34.476 0.0000000000
212936  44.017  35.185  29.486 0.0000000000
212937  42.880  35.100  29.619 0.0000000000
212968  49.111  34.832  28.556 0.0000000000
213020  48.364  35.542  26.616 0.0000000000
213051  44.268  35.456  24.788 0.0000000000
213108  40.934  35.204  21.262 0.0000000000
213798  45.491  36.415  36.962 0.0000000000
213808  46.747  35.987  36.684 0.0000000000
213810  45.027  36.319  36.816 0.0000000000
213866  45.996  35.889  33.861 0.0000000000
213874  45.955  36.112  32.701 0.0000000000
213893  48.664  35.981  29.100 0.0000000000
213897  49.129  35.327  28.306 0.0000000000
213910  49.116  35.346  27.698 0.0000000000
213915  43.735  35.926  27.223 0.0000000000
213924  48.945  35.461  27.201 0.0000000000
213929  43.895  35.995  26.743 0.0000000000
213973  47.324  35.597  23.457 0.0000000000
213977  47.283  36.146  22.399 0.0000000000
213983  46.455  36.086  21.592 0.0000000000
213988  42.464  36.259  21.990 0.0000000000
214007  41.703  35.681  21.637 0.0000000000
214689  46.303  36.332  36.853 0.0000000000
214697  45.648  36.863  36.935 0.0000000000
214699  44.082  37.140  36.390 0.0000000000
214708  46.629  36.819  36.314 0.0000000000
214724  46.578  36.946  35.678 0.0000000000
214742  46.532  36.897  34.962 0.0000000000
214775  46.052  36.561  33.045 0.0000000000
214805  46.698  36.952  31.290 0.0000000000
214824  48.758  35.949  27.019 0.0000000000
214827  48.286  36.487  26.049 0.0000000000
214852  46.968  36.666  22.296 0.0000000000
214869  46.630  36.499  21.907 0.0000000000
215546  45.948  37.177  36.816 0.0000000000
215548  44.697  37.231  36.523 0.0000000000
215555  46.229  37.483  36.172 0.0000000000
215556  45.868  37.445  36.473 0.0000000000
215557  45.162  37.545  36.257 0.0000000000
215558  44.487  37.369  36.233 0.0000000000
215569  44.992  37.691  35.228 0.0000000000
215585  44.068  37.264  35.359 0.0000000000
215596  44.923  37.756  33.928 0.0000000000
215597  44.431  37.424  34.162 0.0000000000
215603  46.618  37.739  33.318 0.0000000000
215611  44.778  37.849  32.609 0.0000000000
215612  44.271  37.535  32.491 0.0000000000
215613  43.764  37.214  32.570 0.0000000000
215621  43.816  37.605  32.032 0.0000000000
215639  47.627  37.615  28.716 0.0000000000
215655  42.000  37.622  25.694 0.0000000000
215658  40.062  38.228  25.658 0.0000000000
215663  42.806  37.594  25.336 0.0000000000
215666  40.921  37.718  25.059 0.0000000000
215698  45.997  37.543  23.212 0.0000000000
216480  46.032  37.916  35.506 0.0000000000
216492  47.091  39.035  34.936 0.0000000000
216493  46.964  38.710  35.240 0.0000000000
216509  47.289  38.911  34.379 0.0000000000
216510  47.165  38.600  34.892 0.0000000000
216522  47.301  38.897  33.565 0.0000000000
216533  45.289  38.209  32.851 0.0000000000
216542  44.387  37.979  32.073 0.0000000000
216580  39.503  38.513  27.321 0.0000000000
216591  40.857  37.859  26.925 0.0000000000
216593  39.424  38.492  26.649 0.0000000000
216603  43.022  38.027  26.226 0.0000000000
216608  36.573  38.603  25.938 0.0000000000
217435  46.948  39.333  34.753 0.0000000000
217436  46.679  39.104  34.619 0.0000000000
217460  46.121  39.163  32.751 0.0000000000
217471  45.239  38.990  31.966 0.0000000000
217478  47.646  39.205  31.795 0.0000000000
217499  46.879  38.735  29.361 0.0000000000
217570  37.570  38.548  26.758 0.0000000000
218411  47.222  39.438  34.176 0.0000000000
218412  46.968  39.624  34.323 0.0000000000
218425  47.328  39.557  33.646 0.0000000000
218426  46.898  39.946  33.883 0.0000000000
218432  47.390  39.775  32.975 0.0000000000
218434  46.462  39.794  32.757 0.0000000000
218442  46.784  40.259  32.755 0.0000000000
218452  45.306  40.145  31.483 0.0000000000
218453  44.565  39.817  31.181 0.0000000000
218468  47.476  39.643  30.988 0.0000000000
218504  40.135  39.535  29.226 0.0000000000
218524  40.913  39.342  28.675 0.0000000000
218540  45.534  39.423  27.212 0.0000000000
219325  47.033  40.010  33.534 0.0000000000
219340  47.157  40.272  32.486 0.0000000000
219359  45.938  40.778  31.753 0.0000000000
219406  41.766  40.675  29.510 0.0000000000
219407  41.144  40.607  29.573 0.0000000000
219408  40.307  39.945  29.488 0.0000000000
219409  39.327  40.081  30.051 0.0000000000
220283  47.177  40.773  31.147 0.0000000000
220320  42.634  41.462  29.515 0.0000000000
220331  45.995  41.176  28.879 0.0000000000
220333  44.556  41.228  28.648 0.0000000000
220348  43.702  40.715  28.557 0.0000000000
221158  45.871  42.201  31.025 0.0000000000
221172  46.278  42.112  30.589 0.0000000000
221191  45.366  42.190  28.691 0.0000000000
222035  45.189  42.822  31.040 0.0000000000
251984  36.468  38.592  26.584 0.0000000000
252817  48.439  30.845  33.493 0.0000000000
253326  38.657  38.766  25.355 0.0000000000
253620  49.216  30.207  33.154 0.0000000000
255112  44.990  27.196  28.763 0.0000000000
256095  49.917  27.153  34.625 0.0000000000
256115  46.551  36.573  36.662 0.0000000000
256127  38.694  38.655  26.087 0.0000000000
256429  50.329  21.225  35.390 0.0000000000
257122  50.481  27.353  33.803 0.0000000000
257838  50.050  28.243  34.308 0.0000000000
258444  37.632  38.516  26.132 0.0000000000
258630  40.413  27.522  28.706 0.0000000000
259017  48.544  33.313  36.512 0.0000000000
259968  52.181  17.627  36.574 0.0000000000
261005  48.396  30.037  30.713 0.0000000000
262400  45.909  18.961  31.999 0.0000000000
262757  36.963  26.741  29.467 0.0000000000
263191  46.323  26.503  29.002 0.0000000000
263735  44.831  33.981  35.265 0.0000000000
264116  49.272  27.374  28.325 0.0000000000
264141  48.236  29.956  28.590 0.0000000000
264187  46.227  18.965  32.527 0.0000000000
264684  46.632  38.359  35.199 0.0000000000
264832  41.853  29.036  27.890 0.0000000000
265527  47.175  21.928  34.010 0.0000000000
266301  47.859  19.638  34.144 0.0000000000
266377  45.344  26.124  30.387 0.0000000000
267323  44.933  41.087  31.121 0.0000000000
267397  49.314  19.467  35.006 0.0000000000
269310  46.077  35.952  32.222 0.0000000000
269794  46.449  20.701  33.347 0.0000000000
269897  46.132  33.514  31.983 0.0000000000
270144  46.970  40.610  29.579 0.0000000000
270606  44.162  29.906  27.568 0.0000000000
271357  46.993  31.294  29.816 0.0000000000
271624  51.324  17.145  37.553 0.0000000000
272099  45.270  19.326  31.184 0.0000000000
272632  45.607  28.924  28.054 0.0000000000
273289  43.368  30.768  28.570 0.0000000000
273290  44.851  30.255  28.792 0.0000000000
274448  41.911  32.868  30.399 0.0000000000
276379  41.529  32.889  30.367 0.0000000000
277031  45.822  34.918  32.817 0.0000000000
277791  50.336  17.222  38.766 0.0000000000
278011  48.667  36.547  28.385 0.0000000000
278677  43.876  37.126  34.858 0.0000000000
281246  46.453  42.015  30.050 0.0000000000
281249  49.497  29.510  34.777 0.0000000000
282378  43.189  36.701  22.440 0.0000000000
282778  47.371  40.147  31.991 0.0000000000
283343  43.654  36.285  21.655 0.0000000000
286154  47.275  39.150  34.470 0.0000000000
286200  39.931  38.362  25.038 0.0000000000
286420  46.851  29.600  34.720 0.0000000000
287062  44.391  36.942  36.577 0.0000000000
287193  46.556  34.187  36.427 0.0000000000
287208  47.749  31.038  31.975 0.0000000000
287425  38.526  38.553  26.697 0.0000000000
287548  49.568  26.997  29.836 0.0000000000
288596  50.904  17.124  37.954 0.0000000000
289260  51.690  16.689  36.572 0.0000000000
289727  44.532  37.512  35.108 0.0000000000
289960  49.342  22.851  36.165 0.0000000000
290002  46.844  32.198  32.349 0.0000000000
290764  46.584  37.661  32.633 0.0000000000
291857  46.543  21.145  33.519 0.0000000000
292020  46.456  35.368  25.975 0.0000000000
292162  46.640  34.771  34.740 0.0000000000
292292  49.115  29.333  27.964 0.0000000000
292767  49.392  27.518  31.139 0.0000000000
292805  43.857  32.201  30.058 0.0000000000
293233  44.463  20.150  31.854 0.0000000000
293444  39.528  24.581  28.901 0.0000000000
294024  45.903  36.520  36.948 0.0000000000
294234  46.748  36.475  35.959 0.0000000000
294966  48.975  30.488  35.511 0.0000000000
295162  47.937  34.205  36.697 0.0000000000
295278  46.410  36.813  34.340 0.0000000000
296250  43.245  35.550  28.861 0.0000000000
296302  46.997  30.381  35.037 0.0000000000
297520  48.396  26.432  29.410 0.0000000000
298602  46.601  32.626  30.242 0.0000000000
299035  44.265  28.091  27.629 0.0000000000
299409  46.374  18.695  32.050 0.0000000000
299559  47.159  18.853  32.722 0.0000000000
300480  47.549  18.596  32.400 0.0000000000
301672  41.072  23.745  30.432 0.0000000000
301912  44.450  35.883  27.893 0.0000000000
302079  50.190  20.097  37.422 0.0000000000
302621  49.022  19.910  34.983 0.0000000000
302657  44.782  22.071  32.457 0.0000000000
302735  49.184  27.283  34.690 0.0000000000
303078  48.299  34.753  27.942 0.0000000000
