#!ascii label  , from subject sub-v2s5x29558_ses-1 vox2ras=TkReg
666
158735  -26.844  -8.466  -2.923 0.0000000000
300652  -24.647  -3.464  -7.376 0.0000000000
187572  -31.571  6.714  -3.121 0.0000000000
181593  -27.427  3.028  -5.252 0.0000000000
173916  -28.612  -1.165  -4.646 0.0000000000
297560  -29.882  -5.480  -2.481 0.0000000000
292797  -32.475  8.046  -2.120 0.0000000000
177793  -28.176  0.979  -5.302 0.0000000000
176560  -25.937  0.215  -7.729 0.0000000000
164546  -25.384  -5.909  -5.164 0.0000000000
303510  -27.663  -4.441  -4.642 0.0000000000
163116  -28.284  -6.737  -3.157 0.0000000000
154282  -22.633  -11.197  -3.106 0.0000000000
161697  -23.676  -7.363  -5.213 0.0000000000
198950  -26.997  12.964  -6.274 0.0000000000
197773  -29.607  12.234  -6.597 0.0000000000
333040  -33.741  11.585  -4.946 0.0000000000
332590  -34.052  8.751  -3.231 0.0000000000
333233  -32.734  6.610  -2.631 0.0000000000
332814  -29.154  4.954  -4.156 0.0000000000
183976  -31.244  4.158  -2.917 0.0000000000
347703  -30.426  2.238  -3.479 0.0000000000
344534  -30.398  -0.207  -3.149 0.0000000000
171309  -30.585  -2.135  -2.851 0.0000000000
329949  -26.252  -2.009  -6.644 0.0000000000
168623  -29.047  -3.558  -3.861 0.0000000000
179103  -26.042  1.078  -8.524 0.0000000000
177882  -24.958  0.295  -10.161 0.0000000000
161664  -26.074  -7.133  -4.054 0.0000000000
164532  -26.662  -6.235  -4.416 0.0000000000
161649  -27.285  -7.351  -3.375 0.0000000000
146188  -23.725  -15.543  0.177 0.0000000000
147591  -24.216  -14.544  -0.231 0.0000000000
315590  -23.789  -13.358  -1.291 0.0000000000
294951  -23.672  -6.742  -7.145 0.0000000000
161715  -22.772  -7.546  -6.787 0.0000000000
196599  -31.187  11.844  -6.067 0.0000000000
333138  -32.307  7.631  -2.668 0.0000000000
292306  -32.955  7.831  -2.551 0.0000000000
332155  -32.636  7.481  -2.656 0.0000000000
188808  -33.671  7.423  -3.155 0.0000000000
332318  -32.257  6.649  -2.029 0.0000000000
292271  -28.287  3.876  -5.095 0.0000000000
183984  -30.276  4.825  -3.164 0.0000000000
292953  -29.873  3.511  -3.670 0.0000000000
332304  -30.844  3.117  -3.003 0.0000000000
180311  -29.553  2.472  -3.969 0.0000000000
176507  -28.333  0.047  -5.179 0.0000000000
176483  -29.222  0.213  -4.029 0.0000000000
175166  -29.408  -0.858  -3.862 0.0000000000
173877  -30.528  -1.083  -2.991 0.0000000000
172604  -29.762  -1.760  -3.410 0.0000000000
309511  -23.748  -2.208  -8.711 0.0000000000
299889  -24.298  -1.500  -7.877 0.0000000000
171417  -25.382  -2.739  -7.368 0.0000000000
165845  -28.897  -5.094  -3.224 0.0000000000
168637  -28.328  -3.885  -4.531 0.0000000000
167223  -29.330  -4.498  -3.385 0.0000000000
168597  -30.019  -3.857  -2.810 0.0000000000
167206  -30.405  -4.666  -2.261 0.0000000000
348821  -24.602  -11.888  -2.423 0.0000000000
154304  -23.171  -10.499  -3.399 0.0000000000
154265  -25.234  -11.192  -3.146 0.0000000000
155762  -25.095  -9.991  -2.998 0.0000000000
180351  -27.279  2.406  -6.765 0.0000000000
179050  -27.718  2.001  -5.399 0.0000000000
179079  -26.673  1.548  -6.206 0.0000000000
176542  -26.190  0.887  -6.109 0.0000000000
301237  -27.189  -0.655  -6.031 0.0000000000
167303  -24.918  -4.516  -6.729 0.0000000000
168667  -25.950  -3.927  -6.180 0.0000000000
165872  -26.643  -5.074  -5.007 0.0000000000
164519  -27.877  -5.902  -3.637 0.0000000000
334728  -29.098  -5.912  -2.863 0.0000000000
150213  -24.494  -12.603  -1.622 0.0000000000
167313  -23.626  -4.352  -7.642 0.0000000000
164578  -24.068  -5.886  -7.073 0.0000000000
163156  -24.704  -6.369  -5.362 0.0000000000
161663  -25.234  -7.625  -4.139 0.0000000000
311687  -26.523  14.449  -6.469 0.0000000000
342932  -29.584  10.870  -6.018 0.0000000000
197771  -28.414  12.092  -6.825 0.0000000000
200274  -29.405  13.682  -7.274 0.0000000000
329277  -30.931  13.127  -6.631 0.0000000000
297463  -32.421  12.195  -6.289 0.0000000000
293102  -33.668  9.385  -3.073 0.0000000000
334758  -34.795  10.709  -3.745 0.0000000000
292839  -33.875  10.110  -5.977 0.0000000000
333041  -35.671  10.707  -4.881 0.0000000000
190177  -34.893  8.306  -3.729 0.0000000000
187565  -33.754  6.472  -3.389 0.0000000000
186366  -30.133  5.966  -3.425 0.0000000000
186354  -31.458  5.804  -2.732 0.0000000000
185179  -32.291  5.640  -1.905 0.0000000000
185170  -32.833  5.305  -2.376 0.0000000000
292979  -32.467  4.032  -2.637 0.0000000000
177748  -31.381  1.270  -2.400 0.0000000000
179034  -29.430  1.422  -4.035 0.0000000000
177746  -30.584  0.798  -3.309 0.0000000000
175256  -24.712  -0.851  -9.443 0.0000000000
342468  -25.726  -0.811  -6.810 0.0000000000
172662  -27.562  -1.585  -5.790 0.0000000000
170026  -26.849  -3.445  -5.784 0.0000000000
171361  -27.977  -2.713  -5.438 0.0000000000
171334  -29.031  -2.450  -4.186 0.0000000000
171319  -29.965  -2.777  -3.410 0.0000000000
169952  -30.782  -2.892  -2.542 0.0000000000
160248  -23.538  -8.169  -4.660 0.0000000000
158752  -24.887  -8.671  -3.871 0.0000000000
157237  -27.215  -9.583  -2.800 0.0000000000
350069  -26.373  -7.307  -3.774 0.0000000000
161665  -26.581  -7.013  -3.879 0.0000000000
160214  -27.094  -7.904  -3.165 0.0000000000
160199  -27.717  -8.215  -2.503 0.0000000000
158718  -27.505  -8.866  -2.391 0.0000000000
146189  -24.351  -15.449  0.250 0.0000000000
146215  -23.960  -15.011  0.049 0.0000000000
147567  -24.581  -14.890  0.051 0.0000000000
292867  -31.971  6.992  -2.674 0.0000000000
332296  -32.528  7.082  -2.881 0.0000000000
181613  -26.857  3.294  -5.232 0.0000000000
182817  -27.470  3.243  -5.451 0.0000000000
293957  -27.917  3.435  -5.194 0.0000000000
332375  -28.924  3.858  -4.532 0.0000000000
332425  -29.065  3.334  -4.337 0.0000000000
332451  -29.504  3.109  -4.047 0.0000000000
180310  -28.967  2.734  -4.395 0.0000000000
175212  -28.385  -0.562  -5.063 0.0000000000
175189  -28.680  -0.529  -4.495 0.0000000000
173887  -29.082  -1.265  -4.031 0.0000000000
173888  -29.611  -1.259  -3.713 0.0000000000
170072  -24.308  -2.877  -7.653 0.0000000000
171416  -24.702  -2.588  -7.678 0.0000000000
170073  -25.050  -3.061  -7.425 0.0000000000
165846  -29.368  -5.322  -2.881 0.0000000000
296826  -29.209  -4.830  -3.217 0.0000000000
167224  -29.581  -4.712  -2.987 0.0000000000
167225  -30.008  -4.411  -2.685 0.0000000000
165830  -29.932  -4.973  -2.569 0.0000000000
165832  -30.793  -4.973  -1.890 0.0000000000
165831  -30.336  -5.270  -2.215 0.0000000000
151503  -24.932  -11.597  -2.788 0.0000000000
180375  -26.242  2.435  -7.639 0.0000000000
311491  -27.051  2.106  -6.905 0.0000000000
180374  -26.195  1.892  -8.180 0.0000000000
177843  -25.710  0.494  -8.506 0.0000000000
177844  -26.338  0.710  -7.831 0.0000000000
176541  -26.050  0.641  -6.725 0.0000000000
326168  -26.280  0.482  -6.134 0.0000000000
175259  -25.653  -0.012  -6.925 0.0000000000
165910  -24.961  -5.171  -6.061 0.0000000000
352183  -25.551  -4.981  -5.754 0.0000000000
165871  -26.098  -5.515  -4.889 0.0000000000
163115  -27.832  -6.520  -3.460 0.0000000000
164518  -27.446  -6.254  -3.887 0.0000000000
318559  -28.185  -6.259  -3.334 0.0000000000
164502  -28.318  -5.808  -3.345 0.0000000000
301373  -28.628  -6.241  -3.010 0.0000000000
163102  -29.177  -6.437  -2.702 0.0000000000
163117  -28.826  -6.976  -2.895 0.0000000000
144890  -22.556  -15.801  0.001 0.0000000000
143463  -22.495  -16.365  0.166 0.0000000000
150212  -23.895  -12.861  -1.613 0.0000000000
150196  -25.091  -12.951  -1.362 0.0000000000
165934  -23.908  -4.843  -7.249 0.0000000000
163154  -23.632  -6.902  -5.734 0.0000000000
163175  -23.952  -6.458  -6.004 0.0000000000
346378  -24.018  -7.053  -5.171 0.0000000000
161681  -24.956  -7.260  -4.548 0.0000000000
161680  -24.322  -7.459  -4.836 0.0000000000
198949  -26.320  13.085  -6.455 0.0000000000
324925  -26.189  13.801  -6.493 0.0000000000
200264  -26.489  13.328  -6.499 0.0000000000
202785  -27.433  14.241  -6.499 0.0000000000
200265  -27.499  13.445  -6.201 0.0000000000
332297  -30.236  10.858  -5.847 0.0000000000
301858  -29.248  11.240  -6.515 0.0000000000
197772  -28.985  12.188  -6.704 0.0000000000
200267  -28.422  13.352  -6.627 0.0000000000
350570  -29.123  13.050  -6.897 0.0000000000
198959  -29.934  12.755  -6.668 0.0000000000
195357  -32.018  11.140  -5.920 0.0000000000
336217  -31.412  12.299  -6.200 0.0000000000
196600  -31.791  12.008  -6.141 0.0000000000
198962  -31.539  13.116  -6.608 0.0000000000
333231  -33.079  10.511  -5.716 0.0000000000
332182  -33.118  8.399  -2.447 0.0000000000
293539  -33.345  7.935  -2.945 0.0000000000
293081  -33.460  8.568  -3.085 0.0000000000
332686  -34.355  9.368  -3.236 0.0000000000
333042  -35.004  11.115  -4.492 0.0000000000
332056  -34.387  10.559  -5.384 0.0000000000
332355  -35.352  10.387  -3.923 0.0000000000
332946  -33.064  7.044  -3.188 0.0000000000
188809  -34.168  7.565  -3.293 0.0000000000
336308  -33.551  6.890  -3.278 0.0000000000
317284  -34.611  7.664  -3.678 0.0000000000
187564  -33.347  6.564  -3.035 0.0000000000
332463  -28.283  4.961  -5.052 0.0000000000
315489  -28.984  5.329  -4.436 0.0000000000
185193  -29.827  5.421  -3.675 0.0000000000
186367  -30.826  5.795  -3.147 0.0000000000
185185  -30.375  5.341  -3.136 0.0000000000
332499  -30.612  4.395  -3.115 0.0000000000
185177  -31.606  5.207  -2.772 0.0000000000
185178  -32.152  5.373  -2.355 0.0000000000
183986  -32.344  4.963  -2.424 0.0000000000
328957  -32.812  4.819  -2.533 0.0000000000
183978  -32.185  4.418  -2.644 0.0000000000
293053  -30.461  2.699  -3.260 0.0000000000
332796  -31.306  2.850  -2.634 0.0000000000
292268  -31.312  2.222  -2.841 0.0000000000
332251  -31.744  2.441  -2.540 0.0000000000
293634  -31.187  1.652  -2.920 0.0000000000
327290  -27.951  1.488  -5.363 0.0000000000
179052  -28.724  1.656  -4.689 0.0000000000
177771  -28.719  0.976  -4.914 0.0000000000
176462  -29.716  0.203  -3.721 0.0000000000
177757  -30.017  0.779  -3.664 0.0000000000
176463  -30.255  0.218  -3.384 0.0000000000
334921  -31.072  0.554  -3.013 0.0000000000
176454  -30.729  0.143  -3.063 0.0000000000
172581  -30.837  -1.562  -2.760 0.0000000000
171310  -31.066  -2.084  -2.467 0.0000000000
175276  -24.511  -0.773  -9.874 0.0000000000
172678  -25.601  -1.778  -7.047 0.0000000000
173978  -24.846  -0.858  -7.507 0.0000000000
311006  -26.055  -1.355  -6.804 0.0000000000
172679  -26.652  -1.426  -6.535 0.0000000000
172661  -26.943  -1.952  -6.298 0.0000000000
168645  -26.732  -4.009  -5.450 0.0000000000
168644  -26.391  -3.797  -5.849 0.0000000000
168635  -27.284  -4.075  -5.030 0.0000000000
168638  -28.711  -3.547  -4.297 0.0000000000
299559  -28.028  -3.572  -4.885 0.0000000000
170020  -28.433  -3.248  -4.659 0.0000000000
171362  -28.354  -2.761  -4.983 0.0000000000
169993  -29.040  -3.029  -4.264 0.0000000000
171335  -29.536  -2.413  -3.653 0.0000000000
169994  -29.466  -3.046  -3.700 0.0000000000
168582  -30.969  -3.751  -2.149 0.0000000000
169966  -30.457  -3.385  -2.534 0.0000000000
169953  -31.042  -3.179  -2.233 0.0000000000
155763  -25.747  -10.049  -2.996 0.0000000000
158731  -24.608  -8.999  -3.419 0.0000000000
157255  -26.064  -9.572  -3.056 0.0000000000
158733  -25.811  -9.081  -3.429 0.0000000000
155746  -26.901  -9.959  -2.828 0.0000000000
308501  -26.033  1.570  -8.840 0.0000000000
177863  -25.620  0.531  -9.222 0.0000000000
176576  -25.400  0.030  -9.240 0.0000000000
318099  -25.617  -6.313  -4.869 0.0000000000
164531  -26.147  -6.134  -4.637 0.0000000000
163142  -26.397  -6.644  -4.282 0.0000000000
163125  -27.394  -6.803  -3.598 0.0000000000
161650  -27.841  -7.147  -3.199 0.0000000000
161637  -28.621  -7.546  -2.701 0.0000000000
160216  -28.057  -7.643  -2.773 0.0000000000
160189  -28.407  -8.436  -1.886 0.0000000000
144871  -23.472  -16.090  0.288 0.0000000000
150194  -23.112  -13.385  -1.305 0.0000000000
148892  -23.902  -14.103  -0.605 0.0000000000
315594  -24.783  -14.417  -0.219 0.0000000000
164577  -23.749  -6.281  -7.334 0.0000000000
163188  -23.369  -6.819  -7.301 0.0000000000
163173  -23.288  -7.231  -7.103 0.0000000000
161695  -22.881  -7.353  -5.684 0.0000000000
196594  -27.416  11.919  -5.850 0.0000000000
292727  -31.773  10.453  -5.598 0.0000000000
196598  -30.566  11.760  -6.136 0.0000000000
292742  -32.439  10.585  -5.408 0.0000000000
334054  -32.959  11.055  -4.887 0.0000000000
292903  -33.976  10.781  -3.624 0.0000000000
332944  -33.135  7.524  -3.000 0.0000000000
190164  -33.849  8.004  -3.157 0.0000000000
332954  -29.087  4.442  -4.405 0.0000000000
185184  -29.974  4.891  -3.602 0.0000000000
292994  -29.460  4.080  -4.222 0.0000000000
333250  -29.788  4.012  -3.773 0.0000000000
334753  -30.199  3.907  -3.348 0.0000000000
332359  -30.725  3.738  -3.089 0.0000000000
292906  -30.313  3.314  -3.262 0.0000000000
332360  -29.991  2.918  -3.646 0.0000000000
332608  -30.086  2.340  -3.687 0.0000000000
176506  -27.910  0.421  -5.660 0.0000000000
176508  -28.732  0.331  -4.875 0.0000000000
175191  -29.442  -0.327  -3.867 0.0000000000
323038  -29.979  -0.258  -3.444 0.0000000000
175168  -30.244  -0.651  -3.182 0.0000000000
175167  -29.779  -0.746  -3.518 0.0000000000
173889  -30.033  -1.181  -3.299 0.0000000000
172592  -30.288  -1.653  -3.070 0.0000000000
173976  -24.048  -1.610  -8.640 0.0000000000
172695  -24.050  -1.919  -8.335 0.0000000000
172697  -25.265  -2.258  -7.523 0.0000000000
171402  -25.729  -2.388  -6.962 0.0000000000
167257  -27.972  -4.656  -4.230 0.0000000000
334756  -28.086  -4.282  -4.550 0.0000000000
167250  -28.443  -4.384  -4.206 0.0000000000
168622  -28.823  -4.064  -4.120 0.0000000000
348246  -29.658  -3.723  -3.066 0.0000000000
168596  -29.606  -4.171  -3.156 0.0000000000
168581  -30.458  -4.063  -2.380 0.0000000000
167207  -30.886  -4.358  -1.989 0.0000000000
167191  -31.354  -4.708  -1.729 0.0000000000
152846  -23.713  -11.692  -2.645 0.0000000000
321329  -23.050  -10.961  -3.233 0.0000000000
152865  -23.931  -11.252  -2.982 0.0000000000
154284  -24.158  -10.724  -3.174 0.0000000000
155777  -23.901  -9.778  -3.510 0.0000000000
157252  -24.306  -9.284  -3.409 0.0000000000
154285  -24.871  -10.750  -3.218 0.0000000000
154266  -25.776  -11.014  -2.851 0.0000000000
181622  -27.067  2.906  -7.105 0.0000000000
180352  -27.392  2.509  -6.057 0.0000000000
180330  -27.794  2.476  -5.216 0.0000000000
179080  -27.374  2.013  -6.442 0.0000000000
179059  -27.249  1.526  -6.166 0.0000000000
179104  -26.433  1.304  -7.755 0.0000000000
177827  -26.608  1.018  -6.109 0.0000000000
177807  -27.366  0.942  -6.039 0.0000000000
176524  -27.369  0.378  -6.032 0.0000000000
175223  -27.555  -0.160  -5.846 0.0000000000
173936  -27.722  -0.677  -5.720 0.0000000000
168695  -24.760  -4.111  -7.098 0.0000000000
168681  -25.186  -3.577  -7.051 0.0000000000
167304  -25.387  -4.138  -6.622 0.0000000000
167266  -26.410  -4.574  -5.387 0.0000000000
167256  -27.159  -4.711  -4.750 0.0000000000
302029  -26.632  -5.724  -4.649 0.0000000000
165873  -27.070  -5.340  -4.511 0.0000000000
165874  -27.534  -4.982  -4.336 0.0000000000
165864  -27.920  -5.222  -3.833 0.0000000000
164503  -28.774  -5.601  -3.120 0.0000000000
164489  -29.570  -5.940  -2.568 0.0000000000
306335  -30.232  -5.964  -2.241 0.0000000000
161638  -29.104  -7.414  -2.485 0.0000000000
143462  -22.056  -16.646  -0.038 0.0000000000
152863  -22.651  -11.676  -2.795 0.0000000000
333610  -23.381  -13.034  -1.569 0.0000000000
151500  -22.998  -12.283  -2.324 0.0000000000
151501  -23.549  -12.137  -2.303 0.0000000000
151486  -24.564  -12.214  -2.043 0.0000000000
300918  -25.127  -12.483  -1.852 0.0000000000
168694  -24.174  -3.873  -7.420 0.0000000000
167314  -24.201  -4.358  -7.266 0.0000000000
165922  -24.629  -4.937  -6.544 0.0000000000
164564  -24.677  -5.594  -5.765 0.0000000000
164563  -23.990  -6.289  -6.756 0.0000000000
346340  -24.348  -6.061  -5.805 0.0000000000
164545  -24.958  -5.893  -5.425 0.0000000000
295014  -25.284  -6.755  -4.703 0.0000000000
161682  -25.517  -7.160  -4.326 0.0000000000
160234  -26.157  -7.708  -3.713 0.0000000000
201530  -24.698  14.131  -5.971 0.0000000000
333260  -29.170  10.859  -5.219 0.0000000000
195353  -27.898  11.167  -7.085 0.0000000000
195355  -28.643  10.952  -6.555 0.0000000000
315226  -28.071  12.175  -6.750 0.0000000000
200266  -28.079  13.596  -6.106 0.0000000000
315156  -28.304  13.803  -7.083 0.0000000000
198960  -30.610  12.711  -6.502 0.0000000000
201538  -30.155  13.776  -6.991 0.0000000000
201544  -30.553  14.336  -7.163 0.0000000000
201545  -31.288  14.319  -7.148 0.0000000000
200272  -31.774  13.546  -6.942 0.0000000000
197777  -32.541  12.647  -6.668 0.0000000000
332634  -33.253  9.046  -2.899 0.0000000000
332080  -34.453  11.739  -4.237 0.0000000000
332109  -34.244  10.001  -3.318 0.0000000000
354432  -34.273  12.106  -4.784 0.0000000000
332298  -33.397  10.381  -5.795 0.0000000000
194119  -33.397  10.827  -6.044 0.0000000000
306434  -33.032  12.231  -6.604 0.0000000000
196602  -33.451  11.737  -6.589 0.0000000000
332986  -35.289  10.131  -5.386 0.0000000000
190165  -34.402  8.175  -3.333 0.0000000000
191523  -35.238  9.012  -3.705 0.0000000000
186375  -29.652  6.202  -3.936 0.0000000000
187571  -30.878  6.438  -3.403 0.0000000000
327832  -31.209  6.207  -3.128 0.0000000000
187563  -32.051  6.158  -2.805 0.0000000000
186356  -32.347  6.297  -1.992 0.0000000000
185186  -30.854  5.439  -2.877 0.0000000000
186355  -32.313  5.729  -2.385 0.0000000000
187557  -33.060  6.206  -2.544 0.0000000000
186357  -33.565  6.074  -2.989 0.0000000000
332853  -31.312  3.483  -2.855 0.0000000000
332099  -32.437  3.528  -2.468 0.0000000000
333229  -32.284  2.569  -2.474 0.0000000000
332194  -31.978  2.074  -2.442 0.0000000000
325781  -28.650  2.233  -4.601 0.0000000000
179033  -29.146  1.949  -4.211 0.0000000000
179024  -29.703  1.863  -3.857 0.0000000000
177756  -29.396  0.811  -3.968 0.0000000000
315448  -29.826  1.302  -3.771 0.0000000000
327579  -30.282  1.246  -3.579 0.0000000000
177747  -31.108  1.058  -3.000 0.0000000000
173878  -30.947  -1.035  -2.721 0.0000000000
176575  -24.993  -0.351  -9.597 0.0000000000
176558  -25.086  -0.399  -9.100 0.0000000000
173977  -24.469  -1.166  -8.062 0.0000000000
175257  -24.829  -0.649  -8.407 0.0000000000
175258  -25.306  -0.316  -7.642 0.0000000000
307998  -25.786  -0.249  -6.726 0.0000000000
173946  -27.498  -1.072  -5.838 0.0000000000
172650  -27.978  -1.604  -5.394 0.0000000000
170060  -25.729  -3.476  -6.631 0.0000000000
170061  -26.121  -3.103  -6.493 0.0000000000
170043  -26.682  -2.974  -6.279 0.0000000000
168646  -27.617  -3.522  -5.164 0.0000000000
335702  -27.693  -3.092  -5.569 0.0000000000
171388  -27.067  -2.526  -6.093 0.0000000000
172649  -27.809  -2.153  -5.634 0.0000000000
172633  -28.090  -2.147  -5.021 0.0000000000
172634  -28.440  -1.811  -4.698 0.0000000000
172603  -29.251  -1.827  -3.819 0.0000000000
171320  -30.043  -2.236  -3.166 0.0000000000
169965  -29.856  -3.295  -3.071 0.0000000000
321758  -30.407  -2.750  -2.934 0.0000000000
337461  -30.806  -2.505  -2.631 0.0000000000
160267  -23.192  -7.747  -5.074 0.0000000000
160268  -23.868  -7.786  -4.919 0.0000000000
158751  -24.271  -8.904  -4.038 0.0000000000
160231  -24.543  -8.387  -4.259 0.0000000000
160249  -24.175  -8.014  -4.562 0.0000000000
160232  -25.050  -8.150  -3.999 0.0000000000
158754  -26.048  -8.444  -3.423 0.0000000000
158716  -26.836  -9.056  -2.731 0.0000000000
144873  -24.799  -16.019  0.299 0.0000000000
144891  -23.136  -15.638  0.054 0.0000000000
146212  -22.097  -15.433  -0.434 0.0000000000
146214  -23.350  -15.121  -0.131 0.0000000000
147590  -23.599  -14.620  -0.328 0.0000000000
148913  -23.472  -13.777  -0.993 0.0000000000
148914  -24.259  -13.430  -0.977 0.0000000000
150195  -24.379  -13.082  -1.293 0.0000000000
150210  -22.820  -13.024  -1.780 0.0000000000
150211  -23.326  -12.566  -1.886 0.0000000000
151485  -23.979  -12.365  -1.928 0.0000000000
151502  -24.109  -11.983  -2.337 0.0000000000
152845  -23.156  -11.889  -2.623 0.0000000000
152847  -24.305  -11.580  -2.702 0.0000000000
152864  -23.258  -11.397  -2.978 0.0000000000
154264  -24.630  -11.196  -3.109 0.0000000000
154283  -23.535  -10.857  -3.151 0.0000000000
154286  -25.474  -10.649  -3.101 0.0000000000
155745  -26.021  -10.493  -2.934 0.0000000000
155760  -23.719  -10.272  -3.301 0.0000000000
155761  -24.400  -10.054  -3.259 0.0000000000
155764  -26.323  -10.007  -2.921 0.0000000000
157236  -26.661  -9.579  -2.907 0.0000000000
157253  -24.822  -9.422  -3.214 0.0000000000
157254  -25.413  -9.532  -3.063 0.0000000000
158732  -25.253  -9.004  -3.492 0.0000000000
158734  -26.330  -9.078  -3.008 0.0000000000
158736  -27.396  -8.390  -2.830 0.0000000000
158753  -25.446  -8.569  -3.705 0.0000000000
158769  -23.913  -8.522  -4.370 0.0000000000
160200  -28.199  -8.038  -2.321 0.0000000000
160202  -29.460  -7.836  -2.180 0.0000000000
160213  -26.560  -8.072  -3.241 0.0000000000
160215  -27.595  -7.782  -2.996 0.0000000000
160233  -25.590  -7.991  -3.824 0.0000000000
160235  -26.720  -7.466  -3.543 0.0000000000
160250  -24.723  -7.815  -4.391 0.0000000000
161651  -28.368  -7.215  -2.984 0.0000000000
161696  -23.178  -7.064  -6.290 0.0000000000
161727  -22.715  -7.701  -7.174 0.0000000000
163124  -26.944  -6.566  -4.018 0.0000000000
163140  -24.656  -6.815  -4.995 0.0000000000
163141  -25.830  -6.678  -4.461 0.0000000000
163155  -24.226  -6.598  -5.483 0.0000000000
163157  -25.143  -6.377  -5.118 0.0000000000
163174  -23.569  -6.712  -6.437 0.0000000000
164517  -27.047  -5.969  -4.283 0.0000000000
164530  -25.761  -5.832  -4.905 0.0000000000
165863  -27.460  -5.607  -4.062 0.0000000000
165865  -28.420  -5.216  -3.462 0.0000000000
165886  -25.166  -5.472  -5.501 0.0000000000
165887  -25.646  -5.439  -5.194 0.0000000000
165888  -26.074  -5.058  -5.334 0.0000000000
165909  -24.263  -5.501  -6.275 0.0000000000
165921  -24.163  -5.180  -6.889 0.0000000000
167265  -26.194  -4.214  -5.747 0.0000000000
167267  -26.847  -4.478  -5.127 0.0000000000
167291  -25.239  -4.728  -6.360 0.0000000000
167292  -25.732  -4.450  -6.074 0.0000000000
167302  -24.382  -4.651  -6.927 0.0000000000
168595  -29.228  -4.141  -3.684 0.0000000000
168624  -29.399  -3.626  -3.348 0.0000000000
168636  -27.843  -3.955  -4.818 0.0000000000
168693  -23.593  -3.599  -7.752 0.0000000000
170019  -28.035  -3.162  -5.158 0.0000000000
170027  -27.344  -3.347  -5.563 0.0000000000
170042  -26.268  -3.445  -6.164 0.0000000000
170044  -27.233  -3.006  -5.889 0.0000000000
170074  -25.451  -3.166  -7.109 0.0000000000
170075  -25.765  -2.922  -6.840 0.0000000000
171363  -28.793  -2.793  -4.649 0.0000000000
171372  -27.570  -2.627  -5.807 0.0000000000
171387  -26.660  -2.447  -6.425 0.0000000000
171389  -27.378  -2.104  -5.954 0.0000000000
171403  -26.179  -2.652  -6.589 0.0000000000
172602  -28.781  -1.813  -4.287 0.0000000000
172677  -24.840  -1.481  -7.437 0.0000000000
172696  -24.421  -2.000  -7.806 0.0000000000
173915  -28.210  -1.117  -5.202 0.0000000000
173937  -27.880  -1.126  -5.598 0.0000000000
173945  -27.148  -1.343  -6.139 0.0000000000
173961  -25.376  -1.119  -7.052 0.0000000000
173962  -26.299  -0.867  -6.620 0.0000000000
173979  -25.407  -0.559  -7.077 0.0000000000
175190  -28.882  -0.676  -4.057 0.0000000000
175211  -28.025  -0.284  -5.522 0.0000000000
175222  -27.039  0.018  -6.114 0.0000000000
175240  -25.964  0.382  -6.431 0.0000000000
175241  -26.498  -0.275  -6.388 0.0000000000
175290  -24.074  -0.622  -9.836 0.0000000000
176455  -31.163  0.129  -2.708 0.0000000000
176481  -28.677  -0.139  -4.864 0.0000000000
176482  -28.885  -0.089  -4.287 0.0000000000
176523  -26.519  0.804  -6.025 0.0000000000
176559  -25.236  0.005  -8.391 0.0000000000
176594  -24.865  -0.202  -9.909 0.0000000000
176595  -25.356  0.057  -9.789 0.0000000000
176606  -23.932  0.085  -9.801 0.0000000000
177792  -27.804  1.053  -5.644 0.0000000000
177806  -26.417  1.239  -6.056 0.0000000000
177826  -26.328  1.144  -7.140 0.0000000000
177883  -25.458  0.605  -9.839 0.0000000000
179025  -30.258  1.796  -3.593 0.0000000000
179051  -28.181  2.006  -5.037 0.0000000000
179060  -27.524  1.963  -5.855 0.0000000000
179078  -26.529  1.618  -6.946 0.0000000000
179105  -26.335  2.076  -7.399 0.0000000000
180331  -28.255  2.750  -4.962 0.0000000000
180343  -27.506  2.592  -5.455 0.0000000000
180376  -26.877  2.532  -7.207 0.0000000000
181594  -28.558  3.321  -4.723 0.0000000000
181614  -26.894  3.556  -4.984 0.0000000000
181623  -26.847  3.131  -6.020 0.0000000000
182818  -27.249  3.902  -5.083 0.0000000000
183977  -31.907  3.934  -2.653 0.0000000000
183979  -32.626  4.378  -2.691 0.0000000000
183985  -31.756  4.625  -2.601 0.0000000000
185176  -30.712  4.956  -2.715 0.0000000000
186345  -32.834  5.826  -2.365 0.0000000000
186346  -33.277  5.639  -2.636 0.0000000000
188822  -33.840  7.056  -3.503 0.0000000000
188823  -34.187  7.198  -3.911 0.0000000000
191512  -34.689  8.931  -3.337 0.0000000000
191524  -35.975  9.081  -4.124 0.0000000000
192796  -35.501  9.634  -3.794 0.0000000000
192797  -35.918  9.969  -4.330 0.0000000000
194082  -35.683  10.616  -4.602 0.0000000000
194118  -32.538  10.976  -5.875 0.0000000000
195337  -27.994  10.905  -5.950 0.0000000000
195338  -28.509  10.802  -5.741 0.0000000000
195343  -27.840  10.980  -6.860 0.0000000000
195344  -28.335  10.978  -6.861 0.0000000000
195354  -28.032  11.104  -7.010 0.0000000000
195356  -29.781  11.082  -6.115 0.0000000000
195358  -32.761  11.262  -5.980 0.0000000000
195359  -33.812  11.128  -6.599 0.0000000000
196587  -27.693  11.141  -5.986 0.0000000000
196588  -30.242  11.299  -6.033 0.0000000000
196595  -27.794  11.154  -6.949 0.0000000000
196596  -27.930  11.339  -7.010 0.0000000000
196597  -28.603  11.484  -6.794 0.0000000000
196601  -32.246  11.641  -6.062 0.0000000000
197761  -25.922  12.400  -6.028 0.0000000000
197769  -27.513  12.581  -6.211 0.0000000000
197770  -27.918  11.748  -6.831 0.0000000000
197774  -30.281  12.225  -6.465 0.0000000000
197775  -30.908  12.268  -6.242 0.0000000000
197776  -31.880  12.599  -6.394 0.0000000000
198951  -27.710  13.057  -6.162 0.0000000000
198955  -26.976  12.961  -6.251 0.0000000000
198956  -27.616  12.506  -6.287 0.0000000000
198957  -28.134  12.794  -6.487 0.0000000000
198958  -28.785  12.778  -6.803 0.0000000000
198961  -31.233  12.694  -6.397 0.0000000000
198963  -32.111  13.079  -6.751 0.0000000000
200268  -28.963  13.354  -7.085 0.0000000000
200269  -29.571  13.238  -6.958 0.0000000000
200270  -30.305  13.202  -6.754 0.0000000000
200271  -31.215  13.532  -6.811 0.0000000000
200273  -32.178  13.437  -7.070 0.0000000000
200275  -31.946  13.815  -7.241 0.0000000000
201531  -25.590  14.182  -6.416 0.0000000000
201532  -27.042  13.898  -6.448 0.0000000000
201534  -28.149  14.108  -6.159 0.0000000000
201536  -28.464  13.642  -6.908 0.0000000000
201539  -30.903  13.956  -7.008 0.0000000000
201540  -31.519  13.939  -7.055 0.0000000000
202789  -26.872  15.103  -6.560 0.0000000000
202797  -30.542  14.724  -7.333 0.0000000000
292270  -28.742  4.907  -4.581 0.0000000000
292739  -32.386  10.613  -5.638 0.0000000000
292746  -33.184  11.520  -4.670 0.0000000000
292777  -28.563  4.382  -4.929 0.0000000000
292816  -32.456  2.145  -2.250 0.0000000000
292842  -32.686  2.624  -2.342 0.0000000000
292868  -31.263  11.104  -5.929 0.0000000000
292912  -29.465  3.674  -4.131 0.0000000000
293076  -33.804  10.241  -6.114 0.0000000000
293195  -29.615  4.516  -3.927 0.0000000000
293224  -30.739  2.111  -3.221 0.0000000000
293490  -28.979  10.875  -6.488 0.0000000000
293761  -30.672  1.465  -3.296 0.0000000000
295328  -35.005  9.771  -3.370 0.0000000000
298952  -29.869  11.639  -6.398 0.0000000000
300089  -36.198  10.203  -4.974 0.0000000000
303419  -29.254  11.751  -6.598 0.0000000000
305397  -23.968  -13.666  -0.879 0.0000000000
306433  -25.695  -7.506  -3.990 0.0000000000
313522  -27.581  1.458  -5.746 0.0000000000
316452  -31.202  4.680  -2.927 0.0000000000
317828  -29.055  1.252  -4.296 0.0000000000
320539  -28.295  -1.552  -5.026 0.0000000000
322225  -28.963  0.574  -4.346 0.0000000000
323605  -28.288  -4.790  -3.827 0.0000000000
324573  -28.353  0.541  -5.177 0.0000000000
324718  -28.068  -0.753  -5.434 0.0000000000
325647  -24.045  -3.242  -7.562 0.0000000000
326774  -27.146  -3.642  -5.346 0.0000000000
326920  -26.538  -8.624  -2.984 0.0000000000
326979  -28.540  -2.311  -4.613 0.0000000000
327092  -24.460  -1.149  -8.942 0.0000000000
328548  -31.546  11.447  -5.991 0.0000000000
330308  -28.418  1.428  -5.066 0.0000000000
332035  -34.192  11.526  -5.069 0.0000000000
332037  -30.697  10.208  -5.476 0.0000000000
332062  -34.866  11.190  -4.854 0.0000000000
332066  -34.441  11.982  -4.736 0.0000000000
332082  -30.770  10.582  -5.731 0.0000000000
332240  -32.004  10.828  -5.778 0.0000000000
332275  -28.832  5.318  -4.932 0.0000000000
332374  -30.099  4.427  -3.524 0.0000000000
332384  -30.829  11.197  -5.949 0.0000000000
332399  -33.710  11.413  -3.960 0.0000000000
332972  -29.336  10.905  -6.314 0.0000000000
332984  -32.929  10.443  -5.650 0.0000000000
333033  -33.930  11.901  -4.690 0.0000000000
333070  -31.185  10.416  -5.635 0.0000000000
333198  -31.537  1.837  -2.542 0.0000000000
333261  -30.184  10.452  -5.545 0.0000000000
335344  -28.831  -4.607  -3.633 0.0000000000
335821  -30.684  13.530  -6.801 0.0000000000
336459  -29.562  5.014  -3.851 0.0000000000
337499  -29.316  12.738  -6.746 0.0000000000
338450  -30.932  2.621  -2.972 0.0000000000
338865  -26.818  -0.938  -6.373 0.0000000000
339279  -24.810  -13.987  -0.413 0.0000000000
341623  -24.170  -2.792  -8.509 0.0000000000
343624  -32.940  11.810  -6.147 0.0000000000
346715  -27.256  -1.743  -6.036 0.0000000000
347346  -25.988  -4.645  -5.660 0.0000000000
347419  -28.113  -5.543  -3.556 0.0000000000
350797  -29.373  -2.773  -4.069 0.0000000000
350870  -33.319  11.382  -6.189 0.0000000000
353052  -32.205  1.720  -2.189 0.0000000000
353234  -26.977  -7.019  -3.660 0.0000000000
354116  -24.578  -1.205  -7.677 0.0000000000
354318  -24.433  -14.135  -0.378 0.0000000000
