#!ascii label  , from subject sub-v2s5x29558_ses-1 vox2ras=TkReg
712
46907  48.421  -63.114  15.533 0.0000000000
35241  50.598  -69.762  12.351 0.0000000000
35189  49.307  -69.831  15.059 0.0000000000
296565  53.769  -64.729  13.760 0.0000000000
28341  50.949  -73.392  16.053 0.0000000000
32411  51.600  -70.926  17.089 0.0000000000
24682  47.951  -75.190  16.001 0.0000000000
38095  53.751  -67.645  13.228 0.0000000000
45709  55.289  -64.323  10.192 0.0000000000
40782  49.725  -66.319  13.905 0.0000000000
318802  52.234  -66.993  15.871 0.0000000000
36554  54.986  -68.210  16.169 0.0000000000
31095  51.881  -71.204  14.210 0.0000000000
24747  49.528  -75.294  13.187 0.0000000000
49874  45.864  -61.779  14.344 0.0000000000
303261  46.449  -65.851  12.943 0.0000000000
38043  46.057  -68.666  15.601 0.0000000000
47003  51.305  -63.534  11.112 0.0000000000
27093  47.488  -74.048  15.485 0.0000000000
36646  52.886  -69.079  12.864 0.0000000000
39536  54.145  -67.172  11.237 0.0000000000
313543  49.712  -68.192  14.276 0.0000000000
36589  50.927  -68.333  14.977 0.0000000000
327906  51.558  -72.349  17.155 0.0000000000
36550  53.522  -69.292  17.724 0.0000000000
32409  53.230  -70.900  16.244 0.0000000000
35186  53.427  -69.673  15.118 0.0000000000
31086  52.048  -71.633  15.094 0.0000000000
325784  49.582  -74.302  12.643 0.0000000000
311567  45.015  -67.038  15.291 0.0000000000
39461  46.713  -67.420  13.747 0.0000000000
38059  44.896  -68.134  15.705 0.0000000000
45619  52.420  -64.553  14.215 0.0000000000
45667  52.886  -64.064  12.234 0.0000000000
45722  55.641  -64.566  9.258 0.0000000000
45725  53.223  -64.049  9.337 0.0000000000
32427  48.533  -71.031  16.060 0.0000000000
33772  50.198  -70.340  15.720 0.0000000000
31069  48.686  -72.022  16.452 0.0000000000
28320  49.538  -73.668  17.225 0.0000000000
333169  49.580  -74.725  17.083 0.0000000000
43280  54.187  -66.042  13.514 0.0000000000
45665  54.060  -64.361  12.100 0.0000000000
340136  54.281  -66.465  11.128 0.0000000000
313254  54.910  -65.903  9.412 0.0000000000
32478  48.712  -70.951  12.563 0.0000000000
44431  48.727  -64.870  13.935 0.0000000000
291693  51.264  -64.949  16.170 0.0000000000
43223  52.786  -65.514  16.113 0.0000000000
36557  52.250  -68.813  16.454 0.0000000000
306487  53.809  -67.365  17.240 0.0000000000
43220  54.648  -65.823  15.885 0.0000000000
38052  54.161  -67.547  15.212 0.0000000000
36618  53.385  -68.912  13.969 0.0000000000
342559  51.802  -70.669  13.166 0.0000000000
27107  50.206  -74.052  14.816 0.0000000000
27118  50.580  -73.510  13.919 0.0000000000
323977  50.234  -72.764  13.306 0.0000000000
31106  48.967  -71.947  12.929 0.0000000000
52858  46.538  -60.734  15.813 0.0000000000
48328  46.926  -62.541  14.881 0.0000000000
46958  46.398  -63.504  13.123 0.0000000000
45651  47.680  -64.468  13.260 0.0000000000
40800  48.233  -66.120  13.101 0.0000000000
38085  48.320  -68.065  13.711 0.0000000000
36594  47.852  -69.243  14.865 0.0000000000
35193  45.674  -69.890  15.086 0.0000000000
33776  46.734  -70.564  15.941 0.0000000000
45697  53.107  -64.031  10.893 0.0000000000
49855  47.925  -62.130  15.623 0.0000000000
51441  48.622  -61.378  14.307 0.0000000000
49854  48.519  -62.215  15.411 0.0000000000
35239  51.906  -69.783  12.487 0.0000000000
36694  52.596  -68.626  11.664 0.0000000000
36606  49.524  -68.705  14.477 0.0000000000
38055  50.548  -68.124  14.636 0.0000000000
35188  50.376  -69.319  15.117 0.0000000000
29647  51.504  -72.551  16.978 0.0000000000
31052  52.549  -71.602  17.198 0.0000000000
29655  52.347  -72.088  16.411 0.0000000000
32424  52.832  -71.181  15.790 0.0000000000
29666  51.656  -72.496  15.765 0.0000000000
23494  49.659  -75.556  9.624 0.0000000000
39433  45.055  -67.409  15.543 0.0000000000
44429  53.095  -64.667  14.315 0.0000000000
45635  52.356  -64.367  13.424 0.0000000000
44445  53.016  -64.318  13.139 0.0000000000
47037  55.321  -63.888  8.702 0.0000000000
32414  48.939  -71.526  16.234 0.0000000000
29660  48.249  -72.362  16.424 0.0000000000
25924  47.747  -74.672  15.752 0.0000000000
28334  48.533  -73.535  16.589 0.0000000000
25900  48.684  -74.722  16.766 0.0000000000
27070  49.640  -74.066  17.176 0.0000000000
24664  48.945  -75.097  16.911 0.0000000000
40798  54.120  -67.214  13.288 0.0000000000
43299  54.239  -66.212  12.205 0.0000000000
339483  54.104  -67.066  12.293 0.0000000000
40861  54.569  -66.274  10.142 0.0000000000
40891  54.371  -66.629  9.044 0.0000000000
40890  54.852  -66.005  9.211 0.0000000000
317960  48.897  -65.456  13.653 0.0000000000
44412  49.572  -64.720  15.130 0.0000000000
42040  50.039  -65.969  14.422 0.0000000000
43224  52.205  -65.287  16.245 0.0000000000
42013  52.553  -65.826  16.296 0.0000000000
33762  51.049  -70.617  16.458 0.0000000000
35174  51.333  -69.669  16.026 0.0000000000
35163  51.779  -69.770  16.610 0.0000000000
36548  54.573  -68.797  17.540 0.0000000000
323761  53.471  -68.698  17.530 0.0000000000
38026  54.875  -67.606  17.453 0.0000000000
40742  54.700  -66.587  16.744 0.0000000000
39412  55.459  -67.149  16.236 0.0000000000
40760  54.503  -66.989  15.202 0.0000000000
38040  54.544  -67.911  15.659 0.0000000000
32447  52.460  -70.588  14.517 0.0000000000
33796  53.163  -69.456  14.428 0.0000000000
33811  52.663  -70.076  14.079 0.0000000000
35220  52.745  -69.674  13.593 0.0000000000
32458  51.877  -71.096  13.864 0.0000000000
19797  47.916  -78.456  8.429 0.0000000000
23435  48.880  -76.093  11.711 0.0000000000
22134  48.216  -76.815  11.365 0.0000000000
23418  48.873  -76.114  12.361 0.0000000000
24737  49.921  -74.856  14.182 0.0000000000
329584  50.564  -73.644  14.627 0.0000000000
25950  50.102  -74.426  13.947 0.0000000000
25963  48.898  -74.417  12.165 0.0000000000
28380  49.967  -73.340  13.108 0.0000000000
28381  49.188  -73.247  12.794 0.0000000000
29696  49.945  -72.322  13.158 0.0000000000
28382  48.837  -72.614  12.807 0.0000000000
336422  45.826  -60.805  15.744 0.0000000000
49858  46.254  -61.722  15.181 0.0000000000
49857  46.827  -61.806  15.620 0.0000000000
49873  46.344  -62.185  14.386 0.0000000000
42072  45.717  -65.731  13.009 0.0000000000
328837  45.695  -64.537  12.865 0.0000000000
44449  46.087  -64.889  12.840 0.0000000000
46957  46.946  -63.730  13.310 0.0000000000
44447  47.205  -64.869  12.971 0.0000000000
44446  47.797  -65.071  13.131 0.0000000000
42071  47.025  -66.206  13.044 0.0000000000
38075  46.185  -68.139  14.672 0.0000000000
39460  47.343  -67.506  13.562 0.0000000000
38073  47.350  -68.414  14.231 0.0000000000
38072  48.011  -68.527  14.037 0.0000000000
36595  47.257  -69.082  15.135 0.0000000000
32470  44.972  -71.016  12.813 0.0000000000
33798  45.759  -70.486  14.526 0.0000000000
33787  45.985  -70.293  15.292 0.0000000000
348506  54.609  -64.286  11.140 0.0000000000
294629  53.798  -64.100  11.243 0.0000000000
45696  53.797  -64.062  10.615 0.0000000000
45726  52.615  -64.053  9.445 0.0000000000
38114  53.442  -68.302  12.904 0.0000000000
39513  53.816  -67.524  11.853 0.0000000000
40772  49.667  -66.980  13.881 0.0000000000
332732  50.147  -66.590  14.260 0.0000000000
40771  50.185  -67.249  14.273 0.0000000000
38054  51.341  -67.890  15.159 0.0000000000
32398  51.484  -71.711  17.217 0.0000000000
33760  52.595  -70.345  17.638 0.0000000000
33746  52.800  -70.748  17.654 0.0000000000
35152  53.775  -69.978  17.469 0.0000000000
33758  53.829  -69.905  16.463 0.0000000000
36570  54.445  -68.552  15.652 0.0000000000
33770  53.484  -70.370  15.900 0.0000000000
32436  52.732  -70.873  15.138 0.0000000000
31090  51.900  -71.367  14.603 0.0000000000
24755  49.759  -74.947  12.894 0.0000000000
24777  49.269  -75.437  11.246 0.0000000000
25980  49.252  -75.281  10.800 0.0000000000
40789  45.398  -66.573  13.825 0.0000000000
40787  46.472  -66.888  13.523 0.0000000000
40773  45.400  -67.185  14.387 0.0000000000
39447  45.766  -67.752  14.777 0.0000000000
38044  45.563  -68.212  15.738 0.0000000000
46954  51.760  -63.567  12.616 0.0000000000
45680  51.974  -63.694  11.562 0.0000000000
45708  55.571  -64.386  9.723 0.0000000000
45724  54.452  -63.992  9.771 0.0000000000
325265  54.838  -63.952  9.358 0.0000000000
45739  53.909  -63.907  8.662 0.0000000000
33773  48.860  -70.575  15.572 0.0000000000
35176  49.821  -69.992  15.318 0.0000000000
32426  49.259  -71.026  15.869 0.0000000000
296124  49.723  -71.516  16.096 0.0000000000
31067  50.135  -71.933  16.630 0.0000000000
29658  49.398  -72.554  16.688 0.0000000000
31056  50.576  -72.423  17.058 0.0000000000
29648  50.783  -72.886  17.069 0.0000000000
27068  50.613  -73.514  17.129 0.0000000000
44426  53.959  -65.038  14.153 0.0000000000
44443  53.819  -64.703  13.090 0.0000000000
43298  54.209  -65.638  12.942 0.0000000000
44466  54.507  -64.846  11.406 0.0000000000
44476  54.857  -64.677  10.854 0.0000000000
328732  54.323  -66.619  10.767 0.0000000000
42105  54.629  -66.128  10.317 0.0000000000
43315  55.205  -65.051  10.023 0.0000000000
303730  55.377  -65.128  9.523 0.0000000000
43351  55.561  -65.099  8.906 0.0000000000
317429  49.692  -70.300  12.575 0.0000000000
45624  48.204  -63.937  14.714 0.0000000000
46906  48.929  -63.391  15.707 0.0000000000
45623  48.806  -63.971  15.282 0.0000000000
44391  52.753  -64.680  15.425 0.0000000000
43237  53.595  -64.740  15.123 0.0000000000
38041  52.221  -68.215  16.123 0.0000000000
36556  52.874  -69.059  17.197 0.0000000000
38035  52.875  -68.315  16.776 0.0000000000
39420  52.719  -67.088  16.286 0.0000000000
40750  53.396  -66.370  16.501 0.0000000000
42011  53.849  -65.785  15.899 0.0000000000
44389  54.149  -64.858  14.899 0.0000000000
43248  54.126  -65.859  14.680 0.0000000000
292157  54.190  -67.114  13.978 0.0000000000
298449  53.790  -67.755  13.950 0.0000000000
36588  53.890  -68.740  15.150 0.0000000000
38068  53.748  -68.161  14.481 0.0000000000
315868  53.598  -68.104  13.542 0.0000000000
35219  52.915  -69.214  13.294 0.0000000000
33834  52.278  -69.817  12.848 0.0000000000
33835  51.843  -70.266  12.829 0.0000000000
24681  49.371  -75.338  15.872 0.0000000000
20907  48.132  -77.051  10.367 0.0000000000
304273  49.452  -75.273  14.669 0.0000000000
27098  50.694  -73.600  15.419 0.0000000000
28349  50.952  -73.101  15.269 0.0000000000
29678  51.397  -72.210  14.671 0.0000000000
29686  51.341  -72.049  14.309 0.0000000000
324630  50.360  -73.615  13.471 0.0000000000
28379  50.540  -73.134  13.579 0.0000000000
31097  51.230  -71.988  13.949 0.0000000000
314649  50.812  -71.535  13.304 0.0000000000
32467  50.553  -71.214  13.077 0.0000000000
32476  50.130  -70.778  12.813 0.0000000000
321075  48.674  -71.537  12.778 0.0000000000
54289  46.659  -59.629  14.637 0.0000000000
52859  46.352  -60.123  15.739 0.0000000000
52867  47.119  -60.422  15.207 0.0000000000
51413  47.294  -61.310  15.682 0.0000000000
49856  47.347  -61.881  15.697 0.0000000000
48327  47.350  -62.895  15.014 0.0000000000
45655  44.929  -64.157  12.851 0.0000000000
48348  46.151  -62.414  13.659 0.0000000000
46944  46.752  -63.197  13.608 0.0000000000
46943  47.269  -63.463  13.906 0.0000000000
46942  47.749  -63.716  14.244 0.0000000000
44432  48.182  -64.691  13.614 0.0000000000
43266  48.346  -65.238  13.387 0.0000000000
42053  48.750  -66.057  13.352 0.0000000000
40786  47.059  -67.026  13.366 0.0000000000
308323  48.128  -67.039  13.310 0.0000000000
317870  49.021  -66.994  13.584 0.0000000000
38084  48.919  -68.019  13.884 0.0000000000
36607  48.896  -68.891  14.395 0.0000000000
36593  48.507  -69.362  14.652 0.0000000000
35179  46.539  -69.642  15.760 0.0000000000
35177  47.586  -69.956  15.678 0.0000000000
33785  48.301  -70.212  15.416 0.0000000000
45666  53.546  -64.179  12.177 0.0000000000
45698  52.408  -63.929  11.169 0.0000000000
306718  52.049  -63.883  10.715 0.0000000000
294595  53.018  -64.057  9.770 0.0000000000
45713  52.026  -63.968  10.236 0.0000000000
20898  48.078  -77.045  10.897 0.0000000000
20908  47.842  -77.688  10.014 0.0000000000
20930  47.895  -77.888  9.397 0.0000000000
20949  48.043  -77.916  8.817 0.0000000000
22133  48.445  -76.559  11.961 0.0000000000
23302  48.665  -75.514  16.429 0.0000000000
23303  48.297  -75.708  16.309 0.0000000000
23326  47.976  -75.869  15.938 0.0000000000
23327  47.559  -76.144  15.643 0.0000000000
23386  49.227  -75.632  13.522 0.0000000000
23401  49.215  -75.720  12.769 0.0000000000
23417  49.144  -75.759  12.096 0.0000000000
23450  49.355  -75.666  10.800 0.0000000000
24646  49.568  -74.960  16.942 0.0000000000
24647  49.351  -74.898  17.104 0.0000000000
24662  49.704  -75.027  16.349 0.0000000000
24663  49.222  -75.244  16.615 0.0000000000
24665  48.483  -75.211  16.478 0.0000000000
24683  47.587  -75.386  15.618 0.0000000000
24704  49.922  -74.698  15.258 0.0000000000
24725  49.884  -74.888  14.716 0.0000000000
24738  49.560  -75.219  13.886 0.0000000000
24746  49.925  -74.923  13.532 0.0000000000
24756  49.366  -75.329  12.516 0.0000000000
24769  49.186  -75.370  11.863 0.0000000000
24785  49.451  -75.462  10.231 0.0000000000
25875  49.734  -74.269  17.085 0.0000000000
25876  49.489  -74.527  17.130 0.0000000000
25898  49.865  -74.600  16.782 0.0000000000
25899  49.134  -74.690  17.124 0.0000000000
25923  48.180  -74.692  16.261 0.0000000000
25937  50.087  -74.319  14.952 0.0000000000
25944  50.096  -74.386  14.486 0.0000000000
25955  49.999  -74.480  13.196 0.0000000000
25962  49.440  -74.890  12.364 0.0000000000
25973  49.070  -75.052  11.371 0.0000000000
27069  50.027  -73.699  17.218 0.0000000000
27071  49.298  -74.153  17.112 0.0000000000
27083  50.169  -73.967  16.938 0.0000000000
27084  48.834  -74.188  16.925 0.0000000000
27085  48.361  -74.118  16.429 0.0000000000
27092  47.893  -74.069  15.971 0.0000000000
27099  50.316  -73.903  15.198 0.0000000000
27106  50.576  -73.676  15.081 0.0000000000
27112  50.702  -73.351  14.362 0.0000000000
27113  50.330  -73.890  14.295 0.0000000000
27119  50.234  -73.977  13.697 0.0000000000
27120  50.016  -73.919  13.104 0.0000000000
27127  48.965  -73.821  12.448 0.0000000000
28317  50.958  -72.980  16.991 0.0000000000
28318  50.503  -73.291  17.178 0.0000000000
28319  49.993  -73.345  17.263 0.0000000000
28329  51.633  -72.610  16.411 0.0000000000
28330  51.247  -72.977  16.611 0.0000000000
28332  49.466  -73.117  17.005 0.0000000000
28333  49.014  -73.308  16.828 0.0000000000
28340  51.340  -72.868  15.889 0.0000000000
28342  48.031  -73.573  16.224 0.0000000000
28348  51.101  -72.723  14.777 0.0000000000
28359  50.899  -72.915  14.494 0.0000000000
28369  50.762  -72.838  14.031 0.0000000000
28388  48.570  -73.251  12.348 0.0000000000
29646  51.980  -72.133  17.141 0.0000000000
29649  50.311  -72.925  17.132 0.0000000000
29650  49.836  -72.904  17.023 0.0000000000
29656  52.007  -72.347  16.758 0.0000000000
29657  49.955  -72.458  16.873 0.0000000000
29659  48.903  -72.716  16.572 0.0000000000
29661  47.704  -72.090  16.401 0.0000000000
29665  52.032  -72.350  16.071 0.0000000000
29672  51.856  -72.129  15.422 0.0000000000
29673  51.428  -72.475  15.208 0.0000000000
29677  51.782  -71.839  14.970 0.0000000000
29679  51.086  -72.511  14.435 0.0000000000
29687  50.942  -72.436  14.075 0.0000000000
29695  50.735  -72.492  13.718 0.0000000000
29697  49.337  -72.314  13.011 0.0000000000
31053  52.288  -72.014  16.995 0.0000000000
31054  51.777  -72.042  17.286 0.0000000000
31055  51.277  -72.344  17.183 0.0000000000
31065  52.566  -71.798  16.707 0.0000000000
31066  50.799  -71.836  16.950 0.0000000000
31068  49.462  -72.009  16.495 0.0000000000
31070  47.930  -71.764  16.448 0.0000000000
31077  52.581  -71.660  16.099 0.0000000000
31078  52.231  -71.912  15.717 0.0000000000
31085  52.386  -71.377  15.398 0.0000000000
31091  51.612  -71.674  14.464 0.0000000000
31096  51.573  -71.539  14.120 0.0000000000
31102  51.422  -71.462  13.678 0.0000000000
31103  50.820  -72.012  13.513 0.0000000000
31104  50.359  -71.764  13.236 0.0000000000
31105  49.594  -71.823  13.088 0.0000000000
31113  48.226  -71.468  12.412 0.0000000000
32394  53.210  -70.930  17.024 0.0000000000
32395  52.862  -71.090  17.408 0.0000000000
32396  52.463  -71.309  17.496 0.0000000000
32397  52.014  -71.501  17.398 0.0000000000
32410  52.864  -71.347  16.657 0.0000000000
32412  50.975  -71.199  16.669 0.0000000000
32413  49.947  -70.897  15.933 0.0000000000
32415  48.172  -71.402  16.442 0.0000000000
32416  47.871  -70.939  16.212 0.0000000000
32417  47.569  -71.331  16.424 0.0000000000
32423  53.079  -70.678  15.429 0.0000000000
32425  49.555  -70.515  15.613 0.0000000000
32435  52.819  -70.357  14.796 0.0000000000
32437  52.232  -71.111  14.787 0.0000000000
32448  52.036  -71.063  14.302 0.0000000000
32456  52.465  -70.394  14.206 0.0000000000
32457  52.179  -70.752  13.981 0.0000000000
32459  45.695  -70.864  13.856 0.0000000000
32460  45.404  -70.863  13.310 0.0000000000
32464  52.120  -70.670  13.666 0.0000000000
32465  51.694  -70.983  13.377 0.0000000000
32466  51.128  -71.125  13.057 0.0000000000
32468  49.843  -71.270  13.085 0.0000000000
32469  49.170  -71.361  12.987 0.0000000000
32477  49.422  -70.831  12.728 0.0000000000
32479  48.136  -70.870  12.148 0.0000000000
33745  53.263  -70.520  17.626 0.0000000000
33747  52.287  -70.887  17.527 0.0000000000
33759  53.538  -70.496  16.844 0.0000000000
33761  51.393  -70.222  16.513 0.0000000000
33763  50.557  -70.731  16.163 0.0000000000
33771  50.852  -70.149  15.914 0.0000000000
33774  48.237  -70.640  15.853 0.0000000000
33775  47.119  -70.265  15.962 0.0000000000
33777  46.318  -70.058  15.740 0.0000000000
33782  53.157  -70.083  15.175 0.0000000000
33783  49.297  -70.227  15.297 0.0000000000
33784  48.913  -70.158  15.176 0.0000000000
33786  46.333  -70.633  15.529 0.0000000000
33797  52.807  -70.019  14.339 0.0000000000
33812  52.453  -70.196  13.795 0.0000000000
33824  52.268  -70.278  13.394 0.0000000000
33825  51.465  -70.721  12.985 0.0000000000
33826  50.831  -70.751  12.855 0.0000000000
33836  51.102  -70.276  12.662 0.0000000000
33837  50.356  -70.235  12.661 0.0000000000
33838  49.069  -70.374  12.401 0.0000000000
35151  54.289  -69.409  17.094 0.0000000000
35161  54.246  -69.315  16.077 0.0000000000
35162  52.932  -69.796  17.677 0.0000000000
35172  53.856  -69.134  15.272 0.0000000000
35173  53.669  -69.756  15.582 0.0000000000
35178  47.023  -69.771  15.794 0.0000000000
35181  45.781  -68.821  15.661 0.0000000000
35185  53.626  -69.057  14.846 0.0000000000
35187  50.909  -68.936  15.200 0.0000000000
35190  48.725  -69.790  14.948 0.0000000000
35191  48.049  -69.701  15.119 0.0000000000
35192  47.433  -69.509  15.382 0.0000000000
35198  53.081  -69.344  14.172 0.0000000000
35204  52.980  -69.269  13.754 0.0000000000
35205  52.747  -69.810  13.927 0.0000000000
35221  52.502  -69.901  13.350 0.0000000000
35238  52.683  -69.567  13.107 0.0000000000
35240  51.355  -69.798  12.372 0.0000000000
35257  52.220  -69.494  12.424 0.0000000000
36549  53.976  -68.713  17.685 0.0000000000
36555  54.788  -68.793  16.645 0.0000000000
36558  51.766  -69.239  16.189 0.0000000000
36569  54.667  -68.080  15.769 0.0000000000
36573  46.881  -69.314  15.627 0.0000000000
36587  54.271  -68.099  15.350 0.0000000000
36590  50.487  -68.717  14.822 0.0000000000
36591  49.927  -68.992  14.785 0.0000000000
36592  49.256  -69.299  14.733 0.0000000000
36596  46.669  -68.905  15.437 0.0000000000
36603  53.984  -68.176  15.084 0.0000000000
36604  53.589  -68.888  14.626 0.0000000000
36605  53.320  -69.180  14.353 0.0000000000
36608  48.257  -68.963  14.342 0.0000000000
36609  47.630  -68.854  14.533 0.0000000000
36610  47.015  -68.690  14.836 0.0000000000
36617  53.596  -68.585  14.254 0.0000000000
36625  53.532  -68.543  13.823 0.0000000000
36626  53.115  -68.971  13.489 0.0000000000
36645  53.095  -68.790  12.970 0.0000000000
36647  52.645  -69.369  12.641 0.0000000000
36673  53.002  -68.463  11.928 0.0000000000
38025  55.421  -67.393  16.953 0.0000000000
38027  54.502  -68.098  17.693 0.0000000000
38031  55.181  -67.660  15.957 0.0000000000
38032  55.280  -67.760  16.151 0.0000000000
38033  55.120  -68.120  17.096 0.0000000000
38034  53.807  -68.007  17.574 0.0000000000
38039  54.436  -67.647  15.589 0.0000000000
38042  51.777  -68.053  15.597 0.0000000000
38045  45.311  -68.329  15.737 0.0000000000
38046  44.737  -67.561  15.726 0.0000000000
38053  54.186  -67.987  15.306 0.0000000000
38056  46.431  -68.499  15.132 0.0000000000
38057  45.978  -68.036  14.923 0.0000000000
38067  53.933  -67.955  14.780 0.0000000000
38069  50.079  -68.445  14.531 0.0000000000
38070  49.193  -68.401  14.196 0.0000000000
38071  48.612  -68.514  14.066 0.0000000000
38074  46.706  -68.270  14.486 0.0000000000
38081  53.705  -67.890  13.911 0.0000000000
38082  53.695  -67.989  14.050 0.0000000000
38083  49.270  -67.541  13.822 0.0000000000
38086  47.684  -68.046  13.748 0.0000000000
38096  53.587  -67.949  12.952 0.0000000000
38097  53.430  -68.532  13.329 0.0000000000
38113  53.596  -67.900  12.696 0.0000000000
39406  55.285  -66.849  16.810 0.0000000000
39407  54.818  -67.094  17.236 0.0000000000
39408  54.348  -67.473  17.563 0.0000000000
39413  53.184  -67.602  16.753 0.0000000000
39419  55.180  -67.298  15.892 0.0000000000
39421  52.225  -67.584  15.899 0.0000000000
39422  51.794  -67.308  15.413 0.0000000000
39423  45.174  -67.871  15.762 0.0000000000
39429  54.596  -67.117  15.347 0.0000000000
39432  45.478  -67.795  15.691 0.0000000000
39441  54.141  -67.381  14.824 0.0000000000
39442  50.587  -67.513  14.544 0.0000000000
39443  50.159  -67.876  14.378 0.0000000000
39444  49.766  -67.659  14.099 0.0000000000
39445  47.031  -67.935  13.965 0.0000000000
39446  46.374  -67.837  14.234 0.0000000000
39448  45.350  -67.429  15.343 0.0000000000
39456  54.088  -67.314  13.859 0.0000000000
39457  53.967  -67.556  14.384 0.0000000000
39458  48.585  -67.399  13.548 0.0000000000
39459  47.950  -67.536  13.491 0.0000000000
39462  46.035  -67.364  14.012 0.0000000000
39472  53.835  -67.595  13.451 0.0000000000
39484  53.886  -67.361  12.800 0.0000000000
39485  53.716  -67.580  12.643 0.0000000000
39514  53.733  -67.633  11.748 0.0000000000
39563  54.127  -67.137  9.687 0.0000000000
40741  55.186  -66.566  16.344 0.0000000000
40743  54.026  -66.894  17.025 0.0000000000
40744  53.354  -66.961  16.659 0.0000000000
40748  55.284  -66.785  15.973 0.0000000000
40749  55.004  -66.311  16.007 0.0000000000
40751  52.899  -66.347  16.381 0.0000000000
40752  52.423  -66.396  16.197 0.0000000000
40759  54.322  -66.899  15.043 0.0000000000
40769  54.341  -67.248  14.955 0.0000000000
40774  44.978  -66.659  14.540 0.0000000000
40780  54.183  -66.971  14.690 0.0000000000
40781  54.178  -66.994  13.944 0.0000000000
40783  49.143  -66.481  13.571 0.0000000000
40784  48.540  -66.659  13.292 0.0000000000
40785  47.631  -67.059  13.282 0.0000000000
40788  45.883  -66.834  13.722 0.0000000000
40799  54.054  -67.146  12.818 0.0000000000
40801  47.934  -66.593  13.139 0.0000000000
40802  47.364  -66.606  13.148 0.0000000000
40803  46.882  -66.641  13.209 0.0000000000
40818  54.174  -66.957  11.575 0.0000000000
40819  54.066  -67.289  11.927 0.0000000000
40838  54.161  -67.044  11.355 0.0000000000
40862  54.325  -66.716  10.607 0.0000000000
40880  54.731  -66.139  9.497 0.0000000000
40881  54.436  -66.538  9.981 0.0000000000
42003  54.696  -66.154  16.229 0.0000000000
42004  53.869  -66.258  16.430 0.0000000000
42009  55.018  -66.481  15.728 0.0000000000
42010  54.554  -65.898  15.717 0.0000000000
42012  53.262  -65.911  16.190 0.0000000000
42025  54.489  -66.152  15.060 0.0000000000
42026  54.686  -66.403  15.408 0.0000000000
42039  54.190  -66.691  14.748 0.0000000000
42041  49.657  -65.813  14.114 0.0000000000
42052  54.167  -66.810  14.182 0.0000000000
42054  46.507  -66.412  13.229 0.0000000000
42055  45.936  -66.298  13.342 0.0000000000
42068  54.182  -66.849  13.612 0.0000000000
42069  54.102  -67.000  12.810 0.0000000000
42070  47.648  -66.122  13.017 0.0000000000
42085  54.163  -66.904  12.120 0.0000000000
42123  54.807  -66.028  10.076 0.0000000000
42132  55.112  -65.634  9.084 0.0000000000
42143  55.238  -65.489  8.834 0.0000000000
43221  53.612  -65.070  15.505 0.0000000000
43222  53.133  -65.032  15.678 0.0000000000
43225  51.676  -65.303  16.224 0.0000000000
43234  54.596  -65.795  15.204 0.0000000000
43235  54.237  -65.426  15.278 0.0000000000
43236  53.977  -64.878  15.121 0.0000000000
43238  52.710  -64.979  15.853 0.0000000000
43239  52.231  -64.775  15.857 0.0000000000
43250  49.787  -65.355  14.626 0.0000000000
43263  54.028  -66.067  14.286 0.0000000000
43264  54.047  -65.762  14.007 0.0000000000
43265  49.393  -65.511  14.060 0.0000000000
43279  54.129  -66.418  13.916 0.0000000000
43281  54.216  -66.407  12.822 0.0000000000
43282  48.455  -65.705  13.210 0.0000000000
43283  47.971  -65.646  13.063 0.0000000000
43284  46.619  -65.208  12.844 0.0000000000
43285  46.053  -65.358  12.856 0.0000000000
43308  54.434  -65.620  11.356 0.0000000000
43316  55.041  -65.192  10.325 0.0000000000
43333  55.091  -65.594  9.408 0.0000000000
43341  55.330  -65.394  9.092 0.0000000000
44388  54.256  -65.238  14.901 0.0000000000
44390  53.228  -64.711  14.997 0.0000000000
44407  54.081  -65.371  14.509 0.0000000000
44408  54.242  -64.834  14.625 0.0000000000
44409  54.059  -64.654  14.762 0.0000000000
44410  53.785  -64.611  14.473 0.0000000000
44411  52.735  -64.653  14.813 0.0000000000
44413  48.995  -64.568  14.829 0.0000000000
44427  54.018  -64.750  14.337 0.0000000000
44428  53.436  -64.566  13.753 0.0000000000
44430  49.232  -65.071  14.325 0.0000000000
44441  54.009  -65.342  13.564 0.0000000000
44442  53.937  -64.902  13.734 0.0000000000
44444  53.584  -64.490  13.116 0.0000000000
44448  46.631  -64.633  12.919 0.0000000000
44450  45.171  -64.645  12.890 0.0000000000
44451  44.599  -64.701  12.980 0.0000000000
44457  54.225  -65.108  12.178 0.0000000000
44458  54.022  -64.573  12.467 0.0000000000
44459  53.793  -64.420  12.594 0.0000000000
44467  54.290  -64.472  11.797 0.0000000000
44488  55.337  -64.634  10.069 0.0000000000
44494  55.660  -64.767  8.807 0.0000000000
44495  55.601  -65.005  9.085 0.0000000000
45608  49.344  -63.604  15.853 0.0000000000
45622  49.461  -64.055  15.625 0.0000000000
45636  51.963  -64.276  13.957 0.0000000000
45638  48.459  -64.404  14.353 0.0000000000
45639  47.983  -64.179  13.886 0.0000000000
45640  47.479  -63.955  13.559 0.0000000000
45647  53.294  -64.199  12.658 0.0000000000
45648  52.650  -64.121  12.763 0.0000000000
45649  52.089  -63.952  12.949 0.0000000000
45652  47.108  -64.279  13.109 0.0000000000
45653  46.544  -64.082  13.029 0.0000000000
45654  45.933  -63.939  12.938 0.0000000000
45668  52.259  -63.893  12.385 0.0000000000
45675  54.604  -64.380  11.216 0.0000000000
45676  54.324  -64.278  11.501 0.0000000000
45677  53.830  -64.178  11.754 0.0000000000
45678  53.137  -64.053  11.608 0.0000000000
45679  52.396  -63.938  11.822 0.0000000000
45693  55.206  -64.635  10.264 0.0000000000
45694  54.912  -64.312  10.737 0.0000000000
45695  54.427  -64.157  10.961 0.0000000000
45699  51.789  -63.682  11.140 0.0000000000
45710  54.656  -64.100  10.371 0.0000000000
45711  53.715  -64.051  9.905 0.0000000000
45712  53.094  -64.037  10.264 0.0000000000
45723  55.335  -64.046  9.262 0.0000000000
45737  55.481  -64.128  8.981 0.0000000000
45738  54.638  -63.833  8.788 0.0000000000
45740  53.367  -63.997  8.798 0.0000000000
45742  52.203  -64.020  9.051 0.0000000000
46908  47.808  -63.004  15.337 0.0000000000
46925  48.440  -63.610  15.366 0.0000000000
46926  47.997  -63.478  15.018 0.0000000000
46927  47.525  -63.280  14.665 0.0000000000
46972  51.882  -63.575  12.045 0.0000000000
48308  49.041  -62.837  15.601 0.0000000000
48309  48.647  -62.622  15.547 0.0000000000
48310  48.118  -62.642  15.557 0.0000000000
48311  47.492  -62.513  15.536 0.0000000000
48312  47.064  -62.200  15.513 0.0000000000
48326  49.030  -62.333  15.165 0.0000000000
48346  47.071  -63.006  14.350 0.0000000000
48347  46.589  -62.676  13.966 0.0000000000
48364  46.188  -62.863  13.238 0.0000000000
49845  47.004  -61.471  15.730 0.0000000000
49872  48.865  -61.864  14.717 0.0000000000
49887  45.899  -62.091  13.816 0.0000000000
51402  46.909  -61.117  15.785 0.0000000000
51403  46.544  -61.293  15.765 0.0000000000
51404  46.138  -60.957  15.822 0.0000000000
51411  48.328  -61.718  15.098 0.0000000000
51414  45.974  -61.200  15.585 0.0000000000
52860  46.013  -60.396  15.817 0.0000000000
54275  46.722  -59.971  15.205 0.0000000000
54288  47.029  -60.059  14.751 0.0000000000
292170  45.516  -65.130  12.867 0.0000000000
292233  49.262  -65.929  13.723 0.0000000000
293765  52.534  -64.037  9.967 0.0000000000
295926  55.105  -66.982  15.695 0.0000000000
296520  49.801  -69.500  15.047 0.0000000000
296863  54.999  -64.078  9.884 0.0000000000
297439  55.588  -64.712  9.479 0.0000000000
298082  50.373  -69.820  15.471 0.0000000000
298892  53.989  -63.988  9.233 0.0000000000
299123  54.000  -65.014  12.996 0.0000000000
300637  48.634  -76.432  11.388 0.0000000000
301582  54.872  -65.754  10.141 0.0000000000
302710  46.682  -62.115  15.156 0.0000000000
304309  53.813  -67.787  14.284 0.0000000000
305728  49.012  -74.912  11.919 0.0000000000
308731  53.906  -69.340  17.650 0.0000000000
309477  45.956  -69.797  15.560 0.0000000000
311414  49.502  -72.782  13.100 0.0000000000
313360  54.725  -65.774  10.589 0.0000000000
315921  50.808  -73.229  14.740 0.0000000000
317218  52.267  -69.048  12.001 0.0000000000
318146  52.271  -69.422  16.783 0.0000000000
318388  53.109  -64.790  15.455 0.0000000000
321654  49.049  -73.779  17.000 0.0000000000
324016  46.701  -70.069  15.872 0.0000000000
324180  50.347  -71.362  16.335 0.0000000000
325315  47.049  -60.820  15.678 0.0000000000
326525  52.143  -71.787  17.282 0.0000000000
327033  52.850  -68.867  12.346 0.0000000000
327116  51.254  -72.597  17.065 0.0000000000
327910  47.691  -70.459  15.945 0.0000000000
329311  54.722  -66.112  9.910 0.0000000000
329606  44.588  -70.814  12.553 0.0000000000
331142  53.238  -65.449  15.884 0.0000000000
331572  51.743  -64.985  16.292 0.0000000000
331644  52.904  -65.979  16.312 0.0000000000
332435  45.476  -61.488  14.268 0.0000000000
333147  51.996  -64.265  14.589 0.0000000000
334025  54.710  -65.052  11.037 0.0000000000
334739  47.257  -65.578  12.922 0.0000000000
334955  45.409  -64.186  12.868 0.0000000000
335498  54.057  -65.879  14.333 0.0000000000
337054  49.401  -67.991  14.054 0.0000000000
337423  49.716  -74.662  12.739 0.0000000000
339325  53.418  -69.883  17.763 0.0000000000
340084  50.485  -72.306  13.328 0.0000000000
341266  51.957  -70.325  17.169 0.0000000000
341819  52.854  -64.551  13.719 0.0000000000
342251  45.110  -70.666  13.056 0.0000000000
342566  52.618  -67.781  16.311 0.0000000000
342578  46.745  -60.439  15.607 0.0000000000
343534  50.101  -69.657  15.231 0.0000000000
344423  47.546  -72.864  15.905 0.0000000000
344460  52.520  -64.004  10.523 0.0000000000
347287  53.060  -70.289  17.820 0.0000000000
348275  46.160  -64.422  12.910 0.0000000000
348404  49.543  -73.733  12.813 0.0000000000
348663  55.106  -63.919  9.053 0.0000000000
349019  54.084  -65.333  15.470 0.0000000000
349183  44.579  -68.201  15.339 0.0000000000
350945  53.076  -69.912  14.872 0.0000000000
351382  46.214  -66.595  13.457 0.0000000000
351976  52.262  -69.914  17.225 0.0000000000
352250  53.963  -67.740  14.600 0.0000000000
