#!ascii label  , from subject sub-v2s5x29557_ses-1 vox2ras=TkReg
2018
131501  -35.083  -22.220  64.076 0.0000000000
124826  -18.255  -25.172  68.541 0.0000000000
119605  -27.764  -27.250  66.127 0.0000000000
186046  -44.966  2.047  46.023 0.0000000000
193357  -51.728  5.001  40.298 0.0000000000
119400  -13.163  -27.563  75.479 0.0000000000
178468  -41.068  -1.656  49.441 0.0000000000
142957  -32.642  -17.994  63.316 0.0000000000
123141  -33.422  -26.623  65.333 0.0000000000
325891  -15.255  -26.389  71.557 0.0000000000
109045  -16.189  -31.813  75.321 0.0000000000
134917  -29.013  -21.229  61.852 0.0000000000
145977  -26.975  -16.439  64.245 0.0000000000
127978  -22.545  -23.709  66.958 0.0000000000
128037  -27.840  -24.498  63.465 0.0000000000
157672  -38.024  -11.871  50.844 0.0000000000
163597  -41.410  -8.763  49.368 0.0000000000
349380  -44.439  -3.752  47.299 0.0000000000
105941  -11.638  -33.394  81.326 0.0000000000
107398  -10.712  -32.885  83.442 0.0000000000
147637  -30.734  -15.026  60.207 0.0000000000
149334  -32.982  -15.021  55.594 0.0000000000
154387  -36.011  -13.209  52.279 0.0000000000
105981  -13.593  -33.819  78.432 0.0000000000
119508  -18.305  -27.583  70.266 0.0000000000
123088  -20.124  -26.157  69.495 0.0000000000
310382  -34.425  -24.517  64.632 0.0000000000
131389  -17.329  -22.125  69.645 0.0000000000
123070  -16.572  -25.746  69.992 0.0000000000
117701  -16.830  -28.201  71.206 0.0000000000
136546  -29.410  -20.940  65.218 0.0000000000
340966  -28.530  -23.697  61.629 0.0000000000
162089  -38.310  -9.472  50.636 0.0000000000
311761  -39.941  -10.436  49.797 0.0000000000
165156  -39.095  -7.967  49.974 0.0000000000
175533  -42.281  -2.645  47.611 0.0000000000
180039  -44.043  -1.206  46.178 0.0000000000
353598  -46.762  -2.840  45.970 0.0000000000
181680  -46.085  0.071  44.573 0.0000000000
183177  -48.242  0.695  43.217 0.0000000000
352845  -28.028  -13.298  64.891 0.0000000000
149193  -27.682  -14.761  62.265 0.0000000000
155921  -29.810  -12.135  61.632 0.0000000000
154322  -31.314  -13.052  55.922 0.0000000000
156056  -32.856  -12.277  53.780 0.0000000000
154353  -34.238  -13.489  53.763 0.0000000000
157636  -34.431  -11.467  52.366 0.0000000000
157648  -36.390  -11.432  52.186 0.0000000000
123128  -24.636  -25.565  66.503 0.0000000000
108994  -11.998  -32.116  78.345 0.0000000000
110736  -13.132  -31.345  76.507 0.0000000000
105917  -10.779  -33.565  84.826 0.0000000000
107381  -10.534  -33.321  85.625 0.0000000000
172642  -39.106  -4.726  50.848 0.0000000000
146000  -34.235  -16.792  63.122 0.0000000000
119631  -30.857  -27.712  65.417 0.0000000000
331285  -14.572  -27.018  73.312 0.0000000000
114129  -13.949  -30.174  74.662 0.0000000000
115880  -15.615  -29.224  72.771 0.0000000000
191949  -54.127  4.434  40.339 0.0000000000
131564  -32.378  -22.557  61.021 0.0000000000
138324  -31.518  -19.796  60.821 0.0000000000
139923  -27.819  -18.894  63.777 0.0000000000
133111  -18.559  -22.168  67.445 0.0000000000
127956  -19.635  -24.348  67.311 0.0000000000
134854  -20.513  -21.368  66.127 0.0000000000
131471  -22.750  -22.482  65.502 0.0000000000
128008  -24.952  -24.360  65.085 0.0000000000
129700  -26.322  -23.548  64.807 0.0000000000
123162  -27.190  -26.046  64.076 0.0000000000
123193  -29.997  -26.093  62.947 0.0000000000
126450  -31.549  -24.568  62.257 0.0000000000
151110  -39.100  -14.064  51.707 0.0000000000
171270  -40.485  -4.737  48.722 0.0000000000
169743  -43.003  -5.830  48.597 0.0000000000
316277  -50.407  1.261  41.726 0.0000000000
107407  -11.171  -32.890  82.307 0.0000000000
104526  -11.073  -34.428  83.536 0.0000000000
144485  -29.881  -17.467  62.258 0.0000000000
147589  -30.793  -15.840  61.582 0.0000000000
146085  -33.181  -16.685  60.302 0.0000000000
332983  -31.299  -13.837  58.554 0.0000000000
147697  -31.911  -15.635  57.827 0.0000000000
144579  -35.264  -17.077  58.340 0.0000000000
149316  -35.772  -15.247  55.969 0.0000000000
149388  -36.231  -14.961  53.925 0.0000000000
149425  -37.778  -14.761  52.425 0.0000000000
154403  -37.162  -12.741  51.309 0.0000000000
159122  -37.236  -11.018  51.659 0.0000000000
124816  -22.457  -25.395  69.155 0.0000000000
108963  -11.303  -31.577  79.985 0.0000000000
105957  -12.429  -33.814  79.865 0.0000000000
107496  -14.989  -32.672  76.705 0.0000000000
105900  -10.089  -33.479  86.455 0.0000000000
121331  -18.333  -26.587  69.144 0.0000000000
121319  -19.083  -26.884  69.683 0.0000000000
123098  -18.943  -25.947  68.516 0.0000000000
129705  -34.932  -23.497  64.400 0.0000000000
129607  -17.464  -23.285  68.633 0.0000000000
129595  -16.943  -23.555  69.712 0.0000000000
124802  -17.417  -25.688  69.348 0.0000000000
121316  -17.305  -26.620  69.799 0.0000000000
163558  -38.386  -8.816  50.867 0.0000000000
332703  -38.762  -9.028  50.131 0.0000000000
165140  -38.799  -7.915  50.409 0.0000000000
184572  -44.046  1.287  47.175 0.0000000000
181639  -43.014  -0.097  46.748 0.0000000000
183138  -44.115  0.584  45.885 0.0000000000
181668  -45.327  -0.194  45.406 0.0000000000
184606  -45.490  1.291  45.024 0.0000000000
186060  -46.274  1.782  44.547 0.0000000000
154124  -28.505  -12.524  63.940 0.0000000000
159085  -32.118  -10.727  54.273 0.0000000000
156072  -34.000  -11.849  52.731 0.0000000000
160604  -34.177  -10.381  52.820 0.0000000000
359269  -35.025  -10.338  52.306 0.0000000000
121375  -25.901  -26.875  66.203 0.0000000000
121356  -26.352  -27.136  67.750 0.0000000000
119576  -28.020  -27.605  67.433 0.0000000000
112419  -12.112  -30.308  76.737 0.0000000000
115809  -12.758  -29.263  75.774 0.0000000000
189031  -51.941  3.449  40.588 0.0000000000
105911  -11.024  -33.853  85.035 0.0000000000
141475  -34.607  -18.743  64.785 0.0000000000
145979  -32.958  -16.750  63.643 0.0000000000
121390  -31.828  -27.072  65.510 0.0000000000
121370  -33.892  -27.169  67.046 0.0000000000
126320  -15.619  -24.735  71.557 0.0000000000
126309  -15.087  -24.868  72.345 0.0000000000
363183  -14.889  -25.070  73.187 0.0000000000
121266  -14.949  -26.517  72.678 0.0000000000
115895  -14.648  -28.661  72.638 0.0000000000
119454  -15.412  -27.837  71.941 0.0000000000
341518  -18.015  -29.052  72.209 0.0000000000
114175  -17.064  -29.854  72.385 0.0000000000
323044  -30.954  -22.352  60.201 0.0000000000
136617  -29.905  -20.947  60.288 0.0000000000
138295  -28.903  -20.108  62.130 0.0000000000
136496  -19.345  -20.591  67.763 0.0000000000
134841  -19.357  -21.758  67.038 0.0000000000
136512  -20.439  -20.601  66.828 0.0000000000
136542  -22.518  -20.875  65.296 0.0000000000
133162  -23.746  -21.839  64.990 0.0000000000
131473  -23.926  -22.947  65.242 0.0000000000
349836  -24.814  -22.903  64.830 0.0000000000
321565  -28.194  -24.357  64.416 0.0000000000
315043  -27.195  -24.337  64.417 0.0000000000
126416  -26.398  -25.015  64.394 0.0000000000
124887  -27.577  -25.377  63.523 0.0000000000
121448  -28.688  -26.576  63.596 0.0000000000
124897  -28.410  -25.558  62.583 0.0000000000
133198  -28.823  -22.125  61.982 0.0000000000
128068  -29.657  -24.007  60.770 0.0000000000
129778  -30.492  -23.389  60.540 0.0000000000
129761  -31.651  -23.360  61.210 0.0000000000
154405  -38.399  -13.137  50.950 0.0000000000
152744  -40.458  -13.673  51.416 0.0000000000
156118  -39.594  -12.468  50.425 0.0000000000
162131  -40.505  -9.590  49.481 0.0000000000
159160  -41.319  -11.046  50.056 0.0000000000
176924  -40.524  -2.653  50.590 0.0000000000
172663  -39.673  -4.707  49.509 0.0000000000
175500  -40.757  -3.292  49.164 0.0000000000
175523  -43.384  -3.466  47.524 0.0000000000
174110  -42.477  -3.843  48.042 0.0000000000
312702  -43.820  -4.425  47.900 0.0000000000
169745  -44.176  -6.023  48.553 0.0000000000
308581  -49.021  1.142  42.388 0.0000000000
187549  -49.197  2.563  42.091 0.0000000000
309951  -50.173  2.845  41.604 0.0000000000
107412  -11.343  -32.794  81.151 0.0000000000
107411  -11.015  -32.450  81.793 0.0000000000
105940  -11.380  -33.087  81.741 0.0000000000
104531  -11.475  -34.477  82.969 0.0000000000
104520  -10.944  -34.359  84.259 0.0000000000
142980  -27.630  -17.713  62.565 0.0000000000
141539  -30.241  -18.854  61.622 0.0000000000
324536  -27.726  -16.656  62.668 0.0000000000
150871  -28.817  -14.486  61.323 0.0000000000
147603  -28.983  -15.659  61.294 0.0000000000
147619  -30.469  -15.386  60.646 0.0000000000
146060  -31.916  -16.123  61.289 0.0000000000
147639  -31.644  -15.778  59.663 0.0000000000
154300  -31.333  -12.744  57.889 0.0000000000
151023  -31.869  -14.226  55.419 0.0000000000
150962  -31.435  -14.560  56.884 0.0000000000
147716  -32.451  -15.751  56.538 0.0000000000
349846  -33.048  -16.606  57.899 0.0000000000
146179  -33.822  -16.642  56.818 0.0000000000
146181  -35.406  -16.596  57.342 0.0000000000
147729  -34.769  -15.693  55.670 0.0000000000
154363  -34.928  -13.206  53.045 0.0000000000
151059  -35.299  -14.346  53.675 0.0000000000
151073  -35.960  -14.518  52.851 0.0000000000
149407  -36.965  -14.898  53.140 0.0000000000
152728  -36.221  -13.815  52.111 0.0000000000
152729  -37.155  -13.880  51.739 0.0000000000
310986  -36.154  -12.668  52.034 0.0000000000
160620  -36.434  -10.289  52.239 0.0000000000
159121  -36.775  -11.125  51.996 0.0000000000
160633  -37.357  -10.548  51.836 0.0000000000
127976  -21.188  -23.900  67.132 0.0000000000
320400  -21.165  -24.914  68.173 0.0000000000
126385  -22.202  -24.594  67.876 0.0000000000
107453  -12.559  -33.107  78.511 0.0000000000
107441  -11.866  -32.891  79.254 0.0000000000
105980  -12.892  -33.606  78.743 0.0000000000
110760  -15.173  -31.345  75.045 0.0000000000
110748  -14.459  -31.465  75.611 0.0000000000
109020  -15.886  -32.467  76.283 0.0000000000
117682  -19.114  -28.275  71.558 0.0000000000
119492  -19.872  -27.491  71.122 0.0000000000
121305  -20.370  -26.553  70.734 0.0000000000
123060  -21.206  -25.673  70.802 0.0000000000
309837  -33.971  -25.597  65.013 0.0000000000
123133  -34.412  -26.076  66.529 0.0000000000
358913  -16.905  -22.291  70.557 0.0000000000
370020  -16.321  -24.158  70.847 0.0000000000
123044  -15.871  -25.774  70.843 0.0000000000
336314  -16.086  -27.301  71.279 0.0000000000
121300  -16.750  -26.851  70.224 0.0000000000
119489  -17.873  -27.870  70.696 0.0000000000
136577  -29.757  -20.987  63.404 0.0000000000
138238  -28.456  -20.037  65.104 0.0000000000
129721  -28.563  -23.856  63.523 0.0000000000
128046  -28.008  -23.981  62.678 0.0000000000
133182  -29.650  -22.082  62.925 0.0000000000
318748  -38.324  -10.669  50.486 0.0000000000
159157  -39.093  -10.969  49.959 0.0000000000
160665  -39.007  -10.046  49.941 0.0000000000
162105  -39.389  -9.673  49.742 0.0000000000
165158  -40.102  -7.965  49.357 0.0000000000
343734  -40.952  -1.881  48.296 0.0000000000
180030  -42.237  -0.881  47.425 0.0000000000
367009  -43.322  -1.595  46.867 0.0000000000
176973  -44.422  -2.361  46.619 0.0000000000
175551  -45.931  -3.228  46.487 0.0000000000
178517  -45.396  -1.875  45.938 0.0000000000
178533  -46.209  -1.318  45.396 0.0000000000
337142  -47.617  -0.712  44.276 0.0000000000
183172  -47.282  0.545  43.710 0.0000000000
186064  -47.265  2.054  43.771 0.0000000000
104540  -12.040  -33.849  81.045 0.0000000000
310096  -11.770  -33.799  81.612 0.0000000000
104541  -12.246  -34.385  81.498 0.0000000000
150815  -27.049  -14.236  64.760 0.0000000000
149180  -27.368  -15.136  63.278 0.0000000000
152474  -27.545  -13.665  63.808 0.0000000000
152491  -28.508  -13.148  62.407 0.0000000000
152514  -29.787  -13.658  60.725 0.0000000000
156026  -30.962  -11.773  56.623 0.0000000000
157612  -31.112  -11.264  55.350 0.0000000000
154349  -32.144  -12.544  54.468 0.0000000000
152677  -32.873  -13.296  54.250 0.0000000000
152661  -33.692  -13.886  54.625 0.0000000000
154361  -33.865  -12.747  53.438 0.0000000000
154372  -34.721  -12.648  52.874 0.0000000000
156082  -35.474  -12.133  52.418 0.0000000000
156083  -35.929  -12.235  52.255 0.0000000000
157646  -35.527  -11.520  52.420 0.0000000000
127979  -23.546  -24.018  66.650 0.0000000000
126375  -23.267  -24.657  67.810 0.0000000000
123111  -24.372  -25.881  67.604 0.0000000000
110728  -12.232  -31.342  77.413 0.0000000000
107468  -13.291  -32.907  77.461 0.0000000000
311596  -10.800  -33.243  83.872 0.0000000000
107388  -10.350  -32.536  84.396 0.0000000000
315609  -10.591  -33.098  84.845 0.0000000000
107384  -10.500  -32.853  85.023 0.0000000000
107380  -10.154  -32.527  85.715 0.0000000000
353933  -35.682  -16.974  62.457 0.0000000000
119608  -29.418  -27.696  66.076 0.0000000000
327761  -29.320  -27.601  67.773 0.0000000000
122990  -14.325  -25.585  74.057 0.0000000000
119412  -13.571  -27.567  74.391 0.0000000000
115827  -13.265  -29.012  74.827 0.0000000000
115858  -13.673  -28.986  73.489 0.0000000000
112466  -14.608  -29.896  73.786 0.0000000000
112455  -15.614  -30.780  74.187 0.0000000000
115914  -16.291  -28.758  71.840 0.0000000000
112479  -16.433  -30.446  72.898 0.0000000000
309186  -17.107  -31.484  74.786 0.0000000000
193359  -52.819  4.851  40.188 0.0000000000
131520  -33.881  -22.628  62.423 0.0000000000
134910  -33.573  -21.524  62.078 0.0000000000
134947  -32.410  -21.371  60.703 0.0000000000
139971  -28.933  -19.079  61.343 0.0000000000
142956  -26.850  -17.724  64.290 0.0000000000
141463  -27.865  -18.623  65.615 0.0000000000
144410  -27.273  -17.398  65.834 0.0000000000
147518  -26.980  -16.009  65.968 0.0000000000
150788  -27.895  -14.271  66.607 0.0000000000
129620  -18.111  -23.265  67.947 0.0000000000
126381  -18.780  -24.454  67.887 0.0000000000
129633  -19.050  -23.456  67.078 0.0000000000
322445  -19.929  -22.928  66.734 0.0000000000
131457  -21.393  -22.759  66.205 0.0000000000
136524  -21.115  -20.551  65.940 0.0000000000
133148  -21.706  -21.906  65.440 0.0000000000
129665  -22.823  -23.197  66.226 0.0000000000
127996  -23.647  -23.819  65.747 0.0000000000
124859  -24.474  -25.086  65.733 0.0000000000
123139  -26.305  -26.010  65.565 0.0000000000
131488  -25.538  -22.345  64.763 0.0000000000
128010  -25.917  -24.025  64.753 0.0000000000
124869  -26.297  -25.470  64.678 0.0000000000
359829  -27.920  -26.892  65.334 0.0000000000
121402  -28.861  -26.945  64.731 0.0000000000
308004  -30.915  -27.293  64.400 0.0000000000
123165  -31.644  -26.352  64.094 0.0000000000
126446  -29.031  -24.890  61.637 0.0000000000
124912  -30.837  -25.264  62.343 0.0000000000
124889  -32.416  -25.494  63.267 0.0000000000
126427  -33.238  -24.672  63.092 0.0000000000
129722  -33.500  -23.816  62.843 0.0000000000
133099  -17.748  -22.205  68.656 0.0000000000
327916  -40.456  -11.887  50.141 0.0000000000
168180  -38.907  -6.537  50.014 0.0000000000
168193  -39.764  -6.770  49.375 0.0000000000
314640  -40.782  -6.958  49.279 0.0000000000
174099  -41.532  -3.749  48.472 0.0000000000
171272  -41.836  -5.228  48.623 0.0000000000
168197  -42.276  -7.282  48.983 0.0000000000
166728  -43.678  -7.152  48.816 0.0000000000
186074  -51.172  1.586  41.403 0.0000000000
189023  -50.942  3.108  40.929 0.0000000000
193349  -50.800  4.990  40.781 0.0000000000
331892  -10.710  -32.297  82.334 0.0000000000
107403  -10.805  -32.752  82.888 0.0000000000
105936  -11.439  -33.536  82.097 0.0000000000
105932  -11.108  -33.363  82.720 0.0000000000
105927  -10.880  -33.276  83.330 0.0000000000
105921  -11.000  -33.947  83.958 0.0000000000
138297  -32.628  -20.385  62.244 0.0000000000
139960  -31.634  -19.260  62.157 0.0000000000
142983  -31.591  -18.088  62.609 0.0000000000
147574  -28.393  -16.133  62.004 0.0000000000
146041  -30.017  -16.598  61.885 0.0000000000
146020  -31.503  -16.841  62.525 0.0000000000
147577  -32.390  -16.222  62.226 0.0000000000
146063  -33.475  -16.555  61.397 0.0000000000
144501  -34.850  -17.085  60.981 0.0000000000
154231  -30.969  -13.195  59.866 0.0000000000
150900  -31.167  -14.242  59.307 0.0000000000
152614  -31.210  -13.365  57.027 0.0000000000
150922  -31.451  -14.805  57.862 0.0000000000
149252  -31.656  -15.199  58.730 0.0000000000
146132  -32.638  -16.336  58.604 0.0000000000
144562  -34.079  -17.150  59.098 0.0000000000
151027  -34.576  -14.373  54.985 0.0000000000
149356  -36.089  -14.763  55.314 0.0000000000
151091  -38.098  -14.410  52.047 0.0000000000
152742  -38.109  -13.553  51.326 0.0000000000
154420  -37.629  -12.415  50.983 0.0000000000
335470  -36.323  -12.059  51.918 0.0000000000
157657  -37.332  -11.517  51.408 0.0000000000
159136  -37.672  -11.159  51.170 0.0000000000
159137  -37.980  -10.860  51.006 0.0000000000
330445  -38.215  -9.777  51.484 0.0000000000
124829  -19.996  -25.594  68.380 0.0000000000
124814  -20.800  -25.505  69.030 0.0000000000
123089  -23.923  -26.103  68.456 0.0000000000
107421  -11.540  -32.864  80.434 0.0000000000
108971  -11.539  -31.975  79.532 0.0000000000
107432  -11.685  -32.930  79.791 0.0000000000
105956  -12.014  -33.355  80.160 0.0000000000
314363  -12.603  -34.207  80.150 0.0000000000
112432  -13.492  -30.849  75.700 0.0000000000
329249  -13.663  -32.271  76.655 0.0000000000
106012  -14.428  -33.282  77.503 0.0000000000
105905  -10.887  -33.981  86.064 0.0000000000
105904  -10.264  -33.230  85.958 0.0000000000
107377  -10.081  -32.272  85.977 0.0000000000
342017  -34.791  -21.815  63.693 0.0000000000
123085  -18.001  -26.057  69.129 0.0000000000
123086  -18.596  -26.283  68.866 0.0000000000
124813  -18.375  -25.707  68.693 0.0000000000
131500  -35.018  -22.914  64.213 0.0000000000
126367  -17.907  -24.711  68.532 0.0000000000
126357  -17.422  -24.616  68.954 0.0000000000
356336  -17.803  -25.295  68.929 0.0000000000
165123  -38.393  -8.283  51.140 0.0000000000
165139  -38.519  -8.381  50.621 0.0000000000
165124  -38.587  -7.843  50.899 0.0000000000
184580  -44.111  1.430  46.543 0.0000000000
184595  -43.848  0.982  46.284 0.0000000000
184596  -44.170  1.194  46.054 0.0000000000
183147  -44.512  0.847  45.609 0.0000000000
186053  -44.723  1.633  45.665 0.0000000000
187536  -45.582  2.160  45.321 0.0000000000
159100  -33.708  -10.699  52.974 0.0000000000
119604  -26.707  -27.452  66.184 0.0000000000
119587  -26.837  -27.628  66.661 0.0000000000
119588  -27.791  -27.435  66.688 0.0000000000
117599  -12.889  -28.167  75.683 0.0000000000
349876  -12.703  -28.686  75.889 0.0000000000
115826  -12.913  -28.787  75.416 0.0000000000
191946  -51.636  4.453  40.329 0.0000000000
354278  -52.468  3.168  40.591 0.0000000000
189032  -52.567  3.616  40.366 0.0000000000
319697  -33.197  -17.893  64.232 0.0000000000
144425  -33.255  -17.319  64.319 0.0000000000
144439  -32.569  -17.321  63.562 0.0000000000
123140  -32.838  -26.742  65.167 0.0000000000
121380  -33.144  -27.174  66.239 0.0000000000
123131  -33.582  -26.825  65.871 0.0000000000
123030  -15.282  -25.845  71.441 0.0000000000
126310  -15.246  -24.473  71.995 0.0000000000
124764  -15.036  -25.486  72.192 0.0000000000
123017  -14.963  -25.921  72.403 0.0000000000
353165  -15.110  -26.579  72.041 0.0000000000
119453  -15.022  -27.644  72.331 0.0000000000
119469  -15.279  -27.292  71.964 0.0000000000
133230  -29.353  -21.732  60.626 0.0000000000
134942  -29.199  -21.277  60.749 0.0000000000
136595  -29.029  -20.673  61.953 0.0000000000
136497  -19.839  -20.469  67.514 0.0000000000
358083  -24.436  -20.945  65.134 0.0000000000
136556  -23.812  -20.889  65.019 0.0000000000
331620  -24.139  -21.376  64.929 0.0000000000
133163  -24.440  -21.989  64.792 0.0000000000
133164  -25.156  -21.907  64.765 0.0000000000
128024  -27.916  -24.437  63.974 0.0000000000
128036  -27.378  -24.696  63.909 0.0000000000
126424  -27.281  -25.063  63.759 0.0000000000
126425  -27.706  -24.850  63.527 0.0000000000
124896  -27.969  -25.720  63.179 0.0000000000
332283  -28.038  -25.086  63.101 0.0000000000
317332  -29.028  -22.245  61.393 0.0000000000
131544  -29.688  -22.930  60.735 0.0000000000
133211  -29.410  -22.291  60.798 0.0000000000
131562  -30.768  -22.926  60.304 0.0000000000
154421  -38.147  -12.613  50.798 0.0000000000
154422  -38.736  -12.725  50.726 0.0000000000
156116  -38.560  -12.123  50.561 0.0000000000
339721  -40.797  -8.990  49.343 0.0000000000
160694  -41.533  -9.914  49.557 0.0000000000
163598  -42.131  -8.746  49.358 0.0000000000
178463  -41.008  -1.712  50.130 0.0000000000
175499  -40.525  -3.225  49.684 0.0000000000
311773  -40.801  -2.192  49.739 0.0000000000
175535  -43.817  -3.292  47.293 0.0000000000
174111  -43.406  -3.940  47.895 0.0000000000
172714  -44.351  -4.293  47.427 0.0000000000
172690  -44.393  -4.727  47.759 0.0000000000
189018  -49.199  3.286  42.276 0.0000000000
144454  -27.129  -17.112  63.496 0.0000000000
324398  -27.834  -17.125  62.373 0.0000000000
144455  -27.460  -16.631  63.242 0.0000000000
150892  -29.840  -14.285  60.504 0.0000000000
149218  -29.639  -15.174  60.770 0.0000000000
149231  -30.073  -14.920  60.526 0.0000000000
147620  -30.922  -15.635  60.435 0.0000000000
147638  -31.177  -15.501  59.905 0.0000000000
151007  -32.361  -14.660  55.608 0.0000000000
149333  -31.956  -14.877  56.094 0.0000000000
147726  -32.679  -15.487  56.012 0.0000000000
147717  -33.046  -15.934  56.268 0.0000000000
147727  -33.321  -15.562  55.780 0.0000000000
146194  -34.386  -16.207  55.831 0.0000000000
149335  -33.592  -15.141  55.372 0.0000000000
154374  -35.702  -13.124  52.626 0.0000000000
152713  -35.409  -13.307  52.857 0.0000000000
152714  -35.684  -13.860  52.557 0.0000000000
151088  -36.148  -14.285  52.366 0.0000000000
309392  -36.414  -13.237  51.896 0.0000000000
127977  -21.885  -23.869  67.059 0.0000000000
127959  -21.617  -24.302  67.580 0.0000000000
127960  -22.340  -24.176  67.366 0.0000000000
361943  -13.021  -33.429  78.285 0.0000000000
105969  -13.270  -34.108  79.033 0.0000000000
110761  -15.783  -31.437  74.965 0.0000000000
109044  -15.505  -31.862  75.412 0.0000000000
109034  -16.060  -32.160  75.812 0.0000000000
314443  -10.332  -32.165  83.197 0.0000000000
107393  -10.465  -32.723  83.836 0.0000000000
139927  -34.200  -19.604  64.334 0.0000000000
119490  -18.581  -27.911  70.714 0.0000000000
119491  -19.304  -27.891  70.909 0.0000000000
119509  -19.066  -27.609  70.332 0.0000000000
123073  -19.526  -26.527  69.527 0.0000000000
121304  -19.869  -26.843  70.402 0.0000000000
123074  -20.107  -26.398  70.120 0.0000000000
330741  -20.679  -26.008  70.500 0.0000000000
123075  -20.559  -25.861  69.914 0.0000000000
124871  -34.245  -25.093  64.850 0.0000000000
124863  -34.414  -25.431  65.509 0.0000000000
133059  -17.366  -21.373  70.313 0.0000000000
133058  -17.097  -21.806  70.287 0.0000000000
126345  -16.618  -24.847  69.693 0.0000000000
127915  -16.463  -24.317  70.283 0.0000000000
126344  -16.386  -24.899  70.202 0.0000000000
126332  -16.206  -24.661  70.675 0.0000000000
123057  -16.361  -25.930  70.413 0.0000000000
341438  -16.312  -26.442  70.559 0.0000000000
123058  -16.683  -26.305  70.061 0.0000000000
121301  -17.940  -27.113  69.869 0.0000000000
340037  -17.593  -27.500  70.343 0.0000000000
117703  -18.152  -28.177  71.089 0.0000000000
136566  -29.710  -20.955  63.974 0.0000000000
138239  -28.884  -20.374  65.289 0.0000000000
131498  -29.258  -23.647  63.639 0.0000000000
136558  -29.957  -21.232  64.764 0.0000000000
134889  -29.967  -21.428  63.689 0.0000000000
134899  -30.015  -21.506  63.173 0.0000000000
331071  -38.690  -10.569  50.140 0.0000000000
160664  -38.394  -9.986  50.223 0.0000000000
338338  -38.749  -8.466  50.227 0.0000000000
366277  -39.159  -9.193  49.892 0.0000000000
163570  -39.252  -8.603  49.884 0.0000000000
344750  -39.637  -9.091  49.650 0.0000000000
165157  -39.527  -7.983  49.564 0.0000000000
180022  -42.081  -0.878  47.765 0.0000000000
181632  -42.503  -0.354  47.602 0.0000000000
180038  -43.552  -0.834  46.313 0.0000000000
180037  -43.040  -0.816  46.736 0.0000000000
178504  -43.648  -1.398  46.525 0.0000000000
176972  -43.840  -2.012  46.793 0.0000000000
339302  -44.230  -1.763  46.436 0.0000000000
178506  -44.862  -1.961  46.289 0.0000000000
178505  -44.524  -1.508  46.128 0.0000000000
181669  -45.840  -0.104  45.036 0.0000000000
180064  -45.860  -0.732  45.306 0.0000000000
181670  -46.287  -0.429  44.917 0.0000000000
181681  -46.646  -0.191  44.500 0.0000000000
181697  -47.593  -0.302  43.972 0.0000000000
183161  -46.403  0.334  44.148 0.0000000000
187540  -46.552  2.450  44.607 0.0000000000
186062  -46.786  1.854  44.028 0.0000000000
150816  -27.518  -13.695  64.977 0.0000000000
150829  -27.313  -13.891  64.227 0.0000000000
152475  -27.761  -13.432  64.371 0.0000000000
155851  -28.954  -11.993  62.875 0.0000000000
154146  -28.484  -12.926  62.844 0.0000000000
154160  -28.859  -12.932  62.152 0.0000000000
154178  -29.181  -13.160  61.713 0.0000000000
154179  -29.612  -12.755  61.401 0.0000000000
156062  -32.669  -11.613  53.705 0.0000000000
157621  -31.841  -11.342  54.364 0.0000000000
156055  -32.294  -11.999  54.132 0.0000000000
154343  -32.249  -13.234  54.518 0.0000000000
154350  -32.633  -12.698  54.196 0.0000000000
154351  -33.168  -12.837  53.984 0.0000000000
154360  -33.384  -12.501  53.588 0.0000000000
156073  -34.529  -12.121  52.575 0.0000000000
156074  -35.006  -12.289  52.585 0.0000000000
157637  -34.988  -11.807  52.379 0.0000000000
157645  -34.978  -11.331  52.181 0.0000000000
160618  -35.476  -10.304  52.333 0.0000000000
126393  -24.000  -24.836  66.584 0.0000000000
124847  -23.867  -25.002  67.041 0.0000000000
123119  -24.489  -25.677  67.063 0.0000000000
119558  -27.320  -27.519  68.569 0.0000000000
121344  -26.396  -26.919  68.277 0.0000000000
112420  -12.725  -30.736  76.500 0.0000000000
362056  -12.264  -30.783  76.789 0.0000000000
112410  -12.593  -31.207  76.971 0.0000000000
109005  -12.657  -31.842  77.393 0.0000000000
109016  -12.987  -31.702  76.937 0.0000000000
310806  -10.683  -33.149  84.357 0.0000000000
107383  -10.235  -32.567  85.222 0.0000000000
313295  -34.291  -16.634  63.848 0.0000000000
309421  -35.363  -16.895  63.322 0.0000000000
146002  -35.928  -16.802  63.021 0.0000000000
146025  -35.139  -17.032  62.666 0.0000000000
119609  -30.014  -27.661  66.272 0.0000000000
314505  -30.181  -27.797  66.794 0.0000000000
119591  -30.914  -27.815  66.913 0.0000000000
123002  -14.341  -25.958  73.530 0.0000000000
124746  -14.598  -25.371  73.553 0.0000000000
121247  -14.474  -26.656  73.714 0.0000000000
121236  -13.987  -26.730  74.093 0.0000000000
119426  -14.058  -27.196  73.581 0.0000000000
117630  -13.633  -28.271  73.964 0.0000000000
119436  -14.049  -27.746  73.296 0.0000000000
115879  -14.955  -29.108  72.871 0.0000000000
115860  -14.722  -29.430  73.360 0.0000000000
114146  -15.053  -29.878  73.471 0.0000000000
112467  -15.163  -30.357  73.847 0.0000000000
112468  -15.513  -30.101  73.318 0.0000000000
119471  -16.317  -27.848  71.495 0.0000000000
117677  -15.924  -28.199  71.881 0.0000000000
117678  -16.428  -28.310  71.623 0.0000000000
112481  -17.379  -30.274  72.749 0.0000000000
112487  -16.758  -30.283  72.597 0.0000000000
112470  -17.012  -30.765  73.579 0.0000000000
110784  -16.823  -30.959  73.963 0.0000000000
131532  -33.141  -22.724  61.855 0.0000000000
133213  -33.064  -21.918  61.472 0.0000000000
133234  -32.496  -22.019  60.783 0.0000000000
138294  -28.745  -19.676  61.801 0.0000000000
139972  -29.039  -19.620  61.063 0.0000000000
139947  -28.185  -18.917  62.377 0.0000000000
141509  -27.495  -18.177  62.941 0.0000000000
141497  -27.270  -18.445  63.494 0.0000000000
139889  -28.242  -18.955  66.203 0.0000000000
139901  -28.202  -19.315  65.443 0.0000000000
141453  -28.214  -18.254  66.722 0.0000000000
145927  -28.002  -16.446  67.404 0.0000000000
145926  -27.474  -16.482  66.684 0.0000000000
145941  -27.024  -16.769  66.025 0.0000000000
147503  -27.495  -15.795  66.570 0.0000000000
149128  -27.271  -15.282  66.142 0.0000000000
131427  -18.277  -22.719  67.674 0.0000000000
129632  -18.549  -23.402  67.492 0.0000000000
131428  -18.721  -22.832  67.144 0.0000000000
131455  -20.160  -21.852  66.352 0.0000000000
133124  -19.721  -22.251  66.847 0.0000000000
346594  -20.160  -22.461  66.546 0.0000000000
131441  -20.514  -22.923  66.575 0.0000000000
131456  -20.571  -22.315  66.337 0.0000000000
324975  -22.629  -21.469  65.129 0.0000000000
134864  -21.990  -21.324  65.327 0.0000000000
133149  -22.307  -21.963  65.323 0.0000000000
131470  -22.104  -22.425  65.625 0.0000000000
129682  -22.927  -22.987  65.761 0.0000000000
129666  -23.278  -23.431  65.892 0.0000000000
131472  -23.366  -22.869  65.438 0.0000000000
128007  -24.621  -23.916  65.012 0.0000000000
127997  -24.056  -23.996  65.398 0.0000000000
126405  -24.700  -24.765  65.414 0.0000000000
124860  -25.031  -25.295  65.515 0.0000000000
124867  -25.477  -25.130  65.220 0.0000000000
129712  -26.976  -24.031  64.885 0.0000000000
131490  -26.587  -23.466  64.965 0.0000000000
131489  -26.330  -22.957  64.811 0.0000000000
355493  -26.008  -22.432  64.919 0.0000000000
344196  -25.941  -22.843  64.747 0.0000000000
129699  -25.695  -23.359  64.738 0.0000000000
124879  -27.077  -25.500  63.910 0.0000000000
124878  -26.561  -25.301  64.280 0.0000000000
123161  -26.761  -25.738  64.403 0.0000000000
123150  -26.994  -26.143  64.690 0.0000000000
121422  -27.435  -26.362  64.437 0.0000000000
121401  -28.269  -26.862  64.927 0.0000000000
121424  -28.478  -26.705  64.185 0.0000000000
123177  -29.438  -26.371  62.948 0.0000000000
121426  -29.686  -26.733  63.935 0.0000000000
123178  -30.397  -26.518  63.391 0.0000000000
121428  -31.158  -26.798  64.090 0.0000000000
123164  -31.071  -26.354  63.597 0.0000000000
129746  -28.242  -23.476  62.433 0.0000000000
352083  -28.614  -24.716  61.858 0.0000000000
128057  -28.798  -24.359  61.478 0.0000000000
126460  -30.524  -24.511  61.451 0.0000000000
126449  -30.702  -24.929  61.891 0.0000000000
368712  -31.165  -24.895  62.151 0.0000000000
314969  -31.510  -25.546  62.837 0.0000000000
126436  -31.913  -24.879  62.405 0.0000000000
126418  -32.945  -25.203  63.325 0.0000000000
128047  -32.184  -24.409  62.293 0.0000000000
129762  -32.246  -23.052  61.415 0.0000000000
129748  -32.531  -23.464  61.863 0.0000000000
129749  -33.064  -23.273  62.132 0.0000000000
129735  -33.679  -23.274  62.702 0.0000000000
134818  -18.368  -21.369  68.366 0.0000000000
134805  -18.177  -21.119  69.096 0.0000000000
133100  -18.128  -22.029  68.075 0.0000000000
131414  -17.901  -22.674  68.198 0.0000000000
149428  -39.687  -14.856  52.216 0.0000000000
152759  -40.775  -13.292  51.043 0.0000000000
152745  -41.059  -13.658  51.422 0.0000000000
159158  -39.592  -10.868  49.898 0.0000000000
157694  -39.416  -11.493  50.047 0.0000000000
157695  -40.042  -11.393  50.021 0.0000000000
171226  -38.850  -5.228  50.896 0.0000000000
168179  -38.500  -6.389  50.397 0.0000000000
171243  -38.864  -5.326  50.256 0.0000000000
171258  -40.030  -5.109  49.137 0.0000000000
169727  -39.834  -5.620  49.473 0.0000000000
169728  -40.361  -5.871  49.205 0.0000000000
166700  -40.197  -7.018  49.325 0.0000000000
354797  -40.765  -6.395  49.106 0.0000000000
176951  -41.551  -2.219  47.656 0.0000000000
175521  -41.109  -2.883  48.326 0.0000000000
322149  -41.890  -2.952  47.890 0.0000000000
172677  -42.952  -4.918  48.339 0.0000000000
313195  -41.972  -4.659  48.533 0.0000000000
327219  -42.297  -5.692  48.616 0.0000000000
168214  -41.903  -6.350  48.707 0.0000000000
169742  -42.499  -6.251  48.649 0.0000000000
166726  -42.691  -7.089  48.821 0.0000000000
168216  -42.956  -6.588  48.667 0.0000000000
166706  -44.817  -7.050  49.097 0.0000000000
175552  -46.560  -3.270  46.316 0.0000000000
319708  -48.812  0.397  43.163 0.0000000000
352422  -49.334  1.440  42.040 0.0000000000
184626  -50.170  0.891  42.148 0.0000000000
186073  -50.721  1.673  41.499 0.0000000000
310963  -49.843  4.066  41.546 0.0000000000
187555  -50.448  3.257  41.226 0.0000000000
190484  -50.233  3.861  41.216 0.0000000000
190485  -50.746  3.726  40.919 0.0000000000
104536  -11.787  -34.160  82.064 0.0000000000
104525  -11.025  -33.885  83.105 0.0000000000
308775  -10.910  -33.721  83.750 0.0000000000
136603  -32.334  -20.669  61.085 0.0000000000
136597  -32.831  -20.850  62.054 0.0000000000
138309  -31.918  -20.275  61.494 0.0000000000
316957  -29.991  -18.007  61.958 0.0000000000
139959  -31.262  -19.095  62.008 0.0000000000
141523  -31.050  -18.554  62.265 0.0000000000
141524  -31.532  -18.717  62.411 0.0000000000
143000  -30.890  -18.128  62.229 0.0000000000
149192  -27.528  -15.198  62.629 0.0000000000
147572  -27.713  -15.801  62.786 0.0000000000
147573  -27.849  -15.547  62.107 0.0000000000
313347  -30.139  -16.015  61.500 0.0000000000
147588  -29.431  -16.130  61.525 0.0000000000
146042  -30.780  -16.359  61.875 0.0000000000
312323  -30.973  -16.947  62.090 0.0000000000
147575  -31.423  -16.547  62.171 0.0000000000
146021  -31.746  -16.552  62.720 0.0000000000
351703  -31.399  -16.222  61.827 0.0000000000
363162  -32.505  -16.236  60.715 0.0000000000
146062  -33.018  -16.365  61.315 0.0000000000
314169  -33.445  -16.678  60.850 0.0000000000
359947  -34.237  -16.920  61.080 0.0000000000
146086  -33.871  -16.898  60.600 0.0000000000
152541  -31.685  -13.413  58.828 0.0000000000
365328  -31.488  -13.089  59.896 0.0000000000
154264  -31.510  -13.243  59.400 0.0000000000
152524  -31.008  -13.596  59.472 0.0000000000
152540  -31.279  -13.772  59.007 0.0000000000
154321  -31.133  -12.439  56.383 0.0000000000
154312  -31.099  -12.713  56.900 0.0000000000
152631  -31.244  -13.192  56.471 0.0000000000
149295  -31.684  -15.085  57.080 0.0000000000
150941  -31.490  -14.636  57.432 0.0000000000
149263  -31.388  -14.750  58.382 0.0000000000
149264  -31.629  -15.218  58.092 0.0000000000
147664  -31.853  -15.717  59.076 0.0000000000
147684  -32.257  -16.026  58.187 0.0000000000
144591  -33.901  -17.026  57.735 0.0000000000
144561  -33.527  -16.901  58.781 0.0000000000
144578  -34.613  -17.306  58.665 0.0000000000
144548  -35.309  -17.178  60.011 0.0000000000
311852  -35.747  -17.130  59.382 0.0000000000
345682  -35.549  -16.073  56.891 0.0000000000
152679  -33.984  -13.580  54.147 0.0000000000
152662  -34.263  -13.942  54.640 0.0000000000
152680  -34.395  -13.840  54.103 0.0000000000
151045  -35.738  -14.676  54.181 0.0000000000
151029  -35.705  -14.636  54.817 0.0000000000
149372  -36.176  -14.868  54.619 0.0000000000
149408  -37.554  -14.992  52.957 0.0000000000
149390  -37.387  -15.172  53.662 0.0000000000
149391  -38.062  -15.266  53.320 0.0000000000
149409  -38.388  -15.230  52.852 0.0000000000
149410  -38.851  -15.234  52.744 0.0000000000
152740  -36.901  -13.293  51.608 0.0000000000
152741  -37.469  -13.440  51.412 0.0000000000
154404  -37.769  -13.016  51.020 0.0000000000
157647  -35.949  -11.732  52.373 0.0000000000
157656  -36.845  -11.623  51.728 0.0000000000
159123  -37.867  -10.555  51.463 0.0000000000
126382  -19.383  -24.613  67.782 0.0000000000
126370  -19.750  -25.157  68.018 0.0000000000
126383  -20.056  -24.730  67.739 0.0000000000
124831  -21.662  -24.981  68.596 0.0000000000
124830  -21.072  -25.294  68.558 0.0000000000
311505  -22.028  -25.347  69.394 0.0000000000
124804  -21.612  -25.400  69.804 0.0000000000
124805  -22.224  -25.476  69.846 0.0000000000
123102  -24.351  -26.021  68.072 0.0000000000
124833  -23.593  -25.082  67.948 0.0000000000
123090  -24.403  -26.088  68.453 0.0000000000
119562  -29.577  -27.546  68.251 0.0000000000
107420  -11.177  -32.361  80.660 0.0000000000
107431  -11.354  -32.314  80.044 0.0000000000
110704  -11.642  -31.374  78.364 0.0000000000
110703  -11.475  -31.044  78.996 0.0000000000
108982  -11.719  -31.840  78.988 0.0000000000
105967  -12.170  -33.333  79.556 0.0000000000
105947  -12.256  -33.811  80.451 0.0000000000
114128  -13.576  -29.603  74.395 0.0000000000
114114  -13.276  -29.928  74.969 0.0000000000
112442  -13.665  -30.592  75.109 0.0000000000
109018  -14.593  -32.370  76.235 0.0000000000
367169  -14.068  -32.181  76.359 0.0000000000
107495  -14.279  -32.604  76.741 0.0000000000
107480  -13.720  -32.730  77.076 0.0000000000
107481  -14.744  -32.940  77.119 0.0000000000
312059  -53.567  4.860  40.248 0.0000000000
105896  -10.100  -34.038  86.912 0.0000000000
105901  -10.269  -33.890  86.441 0.0000000000
107375  -10.139  -33.097  86.068 0.0000000000
121318  -18.465  -26.871  69.528 0.0000000000
121302  -18.718  -27.251  69.889 0.0000000000
121332  -18.866  -26.638  69.248 0.0000000000
123087  -19.203  -26.317  68.946 0.0000000000
363144  -19.739  -26.208  69.109 0.0000000000
128028  -34.386  -24.012  64.099 0.0000000000
131401  -17.315  -22.758  69.257 0.0000000000
131400  -17.067  -23.021  69.677 0.0000000000
129606  -17.232  -23.439  69.165 0.0000000000
126356  -16.963  -24.558  69.299 0.0000000000
124801  -16.811  -25.469  69.579 0.0000000000
123071  -17.076  -26.006  69.708 0.0000000000
123072  -17.574  -26.192  69.497 0.0000000000
121317  -17.920  -26.617  69.438 0.0000000000
138241  -29.244  -20.840  65.751 0.0000000000
162103  -38.454  -9.404  50.240 0.0000000000
163569  -38.474  -8.934  50.408 0.0000000000
181633  -42.904  0.011  47.371 0.0000000000
183122  -43.476  0.459  46.701 0.0000000000
183137  -43.550  0.283  46.038 0.0000000000
181653  -43.856  -0.525  45.960 0.0000000000
180048  -44.484  -1.020  45.856 0.0000000000
183139  -44.669  0.175  45.605 0.0000000000
183148  -45.069  0.527  45.243 0.0000000000
330347  -45.682  0.884  44.771 0.0000000000
316827  -46.211  0.796  44.038 0.0000000000
184615  -45.973  1.167  44.525 0.0000000000
186056  -45.981  2.259  45.012 0.0000000000
154114  -28.109  -12.887  64.510 0.0000000000
154125  -29.080  -11.979  64.277 0.0000000000
155831  -28.936  -11.887  63.553 0.0000000000
155894  -29.996  -11.724  62.063 0.0000000000
157629  -33.026  -11.175  53.486 0.0000000000
156063  -33.144  -11.890  53.393 0.0000000000
157630  -33.491  -11.426  53.028 0.0000000000
157635  -33.943  -11.290  52.698 0.0000000000
159101  -34.165  -10.946  52.590 0.0000000000
159110  -34.660  -10.799  52.353 0.0000000000
123121  -25.333  -26.474  66.519 0.0000000000
121366  -25.020  -26.583  67.170 0.0000000000
121367  -25.651  -26.938  66.848 0.0000000000
119575  -26.516  -27.682  67.147 0.0000000000
119559  -27.857  -27.631  68.116 0.0000000000
321849  -12.635  -30.170  76.416 0.0000000000
112431  -12.958  -30.411  75.978 0.0000000000
187557  -52.417  2.337  40.888 0.0000000000
186079  -52.759  1.874  40.940 0.0000000000
104514  -10.980  -34.089  85.041 0.0000000000
105909  -10.995  -33.972  85.811 0.0000000000
357629  -33.913  -16.785  64.431 0.0000000000
145999  -33.758  -16.524  63.494 0.0000000000
121378  -31.773  -27.274  66.025 0.0000000000
119611  -31.463  -27.547  66.364 0.0000000000
354788  -32.152  -27.041  65.983 0.0000000000
121368  -32.763  -27.617  66.568 0.0000000000
121358  -33.468  -27.700  67.440 0.0000000000
129570  -16.218  -23.107  71.457 0.0000000000
127878  -15.849  -23.625  71.715 0.0000000000
127877  -15.466  -23.930  72.162 0.0000000000
126302  -15.187  -24.259  72.527 0.0000000000
124756  -14.977  -25.286  72.666 0.0000000000
123003  -14.710  -25.779  72.989 0.0000000000
119438  -14.788  -27.160  72.822 0.0000000000
119437  -14.392  -27.503  73.091 0.0000000000
119452  -14.638  -27.721  72.689 0.0000000000
117656  -14.851  -28.197  72.495 0.0000000000
115896  -15.247  -28.724  72.565 0.0000000000
117679  -17.257  -28.584  71.449 0.0000000000
115916  -17.039  -28.986  71.789 0.0000000000
114176  -17.641  -29.657  72.506 0.0000000000
114164  -17.892  -29.858  72.858 0.0000000000
354700  -31.473  -22.203  60.408 0.0000000000
133232  -31.247  -21.662  60.264 0.0000000000
134944  -30.052  -21.455  60.217 0.0000000000
138307  -28.881  -20.170  61.411 0.0000000000
139935  -28.293  -19.293  63.443 0.0000000000
134819  -18.857  -21.043  67.887 0.0000000000
134830  -18.972  -21.653  67.413 0.0000000000
134831  -19.435  -21.141  67.332 0.0000000000
134842  -19.753  -21.534  66.754 0.0000000000
134843  -20.159  -21.190  66.439 0.0000000000
138235  -22.456  -20.213  65.620 0.0000000000
136543  -23.476  -20.510  65.340 0.0000000000
134865  -23.149  -20.997  65.042 0.0000000000
133151  -23.264  -22.243  65.188 0.0000000000
131485  -23.858  -22.431  65.130 0.0000000000
129697  -24.327  -23.327  65.089 0.0000000000
129698  -25.009  -23.367  64.850 0.0000000000
129713  -27.482  -24.278  64.600 0.0000000000
330930  -26.616  -24.196  64.775 0.0000000000
128022  -26.328  -24.427  64.681 0.0000000000
128023  -26.818  -24.615  64.421 0.0000000000
123173  -27.483  -25.926  63.561 0.0000000000
121447  -28.139  -26.539  63.688 0.0000000000
123174  -27.967  -26.187  63.372 0.0000000000
359640  -28.673  -26.217  62.866 0.0000000000
123192  -29.060  -26.145  62.585 0.0000000000
129759  -28.852  -23.243  61.282 0.0000000000
128067  -29.053  -23.928  61.053 0.0000000000
129760  -29.353  -23.482  60.746 0.0000000000
128078  -30.202  -23.764  60.666 0.0000000000
128079  -30.675  -23.718  60.747 0.0000000000
128071  -31.398  -23.834  61.516 0.0000000000
129779  -30.983  -23.313  60.535 0.0000000000
131563  -31.326  -22.788  60.473 0.0000000000
358960  -38.854  -13.595  51.290 0.0000000000
328142  -39.413  -13.764  51.452 0.0000000000
361697  -38.977  -13.137  50.910 0.0000000000
154423  -39.890  -12.921  50.674 0.0000000000
154424  -40.519  -12.919  50.616 0.0000000000
160692  -39.951  -9.958  49.629 0.0000000000
159159  -40.262  -10.831  49.905 0.0000000000
160667  -40.516  -10.254  49.740 0.0000000000
175493  -40.074  -3.521  50.535 0.0000000000
172653  -39.220  -4.901  49.965 0.0000000000
174079  -40.191  -3.642  49.955 0.0000000000
174088  -40.454  -3.827  49.353 0.0000000000
172673  -40.645  -4.181  48.924 0.0000000000
175534  -42.864  -3.061  47.561 0.0000000000
175522  -42.426  -3.268  47.865 0.0000000000
310682  -42.934  -3.599  47.853 0.0000000000
172689  -43.223  -4.433  48.132 0.0000000000
172678  -43.506  -4.911  48.241 0.0000000000
356230  -43.706  -5.511  48.449 0.0000000000
171295  -44.064  -4.997  48.167 0.0000000000
364590  -44.890  -5.276  48.494 0.0000000000
351788  -48.055  1.762  42.936 0.0000000000
184623  -48.646  0.872  42.772 0.0000000000
186067  -48.324  1.886  42.631 0.0000000000
186069  -48.917  1.824  42.225 0.0000000000
186071  -49.528  1.929  41.737 0.0000000000
187552  -50.128  2.273  41.563 0.0000000000
189021  -49.737  3.090  41.984 0.0000000000
190481  -49.564  3.769  42.037 0.0000000000
141537  -29.143  -18.600  61.376 0.0000000000
139974  -30.638  -19.302  61.336 0.0000000000
143017  -28.925  -18.018  61.551 0.0000000000
142997  -28.772  -17.518  61.877 0.0000000000
144484  -29.200  -17.205  62.110 0.0000000000
351216  -28.434  -14.592  61.618 0.0000000000
149206  -28.650  -15.118  61.378 0.0000000000
149217  -29.159  -15.078  60.956 0.0000000000
147605  -30.193  -15.481  61.073 0.0000000000
147606  -30.823  -15.659  61.086 0.0000000000
310743  -31.344  -15.952  61.490 0.0000000000
147607  -31.405  -15.843  60.876 0.0000000000
147621  -31.492  -15.799  60.236 0.0000000000
147622  -31.946  -16.007  60.037 0.0000000000
152567  -31.395  -13.475  58.277 0.0000000000
152647  -31.568  -13.615  55.497 0.0000000000
152615  -31.352  -13.944  56.551 0.0000000000
150986  -31.579  -14.532  56.323 0.0000000000
149314  -31.758  -14.991  56.579 0.0000000000
147707  -32.317  -15.935  57.054 0.0000000000
147698  -32.244  -16.039  57.598 0.0000000000
146178  -32.807  -16.230  56.754 0.0000000000
146171  -33.722  -16.783  57.277 0.0000000000
144599  -34.334  -16.881  57.225 0.0000000000
144593  -35.197  -16.918  57.759 0.0000000000
146180  -34.997  -16.678  56.826 0.0000000000
146189  -35.227  -16.173  56.351 0.0000000000
147730  -35.332  -15.752  55.894 0.0000000000
152695  -34.680  -13.659  53.568 0.0000000000
152696  -35.235  -13.778  53.207 0.0000000000
152697  -35.616  -14.206  53.191 0.0000000000
151060  -35.807  -14.711  53.489 0.0000000000
149389  -36.780  -15.052  53.737 0.0000000000
151074  -36.500  -14.647  52.645 0.0000000000
151089  -36.717  -14.229  52.127 0.0000000000
151090  -37.449  -14.317  52.082 0.0000000000
359264  -36.665  -13.721  51.849 0.0000000000
154388  -36.594  -12.689  51.678 0.0000000000
159112  -36.425  -10.844  52.194 0.0000000000
159113  -36.889  -10.686  52.009 0.0000000000
127975  -20.535  -23.896  67.095 0.0000000000
126384  -20.720  -24.690  67.789 0.0000000000
127958  -20.915  -24.244  67.509 0.0000000000
126372  -21.676  -24.593  68.172 0.0000000000
126373  -22.158  -24.843  68.406 0.0000000000
107467  -12.341  -32.644  78.295 0.0000000000
107452  -12.047  -32.640  78.783 0.0000000000
107442  -12.353  -33.233  79.011 0.0000000000
105968  -12.693  -33.717  79.311 0.0000000000
104549  -12.987  -34.267  79.652 0.0000000000
112444  -14.851  -30.922  74.730 0.0000000000
112433  -14.040  -31.089  75.321 0.0000000000
110749  -14.938  -31.561  75.413 0.0000000000
109033  -14.930  -31.990  75.814 0.0000000000
109019  -15.250  -32.443  76.263 0.0000000000
139914  -34.192  -18.994  64.316 0.0000000000
141500  -33.074  -18.730  63.256 0.0000000000
117658  -19.192  -28.528  72.281 0.0000000000
117683  -19.674  -28.086  71.918 0.0000000000
119473  -19.958  -27.561  71.695 0.0000000000
121279  -20.251  -27.088  71.462 0.0000000000
121303  -19.403  -27.180  70.051 0.0000000000
119511  -20.126  -27.004  70.910 0.0000000000
124862  -33.676  -26.081  65.147 0.0000000000
123142  -33.842  -26.333  65.645 0.0000000000
367385  -16.752  -22.209  70.971 0.0000000000
129583  -16.873  -22.981  70.286 0.0000000000
129582  -16.621  -23.212  70.905 0.0000000000
127891  -16.232  -23.665  71.151 0.0000000000
126321  -15.988  -24.279  71.267 0.0000000000
124777  -15.906  -24.964  70.966 0.0000000000
121278  -15.482  -26.991  71.541 0.0000000000
121290  -15.786  -26.564  71.103 0.0000000000
121299  -16.399  -27.064  70.751 0.0000000000
119487  -16.621  -27.623  70.987 0.0000000000
119507  -16.951  -27.357  70.500 0.0000000000
117702  -17.499  -28.225  71.053 0.0000000000
117680  -17.854  -28.522  71.411 0.0000000000
115917  -18.620  -28.728  71.912 0.0000000000
134908  -29.530  -21.100  62.290 0.0000000000
136585  -29.340  -20.578  62.513 0.0000000000
136565  -29.468  -20.536  63.713 0.0000000000
139902  -28.644  -19.719  65.737 0.0000000000
129714  -28.652  -24.113  63.933 0.0000000000
128025  -28.257  -24.250  63.544 0.0000000000
128045  -27.829  -24.424  63.041 0.0000000000
129732  -27.882  -23.932  63.124 0.0000000000
341025  -28.150  -23.367  63.060 0.0000000000
131517  -28.504  -22.847  62.849 0.0000000000
131509  -29.305  -22.598  63.174 0.0000000000
131529  -28.473  -22.949  62.056 0.0000000000
131518  -28.863  -22.336  62.517 0.0000000000
133190  -29.131  -21.740  62.320 0.0000000000
340062  -38.080  -11.274  50.695 0.0000000000
157673  -38.437  -11.556  50.404 0.0000000000
159156  -38.509  -11.084  50.252 0.0000000000
354878  -39.122  -10.563  49.965 0.0000000000
162104  -38.770  -9.567  50.011 0.0000000000
162130  -39.940  -9.479  49.560 0.0000000000
163596  -40.211  -9.034  49.443 0.0000000000
165159  -40.523  -8.462  49.330 0.0000000000
178472  -41.145  -1.519  48.739 0.0000000000
180010  -41.507  -1.152  48.572 0.0000000000
178492  -41.058  -1.336  47.453 0.0000000000
176961  -42.103  -1.979  47.365 0.0000000000
322317  -42.664  -0.445  47.143 0.0000000000
350824  -42.557  -0.972  47.200 0.0000000000
176962  -42.794  -2.401  47.339 0.0000000000
178495  -43.346  -2.219  47.054 0.0000000000
176963  -43.951  -2.771  46.962 0.0000000000
175549  -44.611  -3.017  46.745 0.0000000000
175537  -44.924  -3.575  47.047 0.0000000000
175550  -45.279  -3.140  46.640 0.0000000000
176974  -45.589  -2.708  46.354 0.0000000000
176985  -45.787  -2.328  45.991 0.0000000000
180049  -44.997  -1.090  45.733 0.0000000000
178518  -45.965  -1.872  45.651 0.0000000000
178534  -46.561  -1.859  45.401 0.0000000000
181698  -48.097  -0.110  43.723 0.0000000000
184619  -47.666  0.723  43.439 0.0000000000
351183  -46.871  1.283  43.813 0.0000000000
186063  -47.210  1.539  43.662 0.0000000000
184622  -47.821  1.201  43.169 0.0000000000
187545  -47.989  2.236  43.144 0.0000000000
149159  -26.802  -15.081  64.669 0.0000000000
147559  -27.451  -15.786  63.490 0.0000000000
149170  -27.175  -14.609  63.948 0.0000000000
333910  -27.327  -14.515  63.424 0.0000000000
150844  -27.730  -13.971  62.624 0.0000000000
154123  -27.915  -13.112  63.856 0.0000000000
152490  -28.130  -13.317  62.755 0.0000000000
152498  -28.276  -13.683  62.239 0.0000000000
152505  -28.984  -13.787  61.486 0.0000000000
150882  -29.363  -14.264  60.971 0.0000000000
150893  -30.406  -14.289  60.211 0.0000000000
156036  -31.066  -11.820  56.101 0.0000000000
154334  -31.256  -12.425  55.798 0.0000000000
159084  -31.758  -10.755  54.710 0.0000000000
156046  -31.354  -11.962  55.044 0.0000000000
154335  -31.472  -12.925  55.403 0.0000000000
365068  -31.857  -13.252  55.067 0.0000000000
152660  -32.615  -13.817  54.566 0.0000000000
349331  -33.018  -14.185  54.794 0.0000000000
151025  -33.522  -14.415  55.036 0.0000000000
362666  -33.162  -13.713  54.447 0.0000000000
361339  -33.830  -13.305  53.948 0.0000000000
154352  -33.975  -13.213  53.739 0.0000000000
156064  -33.648  -12.182  53.146 0.0000000000
156065  -34.170  -12.463  52.980 0.0000000000
154362  -34.372  -13.052  53.359 0.0000000000
154373  -35.269  -12.762  52.643 0.0000000000
154386  -35.745  -12.668  52.352 0.0000000000
347085  -35.982  -11.183  52.466 0.0000000000
159111  -35.399  -10.901  52.308 0.0000000000
317346  -35.922  -10.575  52.285 0.0000000000
127962  -23.343  -24.096  66.964 0.0000000000
127961  -22.950  -24.053  67.155 0.0000000000
126387  -23.336  -24.358  67.394 0.0000000000
124834  -23.929  -25.422  67.845 0.0000000000
123091  -24.916  -26.096  68.355 0.0000000000
121354  -24.982  -26.309  67.831 0.0000000000
121343  -25.623  -26.588  68.518 0.0000000000
110717  -11.856  -31.115  77.748 0.0000000000
334358  -11.737  -30.201  77.237 0.0000000000
112409  -11.915  -30.815  77.131 0.0000000000
109004  -12.110  -31.699  77.849 0.0000000000
108995  -12.460  -32.295  77.898 0.0000000000
362202  -12.809  -32.943  77.954 0.0000000000
105996  -13.431  -33.375  77.883 0.0000000000
334270  -17.091  -32.113  76.071 0.0000000000
310688  -10.287  -32.472  84.900 0.0000000000
172627  -39.138  -4.824  51.356 0.0000000000
176912  -40.483  -2.633  51.188 0.0000000000
178458  -40.971  -1.794  50.644 0.0000000000
178459  -41.362  -1.334  50.604 0.0000000000
146047  -35.868  -16.931  62.033 0.0000000000
119607  -28.472  -27.517  66.268 0.0000000000
119590  -28.542  -27.634  66.825 0.0000000000
310200  -29.249  -27.803  66.704 0.0000000000
119577  -30.307  -27.846  67.421 0.0000000000
123122  -34.186  -26.638  66.761 0.0000000000
316254  -13.958  -25.718  74.955 0.0000000000
121224  -13.728  -26.877  74.667 0.0000000000
337655  -13.397  -27.759  74.920 0.0000000000
117600  -13.132  -28.218  75.117 0.0000000000
117616  -13.416  -28.261  74.563 0.0000000000
115842  -13.581  -28.924  74.202 0.0000000000
114144  -13.648  -29.441  73.796 0.0000000000
115878  -14.163  -28.940  72.988 0.0000000000
115859  -13.996  -29.484  73.472 0.0000000000
112453  -14.553  -30.425  74.295 0.0000000000
112454  -15.113  -30.709  74.346 0.0000000000
110773  -15.408  -31.072  74.619 0.0000000000
110774  -16.001  -31.146  74.513 0.0000000000
119470  -15.776  -27.591  71.682 0.0000000000
115897  -15.816  -28.869  72.262 0.0000000000
114190  -16.777  -29.460  72.014 0.0000000000
112478  -16.290  -30.205  72.625 0.0000000000
114162  -15.868  -29.753  72.941 0.0000000000
335360  -16.016  -30.295  73.207 0.0000000000
110775  -16.631  -31.210  74.397 0.0000000000
109046  -16.856  -31.727  75.291 0.0000000000
193358  -52.219  5.121  40.250 0.0000000000
131510  -34.662  -22.717  63.609 0.0000000000
133184  -34.347  -22.053  62.753 0.0000000000
133192  -33.926  -21.985  62.255 0.0000000000
343690  -32.582  -21.053  60.940 0.0000000000
337803  -31.555  -20.152  60.577 0.0000000000
365350  -31.332  -21.033  60.360 0.0000000000
138322  -30.158  -20.028  60.599 0.0000000000
139987  -29.781  -19.623  60.802 0.0000000000
141521  -28.265  -18.457  61.965 0.0000000000
142979  -27.134  -17.761  63.268 0.0000000000
144437  -26.953  -17.121  64.184 0.0000000000
138260  -28.601  -19.900  63.770 0.0000000000
139924  -28.167  -19.469  64.149 0.0000000000
337767  -27.266  -18.747  64.741 0.0000000000
314368  -27.982  -17.621  66.539 0.0000000000
142942  -27.485  -18.036  65.716 0.0000000000
144423  -27.105  -17.769  65.262 0.0000000000
323279  -27.005  -17.082  65.345 0.0000000000
145958  -26.930  -16.775  64.762 0.0000000000
317163  -26.749  -16.228  64.712 0.0000000000
314468  -26.825  -15.357  65.512 0.0000000000
149145  -27.039  -14.604  65.529 0.0000000000
150801  -27.555  -13.967  65.818 0.0000000000
150789  -28.402  -13.888  66.861 0.0000000000
127941  -18.071  -24.256  68.198 0.0000000000
126368  -18.459  -24.762  68.222 0.0000000000
127942  -18.377  -23.948  67.849 0.0000000000
127955  -18.997  -24.056  67.472 0.0000000000
356048  -19.402  -23.905  67.078 0.0000000000
133112  -19.090  -22.253  67.070 0.0000000000
131440  -19.330  -22.889  66.905 0.0000000000
127974  -19.910  -23.947  67.024 0.0000000000
129646  -20.213  -23.457  66.825 0.0000000000
131442  -21.143  -23.099  66.519 0.0000000000
129663  -21.735  -23.174  66.400 0.0000000000
136499  -20.785  -20.033  67.252 0.0000000000
136513  -20.881  -20.272  66.585 0.0000000000
134855  -20.915  -21.217  65.705 0.0000000000
136541  -22.026  -20.717  65.479 0.0000000000
136540  -21.481  -20.896  65.521 0.0000000000
133137  -21.184  -21.826  65.671 0.0000000000
131469  -21.546  -22.367  65.782 0.0000000000
131458  -21.928  -22.828  66.006 0.0000000000
129650  -22.629  -23.385  66.605 0.0000000000
349302  -23.112  -23.723  66.581 0.0000000000
127990  -23.602  -23.848  66.253 0.0000000000
126400  -24.070  -24.739  66.028 0.0000000000
129683  -23.738  -23.413  65.474 0.0000000000
126404  -24.199  -24.587  65.597 0.0000000000
124853  -24.775  -25.622  65.856 0.0000000000
123130  -25.500  -26.275  65.978 0.0000000000
369875  -26.010  -26.216  65.886 0.0000000000
353330  -26.808  -26.738  65.913 0.0000000000
335498  -25.367  -22.823  64.731 0.0000000000
128009  -25.505  -24.412  64.873 0.0000000000
128021  -25.983  -24.651  64.668 0.0000000000
126411  -25.697  -24.870  64.893 0.0000000000
123148  -26.059  -25.622  65.210 0.0000000000
121399  -26.800  -26.303  65.409 0.0000000000
119627  -27.815  -27.049  65.722 0.0000000000
119628  -28.492  -27.370  65.756 0.0000000000
119629  -29.305  -27.431  65.549 0.0000000000
119648  -29.766  -27.341  64.989 0.0000000000
121425  -29.075  -26.712  64.080 0.0000000000
121403  -29.453  -26.973  64.542 0.0000000000
119649  -30.606  -27.562  64.900 0.0000000000
121405  -31.240  -27.489  65.013 0.0000000000
123151  -31.960  -26.575  64.624 0.0000000000
123152  -32.566  -26.474  64.724 0.0000000000
126434  -28.226  -24.727  62.440 0.0000000000
126445  -28.714  -25.260  62.009 0.0000000000
124898  -29.823  -25.703  62.403 0.0000000000
126458  -29.297  -24.460  61.212 0.0000000000
124911  -30.239  -25.281  62.170 0.0000000000
124899  -30.414  -25.588  62.675 0.0000000000
123179  -31.258  -25.832  63.202 0.0000000000
124880  -32.088  -25.878  63.701 0.0000000000
309149  -32.883  -25.881  64.473 0.0000000000
124882  -33.338  -25.399  64.173 0.0000000000
308461  -33.662  -24.894  64.052 0.0000000000
128026  -33.596  -24.578  63.621 0.0000000000
128048  -32.645  -24.095  62.398 0.0000000000
128049  -33.135  -24.045  62.706 0.0000000000
128027  -33.852  -24.308  63.727 0.0000000000
128038  -34.099  -23.759  63.544 0.0000000000
129724  -34.342  -23.232  63.366 0.0000000000
134787  -17.744  -21.097  69.997 0.0000000000
134804  -17.839  -21.392  69.509 0.0000000000
133086  -17.705  -21.921  69.287 0.0000000000
131413  -17.565  -22.725  68.649 0.0000000000
129619  -17.868  -23.661  68.229 0.0000000000
151113  -40.726  -14.063  51.725 0.0000000000
156117  -39.222  -12.025  50.322 0.0000000000
156138  -39.833  -11.964  50.190 0.0000000000
154440  -40.868  -12.372  50.400 0.0000000000
157696  -40.664  -11.284  50.015 0.0000000000
166667  -38.686  -7.374  50.625 0.0000000000
166681  -38.964  -7.428  50.098 0.0000000000
166698  -39.260  -7.458  49.641 0.0000000000
171256  -39.096  -5.416  49.818 0.0000000000
168192  -39.293  -6.462  49.625 0.0000000000
166699  -39.772  -7.386  49.388 0.0000000000
319129  -40.410  -7.464  49.333 0.0000000000
334748  -40.983  -7.555  49.328 0.0000000000
176941  -40.980  -2.404  48.528 0.0000000000
175509  -41.063  -3.383  48.675 0.0000000000
172674  -40.986  -4.458  48.742 0.0000000000
174100  -41.990  -4.120  48.255 0.0000000000
172675  -41.519  -4.279  48.627 0.0000000000
171271  -41.238  -5.344  48.693 0.0000000000
363405  -41.470  -6.196  48.754 0.0000000000
166701  -41.378  -7.209  49.236 0.0000000000
165160  -41.826  -8.100  49.324 0.0000000000
346809  -43.042  -7.961  49.141 0.0000000000
337938  -43.949  -6.636  48.680 0.0000000000
186077  -51.600  1.720  41.227 0.0000000000
187553  -50.549  2.079  41.430 0.0000000000
186076  -51.049  2.065  41.169 0.0000000000
313182  -51.710  2.341  40.999 0.0000000000
189024  -51.517  2.990  40.839 0.0000000000
191945  -51.092  4.259  40.571 0.0000000000
193350  -51.322  5.353  40.492 0.0000000000
194686  -50.929  5.711  40.872 0.0000000000
108938  -10.459  -32.091  82.674 0.0000000000
362904  -11.562  -33.450  81.694 0.0000000000
104535  -11.401  -33.986  82.565 0.0000000000
307888  -10.914  -34.189  84.681 0.0000000000
134901  -34.400  -21.557  63.196 0.0000000000
139976  -31.315  -19.568  61.630 0.0000000000
139977  -31.842  -19.879  62.111 0.0000000000
141513  -32.395  -18.711  62.649 0.0000000000
141498  -32.368  -18.194  62.861 0.0000000000
146017  -27.776  -16.212  63.116 0.0000000000
146018  -28.045  -16.279  62.427 0.0000000000
144473  -28.910  -16.830  62.168 0.0000000000
147587  -28.887  -16.049  61.693 0.0000000000
146039  -29.108  -16.536  61.913 0.0000000000
146040  -29.585  -17.012  62.082 0.0000000000
142981  -30.775  -17.602  62.142 0.0000000000
144475  -31.722  -17.445  62.551 0.0000000000
144457  -32.113  -17.227  63.050 0.0000000000
144438  -32.147  -16.764  63.318 0.0000000000
147561  -32.610  -16.356  62.656 0.0000000000
146022  -33.088  -16.376  62.549 0.0000000000
146044  -32.332  -16.259  61.687 0.0000000000
146045  -32.976  -16.281  61.801 0.0000000000
333166  -33.554  -16.557  61.926 0.0000000000
144486  -34.564  -17.054  61.578 0.0000000000
144487  -35.390  -17.101  61.536 0.0000000000
155922  -30.444  -11.842  61.492 0.0000000000
154232  -31.901  -12.779  59.912 0.0000000000
155973  -31.435  -12.848  60.249 0.0000000000
154200  -30.322  -12.784  60.674 0.0000000000
154230  -30.461  -13.158  60.268 0.0000000000
152523  -30.596  -13.556  59.921 0.0000000000
150899  -30.881  -14.260  59.836 0.0000000000
317242  -31.131  -12.904  57.354 0.0000000000
152593  -31.228  -13.458  57.626 0.0000000000
150940  -31.334  -14.025  57.248 0.0000000000
150908  -31.285  -14.267  58.719 0.0000000000
149251  -31.364  -14.772  59.042 0.0000000000
149239  -31.194  -14.863  59.678 0.0000000000
147663  -31.480  -15.345  59.348 0.0000000000
147640  -32.134  -16.213  59.488 0.0000000000
146107  -32.792  -16.475  59.674 0.0000000000
146156  -33.062  -16.619  58.419 0.0000000000
146133  -33.056  -16.601  59.126 0.0000000000
146108  -33.247  -16.754  59.797 0.0000000000
144523  -34.192  -16.933  60.335 0.0000000000
144525  -35.362  -17.119  60.547 0.0000000000
144503  -36.382  -16.838  60.889 0.0000000000
146135  -36.389  -16.484  58.644 0.0000000000
151026  -34.067  -14.305  54.981 0.0000000000
149354  -34.333  -14.668  55.234 0.0000000000
149337  -35.215  -15.082  55.653 0.0000000000
151044  -35.265  -14.399  54.393 0.0000000000
151028  -35.174  -14.517  54.993 0.0000000000
149427  -39.073  -14.941  52.279 0.0000000000
151092  -38.762  -14.483  51.981 0.0000000000
151108  -37.769  -14.015  51.631 0.0000000000
352470  -37.995  -12.122  50.844 0.0000000000
156098  -36.803  -12.217  51.574 0.0000000000
156099  -37.244  -12.048  51.356 0.0000000000
157671  -37.711  -11.767  51.056 0.0000000000
160646  -38.235  -10.243  50.872 0.0000000000
162077  -38.339  -9.171  51.237 0.0000000000
365884  -38.333  -8.681  51.359 0.0000000000
126369  -19.092  -24.949  68.125 0.0000000000
124828  -19.348  -25.517  68.314 0.0000000000
123100  -20.186  -25.842  68.942 0.0000000000
126371  -20.518  -25.237  68.108 0.0000000000
328512  -20.534  -25.542  68.554 0.0000000000
348209  -20.530  -25.778  69.408 0.0000000000
124803  -20.999  -25.486  69.620 0.0000000000
126386  -22.831  -24.433  67.625 0.0000000000
124832  -23.070  -25.092  68.094 0.0000000000
124817  -22.903  -25.585  68.671 0.0000000000
123077  -24.287  -26.264  68.968 0.0000000000
123076  -23.627  -26.178  69.299 0.0000000000
124806  -22.775  -25.645  69.422 0.0000000000
364066  -22.905  -25.788  70.150 0.0000000000
351794  -28.951  -27.600  67.725 0.0000000000
119560  -28.560  -27.596  67.955 0.0000000000
108947  -11.008  -31.896  81.205 0.0000000000
108972  -11.771  -32.365  79.193 0.0000000000
107440  -11.620  -32.501  79.538 0.0000000000
105946  -11.826  -33.346  80.769 0.0000000000
351160  -12.985  -29.408  75.291 0.0000000000
112441  -13.204  -30.367  75.431 0.0000000000
112421  -13.169  -30.904  76.158 0.0000000000
110747  -13.844  -31.432  75.748 0.0000000000
109031  -13.638  -31.784  76.230 0.0000000000
109017  -13.309  -31.887  76.674 0.0000000000
107479  -13.179  -32.303  77.067 0.0000000000
106011  -13.836  -33.212  77.464 0.0000000000
105997  -14.100  -33.577  77.934 0.0000000000
107498  -16.245  -32.678  76.730 0.0000000000
107483  -15.963  -32.925  77.091 0.0000000000
328568  -14.794  -33.578  77.892 0.0000000000
105982  -14.510  -34.022  78.363 0.0000000000
338806  -53.201  3.737  40.275 0.0000000000
105906  -11.031  -33.895  85.909 0.0000000000
105902  -10.844  -34.224  86.334 0.0000000000
107378  -10.318  -33.202  85.786 0.0000000000
105894  -9.757  -33.843  86.660 0.0000000000
105893  -9.118  -33.266  86.553 0.0000000000
107370  -9.977  -32.873  86.225 0.0000000000
107374  -10.105  -32.848  86.180 0.0000000000
104483  -9.008  -33.963  86.568 0.0000000000
105895  -10.028  -33.787  86.997 0.0000000000
107497  -15.618  -32.696  76.709 0.0000000000
109032  -14.228  -31.895  75.957 0.0000000000
109035  -16.662  -31.967  75.776 0.0000000000
109036  -17.258  -31.817  75.738 0.0000000000
110737  -13.453  -31.276  76.040 0.0000000000
110759  -14.615  -31.209  75.156 0.0000000000
110762  -16.428  -31.521  74.846 0.0000000000
110763  -17.488  -31.580  75.282 0.0000000000
112443  -14.270  -30.781  74.853 0.0000000000
112456  -16.204  -30.899  74.046 0.0000000000
112457  -17.387  -30.794  73.937 0.0000000000
112469  -16.462  -30.623  73.540 0.0000000000
112480  -16.908  -30.546  73.065 0.0000000000
114089  -12.348  -29.638  76.597 0.0000000000
114101  -12.694  -29.753  76.131 0.0000000000
114113  -12.947  -29.887  75.579 0.0000000000
114145  -14.070  -29.812  74.095 0.0000000000
114147  -17.912  -30.089  73.429 0.0000000000
114161  -15.275  -29.616  73.061 0.0000000000
114163  -16.258  -29.356  72.762 0.0000000000
114174  -16.606  -29.831  72.332 0.0000000000
115877  -13.864  -28.300  73.328 0.0000000000
115898  -16.354  -29.316  72.034 0.0000000000
115899  -17.333  -29.260  72.169 0.0000000000
115901  -19.044  -28.845  72.759 0.0000000000
115915  -16.628  -29.057  71.826 0.0000000000
117643  -14.320  -28.143  72.877 0.0000000000
117657  -15.358  -28.284  72.210 0.0000000000
117681  -18.452  -28.451  71.469 0.0000000000
117704  -18.740  -28.175  71.131 0.0000000000
119425  -13.780  -27.671  73.740 0.0000000000
119472  -19.641  -27.918  71.407 0.0000000000
119488  -17.212  -27.809  70.775 0.0000000000
119510  -19.697  -27.424  70.533 0.0000000000
119561  -29.077  -27.524  68.164 0.0000000000
119586  -26.279  -27.519  66.553 0.0000000000
119589  -28.244  -27.571  66.940 0.0000000000
119606  -28.147  -27.321  66.041 0.0000000000
119610  -30.734  -27.769  66.134 0.0000000000
119612  -32.166  -27.418  66.408 0.0000000000
119626  -27.303  -26.993  65.853 0.0000000000
119630  -30.103  -27.504  65.651 0.0000000000
121225  -13.967  -26.259  74.592 0.0000000000
121248  -14.783  -26.547  73.255 0.0000000000
121320  -19.568  -26.729  69.997 0.0000000000
121342  -25.164  -26.217  68.231 0.0000000000
121345  -26.919  -27.159  68.387 0.0000000000
121355  -25.305  -26.745  68.128 0.0000000000
121357  -26.839  -27.192  67.805 0.0000000000
121359  -34.081  -27.343  67.582 0.0000000000
121369  -33.250  -27.438  66.839 0.0000000000
121376  -26.375  -27.238  66.136 0.0000000000
121377  -27.144  -26.574  65.573 0.0000000000
121379  -32.632  -27.172  66.097 0.0000000000
121381  -33.663  -26.948  66.494 0.0000000000
121384  -26.396  -26.517  65.913 0.0000000000
121385  -27.541  -26.729  65.436 0.0000000000
121386  -28.231  -27.115  65.550 0.0000000000
121387  -28.644  -27.139  65.307 0.0000000000
121388  -29.123  -27.179  65.138 0.0000000000
121389  -31.319  -27.535  65.714 0.0000000000
121391  -32.464  -26.901  65.580 0.0000000000
121392  -33.043  -26.933  65.688 0.0000000000
121400  -27.733  -26.629  64.918 0.0000000000
121404  -30.199  -27.076  64.328 0.0000000000
121406  -31.739  -26.982  64.961 0.0000000000
121407  -32.268  -26.867  65.034 0.0000000000
121423  -27.925  -26.571  64.285 0.0000000000
121427  -30.170  -26.779  63.754 0.0000000000
121429  -31.432  -26.852  64.578 0.0000000000
121449  -29.264  -26.499  63.520 0.0000000000
121450  -29.821  -26.536  63.385 0.0000000000
123029  -15.070  -26.003  71.927 0.0000000000
123063  -24.670  -26.501  69.525 0.0000000000
123099  -19.553  -25.910  68.692 0.0000000000
123101  -23.928  -25.681  68.130 0.0000000000
123103  -24.928  -26.033  67.933 0.0000000000
123112  -24.726  -26.121  67.452 0.0000000000
123120  -24.806  -26.143  66.763 0.0000000000
123123  -34.702  -26.393  66.997 0.0000000000
123129  -24.960  -26.115  66.113 0.0000000000
123132  -33.989  -26.438  66.222 0.0000000000
123137  -25.115  -25.961  65.651 0.0000000000
123138  -25.806  -25.831  65.709 0.0000000000
123149  -26.569  -25.851  65.007 0.0000000000
123153  -33.149  -26.272  64.890 0.0000000000
123163  -27.642  -26.315  63.829 0.0000000000
123166  -32.303  -26.129  64.246 0.0000000000
123175  -28.443  -26.339  63.248 0.0000000000
123176  -28.917  -26.392  63.096 0.0000000000
123180  -31.588  -26.045  63.543 0.0000000000
123190  -28.355  -26.022  62.961 0.0000000000
123191  -28.660  -26.009  62.578 0.0000000000
123194  -30.652  -25.891  63.191 0.0000000000
123204  -29.357  -25.917  62.100 0.0000000000
124723  -14.263  -25.257  74.642 0.0000000000
124765  -15.227  -25.188  71.828 0.0000000000
124776  -15.548  -25.297  71.324 0.0000000000
124790  -16.230  -25.334  70.438 0.0000000000
124791  -21.098  -25.573  70.206 0.0000000000
124794  -22.613  -25.644  70.145 0.0000000000
124800  -16.491  -25.279  69.956 0.0000000000
124807  -23.276  -25.913  68.945 0.0000000000
124812  -17.087  -25.110  69.199 0.0000000000
124815  -21.515  -25.293  69.147 0.0000000000
124818  -23.523  -25.590  68.225 0.0000000000
124827  -18.747  -25.352  68.388 0.0000000000
124841  -23.656  -24.804  67.560 0.0000000000
124842  -24.072  -25.373  67.310 0.0000000000
124848  -24.395  -25.184  66.812 0.0000000000
124852  -24.476  -25.112  66.290 0.0000000000
124861  -25.532  -25.512  65.381 0.0000000000
124868  -25.851  -25.272  64.959 0.0000000000
124870  -33.483  -25.733  64.669 0.0000000000
124877  -26.114  -25.094  64.586 0.0000000000
124881  -32.782  -25.593  63.814 0.0000000000
124888  -31.833  -25.727  63.182 0.0000000000
124900  -30.984  -25.540  62.820 0.0000000000
124901  -32.044  -25.292  62.755 0.0000000000
124909  -29.188  -25.441  61.871 0.0000000000
124910  -29.640  -25.395  61.928 0.0000000000
126301  -15.045  -24.658  72.883 0.0000000000
126311  -15.628  -24.188  71.766 0.0000000000
126358  -22.100  -25.178  68.903 0.0000000000
126359  -22.523  -25.165  68.498 0.0000000000
126374  -22.668  -24.791  68.044 0.0000000000
126392  -23.616  -24.472  66.961 0.0000000000
126399  -23.799  -24.280  65.859 0.0000000000
126410  -25.243  -24.783  65.205 0.0000000000
126412  -34.033  -24.849  64.367 0.0000000000
126417  -26.974  -25.136  63.975 0.0000000000
126419  -33.299  -25.022  63.691 0.0000000000
126420  -33.958  -24.505  64.056 0.0000000000
126426  -32.684  -25.044  62.889 0.0000000000
126435  -31.444  -25.184  62.460 0.0000000000
126437  -32.768  -24.512  62.605 0.0000000000
126447  -29.480  -24.966  61.554 0.0000000000
126448  -30.059  -24.897  61.728 0.0000000000
126459  -29.873  -24.470  61.289 0.0000000000
126461  -31.172  -24.463  61.757 0.0000000000
127864  -15.409  -23.750  72.685 0.0000000000
127905  -16.542  -23.819  70.739 0.0000000000
127906  -16.711  -23.669  70.289 0.0000000000
127916  -16.764  -24.158  69.719 0.0000000000
127930  -17.124  -24.046  69.217 0.0000000000
127931  -17.547  -24.004  68.631 0.0000000000
127957  -20.289  -24.315  67.403 0.0000000000
127998  -24.476  -24.345  65.286 0.0000000000
128011  -34.813  -23.967  64.743 0.0000000000
128058  -31.726  -24.101  61.997 0.0000000000
128059  -32.265  -23.907  62.089 0.0000000000
128069  -30.301  -24.086  61.006 0.0000000000
128070  -30.892  -24.070  61.186 0.0000000000
128080  -31.159  -23.598  60.934 0.0000000000
129645  -19.589  -23.479  66.844 0.0000000000
129647  -20.825  -23.464  66.820 0.0000000000
129648  -21.504  -23.485  66.795 0.0000000000
129649  -22.139  -23.435  66.721 0.0000000000
129664  -22.320  -23.142  66.323 0.0000000000
129681  -22.461  -22.886  65.865 0.0000000000
129715  -34.586  -23.363  63.873 0.0000000000
129723  -33.903  -23.531  63.065 0.0000000000
129733  -32.852  -23.779  62.306 0.0000000000
129734  -33.267  -23.557  62.549 0.0000000000
129747  -31.953  -23.620  61.707 0.0000000000
129777  -29.935  -23.461  60.643 0.0000000000
129780  -31.411  -23.231  60.727 0.0000000000
131373  -16.792  -22.683  70.813 0.0000000000
131388  -16.982  -22.413  69.936 0.0000000000
131486  -24.391  -22.652  64.902 0.0000000000
131487  -24.979  -22.391  64.707 0.0000000000
131493  -35.279  -23.073  64.682 0.0000000000
131519  -33.440  -22.981  62.344 0.0000000000
131530  -28.776  -22.599  61.676 0.0000000000
131531  -32.814  -22.937  61.678 0.0000000000
131533  -33.599  -22.299  62.099 0.0000000000
131543  -29.205  -22.814  61.080 0.0000000000
131545  -32.708  -22.660  61.329 0.0000000000
131546  -33.071  -22.416  61.529 0.0000000000
131561  -30.220  -22.942  60.535 0.0000000000
133074  -17.488  -21.643  69.825 0.0000000000
133087  -17.959  -21.657  68.818 0.0000000000
133136  -20.718  -21.784  66.025 0.0000000000
133150  -22.812  -21.991  65.218 0.0000000000
133161  -23.193  -21.653  65.082 0.0000000000
133174  -30.114  -21.807  63.495 0.0000000000
133183  -30.053  -22.100  62.895 0.0000000000
133185  -34.595  -22.210  63.225 0.0000000000
133191  -29.813  -21.570  62.785 0.0000000000
133199  -33.256  -21.853  61.710 0.0000000000
133210  -29.094  -21.771  61.052 0.0000000000
133212  -32.900  -22.236  61.120 0.0000000000
133231  -30.514  -21.853  60.155 0.0000000000
133233  -31.942  -21.804  60.497 0.0000000000
134829  -18.564  -21.636  67.809 0.0000000000
134863  -21.420  -21.426  65.476 0.0000000000
134878  -23.606  -21.324  64.973 0.0000000000
134880  -29.939  -20.974  64.237 0.0000000000
134898  -29.738  -21.053  62.852 0.0000000000
134900  -33.974  -21.496  62.580 0.0000000000
134909  -33.222  -21.029  62.173 0.0000000000
134918  -33.074  -21.393  61.785 0.0000000000
134925  -29.016  -21.278  61.296 0.0000000000
134926  -32.798  -21.589  61.175 0.0000000000
134943  -29.575  -21.348  60.437 0.0000000000
134945  -30.644  -21.146  60.244 0.0000000000
134946  -31.871  -21.193  60.478 0.0000000000
136511  -19.974  -20.882  67.034 0.0000000000
136523  -20.610  -20.846  66.199 0.0000000000
136525  -21.744  -20.323  65.799 0.0000000000
136557  -29.640  -20.984  64.530 0.0000000000
136576  -29.494  -20.516  63.115 0.0000000000
136596  -32.363  -20.591  61.811 0.0000000000
136602  -28.956  -20.835  61.498 0.0000000000
136604  -32.660  -21.030  61.506 0.0000000000
136615  -29.054  -20.745  60.981 0.0000000000
136616  -29.378  -20.717  60.513 0.0000000000
136618  -31.147  -20.541  60.408 0.0000000000
136619  -31.745  -20.619  60.523 0.0000000000
136620  -32.259  -20.813  60.706 0.0000000000
138224  -29.512  -20.817  66.485 0.0000000000
138249  -28.491  -20.034  64.466 0.0000000000
138250  -28.967  -20.439  64.677 0.0000000000
138251  -29.261  -20.736  64.861 0.0000000000
138261  -28.952  -20.153  63.799 0.0000000000
138262  -29.361  -20.669  64.306 0.0000000000
138271  -28.778  -19.623  63.128 0.0000000000
138272  -29.126  -20.145  63.422 0.0000000000
138282  -28.616  -19.525  62.401 0.0000000000
138283  -29.037  -20.080  62.816 0.0000000000
138296  -32.110  -20.146  62.111 0.0000000000
138306  -28.794  -19.531  61.447 0.0000000000
138308  -31.573  -19.854  61.183 0.0000000000
138320  -29.148  -20.166  60.802 0.0000000000
138321  -29.523  -20.111  60.577 0.0000000000
138323  -30.968  -19.965  60.632 0.0000000000
138325  -31.919  -20.240  60.815 0.0000000000
139913  -28.131  -19.518  64.825 0.0000000000
139926  -33.908  -19.214  63.849 0.0000000000
139934  -27.917  -18.705  63.051 0.0000000000
139936  -32.774  -19.014  62.835 0.0000000000
139958  -28.530  -19.095  61.749 0.0000000000
139961  -32.067  -19.587  62.314 0.0000000000
139973  -30.012  -19.202  61.147 0.0000000000
139975  -31.108  -19.449  61.496 0.0000000000
139986  -29.319  -19.724  60.787 0.0000000000
139988  -30.475  -19.564  60.876 0.0000000000
139989  -30.965  -19.514  60.777 0.0000000000
139990  -31.341  -19.651  61.148 0.0000000000
141471  -27.288  -18.453  65.213 0.0000000000
141472  -27.745  -18.969  65.095 0.0000000000
141484  -27.168  -18.700  64.179 0.0000000000
141485  -27.713  -19.078  64.481 0.0000000000
141486  -32.967  -18.277  63.552 0.0000000000
141496  -26.928  -18.107  63.974 0.0000000000
141499  -32.693  -18.507  63.072 0.0000000000
141510  -27.868  -18.337  62.469 0.0000000000
141511  -31.313  -18.278  62.562 0.0000000000
141512  -31.834  -18.366  62.631 0.0000000000
141522  -30.543  -18.424  62.029 0.0000000000
141525  -32.062  -18.938  62.389 0.0000000000
141536  -28.669  -18.488  61.505 0.0000000000
141538  -29.652  -18.701  61.361 0.0000000000
141540  -30.818  -19.019  61.852 0.0000000000
142932  -27.941  -18.183  66.121 0.0000000000
142943  -33.676  -17.603  64.545 0.0000000000
142948  -33.705  -18.032  64.387 0.0000000000
142958  -32.913  -17.899  63.873 0.0000000000
142967  -26.956  -17.579  63.867 0.0000000000
142968  -31.987  -17.859  62.799 0.0000000000
142969  -32.357  -17.714  63.105 0.0000000000
142982  -31.346  -17.975  62.311 0.0000000000
142996  -28.177  -17.538  62.112 0.0000000000
142998  -29.291  -17.648  61.837 0.0000000000
142999  -30.295  -17.930  62.170 0.0000000000
143016  -28.468  -17.970  61.809 0.0000000000
143018  -29.420  -18.136  61.540 0.0000000000
143019  -29.976  -18.293  61.779 0.0000000000
144411  -27.678  -17.664  66.099 0.0000000000
144422  -26.881  -17.474  64.734 0.0000000000
144424  -32.913  -17.068  63.941 0.0000000000
144426  -33.772  -17.098  64.561 0.0000000000
144440  -32.926  -17.532  64.069 0.0000000000
144456  -31.809  -16.748  62.958 0.0000000000
144471  -27.371  -17.144  62.849 0.0000000000
144472  -28.540  -17.108  62.153 0.0000000000
144474  -30.275  -17.106  62.125 0.0000000000
144524  -34.723  -17.078  60.435 0.0000000000
144546  -34.146  -17.034  59.797 0.0000000000
144547  -34.670  -17.132  59.930 0.0000000000
144563  -34.628  -17.219  59.343 0.0000000000
144564  -35.167  -17.240  59.443 0.0000000000
144576  -33.465  -16.902  58.118 0.0000000000
144577  -34.016  -17.187  58.364 0.0000000000
144580  -35.558  -17.085  58.894 0.0000000000
144592  -34.613  -17.162  57.899 0.0000000000
144600  -34.929  -16.915  57.387 0.0000000000
145978  -32.537  -16.830  63.568 0.0000000000
145980  -33.840  -16.612  64.043 0.0000000000
145996  -27.445  -16.221  63.703 0.0000000000
145997  -32.389  -16.618  63.205 0.0000000000
145998  -33.112  -16.517  63.172 0.0000000000
146001  -34.807  -16.982  63.054 0.0000000000
146019  -28.515  -16.523  62.096 0.0000000000
146023  -33.441  -16.528  62.371 0.0000000000
146024  -33.967  -16.739  62.426 0.0000000000
146043  -31.881  -16.249  61.746 0.0000000000
146046  -35.191  -17.113  62.067 0.0000000000
146061  -32.500  -16.231  61.173 0.0000000000
146064  -33.945  -16.772  61.458 0.0000000000
146083  -32.046  -16.067  60.657 0.0000000000
146084  -32.506  -16.296  60.229 0.0000000000
146087  -34.224  -16.926  60.707 0.0000000000
146109  -33.687  -16.945  60.208 0.0000000000
146134  -33.596  -16.913  59.520 0.0000000000
146155  -32.663  -16.356  57.999 0.0000000000
146169  -32.772  -16.372  57.398 0.0000000000
146170  -33.347  -16.713  57.581 0.0000000000
146172  -35.669  -16.564  57.895 0.0000000000
146186  -33.400  -16.380  56.487 0.0000000000
146187  -34.031  -16.457  56.312 0.0000000000
146188  -34.659  -16.434  56.297 0.0000000000
146195  -34.908  -16.160  55.901 0.0000000000
147536  -26.687  -15.821  65.071 0.0000000000
147549  -26.852  -15.827  64.204 0.0000000000
147560  -32.098  -16.414  62.718 0.0000000000
147576  -31.914  -16.330  62.217 0.0000000000
147578  -32.761  -16.169  62.171 0.0000000000
147590  -32.577  -16.183  61.928 0.0000000000
147604  -29.539  -15.631  61.098 0.0000000000
147665  -32.267  -16.006  58.814 0.0000000000
147683  -31.942  -15.629  58.436 0.0000000000
147706  -31.922  -15.587  57.295 0.0000000000
147715  -32.013  -15.455  56.806 0.0000000000
147718  -33.695  -16.108  55.975 0.0000000000
147719  -35.688  -15.657  56.373 0.0000000000
147720  -35.969  -15.184  56.442 0.0000000000
147728  -34.046  -15.630  55.547 0.0000000000
149146  -27.457  -14.636  66.274 0.0000000000
149205  -28.174  -14.994  61.794 0.0000000000
149230  -29.556  -14.790  60.650 0.0000000000
149277  -31.631  -15.193  57.560 0.0000000000
149315  -32.117  -15.344  56.280 0.0000000000
149336  -34.543  -15.122  55.417 0.0000000000
149352  -33.396  -14.751  55.304 0.0000000000
149353  -33.846  -14.673  55.232 0.0000000000
149355  -34.869  -14.713  55.340 0.0000000000
149392  -38.656  -15.407  53.232 0.0000000000
149406  -36.334  -14.877  53.267 0.0000000000
149411  -39.446  -15.191  52.730 0.0000000000
149426  -38.411  -14.923  52.393 0.0000000000
150843  -27.384  -14.009  63.265 0.0000000000
150857  -27.441  -14.599  62.892 0.0000000000
150870  -28.128  -14.317  62.027 0.0000000000
150921  -31.297  -14.183  57.996 0.0000000000
151006  -31.816  -14.493  55.893 0.0000000000
151008  -32.983  -14.592  55.229 0.0000000000
151009  -35.612  -14.774  55.255 0.0000000000
151024  -32.455  -14.293  55.008 0.0000000000
151043  -34.741  -14.175  54.536 0.0000000000
151058  -34.812  -14.158  53.899 0.0000000000
151075  -37.171  -14.629  52.548 0.0000000000
151093  -39.381  -14.507  51.953 0.0000000000
151109  -38.442  -14.016  51.672 0.0000000000
151111  -39.692  -14.047  51.768 0.0000000000
151112  -40.191  -14.035  51.756 0.0000000000
151114  -41.326  -14.056  51.756 0.0000000000
152456  -28.061  -13.410  65.500 0.0000000000
152469  -28.363  -12.882  65.209 0.0000000000
152483  -27.741  -13.449  63.262 0.0000000000
152499  -28.712  -13.444  61.958 0.0000000000
152506  -29.516  -13.474  61.261 0.0000000000
152515  -30.161  -13.661  60.320 0.0000000000
152632  -31.487  -14.130  55.921 0.0000000000
152659  -32.025  -13.811  54.904 0.0000000000
152678  -33.505  -13.358  54.189 0.0000000000
152743  -39.901  -13.699  51.426 0.0000000000
152757  -39.501  -13.362  51.050 0.0000000000
152758  -40.176  -13.310  51.036 0.0000000000
154134  -28.214  -12.961  63.312 0.0000000000
154135  -28.676  -12.537  63.205 0.0000000000
154147  -28.731  -12.698  62.666 0.0000000000
154161  -29.330  -12.539  61.878 0.0000000000
154180  -30.091  -12.355  61.098 0.0000000000
154199  -29.881  -13.020  60.934 0.0000000000
154201  -30.859  -12.806  60.462 0.0000000000
155852  -29.505  -11.691  63.123 0.0000000000
155871  -29.079  -12.282  62.326 0.0000000000
155872  -29.463  -11.752  62.486 0.0000000000
155893  -29.514  -12.004  62.055 0.0000000000
155947  -30.699  -12.315  60.918 0.0000000000
156037  -31.343  -12.383  55.329 0.0000000000
156045  -31.161  -11.851  55.589 0.0000000000
156054  -31.695  -12.021  54.575 0.0000000000
156119  -40.213  -12.471  50.313 0.0000000000
156137  -38.876  -11.586  50.215 0.0000000000
157602  -30.972  -11.237  55.855 0.0000000000
157613  -31.416  -11.331  54.832 0.0000000000
157622  -32.288  -11.304  54.025 0.0000000000
157628  -32.553  -10.890  53.805 0.0000000000
160666  -39.472  -10.269  49.828 0.0000000000
160668  -41.177  -10.368  49.850 0.0000000000
160693  -40.977  -9.918  49.565 0.0000000000
162132  -41.170  -9.430  49.407 0.0000000000
165162  -43.553  -8.107  49.190 0.0000000000
166702  -41.833  -7.496  49.198 0.0000000000
166703  -42.754  -7.571  49.021 0.0000000000
166704  -43.342  -7.599  48.997 0.0000000000
166705  -43.914  -7.608  49.001 0.0000000000
166727  -43.146  -7.140  48.803 0.0000000000
168163  -38.444  -6.853  50.806 0.0000000000
168164  -38.768  -6.925  50.295 0.0000000000
168194  -40.278  -6.533  49.261 0.0000000000
168195  -41.314  -6.594  48.986 0.0000000000
168196  -41.833  -6.970  48.977 0.0000000000
168215  -42.353  -6.769  48.778 0.0000000000
168217  -43.460  -6.754  48.680 0.0000000000
168218  -44.546  -6.515  48.802 0.0000000000
169697  -38.625  -5.824  50.631 0.0000000000
169725  -38.918  -5.956  50.030 0.0000000000
169726  -39.331  -5.792  49.586 0.0000000000
169740  -41.057  -5.953  48.859 0.0000000000
169741  -41.626  -5.811  48.641 0.0000000000
169744  -43.552  -6.226  48.534 0.0000000000
171257  -39.466  -5.226  49.539 0.0000000000
171259  -40.648  -5.314  48.853 0.0000000000
171273  -42.408  -5.049  48.523 0.0000000000
171274  -42.776  -5.346  48.556 0.0000000000
171275  -44.388  -5.396  48.455 0.0000000000
171296  -44.645  -5.032  48.200 0.0000000000
172643  -39.335  -4.423  50.482 0.0000000000
172654  -39.592  -4.446  49.978 0.0000000000
172664  -40.198  -4.467  49.180 0.0000000000
172676  -42.573  -4.454  48.237 0.0000000000
174054  -39.361  -4.342  51.106 0.0000000000
174055  -39.700  -3.949  51.443 0.0000000000
174070  -39.705  -3.860  50.878 0.0000000000
174078  -39.813  -4.012  50.264 0.0000000000
174087  -40.026  -4.215  49.731 0.0000000000
174098  -40.781  -3.715  48.950 0.0000000000
174109  -41.979  -3.537  48.116 0.0000000000
174112  -43.946  -3.768  47.545 0.0000000000
175488  -40.026  -3.408  51.003 0.0000000000
175489  -40.268  -3.052  50.839 0.0000000000
175494  -40.357  -3.124  50.256 0.0000000000
175510  -41.462  -3.232  48.214 0.0000000000
175536  -44.290  -3.381  47.211 0.0000000000
175564  -46.176  -2.760  46.187 0.0000000000
176925  -40.734  -2.142  51.012 0.0000000000
176930  -40.617  -2.707  50.003 0.0000000000
176931  -40.704  -2.184  50.352 0.0000000000
176936  -40.749  -2.745  49.434 0.0000000000
176950  -41.129  -2.273  48.038 0.0000000000
176960  -41.281  -1.533  47.345 0.0000000000
176984  -45.335  -2.262  46.241 0.0000000000
178448  -41.164  -1.628  51.141 0.0000000000
178481  -41.030  -1.618  47.610 0.0000000000
178493  -42.100  -1.338  47.365 0.0000000000
178494  -42.755  -1.597  47.157 0.0000000000
178516  -44.957  -1.484  45.892 0.0000000000
179998  -41.372  -1.222  49.996 0.0000000000
180009  -40.945  -1.428  47.890 0.0000000000
180021  -41.345  -1.126  47.759 0.0000000000
180029  -41.457  -1.247  47.383 0.0000000000
180050  -45.548  -1.305  45.665 0.0000000000
180063  -45.321  -0.791  45.548 0.0000000000
180065  -46.405  -0.900  45.118 0.0000000000
180076  -47.314  -1.000  44.607 0.0000000000
181640  -43.271  -0.211  46.259 0.0000000000
181652  -43.275  0.250  46.302 0.0000000000
181654  -44.802  -0.532  45.699 0.0000000000
181682  -47.186  -0.455  44.416 0.0000000000
183123  -43.804  0.903  46.721 0.0000000000
183149  -45.659  0.432  44.913 0.0000000000
183160  -45.927  0.581  44.364 0.0000000000
183162  -47.093  0.116  44.049 0.0000000000
183171  -46.754  0.748  43.839 0.0000000000
184579  -43.956  1.213  46.782 0.0000000000
184604  -44.502  1.313  45.742 0.0000000000
184605  -44.881  1.217  45.295 0.0000000000
184616  -46.469  1.275  44.099 0.0000000000
184618  -47.125  0.913  43.701 0.0000000000
184621  -47.491  1.238  43.432 0.0000000000
184625  -48.178  1.249  42.782 0.0000000000
184628  -49.804  1.355  41.809 0.0000000000
184629  -50.970  1.203  41.617 0.0000000000
184630  -51.503  1.220  41.504 0.0000000000
184633  -52.002  1.281  41.320 0.0000000000
186015  -44.323  1.514  47.056 0.0000000000
186026  -44.583  1.713  46.894 0.0000000000
186045  -44.480  1.676  46.230 0.0000000000
186054  -45.190  1.803  45.384 0.0000000000
186055  -45.768  1.734  44.988 0.0000000000
186066  -47.669  1.794  43.451 0.0000000000
186072  -50.173  1.763  41.604 0.0000000000
187551  -49.733  2.502  41.762 0.0000000000
187556  -50.657  2.597  41.276 0.0000000000
189022  -50.091  3.478  41.745 0.0000000000
189025  -52.734  2.796  40.733 0.0000000000
189030  -51.278  3.567  40.661 0.0000000000
190480  -49.135  3.814  42.369 0.0000000000
190487  -52.088  4.037  40.326 0.0000000000
190488  -52.706  4.179  40.221 0.0000000000
191942  -50.534  4.332  40.990 0.0000000000
191947  -52.182  4.612  40.246 0.0000000000
193356  -51.291  4.829  40.432 0.0000000000
194697  -51.881  5.509  40.334 0.0000000000
308014  -33.117  -16.345  62.152 0.0000000000
308030  -40.906  -2.829  48.892 0.0000000000
308300  -37.948  -15.328  54.039 0.0000000000
308596  -34.542  -17.000  62.197 0.0000000000
308731  -41.088  -3.942  48.748 0.0000000000
309383  -34.509  -16.972  62.671 0.0000000000
309461  -34.846  -16.841  63.589 0.0000000000
309751  -34.876  -16.803  64.253 0.0000000000
310145  -52.132  2.849  40.811 0.0000000000
310190  -54.613  4.025  40.225 0.0000000000
310381  -33.800  -25.261  64.499 0.0000000000
310681  -34.312  -16.734  64.401 0.0000000000
310909  -26.836  -16.434  65.344 0.0000000000
311387  -29.585  -27.812  66.616 0.0000000000
311544  -43.336  -2.926  47.180 0.0000000000
311898  -32.678  -16.223  61.661 0.0000000000
312302  -23.706  -24.401  66.372 0.0000000000
312366  -28.589  -27.667  67.346 0.0000000000
312388  -28.984  -27.676  67.302 0.0000000000
312626  -27.311  -27.483  67.359 0.0000000000
312889  -32.896  -16.400  60.772 0.0000000000
312939  -33.405  -16.779  64.176 0.0000000000
313083  -28.860  -27.562  65.912 0.0000000000
313268  -29.570  -27.700  67.251 0.0000000000
313823  -51.142  2.602  40.970 0.0000000000
313956  -32.352  -24.857  62.538 0.0000000000
314846  -33.425  -16.558  63.742 0.0000000000
314932  -25.749  -27.002  68.064 0.0000000000
315090  -42.940  -4.056  48.026 0.0000000000
315583  -21.089  -22.281  66.112 0.0000000000
315696  -38.968  -4.870  50.450 0.0000000000
317167  -28.446  -15.619  61.642 0.0000000000
317249  -34.366  -16.638  56.706 0.0000000000
317623  -50.495  0.365  42.376 0.0000000000
317710  -46.360  -2.357  45.758 0.0000000000
318507  -20.922  -22.671  66.371 0.0000000000
319104  -29.859  -21.949  60.412 0.0000000000
319133  -30.085  -13.220  60.536 0.0000000000
319415  -31.029  -12.169  56.861 0.0000000000
320749  -35.076  -17.275  58.948 0.0000000000
320975  -41.423  -4.795  48.712 0.0000000000
321052  -44.793  -4.209  47.176 0.0000000000
322466  -47.631  0.198  43.690 0.0000000000
322522  -28.526  -14.022  61.753 0.0000000000
322544  -28.888  -21.736  61.684 0.0000000000
322818  -27.295  -27.485  68.006 0.0000000000
322831  -32.284  -16.238  61.965 0.0000000000
322947  -41.002  -14.515  52.031 0.0000000000
324100  -31.332  -17.392  62.185 0.0000000000
324102  -39.860  -8.529  49.472 0.0000000000
324997  -25.916  -27.315  67.337 0.0000000000
325192  -43.198  -5.292  48.457 0.0000000000
325276  -40.919  -2.219  49.054 0.0000000000
326862  -39.069  -6.974  49.784 0.0000000000
327604  -41.129  -8.144  49.353 0.0000000000
327989  -19.959  -27.719  72.178 0.0000000000
329212  -32.562  -16.326  59.120 0.0000000000
329419  -29.371  -19.193  61.051 0.0000000000
329938  -28.366  -24.170  62.041 0.0000000000
331238  -15.516  -32.211  75.912 0.0000000000
331824  -30.388  -22.431  60.320 0.0000000000
331921  -14.215  -26.166  74.104 0.0000000000
332137  -44.219  -0.109  45.807 0.0000000000
332194  -25.387  -26.900  67.605 0.0000000000
332257  -30.668  -26.867  63.892 0.0000000000
332338  -9.154  -33.317  86.634 0.0000000000
332359  -39.302  -12.849  50.716 0.0000000000
332759  -27.335  -27.286  66.290 0.0000000000
333233  -31.829  -22.896  60.903 0.0000000000
333395  -28.357  -19.211  62.878 0.0000000000
333431  -27.252  -26.446  65.056 0.0000000000
333749  -28.214  -16.741  62.268 0.0000000000
333755  -31.729  -12.649  54.907 0.0000000000
334096  -17.616  -28.886  71.765 0.0000000000
335378  -33.492  -24.293  63.136 0.0000000000
335875  -25.276  -23.901  64.862 0.0000000000
335918  -43.061  -8.358  49.239 0.0000000000
337068  -30.154  -21.627  64.020 0.0000000000
337712  -17.414  -30.577  73.365 0.0000000000
337886  -27.065  -15.300  63.871 0.0000000000
337915  -33.604  -16.548  62.849 0.0000000000
337916  -39.404  -7.016  49.521 0.0000000000
338278  -29.914  -22.505  60.571 0.0000000000
338438  -30.432  -20.508  60.395 0.0000000000
339340  -15.829  -30.498  73.715 0.0000000000
339619  -31.919  -22.378  60.661 0.0000000000
339829  -40.790  -2.377  51.492 0.0000000000
340761  -40.800  -10.748  49.931 0.0000000000
340801  -16.746  -28.651  71.613 0.0000000000
340982  -15.036  -27.038  72.371 0.0000000000
341978  -39.792  -6.181  49.398 0.0000000000
344425  -41.444  -7.691  49.325 0.0000000000
344849  -29.825  -20.462  60.419 0.0000000000
344997  -22.947  -20.549  65.404 0.0000000000
345302  -38.029  -15.066  52.754 0.0000000000
345677  -34.215  -22.867  62.918 0.0000000000
345711  -45.015  -2.603  46.462 0.0000000000
345850  -33.282  -16.531  57.042 0.0000000000
346169  -23.068  -25.868  69.694 0.0000000000
346862  -33.102  -18.174  63.983 0.0000000000
346934  -9.463  -32.972  86.376 0.0000000000
347262  -41.622  -1.008  50.345 0.0000000000
348461  -28.849  -27.352  65.523 0.0000000000
348622  -33.861  -16.829  60.981 0.0000000000
349206  -41.426  -2.739  47.969 0.0000000000
350117  -12.883  -32.450  77.562 0.0000000000
350939  -48.539  1.363  42.481 0.0000000000
351661  -35.315  -14.781  55.435 0.0000000000
352041  -33.634  -12.998  53.829 0.0000000000
352787  -28.215  -27.446  66.511 0.0000000000
352865  -21.236  -24.571  67.828 0.0000000000
353666  -28.900  -25.811  62.190 0.0000000000
354205  -45.496  0.167  45.197 0.0000000000
354799  -45.352  0.889  45.033 0.0000000000
355807  -40.971  -8.592  49.348 0.0000000000
355930  -26.911  -18.196  64.641 0.0000000000
356475  -36.424  -16.721  62.071 0.0000000000
356921  -27.299  -14.124  63.724 0.0000000000
357244  -51.588  3.948  40.451 0.0000000000
357567  -32.407  -15.114  55.856 0.0000000000
358503  -34.072  -15.029  55.327 0.0000000000
358691  -31.355  -13.622  56.054 0.0000000000
359619  -43.468  0.571  46.293 0.0000000000
359701  -13.718  -27.174  74.039 0.0000000000
359927  -40.847  -4.901  48.637 0.0000000000
361080  -27.730  -27.224  66.286 0.0000000000
361309  -15.082  -25.681  71.912 0.0000000000
361401  -27.635  -27.548  67.728 0.0000000000
361584  -28.296  -27.593  68.397 0.0000000000
361893  -14.146  -25.791  74.492 0.0000000000
361999  -34.090  -16.805  61.909 0.0000000000
362199  -44.317  -0.564  45.782 0.0000000000
362460  -39.078  -12.449  50.539 0.0000000000
362882  -33.761  -23.987  63.216 0.0000000000
362895  -31.973  -16.628  63.014 0.0000000000
363384  -25.988  -26.789  68.424 0.0000000000
363406  -29.515  -26.107  62.532 0.0000000000
363526  -27.164  -14.023  65.291 0.0000000000
363678  -18.421  -24.360  68.018 0.0000000000
364795  -26.225  -23.894  64.812 0.0000000000
365197  -33.586  -16.880  60.517 0.0000000000
366156  -18.137  -28.758  71.731 0.0000000000
366418  -27.827  -15.821  62.368 0.0000000000
367281  -34.941  -14.063  53.575 0.0000000000
367339  -27.228  -16.668  63.790 0.0000000000
367523  -38.694  -11.317  50.170 0.0000000000
367706  -28.044  -18.003  62.146 0.0000000000
367752  -34.760  -22.220  63.640 0.0000000000
367823  -17.306  -27.100  70.134 0.0000000000
368039  -17.747  -23.130  68.299 0.0000000000
368587  -27.984  -23.624  62.833 0.0000000000
369100  -17.513  -22.336  69.084 0.0000000000
369413  -30.541  -16.753  62.011 0.0000000000
369506  -14.191  -32.975  77.163 0.0000000000
369560  -40.634  -7.919  49.327 0.0000000000
370095  -41.045  -1.822  48.928 0.0000000000
370269  -8.849  -33.473  86.489 0.0000000000
