#!ascii label  , from subject sub-v2s5x29557_ses-1 vox2ras=TkReg
994
174898  -29.559  -4.310  -4.129 0.0000000000
354734  -28.752  -1.301  -7.001 0.0000000000
205410  -27.149  10.785  -7.155 0.0000000000
200992  -31.178  8.393  -6.215 0.0000000000
191315  -33.399  3.844  -8.709 0.0000000000
184027  -36.253  0.015  -6.533 0.0000000000
206798  -24.821  11.485  -8.388 0.0000000000
196787  -32.870  6.497  -6.952 0.0000000000
191261  -29.745  3.921  -6.082 0.0000000000
177816  -30.115  -3.539  -7.993 0.0000000000
182553  -33.012  -0.600  -7.687 0.0000000000
179330  -32.525  -1.422  -4.718 0.0000000000
161484  -24.792  -10.149  -1.657 0.0000000000
170688  -27.822  -5.980  -5.912 0.0000000000
218753  -25.763  17.132  -12.046 0.0000000000
214077  -26.663  14.129  -12.871 0.0000000000
214037  -28.366  14.843  -10.351 0.0000000000
212442  -30.191  13.885  -8.868 0.0000000000
208215  -32.563  12.402  -9.894 0.0000000000
203935  -29.544  10.256  -6.097 0.0000000000
205463  -32.746  10.287  -11.205 0.0000000000
201054  -32.686  7.802  -11.331 0.0000000000
195490  -34.260  5.971  -12.215 0.0000000000
191332  -36.878  4.320  -9.891 0.0000000000
186874  -31.385  1.994  -5.950 0.0000000000
186948  -35.141  1.265  -9.414 0.0000000000
192741  -28.862  4.892  -6.523 0.0000000000
191286  -27.250  3.522  -7.884 0.0000000000
176297  -29.891  -3.552  -4.992 0.0000000000
177798  -31.054  -2.437  -6.409 0.0000000000
308491  -31.359  -2.406  -4.143 0.0000000000
151900  -24.142  -14.034  2.571 0.0000000000
157005  -24.118  -12.471  1.795 0.0000000000
158506  -24.533  -11.206  0.978 0.0000000000
311101  -27.132  -4.446  -5.961 0.0000000000
352071  -25.601  -6.049  -5.533 0.0000000000
212481  -27.768  14.528  -11.610 0.0000000000
205425  -25.868  11.125  -8.086 0.0000000000
209578  -27.253  13.011  -7.752 0.0000000000
209579  -29.180  13.109  -7.394 0.0000000000
211035  -31.633  13.298  -8.969 0.0000000000
314658  -29.878  12.529  -6.956 0.0000000000
202446  -30.391  9.476  -5.834 0.0000000000
205393  -32.460  10.790  -7.695 0.0000000000
202521  -32.570  9.635  -8.633 0.0000000000
202535  -32.743  9.083  -10.970 0.0000000000
201035  -32.962  8.639  -9.343 0.0000000000
194098  -33.362  5.376  -7.659 0.0000000000
331152  -33.180  6.244  -9.564 0.0000000000
350931  -33.690  4.802  -10.633 0.0000000000
192825  -35.566  4.645  -11.819 0.0000000000
191345  -35.127  3.762  -10.470 0.0000000000
184046  -27.249  0.318  -6.817 0.0000000000
186872  -29.095  1.650  -6.091 0.0000000000
309787  -30.124  0.451  -6.064 0.0000000000
182556  -34.107  -0.366  -7.447 0.0000000000
184072  -33.697  -0.253  -8.861 0.0000000000
184092  -35.252  0.871  -8.157 0.0000000000
188377  -36.940  1.843  -8.912 0.0000000000
319529  -37.954  0.624  -7.954 0.0000000000
162925  -25.746  -9.495  -1.094 0.0000000000
164515  -25.144  -9.157  -2.890 0.0000000000
164517  -26.054  -8.512  -2.323 0.0000000000
167560  -26.854  -7.268  -3.251 0.0000000000
198153  -29.240  7.096  -6.439 0.0000000000
199573  -32.067  7.819  -6.377 0.0000000000
196767  -30.515  6.467  -5.685 0.0000000000
194070  -31.194  5.482  -5.779 0.0000000000
191264  -32.153  4.115  -6.219 0.0000000000
179386  -29.442  -2.856  -7.690 0.0000000000
182527  -31.315  -1.195  -7.449 0.0000000000
180939  -32.262  -2.264  -8.582 0.0000000000
312616  -32.750  -0.967  -6.278 0.0000000000
180943  -34.428  -0.454  -4.954 0.0000000000
329042  -24.840  -10.632  0.220 0.0000000000
342089  -27.600  -2.236  -6.791 0.0000000000
176355  -27.866  -3.287  -6.198 0.0000000000
174947  -28.582  -4.627  -6.118 0.0000000000
172107  -28.333  -5.152  -4.857 0.0000000000
223865  -25.361  19.319  -13.641 0.0000000000
214021  -24.731  15.527  -9.526 0.0000000000
217253  -26.490  15.989  -12.034 0.0000000000
218755  -28.306  16.889  -12.000 0.0000000000
217255  -29.077  16.119  -11.150 0.0000000000
215658  -30.214  15.679  -11.121 0.0000000000
211030  -27.193  13.888  -8.483 0.0000000000
212454  -29.272  14.498  -9.087 0.0000000000
214054  -31.216  15.144  -10.846 0.0000000000
212483  -32.310  13.968  -11.353 0.0000000000
365558  -32.514  12.706  -12.206 0.0000000000
327693  -32.514  11.614  -13.015 0.0000000000
316444  -28.284  10.275  -7.267 0.0000000000
206781  -31.354  11.692  -7.149 0.0000000000
206824  -32.707  11.425  -10.332 0.0000000000
205501  -31.840  10.197  -14.463 0.0000000000
204050  -32.119  9.313  -14.268 0.0000000000
199647  -34.764  8.070  -13.043 0.0000000000
351757  -32.611  7.109  -9.363 0.0000000000
198206  -33.276  7.465  -12.119 0.0000000000
188334  -28.234  2.416  -6.886 0.0000000000
189770  -30.466  2.974  -5.933 0.0000000000
189783  -32.752  3.104  -6.611 0.0000000000
184047  -32.285  0.302  -7.007 0.0000000000
186911  -33.398  1.542  -7.857 0.0000000000
189830  -33.765  2.867  -9.253 0.0000000000
356111  -36.089  3.175  -9.754 0.0000000000
191303  -37.251  3.937  -8.655 0.0000000000
169121  -26.801  -7.024  -4.958 0.0000000000
313219  -27.723  -6.165  -4.400 0.0000000000
172081  -28.915  -5.528  -3.650 0.0000000000
317547  -29.705  -3.951  -4.492 0.0000000000
177779  -30.703  -2.944  -4.769 0.0000000000
176280  -30.628  -3.230  -4.067 0.0000000000
176281  -31.053  -3.227  -3.633 0.0000000000
174880  -30.488  -3.673  -3.511 0.0000000000
153485  -24.682  -13.894  2.793 0.0000000000
155199  -24.225  -12.942  2.187 0.0000000000
155200  -24.798  -12.906  2.403 0.0000000000
326560  -26.549  11.319  -7.552 0.0000000000
208191  -27.821  12.667  -7.417 0.0000000000
208168  -27.652  12.070  -6.906 0.0000000000
209556  -29.531  12.846  -6.974 0.0000000000
206778  -28.368  11.618  -6.760 0.0000000000
325278  -30.172  8.347  -5.884 0.0000000000
200988  -29.405  8.738  -6.317 0.0000000000
200991  -30.904  9.009  -5.960 0.0000000000
202480  -31.689  9.529  -7.045 0.0000000000
201011  -31.990  8.958  -7.127 0.0000000000
201034  -32.692  8.929  -8.691 0.0000000000
336355  -32.262  8.477  -7.192 0.0000000000
192772  -33.473  4.781  -7.706 0.0000000000
320221  -33.322  5.021  -8.980 0.0000000000
192798  -33.398  4.483  -9.463 0.0000000000
192811  -34.623  3.994  -10.937 0.0000000000
191327  -33.532  3.943  -9.291 0.0000000000
184019  -27.505  0.027  -6.394 0.0000000000
184021  -28.916  0.486  -6.179 0.0000000000
182525  -28.987  -0.206  -6.473 0.0000000000
184026  -35.372  -0.090  -6.528 0.0000000000
184073  -34.899  -0.123  -7.859 0.0000000000
185461  -36.364  0.547  -7.505 0.0000000000
185485  -36.946  0.513  -8.053 0.0000000000
184075  -37.395  0.384  -7.646 0.0000000000
185445  -38.090  0.068  -7.073 0.0000000000
184028  -37.062  -0.018  -6.734 0.0000000000
368014  -25.907  -9.019  -1.737 0.0000000000
195437  -28.466  6.041  -7.296 0.0000000000
337877  -30.189  6.883  -5.941 0.0000000000
195426  -29.117  6.177  -6.299 0.0000000000
192722  -28.900  4.303  -6.100 0.0000000000
333286  -29.836  4.991  -5.911 0.0000000000
329549  -30.327  4.759  -5.937 0.0000000000
352641  -32.039  4.865  -5.904 0.0000000000
312498  -30.780  4.280  -6.043 0.0000000000
177845  -30.424  -3.731  -8.216 0.0000000000
180986  -31.199  -2.793  -8.729 0.0000000000
177817  -31.082  -3.852  -8.438 0.0000000000
179329  -31.892  -1.571  -5.233 0.0000000000
179349  -31.932  -1.794  -6.540 0.0000000000
180926  -32.737  -0.939  -5.268 0.0000000000
182507  -33.506  -0.402  -5.821 0.0000000000
180927  -33.330  -0.800  -4.798 0.0000000000
180929  -34.676  -0.933  -4.445 0.0000000000
179331  -33.603  -1.228  -4.212 0.0000000000
150247  -23.270  -14.685  2.769 0.0000000000
150224  -23.620  -15.066  3.092 0.0000000000
159995  -24.596  -10.957  0.535 0.0000000000
161430  -25.468  -10.349  0.475 0.0000000000
177842  -27.988  -2.815  -6.540 0.0000000000
337153  -27.421  -5.695  -6.016 0.0000000000
174946  -28.327  -4.854  -6.871 0.0000000000
173539  -28.185  -5.336  -6.889 0.0000000000
173498  -28.414  -4.954  -5.765 0.0000000000
172130  -27.925  -5.912  -6.168 0.0000000000
220074  -25.717  17.785  -11.731 0.0000000000
222662  -25.971  18.878  -12.828 0.0000000000
221390  -26.054  18.312  -12.397 0.0000000000
222665  -25.846  18.812  -13.956 0.0000000000
350902  -26.070  17.451  -12.403 0.0000000000
214049  -26.049  13.731  -11.302 0.0000000000
214035  -25.964  14.732  -11.134 0.0000000000
215668  -26.862  15.068  -12.275 0.0000000000
217281  -27.112  16.665  -12.962 0.0000000000
217282  -27.363  16.443  -12.859 0.0000000000
218772  -27.832  17.170  -12.601 0.0000000000
215669  -27.532  15.277  -12.237 0.0000000000
214051  -27.866  14.447  -10.910 0.0000000000
215655  -28.527  15.446  -11.157 0.0000000000
215642  -28.618  15.251  -10.511 0.0000000000
217256  -29.702  16.150  -11.228 0.0000000000
215644  -29.386  15.383  -10.384 0.0000000000
208203  -25.871  12.366  -8.858 0.0000000000
211032  -29.073  13.735  -8.516 0.0000000000
211031  -28.401  14.193  -8.328 0.0000000000
212455  -29.876  14.406  -9.179 0.0000000000
214027  -30.125  14.727  -9.665 0.0000000000
212468  -31.232  14.411  -10.045 0.0000000000
212482  -31.855  14.316  -10.917 0.0000000000
212458  -31.533  13.966  -9.730 0.0000000000
209605  -32.088  13.114  -9.199 0.0000000000
314520  -32.657  13.073  -10.863 0.0000000000
209619  -32.640  12.632  -11.160 0.0000000000
208243  -32.584  12.240  -12.357 0.0000000000
208235  -32.674  12.056  -11.573 0.0000000000
202460  -28.653  9.300  -6.880 0.0000000000
202478  -28.302  9.662  -7.439 0.0000000000
205377  -29.264  10.677  -6.471 0.0000000000
206762  -29.464  11.167  -7.094 0.0000000000
205379  -30.525  10.866  -7.027 0.0000000000
205436  -32.695  10.602  -9.984 0.0000000000
205448  -32.603  11.167  -9.828 0.0000000000
205462  -32.714  10.955  -10.792 0.0000000000
311719  -32.639  10.944  -12.116 0.0000000000
319860  -32.349  10.328  -12.661 0.0000000000
204049  -31.882  9.630  -14.138 0.0000000000
204045  -31.856  9.518  -13.322 0.0000000000
201058  -32.461  8.101  -11.564 0.0000000000
201064  -32.180  7.931  -13.203 0.0000000000
199645  -32.932  7.456  -13.174 0.0000000000
199654  -33.860  7.865  -13.470 0.0000000000
199636  -32.935  7.297  -12.620 0.0000000000
196794  -32.709  7.022  -7.193 0.0000000000
198172  -32.625  7.732  -7.943 0.0000000000
196815  -32.997  6.895  -8.623 0.0000000000
195480  -33.321  5.774  -11.290 0.0000000000
353433  -32.835  6.513  -10.678 0.0000000000
196848  -33.564  6.676  -12.628 0.0000000000
198199  -33.730  7.597  -12.383 0.0000000000
196832  -34.783  6.803  -12.289 0.0000000000
192813  -35.971  4.703  -11.414 0.0000000000
192787  -36.863  4.756  -9.220 0.0000000000
188348  -26.968  2.252  -7.823 0.0000000000
348623  -29.979  1.711  -5.967 0.0000000000
188319  -30.030  2.324  -5.945 0.0000000000
188320  -30.724  2.239  -5.982 0.0000000000
189772  -31.572  3.155  -5.703 0.0000000000
188322  -32.232  2.354  -6.122 0.0000000000
313820  -31.876  -1.072  -7.795 0.0000000000
184024  -31.435  -0.287  -6.612 0.0000000000
182552  -32.504  -0.532  -7.432 0.0000000000
185502  -34.037  0.239  -8.872 0.0000000000
185483  -33.580  0.604  -7.945 0.0000000000
186933  -34.062  1.256  -8.557 0.0000000000
188373  -33.399  2.199  -8.110 0.0000000000
188397  -34.084  2.322  -9.177 0.0000000000
189831  -34.448  2.682  -9.587 0.0000000000
188398  -34.815  1.923  -9.482 0.0000000000
337481  -37.180  2.126  -8.409 0.0000000000
191302  -37.169  3.252  -8.733 0.0000000000
191289  -37.039  3.448  -7.559 0.0000000000
169081  -27.169  -6.886  -3.024 0.0000000000
169093  -27.174  -6.902  -3.645 0.0000000000
170629  -27.931  -6.111  -3.583 0.0000000000
170630  -28.370  -5.718  -3.706 0.0000000000
170617  -28.575  -5.934  -3.223 0.0000000000
192755  -27.977  4.853  -7.347 0.0000000000
192739  -28.052  4.237  -7.007 0.0000000000
191276  -28.247  3.646  -6.700 0.0000000000
177796  -30.094  -3.596  -6.991 0.0000000000
177797  -30.564  -3.060  -6.658 0.0000000000
309247  -30.566  -2.564  -5.566 0.0000000000
177780  -31.120  -2.422  -4.977 0.0000000000
177781  -31.622  -2.052  -4.621 0.0000000000
363459  -32.683  -1.762  -4.037 0.0000000000
177762  -31.799  -2.343  -3.861 0.0000000000
177747  -31.946  -2.724  -3.358 0.0000000000
151879  -23.847  -14.513  2.909 0.0000000000
158505  -24.042  -11.717  0.887 0.0000000000
157023  -24.075  -12.064  1.414 0.0000000000
158488  -24.880  -11.590  1.818 0.0000000000
311143  -26.194  -3.999  -6.494 0.0000000000
173537  -26.253  -4.610  -6.095 0.0000000000
172152  -26.492  -5.388  -6.029 0.0000000000
170686  -26.772  -6.037  -5.921 0.0000000000
217243  -25.580  16.381  -10.557 0.0000000000
212489  -26.130  13.108  -12.125 0.0000000000
212491  -27.159  14.175  -12.159 0.0000000000
212479  -26.581  13.079  -11.398 0.0000000000
329867  -27.098  14.186  -10.211 0.0000000000
212453  -27.327  14.310  -9.377 0.0000000000
208189  -26.688  12.691  -7.973 0.0000000000
206799  -26.549  12.083  -7.682 0.0000000000
329094  -28.034  13.109  -7.989 0.0000000000
211017  -29.432  13.260  -8.195 0.0000000000
211046  -31.339  13.765  -9.166 0.0000000000
209596  -30.819  13.106  -8.355 0.0000000000
209597  -31.390  13.054  -8.453 0.0000000000
308857  -31.614  12.659  -8.172 0.0000000000
203919  -29.865  9.898  -5.730 0.0000000000
205380  -30.958  10.482  -6.958 0.0000000000
203938  -31.386  10.065  -6.979 0.0000000000
203973  -32.535  10.241  -8.092 0.0000000000
204020  -32.907  10.007  -10.191 0.0000000000
313846  -32.680  9.629  -11.237 0.0000000000
327077  -33.142  9.279  -10.392 0.0000000000
319715  -33.137  8.794  -10.247 0.0000000000
201044  -33.038  8.416  -9.971 0.0000000000
195428  -33.107  6.004  -7.299 0.0000000000
345976  -33.184  6.305  -8.716 0.0000000000
330704  -33.399  5.691  -9.260 0.0000000000
194143  -33.236  5.029  -10.458 0.0000000000
194155  -33.768  5.208  -11.526 0.0000000000
194169  -35.117  5.602  -12.131 0.0000000000
194156  -34.773  4.947  -11.814 0.0000000000
192812  -35.801  4.076  -11.471 0.0000000000
191346  -35.913  3.847  -10.787 0.0000000000
186870  -28.142  1.378  -6.626 0.0000000000
185439  -28.364  0.960  -6.237 0.0000000000
185441  -29.644  1.265  -6.032 0.0000000000
311381  -30.849  1.180  -5.991 0.0000000000
180989  -33.613  -0.883  -7.853 0.0000000000
182573  -33.028  -0.589  -7.895 0.0000000000
182591  -33.874  -0.827  -8.790 0.0000000000
182598  -34.168  -0.395  -8.826 0.0000000000
185520  -35.359  1.134  -9.228 0.0000000000
186949  -35.746  1.175  -9.603 0.0000000000
185521  -36.093  1.003  -9.123 0.0000000000
186912  -37.654  0.779  -8.406 0.0000000000
350048  -37.539  2.012  -7.453 0.0000000000
189785  -37.264  2.674  -6.712 0.0000000000
186891  -38.215  0.770  -7.474 0.0000000000
162924  -25.276  -9.805  -1.361 0.0000000000
333913  -24.904  -9.493  -2.489 0.0000000000
162968  -25.376  -9.311  -2.373 0.0000000000
164516  -25.564  -8.763  -2.723 0.0000000000
166037  -26.116  -7.956  -3.122 0.0000000000
167559  -26.445  -7.628  -3.563 0.0000000000
167548  -26.570  -7.652  -2.853 0.0000000000
167549  -27.057  -7.264  -2.539 0.0000000000
198133  -29.576  7.646  -6.261 0.0000000000
199558  -30.371  7.887  -5.815 0.0000000000
320560  -31.640  8.289  -6.408 0.0000000000
198135  -30.681  7.429  -5.760 0.0000000000
196768  -30.969  6.866  -5.776 0.0000000000
196770  -31.886  6.465  -6.173 0.0000000000
194086  -29.064  5.578  -6.255 0.0000000000
195410  -30.624  5.813  -5.737 0.0000000000
195413  -32.163  5.784  -6.354 0.0000000000
194087  -32.609  5.282  -6.646 0.0000000000
192743  -32.765  4.716  -7.079 0.0000000000
319056  -32.879  4.101  -7.157 0.0000000000
179368  -29.444  -1.873  -7.231 0.0000000000
182526  -29.667  -0.739  -6.552 0.0000000000
180961  -30.155  -1.648  -7.303 0.0000000000
314770  -32.040  -1.901  -8.544 0.0000000000
180963  -32.416  -1.585  -8.315 0.0000000000
179348  -32.055  -2.459  -7.541 0.0000000000
180940  -32.307  -1.841  -7.799 0.0000000000
346649  -32.853  -1.015  -6.915 0.0000000000
182554  -33.608  -0.690  -6.407 0.0000000000
182508  -34.137  -0.222  -5.807 0.0000000000
344987  -34.960  -0.148  -5.933 0.0000000000
182531  -35.786  -0.223  -5.866 0.0000000000
182510  -35.674  -0.482  -5.285 0.0000000000
179319  -33.868  -1.816  -3.861 0.0000000000
334310  -23.367  -15.605  3.275 0.0000000000
161469  -24.518  -10.664  -1.394 0.0000000000
158518  -24.166  -11.220  0.499 0.0000000000
160030  -24.503  -10.609  -0.529 0.0000000000
161470  -24.935  -10.221  -0.980 0.0000000000
161471  -25.460  -9.911  -0.708 0.0000000000
162903  -25.944  -9.631  -0.520 0.0000000000
180985  -27.974  -1.946  -7.078 0.0000000000
179385  -28.635  -2.850  -7.642 0.0000000000
177843  -28.762  -3.171  -7.414 0.0000000000
177815  -29.542  -3.953  -7.813 0.0000000000
176328  -27.647  -3.964  -6.117 0.0000000000
176329  -28.410  -4.039  -6.191 0.0000000000
176309  -29.174  -3.785  -6.123 0.0000000000
174924  -29.049  -4.172  -5.894 0.0000000000
173512  -28.960  -4.418  -5.498 0.0000000000
174911  -29.317  -4.364  -4.747 0.0000000000
318695  -25.831  19.286  -12.187 0.0000000000
217242  -25.483  16.068  -10.180 0.0000000000
359055  -25.595  15.915  -10.512 0.0000000000
215640  -25.723  15.356  -10.401 0.0000000000
338057  -25.900  16.586  -11.778 0.0000000000
218769  -26.513  17.046  -12.665 0.0000000000
221395  -26.749  17.771  -13.639 0.0000000000
215670  -28.173  15.671  -11.891 0.0000000000
217270  -28.720  16.528  -11.523 0.0000000000
218774  -29.412  17.362  -12.241 0.0000000000
345411  -29.699  17.025  -11.720 0.0000000000
217272  -30.546  16.551  -11.486 0.0000000000
215671  -30.723  16.025  -11.367 0.0000000000
211045  -26.949  13.844  -9.086 0.0000000000
214023  -27.834  14.934  -8.863 0.0000000000
211014  -27.477  13.586  -8.187 0.0000000000
213997  -27.907  14.987  -8.372 0.0000000000
214025  -29.007  14.807  -9.526 0.0000000000
214039  -29.778  15.078  -10.052 0.0000000000
214053  -30.602  15.253  -10.776 0.0000000000
215660  -31.537  15.424  -11.202 0.0000000000
214067  -31.867  15.055  -11.611 0.0000000000
311916  -32.516  13.685  -12.687 0.0000000000
211057  -32.059  13.703  -10.012 0.0000000000
211075  -32.538  13.514  -11.577 0.0000000000
202500  -27.315  9.665  -7.878 0.0000000000
205389  -27.793  10.679  -7.063 0.0000000000
206779  -29.147  11.689  -7.005 0.0000000000
313398  -30.905  12.100  -7.335 0.0000000000
208192  -31.875  12.100  -8.039 0.0000000000
206764  -31.807  11.257  -7.123 0.0000000000
206813  -32.636  11.451  -9.137 0.0000000000
206818  -32.683  11.803  -9.783 0.0000000000
206841  -32.688  11.433  -11.654 0.0000000000
206867  -32.149  10.924  -13.744 0.0000000000
202550  -31.972  8.626  -13.677 0.0000000000
367764  -33.601  8.480  -14.672 0.0000000000
202556  -34.551  8.944  -14.349 0.0000000000
201079  -34.874  9.012  -13.673 0.0000000000
199585  -32.495  8.183  -7.504 0.0000000000
342007  -32.684  7.596  -9.172 0.0000000000
199620  -32.736  7.754  -10.266 0.0000000000
345747  -32.737  6.762  -9.173 0.0000000000
198198  -32.983  7.096  -10.584 0.0000000000
199628  -32.883  7.416  -11.674 0.0000000000
199629  -33.514  7.599  -12.385 0.0000000000
195482  -35.821  5.813  -11.830 0.0000000000
189781  -27.931  2.685  -7.183 0.0000000000
189767  -28.758  3.234  -6.489 0.0000000000
186871  -28.448  2.025  -6.524 0.0000000000
348613  -28.987  2.789  -6.362 0.0000000000
309311  -30.061  3.546  -6.075 0.0000000000
191262  -31.305  3.773  -5.784 0.0000000000
324193  -32.217  3.614  -6.664 0.0000000000
191288  -33.201  3.555  -7.460 0.0000000000
364028  -30.239  -0.227  -6.192 0.0000000000
310886  -30.830  0.447  -6.074 0.0000000000
312788  -31.352  1.293  -6.018 0.0000000000
184049  -33.216  0.155  -7.639 0.0000000000
185459  -32.638  1.373  -6.911 0.0000000000
186876  -32.285  1.716  -6.230 0.0000000000
188350  -33.204  2.384  -7.427 0.0000000000
189796  -33.290  2.859  -7.731 0.0000000000
189829  -33.436  3.212  -8.690 0.0000000000
189851  -34.432  3.249  -9.740 0.0000000000
191330  -35.577  3.462  -10.190 0.0000000000
367140  -36.203  3.698  -10.158 0.0000000000
189833  -36.403  2.805  -9.181 0.0000000000
191317  -36.882  3.516  -9.150 0.0000000000
191318  -37.150  4.160  -9.279 0.0000000000
169150  -25.680  -6.633  -5.401 0.0000000000
367902  -27.220  -6.379  -5.781 0.0000000000
167598  -26.863  -7.215  -4.603 0.0000000000
169122  -27.276  -7.005  -4.936 0.0000000000
170642  -27.651  -6.129  -5.331 0.0000000000
172106  -27.826  -5.523  -4.686 0.0000000000
172097  -28.932  -5.161  -4.228 0.0000000000
316974  -29.318  -5.129  -3.713 0.0000000000
151880  -24.418  -14.375  2.967 0.0000000000
153486  -25.029  -13.376  2.702 0.0000000000
153503  -23.752  -13.498  2.304 0.0000000000
153504  -24.416  -13.413  2.562 0.0000000000
158487  -24.483  -11.584  1.432 0.0000000000
158517  -23.735  -11.589  0.309 0.0000000000
159994  -23.887  -11.180  0.061 0.0000000000
160029  -24.068  -10.829  -1.046 0.0000000000
161450  -25.144  -10.270  -0.240 0.0000000000
161451  -25.694  -9.978  -0.080 0.0000000000
161452  -26.146  -9.751  -0.052 0.0000000000
161483  -24.250  -10.372  -1.879 0.0000000000
162940  -24.570  -9.904  -2.147 0.0000000000
162941  -25.161  -9.781  -2.037 0.0000000000
162942  -25.613  -9.355  -1.734 0.0000000000
162943  -26.045  -9.124  -1.410 0.0000000000
164495  -25.769  -8.906  -2.092 0.0000000000
166024  -25.866  -8.222  -2.732 0.0000000000
166025  -26.416  -8.173  -2.600 0.0000000000
166036  -25.681  -8.332  -3.279 0.0000000000
167571  -26.857  -7.304  -4.004 0.0000000000
167597  -26.236  -7.396  -4.904 0.0000000000
169082  -27.543  -6.885  -2.680 0.0000000000
169094  -27.613  -6.633  -3.291 0.0000000000
169105  -27.267  -7.044  -4.438 0.0000000000
169106  -27.520  -6.597  -4.057 0.0000000000
169123  -27.509  -6.751  -4.813 0.0000000000
169151  -26.365  -6.828  -5.308 0.0000000000
169152  -26.970  -6.657  -5.354 0.0000000000
170641  -27.341  -6.535  -5.393 0.0000000000
170664  -25.006  -6.265  -5.425 0.0000000000
170665  -26.198  -6.272  -5.618 0.0000000000
170666  -27.473  -6.203  -5.767 0.0000000000
170685  -25.994  -5.694  -5.828 0.0000000000
170687  -27.344  -6.247  -5.842 0.0000000000
172095  -27.995  -5.734  -4.043 0.0000000000
172096  -28.454  -5.454  -4.157 0.0000000000
172129  -28.000  -5.734  -6.539 0.0000000000
172151  -25.686  -4.999  -6.000 0.0000000000
173486  -29.327  -4.791  -4.233 0.0000000000
173487  -29.693  -4.614  -3.598 0.0000000000
173497  -28.181  -5.721  -5.722 0.0000000000
173499  -28.818  -4.719  -4.832 0.0000000000
173511  -28.272  -5.591  -6.514 0.0000000000
173538  -27.727  -5.183  -6.814 0.0000000000
174899  -29.940  -4.034  -3.815 0.0000000000
174900  -30.151  -3.591  -4.196 0.0000000000
174912  -29.451  -4.006  -5.386 0.0000000000
174922  -28.539  -5.112  -6.691 0.0000000000
174923  -28.798  -4.629  -6.256 0.0000000000
174945  -27.745  -4.806  -6.883 0.0000000000
174948  -28.861  -4.118  -6.101 0.0000000000
174969  -27.033  -3.931  -6.235 0.0000000000
176265  -31.585  -3.241  -3.273 0.0000000000
176266  -32.172  -3.195  -2.942 0.0000000000
176282  -31.446  -2.756  -3.686 0.0000000000
176298  -30.303  -3.242  -4.653 0.0000000000
176310  -29.641  -3.595  -6.021 0.0000000000
176311  -30.156  -3.104  -5.575 0.0000000000
176330  -28.992  -3.800  -7.089 0.0000000000
176331  -29.580  -3.861  -7.125 0.0000000000
176356  -28.620  -3.351  -6.290 0.0000000000
177761  -31.018  -2.766  -4.098 0.0000000000
177818  -31.594  -3.708  -8.835 0.0000000000
177841  -27.251  -2.515  -6.682 0.0000000000
177844  -29.174  -3.629  -7.832 0.0000000000
177846  -31.266  -3.664  -8.827 0.0000000000
177847  -31.726  -3.378  -9.054 0.0000000000
179317  -32.226  -1.920  -4.153 0.0000000000
179318  -33.141  -1.659  -4.007 0.0000000000
179328  -31.468  -1.938  -5.820 0.0000000000
179347  -31.414  -3.528  -8.029 0.0000000000
179350  -32.191  -1.150  -6.098 0.0000000000
179367  -28.723  -2.038  -7.265 0.0000000000
179369  -31.817  -3.108  -8.776 0.0000000000
179383  -26.855  -2.146  -6.966 0.0000000000
179384  -28.236  -2.562  -6.991 0.0000000000
179387  -30.275  -2.723  -7.927 0.0000000000
180928  -34.008  -0.773  -4.498 0.0000000000
180941  -33.160  -0.716  -5.578 0.0000000000
180942  -33.718  -0.435  -5.187 0.0000000000
180959  -28.088  -1.210  -7.068 0.0000000000
180960  -29.231  -1.028  -6.757 0.0000000000
180962  -30.807  -1.911  -8.084 0.0000000000
180964  -32.499  -1.213  -7.385 0.0000000000
180965  -33.183  -0.842  -6.477 0.0000000000
180987  -33.091  -0.884  -7.228 0.0000000000
180988  -33.412  -0.893  -6.999 0.0000000000
181010  -33.242  -0.716  -7.844 0.0000000000
182509  -34.991  -0.278  -5.366 0.0000000000
182524  -28.324  -0.532  -6.673 0.0000000000
182528  -31.909  -0.825  -7.448 0.0000000000
182529  -32.507  -0.945  -7.513 0.0000000000
182530  -34.502  -0.201  -6.598 0.0000000000
182532  -36.793  -0.210  -6.237 0.0000000000
182555  -33.798  -0.685  -6.969 0.0000000000
182574  -33.195  -1.146  -8.507 0.0000000000
182575  -33.645  -1.510  -8.271 0.0000000000
182576  -34.094  -0.510  -7.970 0.0000000000
182590  -33.490  -1.130  -8.714 0.0000000000
182592  -34.377  -0.539  -8.575 0.0000000000
184020  -28.241  0.312  -6.369 0.0000000000
184022  -29.655  -0.068  -6.186 0.0000000000
184023  -30.900  -0.440  -6.402 0.0000000000
184025  -31.889  0.027  -6.915 0.0000000000
184048  -32.909  -0.198  -7.438 0.0000000000
184050  -34.810  -0.191  -7.295 0.0000000000
184051  -35.670  0.157  -7.147 0.0000000000
184052  -36.767  0.280  -7.045 0.0000000000
184053  -37.751  -0.059  -7.204 0.0000000000
184071  -33.168  -0.925  -8.560 0.0000000000
184074  -35.380  0.528  -7.682 0.0000000000
184090  -34.060  -0.384  -8.874 0.0000000000
184091  -34.704  -0.062  -8.379 0.0000000000
184101  -33.974  0.138  -9.012 0.0000000000
184102  -34.564  0.610  -8.640 0.0000000000
185438  -27.740  0.682  -6.461 0.0000000000
185440  -29.021  1.079  -6.094 0.0000000000
185442  -31.327  0.612  -6.284 0.0000000000
185443  -31.778  0.832  -6.464 0.0000000000
185444  -32.259  1.067  -6.524 0.0000000000
185458  -32.720  0.559  -7.093 0.0000000000
185460  -33.200  0.643  -7.407 0.0000000000
185462  -38.020  0.335  -7.569 0.0000000000
185484  -35.964  0.896  -8.011 0.0000000000
185486  -37.540  0.566  -8.243 0.0000000000
185501  -33.801  0.718  -8.424 0.0000000000
185503  -34.509  1.081  -8.792 0.0000000000
185504  -35.641  1.027  -8.605 0.0000000000
185505  -36.833  0.617  -8.804 0.0000000000
185506  -36.861  0.698  -9.069 0.0000000000
185519  -34.563  0.934  -8.734 0.0000000000
186873  -29.487  1.979  -6.053 0.0000000000
186875  -31.891  1.469  -6.052 0.0000000000
186877  -38.070  1.255  -6.549 0.0000000000
186890  -32.561  2.124  -6.587 0.0000000000
186932  -33.561  1.572  -8.412 0.0000000000
186934  -37.264  1.091  -8.898 0.0000000000
186950  -36.332  1.164  -9.244 0.0000000000
186951  -36.737  1.159  -9.135 0.0000000000
188317  -28.552  2.628  -6.529 0.0000000000
188318  -29.392  2.595  -6.111 0.0000000000
188321  -31.756  2.550  -5.904 0.0000000000
188323  -37.299  2.153  -6.168 0.0000000000
188333  -28.026  2.093  -7.365 0.0000000000
188335  -32.524  2.655  -6.426 0.0000000000
188336  -32.970  2.564  -6.811 0.0000000000
188337  -37.949  1.151  -7.870 0.0000000000
188349  -27.531  2.477  -7.521 0.0000000000
188351  -37.559  1.599  -8.206 0.0000000000
188374  -33.747  2.107  -8.641 0.0000000000
188375  -34.424  1.677  -8.973 0.0000000000
188376  -36.969  2.464  -8.854 0.0000000000
188399  -35.478  1.443  -9.836 0.0000000000
188400  -36.230  1.706  -9.450 0.0000000000
189768  -29.299  3.149  -6.233 0.0000000000
189769  -29.645  3.475  -6.177 0.0000000000
189771  -31.074  3.272  -5.742 0.0000000000
189773  -32.094  3.025  -6.167 0.0000000000
189782  -28.193  2.991  -6.741 0.0000000000
189784  -33.205  3.022  -7.061 0.0000000000
189795  -27.566  3.132  -7.459 0.0000000000
189811  -33.320  2.692  -8.426 0.0000000000
189812  -33.555  2.629  -8.915 0.0000000000
189813  -37.295  2.959  -8.235 0.0000000000
189832  -35.432  2.363  -9.679 0.0000000000
189850  -34.087  3.172  -9.474 0.0000000000
189852  -35.105  3.101  -9.857 0.0000000000
191259  -28.642  3.840  -6.274 0.0000000000
191260  -29.210  3.712  -6.170 0.0000000000
191263  -31.822  3.626  -6.054 0.0000000000
191275  -27.895  3.339  -7.035 0.0000000000
191277  -32.539  4.221  -6.643 0.0000000000
191287  -27.596  3.833  -7.285 0.0000000000
191301  -33.305  3.756  -8.104 0.0000000000
191316  -33.714  3.442  -9.193 0.0000000000
191328  -34.028  3.621  -9.675 0.0000000000
191329  -34.744  3.557  -10.003 0.0000000000
191331  -36.452  4.061  -10.395 0.0000000000
191344  -34.255  3.792  -10.277 0.0000000000
191347  -36.152  4.143  -11.040 0.0000000000
192723  -29.333  4.856  -6.011 0.0000000000
192724  -29.821  4.474  -5.979 0.0000000000
192725  -31.362  4.397  -5.985 0.0000000000
192726  -31.924  4.487  -5.985 0.0000000000
192727  -32.312  4.584  -6.142 0.0000000000
192740  -28.406  4.865  -6.958 0.0000000000
192742  -32.544  4.765  -6.461 0.0000000000
192756  -33.332  4.934  -7.456 0.0000000000
192771  -33.231  4.344  -8.192 0.0000000000
192786  -33.358  4.423  -8.809 0.0000000000
192799  -33.687  4.058  -9.903 0.0000000000
192800  -36.367  4.659  -10.479 0.0000000000
192809  -33.522  4.621  -10.079 0.0000000000
192810  -33.953  4.297  -10.508 0.0000000000
192823  -34.068  4.555  -11.233 0.0000000000
192824  -35.080  4.204  -11.535 0.0000000000
194067  -29.604  5.469  -5.927 0.0000000000
194068  -30.167  5.373  -5.862 0.0000000000
194069  -30.647  5.264  -5.908 0.0000000000
194071  -31.821  5.315  -5.907 0.0000000000
194072  -32.261  5.079  -6.167 0.0000000000
194085  -28.584  5.499  -6.795 0.0000000000
194088  -33.038  5.379  -7.112 0.0000000000
194108  -33.140  4.928  -8.313 0.0000000000
194123  -36.651  5.406  -9.186 0.0000000000
194135  -33.369  5.034  -9.702 0.0000000000
194154  -33.342  5.070  -11.079 0.0000000000
194157  -35.741  5.283  -12.039 0.0000000000
194158  -36.064  5.411  -11.530 0.0000000000
194168  -34.373  5.571  -11.946 0.0000000000
195408  -29.450  6.055  -6.029 0.0000000000
195409  -30.057  5.950  -5.904 0.0000000000
195411  -31.052  6.193  -5.637 0.0000000000
195412  -31.592  5.961  -5.841 0.0000000000
195425  -28.852  6.088  -6.765 0.0000000000
195427  -32.794  5.927  -6.761 0.0000000000
195438  -33.235  6.121  -7.951 0.0000000000
195469  -33.403  5.685  -10.010 0.0000000000
195474  -33.158  5.615  -10.759 0.0000000000
195481  -33.756  5.984  -11.775 0.0000000000
195483  -36.390  6.012  -11.155 0.0000000000
195491  -34.938  5.894  -11.972 0.0000000000
195492  -35.428  5.797  -12.144 0.0000000000
195499  -33.973  6.383  -12.503 0.0000000000
196765  -29.321  6.581  -6.139 0.0000000000
196766  -29.922  6.504  -6.010 0.0000000000
196769  -31.537  6.968  -6.115 0.0000000000
196784  -29.014  6.599  -6.609 0.0000000000
196785  -32.125  7.090  -6.386 0.0000000000
196786  -32.423  6.453  -6.560 0.0000000000
196795  -33.054  6.620  -7.533 0.0000000000
196806  -33.125  6.764  -8.146 0.0000000000
196831  -33.207  6.330  -11.663 0.0000000000
196833  -35.696  6.327  -11.117 0.0000000000
196839  -33.288  6.808  -12.056 0.0000000000
196840  -33.469  6.289  -12.128 0.0000000000
196841  -34.408  6.663  -12.527 0.0000000000
196849  -33.696  6.613  -12.637 0.0000000000
196850  -33.856  6.770  -12.721 0.0000000000
198134  -30.129  7.421  -5.857 0.0000000000
198136  -31.241  7.435  -5.926 0.0000000000
198137  -31.758  7.475  -6.131 0.0000000000
198152  -28.778  7.081  -6.849 0.0000000000
198154  -32.436  7.413  -6.780 0.0000000000
198162  -32.575  7.584  -7.343 0.0000000000
198163  -32.882  7.185  -7.745 0.0000000000
198173  -32.845  7.294  -8.321 0.0000000000
198183  -32.676  7.747  -8.566 0.0000000000
198194  -32.665  7.376  -9.784 0.0000000000
198205  -33.015  7.161  -11.473 0.0000000000
198207  -34.122  7.094  -12.788 0.0000000000
198215  -33.508  6.848  -12.692 0.0000000000
198216  -34.068  6.908  -12.765 0.0000000000
199556  -29.621  8.238  -6.207 0.0000000000
199557  -29.943  8.008  -5.913 0.0000000000
199559  -30.938  7.905  -5.942 0.0000000000
199560  -31.564  7.903  -6.050 0.0000000000
199574  -32.342  7.984  -6.939 0.0000000000
199597  -32.682  8.409  -8.143 0.0000000000
199608  -32.799  8.216  -8.890 0.0000000000
199609  -32.804  7.993  -9.556 0.0000000000
199630  -34.381  7.559  -12.455 0.0000000000
199637  -33.139  7.337  -12.121 0.0000000000
199644  -32.512  7.753  -13.492 0.0000000000
199646  -33.895  7.749  -13.100 0.0000000000
199655  -34.622  8.045  -13.403 0.0000000000
199665  -34.415  8.155  -13.874 0.0000000000
200989  -29.839  8.716  -5.961 0.0000000000
200990  -30.294  8.922  -5.872 0.0000000000
201000  -31.439  8.952  -6.548 0.0000000000
201001  -31.941  8.409  -6.782 0.0000000000
201010  -28.227  9.052  -7.498 0.0000000000
201012  -32.432  8.893  -7.604 0.0000000000
201021  -32.559  9.014  -8.134 0.0000000000
201049  -32.770  8.039  -10.753 0.0000000000
201065  -32.555  7.742  -12.426 0.0000000000
201066  -34.909  8.304  -13.054 0.0000000000
201070  -32.280  8.100  -13.935 0.0000000000
201071  -34.819  8.340  -13.546 0.0000000000
201072  -35.100  8.826  -13.070 0.0000000000
201076  -32.941  8.369  -14.321 0.0000000000
201078  -34.518  8.438  -14.156 0.0000000000
201087  -34.230  8.502  -14.732 0.0000000000
202445  -29.790  9.482  -5.725 0.0000000000
202461  -30.932  9.491  -6.158 0.0000000000
202462  -31.264  9.596  -6.692 0.0000000000
202477  -27.845  9.404  -7.819 0.0000000000
202479  -28.783  10.006  -6.965 0.0000000000
202481  -32.162  9.555  -7.439 0.0000000000
202501  -32.424  9.556  -7.967 0.0000000000
202522  -32.865  9.273  -9.257 0.0000000000
202529  -33.153  9.525  -9.809 0.0000000000
202539  -32.108  9.247  -12.008 0.0000000000
202540  -32.260  9.053  -11.514 0.0000000000
202544  -32.036  8.971  -12.731 0.0000000000
202545  -32.162  8.488  -12.174 0.0000000000
202554  -31.938  9.104  -13.999 0.0000000000
202555  -32.106  8.562  -14.336 0.0000000000
202564  -33.182  9.057  -14.187 0.0000000000
203918  -29.265  9.885  -5.596 0.0000000000
203920  -30.495  9.854  -6.025 0.0000000000
203933  -28.821  10.629  -6.752 0.0000000000
203934  -29.129  10.262  -6.252 0.0000000000
203936  -30.293  10.295  -6.416 0.0000000000
203937  -30.923  10.002  -6.498 0.0000000000
203950  -31.894  10.139  -7.291 0.0000000000
203951  -32.284  10.223  -7.610 0.0000000000
203972  -27.251  10.188  -7.575 0.0000000000
203993  -32.706  10.300  -8.651 0.0000000000
203994  -32.704  9.888  -9.216 0.0000000000
204006  -32.709  10.422  -9.145 0.0000000000
204007  -32.753  10.219  -9.631 0.0000000000
204030  -32.852  9.800  -10.765 0.0000000000
204038  -32.436  9.747  -11.682 0.0000000000
204041  -32.110  9.744  -12.330 0.0000000000
205378  -29.813  10.717  -6.682 0.0000000000
205381  -31.556  10.651  -7.158 0.0000000000
205390  -28.241  10.948  -6.839 0.0000000000
205391  -30.068  11.215  -7.152 0.0000000000
205392  -32.118  10.794  -7.340 0.0000000000
205409  -26.550  10.605  -7.466 0.0000000000
205411  -32.630  10.790  -8.194 0.0000000000
205424  -25.699  11.209  -8.289 0.0000000000
205426  -32.663  10.844  -8.810 0.0000000000
205435  -32.658  10.803  -9.422 0.0000000000
205449  -32.825  10.445  -10.552 0.0000000000
205478  -32.678  10.941  -11.430 0.0000000000
205490  -32.596  10.348  -11.903 0.0000000000
205496  -32.002  10.244  -13.562 0.0000000000
206761  -28.844  11.140  -6.615 0.0000000000
206763  -31.244  11.175  -6.981 0.0000000000
206777  -27.680  11.314  -6.890 0.0000000000
206780  -30.693  11.621  -7.163 0.0000000000
206782  -32.312  11.257  -7.424 0.0000000000
206783  -32.557  11.177  -7.814 0.0000000000
206800  -27.072  11.693  -7.204 0.0000000000
206801  -32.284  11.571  -7.897 0.0000000000
206802  -32.546  11.292  -8.394 0.0000000000
206811  -25.537  11.770  -8.496 0.0000000000
206812  -26.037  11.652  -7.996 0.0000000000
206831  -32.691  11.590  -10.996 0.0000000000
208158  -28.785  12.748  -6.879 0.0000000000
208159  -29.128  12.711  -6.855 0.0000000000
208169  -28.327  12.430  -6.939 0.0000000000
208170  -28.845  12.320  -6.853 0.0000000000
208171  -29.438  12.404  -6.874 0.0000000000
208172  -30.369  12.290  -7.240 0.0000000000
208173  -31.344  12.278  -7.597 0.0000000000
208174  -31.819  11.693  -7.481 0.0000000000
208190  -27.118  12.419  -7.376 0.0000000000
208193  -32.316  11.902  -8.569 0.0000000000
208202  -25.414  12.188  -9.041 0.0000000000
208204  -26.168  12.322  -8.288 0.0000000000
208205  -32.095  12.473  -8.532 0.0000000000
208206  -32.549  12.223  -9.209 0.0000000000
208221  -32.777  12.037  -10.388 0.0000000000
208228  -32.720  12.208  -10.905 0.0000000000
208252  -32.492  12.242  -13.171 0.0000000000
209554  -28.580  12.985  -7.274 0.0000000000
209555  -29.047  12.909  -6.968 0.0000000000
209557  -30.112  12.747  -7.237 0.0000000000
209558  -30.717  12.583  -7.499 0.0000000000
209580  -29.829  13.026  -7.515 0.0000000000
209581  -30.487  12.961  -7.716 0.0000000000
209582  -31.089  12.827  -7.913 0.0000000000
209595  -26.216  12.864  -8.785 0.0000000000
209598  -31.877  12.902  -8.708 0.0000000000
209599  -32.273  12.675  -8.972 0.0000000000
209606  -32.365  12.783  -9.490 0.0000000000
209612  -32.707  12.682  -10.486 0.0000000000
209618  -26.476  12.979  -11.927 0.0000000000
209626  -26.643  13.098  -12.092 0.0000000000
209627  -32.560  12.654  -11.788 0.0000000000
209636  -32.461  12.731  -12.635 0.0000000000
211013  -26.912  13.239  -8.330 0.0000000000
211015  -28.009  13.834  -8.185 0.0000000000
211016  -28.695  13.400  -8.031 0.0000000000
211018  -30.104  13.125  -8.434 0.0000000000
211029  -26.595  13.390  -8.954 0.0000000000
211033  -29.659  13.507  -8.633 0.0000000000
211034  -31.114  13.370  -8.823 0.0000000000
211047  -31.868  13.547  -9.439 0.0000000000
211048  -32.373  13.328  -9.692 0.0000000000
211058  -32.559  13.365  -10.323 0.0000000000
211065  -32.155  13.808  -10.665 0.0000000000
211066  -32.532  13.487  -11.019 0.0000000000
211074  -26.786  12.968  -11.867 0.0000000000
211082  -26.501  13.027  -12.049 0.0000000000
211083  -32.476  13.809  -12.005 0.0000000000
212429  -27.918  14.727  -8.192 0.0000000000
212439  -27.587  14.621  -8.438 0.0000000000
212440  -28.840  14.348  -8.696 0.0000000000
212441  -29.530  14.133  -8.789 0.0000000000
212443  -30.834  13.921  -8.964 0.0000000000
212456  -30.456  14.307  -9.291 0.0000000000
212457  -31.016  14.178  -9.468 0.0000000000
212465  -26.375  13.699  -10.656 0.0000000000
212466  -27.035  14.097  -10.876 0.0000000000
212467  -30.668  14.534  -9.876 0.0000000000
212469  -31.705  14.146  -10.318 0.0000000000
212478  -26.295  13.159  -11.443 0.0000000000
212480  -27.210  14.039  -11.494 0.0000000000
212490  -27.008  13.927  -12.056 0.0000000000
212501  -26.534  13.485  -12.562 0.0000000000
212502  -26.714  13.761  -12.859 0.0000000000
212503  -26.974  14.178  -12.539 0.0000000000
214010  -28.131  14.996  -8.640 0.0000000000
214011  -28.647  14.787  -8.941 0.0000000000
214024  -28.353  14.989  -9.425 0.0000000000
214026  -29.554  14.757  -9.584 0.0000000000
214036  -27.786  14.634  -9.928 0.0000000000
214038  -29.267  15.096  -9.944 0.0000000000
214040  -30.359  14.994  -10.220 0.0000000000
214041  -30.978  14.881  -10.365 0.0000000000
214042  -31.495  14.725  -10.527 0.0000000000
214050  -26.259  14.268  -11.961 0.0000000000
214052  -28.324  14.811  -11.105 0.0000000000
214055  -31.632  14.844  -11.107 0.0000000000
214063  -26.205  13.757  -12.589 0.0000000000
214064  -26.506  14.238  -12.812 0.0000000000
214065  -27.470  14.621  -12.065 0.0000000000
214066  -28.065  15.006  -11.741 0.0000000000
214076  -26.533  13.862  -12.950 0.0000000000
214078  -27.039  14.615  -12.306 0.0000000000
215629  -25.145  15.600  -9.969 0.0000000000
215630  -28.779  15.102  -9.973 0.0000000000
215641  -25.740  15.768  -11.052 0.0000000000
215643  -28.991  15.342  -10.250 0.0000000000
215645  -29.953  15.330  -10.640 0.0000000000
215654  -26.370  15.206  -11.747 0.0000000000
215656  -28.923  15.632  -10.740 0.0000000000
215657  -29.497  15.742  -10.839 0.0000000000
215659  -30.943  15.581  -11.121 0.0000000000
215672  -31.378  15.951  -11.340 0.0000000000
215673  -31.764  15.621  -11.709 0.0000000000
217252  -25.886  16.540  -11.098 0.0000000000
217254  -28.599  16.013  -11.318 0.0000000000
217257  -30.224  16.170  -11.351 0.0000000000
217266  -26.448  16.583  -12.395 0.0000000000
217267  -27.159  16.003  -12.554 0.0000000000
217268  -27.651  16.014  -12.387 0.0000000000
217269  -28.204  16.319  -11.924 0.0000000000
217271  -29.975  16.621  -11.417 0.0000000000
217273  -31.117  16.405  -11.607 0.0000000000
218743  -25.961  17.214  -11.141 0.0000000000
218754  -27.732  16.662  -12.475 0.0000000000
218756  -29.051  16.920  -11.917 0.0000000000
218757  -30.301  17.134  -11.591 0.0000000000
218770  -26.853  17.016  -13.276 0.0000000000
220078  -26.185  17.807  -12.582 0.0000000000
220079  -30.005  17.513  -11.794 0.0000000000
220085  -26.356  17.320  -13.242 0.0000000000
220086  -26.803  17.313  -13.549 0.0000000000
221394  -26.330  17.792  -13.541 0.0000000000
222659  -26.071  18.931  -11.686 0.0000000000
308483  -28.584  1.569  -6.182 0.0000000000
308668  -29.404  4.259  -6.023 0.0000000000
309078  -24.301  -10.900  0.078 0.0000000000
309105  -30.827  -3.842  -7.734 0.0000000000
309298  -29.451  0.652  -6.070 0.0000000000
309737  -30.454  1.737  -5.970 0.0000000000
309774  -31.158  2.697  -5.859 0.0000000000
309780  -30.299  1.164  -5.991 0.0000000000
309788  -30.596  3.687  -5.954 0.0000000000
311212  -24.479  -11.981  1.818 0.0000000000
311766  -30.608  8.374  -6.045 0.0000000000
312147  -29.793  3.020  -6.048 0.0000000000
313328  -30.221  4.107  -6.068 0.0000000000
314571  -28.448  4.295  -6.447 0.0000000000
315456  -33.323  3.227  -8.071 0.0000000000
315605  -32.913  8.543  -10.842 0.0000000000
315836  -32.450  10.959  -12.873 0.0000000000
317095  -27.694  10.305  -7.391 0.0000000000
318691  -33.167  4.307  -7.589 0.0000000000
318754  -28.865  2.203  -6.199 0.0000000000
319341  -32.492  12.893  -9.979 0.0000000000
319967  -33.266  8.977  -9.764 0.0000000000
320232  -33.362  0.165  -7.994 0.0000000000
321477  -29.860  11.850  -7.200 0.0000000000
321750  -32.263  -2.352  -3.584 0.0000000000
322535  -33.341  5.593  -8.458 0.0000000000
322966  -32.797  7.493  -11.899 0.0000000000
323212  -37.743  1.731  -7.029 0.0000000000
323344  -26.858  -6.402  -5.698 0.0000000000
323406  -32.900  6.583  -11.348 0.0000000000
324202  -32.944  3.594  -6.885 0.0000000000
325858  -31.386  6.494  -5.883 0.0000000000
326737  -32.651  11.560  -12.248 0.0000000000
326738  -31.943  2.014  -5.995 0.0000000000
327447  -29.732  7.020  -6.120 0.0000000000
327661  -30.947  4.859  -5.961 0.0000000000
328416  -32.617  13.105  -11.406 0.0000000000
328770  -32.522  13.176  -12.118 0.0000000000
329002  -32.941  1.910  -7.167 0.0000000000
329233  -32.298  11.644  -13.883 0.0000000000
329342  -32.708  7.235  -8.885 0.0000000000
329654  -30.503  7.020  -5.795 0.0000000000
329731  -23.026  -15.234  2.983 0.0000000000
330436  -32.812  6.738  -9.900 0.0000000000
333516  -25.797  11.995  -8.486 0.0000000000
333660  -35.378  3.857  -11.171 0.0000000000
334493  -31.570  4.884  -5.708 0.0000000000
335517  -27.660  14.286  -8.255 0.0000000000
335518  -36.792  3.852  -9.826 0.0000000000
335873  -26.064  18.339  -13.582 0.0000000000
337679  -29.002  9.821  -6.234 0.0000000000
337873  -32.953  6.169  -10.382 0.0000000000
339054  -36.793  5.123  -8.691 0.0000000000
339680  -33.027  -1.151  -4.507 0.0000000000
341342  -31.881  -2.710  -8.793 0.0000000000
342341  -34.081  7.626  -12.590 0.0000000000
342535  -32.846  6.119  -11.130 0.0000000000
342828  -30.401  -0.845  -6.671 0.0000000000
345014  -29.019  7.621  -6.646 0.0000000000
345888  -34.927  7.363  -11.896 0.0000000000
347005  -26.626  13.266  -12.387 0.0000000000
347343  -29.357  16.580  -11.452 0.0000000000
347500  -34.062  7.745  -12.778 0.0000000000
350069  -33.153  1.258  -7.408 0.0000000000
350215  -36.729  4.889  -9.797 0.0000000000
352317  -37.202  3.661  -8.139 0.0000000000
352452  -31.716  4.071  -6.057 0.0000000000
352793  -32.703  7.522  -12.089 0.0000000000
352934  -28.562  11.110  -6.625 0.0000000000
354045  -26.156  11.073  -7.784 0.0000000000
354866  -38.268  0.461  -7.167 0.0000000000
355001  -28.220  14.845  -8.338 0.0000000000
356694  -30.592  13.359  -8.755 0.0000000000
357006  -28.712  -3.877  -6.124 0.0000000000
357530  -27.055  -5.000  -5.972 0.0000000000
359928  -32.519  6.891  -6.764 0.0000000000
359974  -37.275  0.614  -8.808 0.0000000000
360014  -29.684  -3.873  -7.983 0.0000000000
360223  -32.700  10.929  -10.292 0.0000000000
363104  -27.955  3.765  -7.003 0.0000000000
365663  -32.792  7.490  -10.952 0.0000000000
366307  -30.934  1.701  -5.969 0.0000000000
367123  -32.365  12.351  -8.813 0.0000000000
367243  -32.557  9.287  -8.374 0.0000000000
367539  -25.928  16.056  -11.591 0.0000000000
367723  -35.397  5.118  -12.025 0.0000000000
368177  -27.559  14.332  -10.525 0.0000000000
369682  -33.228  9.158  -10.035 0.0000000000
