#!ascii label  , from subject sub-v2s5x29557_ses-1 vox2ras=TkReg
1425
174555  21.123  -6.842  -2.076 0.0000000000
191723  32.050  1.422  -6.674 0.0000000000
210867  30.481  11.472  -6.313 0.0000000000
204011  21.207  8.097  -5.729 0.0000000000
353914  20.752  -12.397  0.074 0.0000000000
171837  25.874  -8.626  -1.704 0.0000000000
183166  26.455  -2.598  -4.555 0.0000000000
193135  23.585  2.738  -6.069 0.0000000000
201376  31.483  6.745  -4.721 0.0000000000
209545  34.822  11.054  -10.945 0.0000000000
218903  29.600  15.604  -9.204 0.0000000000
169104  20.725  -9.307  -0.952 0.0000000000
167610  23.548  -10.587  -0.836 0.0000000000
171891  23.964  -8.300  -3.136 0.0000000000
190299  21.780  0.898  -5.551 0.0000000000
197334  20.267  4.315  -4.408 0.0000000000
204053  26.517  7.998  -7.947 0.0000000000
330446  26.762  5.829  -7.190 0.0000000000
205298  30.481  9.032  -4.835 0.0000000000
344614  33.927  9.143  -7.334 0.0000000000
210892  33.497  11.620  -7.213 0.0000000000
361227  27.010  17.068  -8.892 0.0000000000
217670  27.302  14.614  -9.353 0.0000000000
222711  28.723  17.681  -11.472 0.0000000000
315967  29.560  -0.558  -4.822 0.0000000000
180314  29.524  -4.108  -5.268 0.0000000000
186093  32.685  -1.239  -5.588 0.0000000000
208033  26.975  10.166  -7.726 0.0000000000
195930  34.777  3.432  -8.436 0.0000000000
178820  20.378  -4.444  -3.418 0.0000000000
177445  23.410  -5.001  -4.668 0.0000000000
184679  22.886  -2.208  -5.618 0.0000000000
348988  25.042  -0.005  -5.830 0.0000000000
334571  28.612  2.146  -4.928 0.0000000000
198789  22.383  5.513  -5.797 0.0000000000
352727  27.493  4.053  -5.520 0.0000000000
195881  32.101  4.032  -5.507 0.0000000000
200157  33.924  6.058  -8.458 0.0000000000
309735  27.617  12.648  -9.033 0.0000000000
216414  30.709  14.000  -6.912 0.0000000000
225028  31.341  19.354  -10.333 0.0000000000
221447  32.755  16.946  -9.206 0.0000000000
338206  33.567  14.775  -8.126 0.0000000000
216471  34.104  13.762  -11.484 0.0000000000
364959  26.222  -6.361  -4.833 0.0000000000
317664  19.577  -6.269  -1.351 0.0000000000
366129  19.741  -7.539  -0.963 0.0000000000
171838  21.074  -8.232  -1.371 0.0000000000
170531  22.029  -9.087  -2.137 0.0000000000
173217  22.531  -7.831  -2.795 0.0000000000
207983  28.610  9.570  -6.449 0.0000000000
205300  28.398  8.741  -5.887 0.0000000000
207980  30.284  10.263  -5.270 0.0000000000
338370  32.441  10.639  -5.799 0.0000000000
333278  31.852  11.909  -5.989 0.0000000000
223872  28.117  18.707  -10.471 0.0000000000
222713  27.757  17.445  -11.462 0.0000000000
225057  27.776  19.483  -11.704 0.0000000000
345257  30.919  0.494  -5.889 0.0000000000
317368  31.218  -1.002  -5.996 0.0000000000
188910  33.126  -0.236  -6.170 0.0000000000
206627  24.186  9.484  -6.853 0.0000000000
330884  25.756  10.704  -7.784 0.0000000000
166153  19.605  -11.091  0.651 0.0000000000
163038  19.152  -12.181  1.020 0.0000000000
161351  20.925  -13.109  0.673 0.0000000000
161348  22.553  -12.767  0.452 0.0000000000
169099  24.582  -9.435  -1.186 0.0000000000
166164  24.453  -10.602  0.631 0.0000000000
310265  21.502  -3.003  -4.099 0.0000000000
315182  21.500  -1.606  -4.718 0.0000000000
191728  22.829  1.857  -5.950 0.0000000000
188936  23.642  0.223  -6.329 0.0000000000
190322  24.385  1.316  -5.971 0.0000000000
188913  26.522  1.041  -5.266 0.0000000000
193112  26.454  2.217  -5.584 0.0000000000
201367  20.040  6.748  -4.632 0.0000000000
201396  21.381  6.996  -5.557 0.0000000000
201365  28.899  6.274  -5.180 0.0000000000
198784  26.858  4.887  -6.881 0.0000000000
198761  29.125  5.255  -4.847 0.0000000000
197342  30.471  4.397  -4.473 0.0000000000
340054  32.015  5.600  -4.988 0.0000000000
198796  33.476  5.183  -7.127 0.0000000000
201389  33.197  6.577  -6.282 0.0000000000
208054  34.601  10.167  -9.089 0.0000000000
205353  34.481  8.602  -9.196 0.0000000000
217677  28.652  14.945  -10.262 0.0000000000
215149  27.096  13.401  -9.919 0.0000000000
366327  28.998  13.920  -9.148 0.0000000000
213804  29.173  12.754  -8.604 0.0000000000
352117  29.900  14.970  -8.286 0.0000000000
218901  33.175  15.745  -8.889 0.0000000000
218924  33.678  15.706  -10.331 0.0000000000
216448  34.262  14.180  -10.049 0.0000000000
180320  24.678  -3.824  -4.622 0.0000000000
177443  24.759  -5.645  -4.843 0.0000000000
354347  26.509  -4.139  -4.547 0.0000000000
181734  30.777  -3.645  -4.968 0.0000000000
178836  29.025  -5.168  -4.413 0.0000000000
167600  19.480  -9.899  0.410 0.0000000000
166183  20.922  -10.841  -0.147 0.0000000000
164622  22.302  -12.040  -0.523 0.0000000000
167621  22.261  -10.307  -1.086 0.0000000000
169134  23.724  -9.549  -2.473 0.0000000000
170544  25.354  -9.016  -3.019 0.0000000000
331121  20.549  2.244  -4.018 0.0000000000
193114  20.892  2.700  -4.905 0.0000000000
195907  21.688  3.289  -6.076 0.0000000000
202750  23.495  7.654  -6.150 0.0000000000
201394  23.400  6.647  -6.312 0.0000000000
201405  26.375  6.678  -7.477 0.0000000000
202708  28.516  7.394  -5.409 0.0000000000
203992  30.856  7.827  -5.063 0.0000000000
204021  33.279  8.123  -6.079 0.0000000000
345017  32.921  9.128  -5.957 0.0000000000
209474  33.771  10.518  -6.999 0.0000000000
322319  34.293  11.759  -8.611 0.0000000000
218885  25.789  15.944  -7.387 0.0000000000
220179  26.980  15.871  -9.629 0.0000000000
218926  28.391  15.583  -11.169 0.0000000000
220186  29.375  16.723  -10.341 0.0000000000
184659  28.001  -1.740  -4.579 0.0000000000
181738  27.528  -3.201  -4.570 0.0000000000
183161  29.993  -2.621  -5.229 0.0000000000
183179  31.118  -2.938  -6.583 0.0000000000
206615  21.207  9.256  -5.662 0.0000000000
204041  24.253  8.358  -6.718 0.0000000000
206636  26.678  9.054  -7.633 0.0000000000
209476  29.125  10.875  -7.303 0.0000000000
164607  23.700  -11.518  0.432 0.0000000000
193167  33.571  2.105  -8.320 0.0000000000
190315  34.691  0.708  -6.432 0.0000000000
176022  20.727  -5.623  -3.400 0.0000000000
176020  21.824  -6.059  -3.796 0.0000000000
178838  22.243  -4.408  -3.847 0.0000000000
307655  22.898  -3.465  -4.656 0.0000000000
183182  24.558  -2.535  -5.661 0.0000000000
187536  22.266  -0.630  -5.310 0.0000000000
186129  24.131  -0.950  -6.291 0.0000000000
186100  25.712  -1.336  -5.193 0.0000000000
187510  27.582  -0.165  -4.911 0.0000000000
188890  28.885  0.559  -4.598 0.0000000000
191701  30.686  1.596  -5.279 0.0000000000
198776  20.813  5.326  -5.127 0.0000000000
341982  22.897  4.142  -5.974 0.0000000000
198800  23.976  5.424  -7.001 0.0000000000
197369  25.542  4.487  -6.722 0.0000000000
341745  25.681  3.388  -6.202 0.0000000000
194458  27.959  3.014  -5.194 0.0000000000
195884  30.657  3.265  -4.993 0.0000000000
194483  31.972  2.846  -6.549 0.0000000000
195933  33.461  3.524  -8.075 0.0000000000
198820  34.563  4.863  -8.523 0.0000000000
336556  34.206  7.721  -7.884 0.0000000000
212364  28.020  11.642  -8.733 0.0000000000
212362  29.172  11.933  -7.959 0.0000000000
213780  30.322  13.021  -6.444 0.0000000000
225030  30.367  18.973  -10.699 0.0000000000
222689  30.713  17.584  -9.874 0.0000000000
222698  32.126  18.009  -10.200 0.0000000000
220164  31.129  16.611  -8.711 0.0000000000
218891  31.818  15.883  -7.840 0.0000000000
216412  31.749  14.405  -6.362 0.0000000000
213767  31.733  13.407  -6.025 0.0000000000
215124  33.506  13.280  -7.701 0.0000000000
213815  34.279  13.051  -8.723 0.0000000000
213842  34.531  12.482  -10.795 0.0000000000
174609  24.023  -6.794  -4.112 0.0000000000
173254  25.236  -7.394  -4.344 0.0000000000
173232  26.863  -8.343  -3.925 0.0000000000
178853  27.725  -5.139  -4.583 0.0000000000
176037  27.612  -6.308  -4.105 0.0000000000
174556  20.431  -6.703  -1.714 0.0000000000
174542  19.454  -6.834  -1.281 0.0000000000
173186  20.255  -7.159  -1.284 0.0000000000
339917  20.156  -7.656  -0.963 0.0000000000
173199  21.290  -7.504  -2.092 0.0000000000
171876  21.962  -7.773  -2.395 0.0000000000
173219  21.618  -7.108  -2.531 0.0000000000
209454  29.612  10.696  -6.446 0.0000000000
323050  29.326  10.054  -5.745 0.0000000000
209431  29.931  10.626  -5.867 0.0000000000
209429  30.945  10.976  -5.355 0.0000000000
212333  30.987  11.778  -5.968 0.0000000000
223888  28.182  19.059  -10.857 0.0000000000
190295  31.289  0.808  -5.983 0.0000000000
188911  31.372  0.090  -5.893 0.0000000000
362378  32.743  0.684  -6.127 0.0000000000
164613  20.054  -11.521  0.251 0.0000000000
164596  19.476  -11.761  0.627 0.0000000000
163052  20.191  -12.168  0.304 0.0000000000
163026  20.334  -13.016  0.772 0.0000000000
342541  21.140  -12.759  0.216 0.0000000000
161361  21.508  -12.968  0.452 0.0000000000
163050  21.803  -12.773  0.067 0.0000000000
170529  25.404  -8.900  -1.902 0.0000000000
170500  25.049  -9.071  -0.850 0.0000000000
170511  25.434  -8.776  -1.254 0.0000000000
171836  26.373  -8.299  -1.384 0.0000000000
184639  20.800  -1.962  -3.878 0.0000000000
186082  20.826  -1.277  -3.886 0.0000000000
314505  23.112  2.332  -6.063 0.0000000000
191727  23.822  1.616  -5.991 0.0000000000
352647  24.402  2.027  -5.906 0.0000000000
191725  25.520  1.908  -5.869 0.0000000000
370469  25.491  2.315  -5.956 0.0000000000
202694  20.165  7.685  -4.879 0.0000000000
202711  21.022  7.606  -5.542 0.0000000000
201363  30.302  6.782  -4.577 0.0000000000
200082  28.984  5.764  -5.044 0.0000000000
200080  30.538  6.083  -4.409 0.0000000000
198758  31.004  5.504  -4.391 0.0000000000
200093  31.781  6.184  -4.773 0.0000000000
200109  32.621  6.143  -5.579 0.0000000000
201374  32.437  6.716  -5.377 0.0000000000
208062  34.686  10.404  -9.737 0.0000000000
317928  34.541  9.809  -9.831 0.0000000000
218914  29.098  15.483  -10.076 0.0000000000
217668  28.909  14.531  -9.695 0.0000000000
217667  29.531  14.888  -8.990 0.0000000000
216432  29.641  14.469  -8.452 0.0000000000
217658  29.919  15.453  -8.433 0.0000000000
220184  33.511  16.309  -10.559 0.0000000000
218935  33.819  15.708  -11.099 0.0000000000
217684  33.993  15.133  -10.830 0.0000000000
181741  25.565  -3.084  -4.573 0.0000000000
178856  25.033  -4.336  -4.452 0.0000000000
180318  26.093  -3.613  -4.502 0.0000000000
181718  30.584  -3.282  -3.878 0.0000000000
180296  29.995  -4.124  -3.989 0.0000000000
170501  20.190  -8.996  -0.767 0.0000000000
169076  19.725  -9.793  -0.168 0.0000000000
169090  20.104  -9.761  -0.775 0.0000000000
167598  20.362  -10.599  0.040 0.0000000000
167611  20.526  -10.274  -0.528 0.0000000000
338619  21.155  -10.524  -0.665 0.0000000000
343275  21.561  -10.177  -0.989 0.0000000000
170566  23.137  -8.727  -2.905 0.0000000000
169135  23.121  -9.398  -2.374 0.0000000000
170547  23.440  -9.091  -2.615 0.0000000000
170530  24.279  -9.440  -2.480 0.0000000000
170564  24.373  -8.829  -2.998 0.0000000000
197324  19.629  4.211  -3.267 0.0000000000
194459  20.568  3.314  -4.064 0.0000000000
195873  20.507  3.777  -4.635 0.0000000000
194473  21.132  3.137  -5.310 0.0000000000
197345  20.423  4.282  -5.156 0.0000000000
202766  25.042  7.605  -7.302 0.0000000000
202748  24.705  7.139  -7.097 0.0000000000
322605  26.358  7.058  -7.770 0.0000000000
205299  29.032  9.423  -4.762 0.0000000000
204010  28.314  8.040  -5.510 0.0000000000
205285  29.392  8.837  -4.499 0.0000000000
203994  29.766  8.068  -4.542 0.0000000000
205283  30.605  8.328  -4.976 0.0000000000
344427  31.710  8.327  -5.224 0.0000000000
328229  31.046  8.984  -5.165 0.0000000000
209452  32.695  11.107  -6.125 0.0000000000
209451  32.950  10.479  -6.049 0.0000000000
209497  33.671  11.016  -7.044 0.0000000000
209518  34.151  10.912  -7.989 0.0000000000
212360  33.779  11.910  -7.692 0.0000000000
222679  27.089  17.514  -8.644 0.0000000000
221443  26.861  17.118  -8.354 0.0000000000
221452  26.799  16.669  -8.718 0.0000000000
312550  26.562  16.236  -8.494 0.0000000000
220167  27.028  16.660  -9.437 0.0000000000
222712  28.102  17.710  -11.515 0.0000000000
220198  27.709  16.826  -11.190 0.0000000000
221484  28.420  16.795  -11.361 0.0000000000
220196  28.706  16.259  -11.190 0.0000000000
221483  28.865  17.169  -11.285 0.0000000000
186097  28.395  -1.047  -4.765 0.0000000000
366160  28.725  -2.091  -4.669 0.0000000000
321332  29.514  -1.485  -4.907 0.0000000000
186114  32.184  -1.426  -6.374 0.0000000000
184674  31.596  -2.120  -6.321 0.0000000000
366760  32.109  -1.839  -5.920 0.0000000000
336958  31.288  -2.913  -6.140 0.0000000000
343753  19.998  9.952  -4.729 0.0000000000
206614  21.884  9.565  -5.855 0.0000000000
205314  22.398  8.925  -5.972 0.0000000000
346268  22.872  9.297  -6.175 0.0000000000
206637  26.269  9.738  -7.561 0.0000000000
341242  25.873  9.101  -7.527 0.0000000000
340890  27.298  9.471  -7.702 0.0000000000
344871  27.858  9.534  -7.648 0.0000000000
209478  28.296  10.337  -7.706 0.0000000000
166180  22.875  -11.303  -0.822 0.0000000000
164608  23.139  -11.879  -0.100 0.0000000000
166166  23.495  -11.275  -0.146 0.0000000000
166151  24.789  -10.866  1.130 0.0000000000
194522  34.173  2.593  -8.586 0.0000000000
178803  19.856  -4.579  -2.611 0.0000000000
178840  20.610  -4.963  -3.596 0.0000000000
177404  20.903  -5.376  -3.739 0.0000000000
312841  21.336  -4.408  -3.762 0.0000000000
183170  22.214  -2.882  -5.254 0.0000000000
181745  22.341  -3.211  -4.932 0.0000000000
181760  22.817  -3.101  -5.253 0.0000000000
181743  23.959  -3.198  -5.039 0.0000000000
183183  23.259  -2.697  -5.584 0.0000000000
188919  20.955  0.560  -5.024 0.0000000000
187537  21.678  -0.533  -4.935 0.0000000000
188917  21.991  0.093  -5.259 0.0000000000
314262  24.530  -0.081  -6.145 0.0000000000
187552  23.673  -0.579  -6.450 0.0000000000
187550  24.772  -0.610  -6.074 0.0000000000
186119  24.657  -1.324  -5.891 0.0000000000
186117  25.926  -0.761  -5.447 0.0000000000
186098  26.599  -0.985  -4.448 0.0000000000
188894  26.413  0.056  -4.900 0.0000000000
191686  27.799  1.676  -5.070 0.0000000000
190269  28.270  0.685  -4.638 0.0000000000
349631  28.593  1.135  -4.698 0.0000000000
190267  29.773  1.125  -4.791 0.0000000000
191684  29.497  1.653  -4.667 0.0000000000
200099  21.122  5.945  -5.251 0.0000000000
200084  20.375  6.132  -4.659 0.0000000000
344633  21.354  5.468  -5.199 0.0000000000
197357  21.936  4.551  -5.546 0.0000000000
197373  22.607  4.583  -5.826 0.0000000000
331484  25.368  6.115  -7.135 0.0000000000
200112  24.037  6.037  -6.980 0.0000000000
321031  25.257  5.729  -7.151 0.0000000000
197355  27.720  4.836  -5.645 0.0000000000
197367  26.665  4.371  -7.128 0.0000000000
195901  26.698  3.981  -6.805 0.0000000000
195902  25.763  3.969  -6.367 0.0000000000
195886  26.853  3.574  -6.256 0.0000000000
194471  27.187  3.097  -5.995 0.0000000000
195872  28.186  3.668  -5.110 0.0000000000
197341  31.136  4.103  -4.608 0.0000000000
195868  30.590  3.733  -4.685 0.0000000000
195883  31.139  3.504  -5.003 0.0000000000
194484  31.702  2.858  -6.029 0.0000000000
318554  32.303  3.342  -6.568 0.0000000000
194506  32.768  3.335  -6.981 0.0000000000
195898  32.825  3.937  -6.566 0.0000000000
200138  33.650  5.603  -7.404 0.0000000000
198811  33.758  4.999  -7.654 0.0000000000
200148  34.260  5.483  -8.443 0.0000000000
200155  34.856  5.613  -9.428 0.0000000000
200167  34.632  6.188  -9.483 0.0000000000
205324  33.582  8.580  -6.295 0.0000000000
204036  33.915  8.073  -7.042 0.0000000000
204050  34.151  8.173  -7.563 0.0000000000
217659  26.783  14.974  -8.813 0.0000000000
216443  26.918  14.190  -9.351 0.0000000000
213817  27.080  13.085  -9.905 0.0000000000
213807  26.568  13.143  -9.113 0.0000000000
213806  26.829  12.507  -9.320 0.0000000000
212375  26.653  11.857  -9.272 0.0000000000
210912  26.919  11.474  -8.769 0.0000000000
212374  27.432  12.131  -8.889 0.0000000000
215127  29.785  13.372  -7.473 0.0000000000
213794  29.482  12.440  -8.161 0.0000000000
213793  29.766  12.768  -7.573 0.0000000000
213781  29.941  12.592  -6.957 0.0000000000
215109  30.384  13.489  -6.495 0.0000000000
226206  30.344  19.888  -10.937 0.0000000000
225029  30.853  19.160  -10.337 0.0000000000
341629  30.224  18.218  -10.128 0.0000000000
223869  31.281  18.784  -9.968 0.0000000000
222696  32.920  17.469  -10.525 0.0000000000
223867  32.613  18.271  -10.662 0.0000000000
222686  32.457  17.511  -10.011 0.0000000000
221459  31.707  17.317  -9.502 0.0000000000
221448  32.067  16.880  -9.178 0.0000000000
220154  31.477  16.204  -8.331 0.0000000000
220162  32.379  16.402  -8.833 0.0000000000
217654  33.170  15.110  -8.176 0.0000000000
217655  32.668  15.256  -7.938 0.0000000000
216421  32.226  14.372  -7.064 0.0000000000
215106  31.785  14.188  -5.847 0.0000000000
216410  32.694  14.116  -6.897 0.0000000000
334683  32.310  13.278  -6.443 0.0000000000
360984  33.406  13.803  -7.548 0.0000000000
216458  34.176  14.128  -10.808 0.0000000000
215157  34.356  13.874  -9.407 0.0000000000
345607  34.401  13.615  -10.005 0.0000000000
213828  34.540  12.734  -9.968 0.0000000000
215181  34.170  13.098  -12.149 0.0000000000
316716  22.951  -5.377  -4.041 0.0000000000
313314  22.847  -6.371  -3.899 0.0000000000
176042  23.820  -6.062  -4.157 0.0000000000
176053  25.723  -5.992  -4.770 0.0000000000
174618  25.276  -6.696  -4.808 0.0000000000
174608  25.829  -7.217  -4.754 0.0000000000
173233  26.209  -8.329  -4.058 0.0000000000
173252  26.497  -7.661  -4.363 0.0000000000
360147  29.121  -3.622  -5.141 0.0000000000
180316  27.782  -4.007  -4.565 0.0000000000
337059  28.943  -4.565  -4.851 0.0000000000
177403  28.468  -5.641  -3.616 0.0000000000
177423  28.472  -5.743  -4.467 0.0000000000
176019  27.714  -6.274  -3.381 0.0000000000
174573  27.359  -7.502  -3.118 0.0000000000
170515  20.222  -8.313  -0.792 0.0000000000
170513  21.217  -8.926  -1.237 0.0000000000
169122  21.758  -9.245  -1.516 0.0000000000
170532  21.696  -8.611  -1.617 0.0000000000
171875  22.317  -8.348  -2.743 0.0000000000
173236  22.976  -7.825  -3.104 0.0000000000
205325  27.678  8.576  -7.222 0.0000000000
204038  27.685  8.023  -6.911 0.0000000000
206610  28.442  9.118  -6.452 0.0000000000
206598  28.955  9.674  -5.509 0.0000000000
206596  30.196  9.760  -4.991 0.0000000000
206595  30.846  9.532  -5.114 0.0000000000
323419  31.250  10.436  -5.351 0.0000000000
209453  32.137  11.097  -5.654 0.0000000000
210878  32.647  11.754  -6.462 0.0000000000
222690  27.132  18.509  -9.308 0.0000000000
222691  27.531  17.724  -9.648 0.0000000000
221463  27.199  16.987  -10.105 0.0000000000
323137  27.820  17.855  -10.915 0.0000000000
360509  28.329  18.274  -11.069 0.0000000000
223899  28.706  18.985  -11.467 0.0000000000
187506  30.336  -0.370  -5.528 0.0000000000
186094  30.602  -0.941  -5.744 0.0000000000
317600  31.242  -0.499  -5.863 0.0000000000
187530  32.253  -0.894  -6.061 0.0000000000
187529  32.863  -0.693  -6.399 0.0000000000
208036  25.040  10.146  -7.434 0.0000000000
208034  26.141  10.331  -7.807 0.0000000000
166154  19.200  -10.720  0.988 0.0000000000
166142  18.535  -10.739  1.926 0.0000000000
166155  18.715  -11.001  1.226 0.0000000000
164597  18.869  -11.549  1.059 0.0000000000
159591  21.027  -13.328  1.700 0.0000000000
161336  21.632  -13.271  1.573 0.0000000000
161335  22.145  -13.094  1.270 0.0000000000
167618  23.860  -10.235  -1.164 0.0000000000
166178  23.785  -10.768  -0.313 0.0000000000
167608  24.533  -9.978  -0.243 0.0000000000
181722  20.283  -3.289  -3.628 0.0000000000
180299  21.144  -3.732  -3.658 0.0000000000
181720  20.913  -2.848  -4.227 0.0000000000
183172  21.451  -2.710  -4.681 0.0000000000
184664  21.861  -2.084  -5.123 0.0000000000
190325  21.751  1.556  -5.874 0.0000000000
188916  22.595  0.603  -5.631 0.0000000000
336575  22.710  1.279  -5.874 0.0000000000
360948  23.805  0.883  -6.082 0.0000000000
188933  25.259  0.521  -5.809 0.0000000000
188914  26.115  0.467  -5.315 0.0000000000
190298  25.981  1.022  -5.584 0.0000000000
191702  26.722  1.691  -5.269 0.0000000000
193099  27.575  2.165  -5.248 0.0000000000
345294  20.255  7.217  -4.950 0.0000000000
200115  22.155  5.962  -5.605 0.0000000000
200096  27.641  6.088  -6.272 0.0000000000
313881  26.844  5.414  -7.064 0.0000000000
200083  28.568  5.849  -5.367 0.0000000000
198762  28.645  5.345  -5.135 0.0000000000
197344  28.714  4.802  -4.913 0.0000000000
195871  28.843  4.132  -4.794 0.0000000000
317520  29.281  4.688  -4.667 0.0000000000
322670  31.011  4.800  -4.395 0.0000000000
198768  32.293  5.032  -5.154 0.0000000000
197365  32.807  4.492  -6.074 0.0000000000
341907  32.815  5.613  -5.839 0.0000000000
200124  33.284  6.013  -6.592 0.0000000000
201403  33.726  6.564  -7.236 0.0000000000
366481  34.197  9.760  -8.097 0.0000000000
205345  34.386  8.712  -8.492 0.0000000000
345811  34.524  9.645  -9.190 0.0000000000
206659  34.289  9.409  -10.655 0.0000000000
338446  28.336  14.748  -10.170 0.0000000000
216442  27.635  13.948  -9.964 0.0000000000
216451  28.163  14.136  -10.256 0.0000000000
216441  28.076  13.780  -10.234 0.0000000000
215147  28.257  13.463  -9.670 0.0000000000
213805  28.450  12.693  -8.819 0.0000000000
216433  29.320  13.905  -8.615 0.0000000000
359941  29.801  14.094  -8.105 0.0000000000
216431  30.161  14.604  -7.860 0.0000000000
221470  33.179  17.115  -10.081 0.0000000000
220161  32.961  16.382  -9.027 0.0000000000
220174  33.514  16.234  -9.854 0.0000000000
218912  33.639  15.674  -9.687 0.0000000000
217665  33.773  14.993  -9.141 0.0000000000
217653  33.819  14.650  -8.650 0.0000000000
357184  33.982  14.809  -9.733 0.0000000000
216459  34.049  14.646  -10.460 0.0000000000
178857  24.321  -4.433  -4.650 0.0000000000
177444  24.080  -5.159  -4.788 0.0000000000
323353  24.789  -5.078  -4.782 0.0000000000
332528  25.456  -4.999  -4.702 0.0000000000
177441  26.161  -5.133  -4.525 0.0000000000
180337  30.328  -3.966  -5.843 0.0000000000
178851  29.198  -4.665  -4.888 0.0000000000
178835  29.564  -4.519  -4.594 0.0000000000
178819  29.160  -4.940  -3.577 0.0000000000
167587  19.252  -10.128  1.010 0.0000000000
166170  19.495  -10.506  0.537 0.0000000000
166169  19.995  -10.854  0.291 0.0000000000
166167  21.236  -11.511  -0.228 0.0000000000
164623  21.812  -11.986  -0.310 0.0000000000
166182  21.879  -11.494  -0.521 0.0000000000
166194  22.600  -10.865  -0.947 0.0000000000
167620  22.868  -10.426  -1.265 0.0000000000
169121  22.224  -9.517  -1.855 0.0000000000
167634  23.158  -10.066  -1.641 0.0000000000
169101  23.677  -10.064  -1.670 0.0000000000
169117  24.463  -9.486  -1.921 0.0000000000
324504  24.970  -9.158  -2.379 0.0000000000
171854  25.793  -8.925  -2.559 0.0000000000
191688  20.784  1.740  -4.498 0.0000000000
361283  20.801  2.315  -4.497 0.0000000000
191705  21.534  1.938  -5.686 0.0000000000
193138  21.559  2.475  -6.285 0.0000000000
355580  21.883  2.781  -6.433 0.0000000000
194489  22.747  2.921  -6.066 0.0000000000
202730  21.999  7.757  -5.989 0.0000000000
202729  22.485  7.411  -5.974 0.0000000000
202727  23.623  7.053  -6.278 0.0000000000
201407  25.073  6.572  -7.143 0.0000000000
200125  26.869  6.376  -7.093 0.0000000000
202744  27.493  7.351  -6.914 0.0000000000
202725  27.663  7.063  -6.338 0.0000000000
201391  27.876  6.591  -6.227 0.0000000000
201377  28.786  6.827  -5.288 0.0000000000
202691  30.009  7.409  -4.514 0.0000000000
202707  31.190  7.297  -4.841 0.0000000000
202705  32.278  7.301  -5.192 0.0000000000
204007  32.080  7.848  -5.077 0.0000000000
205309  33.038  8.618  -5.937 0.0000000000
345278  33.371  9.087  -6.235 0.0000000000
207999  32.406  10.044  -5.694 0.0000000000
208018  33.321  10.057  -6.276 0.0000000000
206622  33.841  9.614  -7.046 0.0000000000
208045  34.175  10.220  -7.916 0.0000000000
209527  34.619  10.770  -9.032 0.0000000000
210938  34.697  11.561  -9.705 0.0000000000
217678  27.164  15.199  -9.394 0.0000000000
220178  26.921  16.232  -10.461 0.0000000000
362161  27.147  15.832  -10.271 0.0000000000
218916  27.633  15.219  -10.063 0.0000000000
217685  28.381  15.135  -10.758 0.0000000000
220177  29.062  16.082  -10.525 0.0000000000
220176  29.638  16.489  -9.827 0.0000000000
313273  26.691  -2.196  -4.491 0.0000000000
181739  26.785  -3.166  -4.541 0.0000000000
183164  27.677  -2.502  -4.630 0.0000000000
183162  29.166  -2.779  -4.791 0.0000000000
181735  29.733  -3.419  -5.459 0.0000000000
184656  30.645  -1.663  -5.814 0.0000000000
183180  30.741  -3.085  -6.808 0.0000000000
181757  30.678  -3.727  -6.879 0.0000000000
180312  30.981  -4.054  -6.045 0.0000000000
205301  20.935  8.607  -5.477 0.0000000000
204027  22.096  8.266  -6.011 0.0000000000
339724  23.956  7.860  -6.581 0.0000000000
204055  25.326  8.072  -7.441 0.0000000000
205326  24.578  8.922  -7.027 0.0000000000
205339  25.589  8.556  -7.522 0.0000000000
205337  26.941  8.454  -8.063 0.0000000000
206634  27.708  9.025  -7.631 0.0000000000
208002  28.688  9.944  -6.740 0.0000000000
210869  29.800  11.032  -6.829 0.0000000000
164609  22.583  -12.387  -0.307 0.0000000000
163048  22.870  -12.359  0.279 0.0000000000
166165  23.992  -10.948  0.267 0.0000000000
191747  33.031  1.803  -7.603 0.0000000000
191722  33.397  1.367  -7.023 0.0000000000
191746  33.998  1.430  -7.291 0.0000000000
175988  20.297  -6.117  -2.000 0.0000000000
176001  21.114  -5.983  -2.983 0.0000000000
316454  21.396  -6.508  -2.690 0.0000000000
176021  21.211  -5.806  -3.641 0.0000000000
177427  22.156  -5.568  -3.944 0.0000000000
178837  22.963  -4.737  -4.176 0.0000000000
180298  21.857  -3.631  -3.866 0.0000000000
180323  22.972  -4.108  -4.363 0.0000000000
178859  23.291  -4.538  -4.627 0.0000000000
180321  23.944  -3.752  -4.626 0.0000000000
308428  24.442  -3.374  -4.872 0.0000000000
183168  25.184  -2.645  -4.901 0.0000000000
317551  21.358  -0.978  -4.668 0.0000000000
186101  22.016  -1.259  -4.958 0.0000000000
310755  22.411  -1.798  -5.357 0.0000000000
187535  22.759  -0.136  -5.496 0.0000000000
186131  23.278  -0.877  -6.018 0.0000000000
184678  23.423  -1.835  -5.853 0.0000000000
184677  24.638  -2.022  -5.840 0.0000000000
184663  25.068  -2.320  -5.592 0.0000000000
184661  26.225  -2.084  -4.642 0.0000000000
184660  26.576  -1.637  -4.225 0.0000000000
350361  27.773  -1.080  -4.591 0.0000000000
187509  28.720  -0.532  -4.786 0.0000000000
309115  27.080  0.206  -4.990 0.0000000000
188891  28.329  0.060  -4.577 0.0000000000
187508  29.128  -0.043  -4.566 0.0000000000
341825  30.075  0.571  -5.170 0.0000000000
190296  30.859  0.997  -5.623 0.0000000000
191700  31.229  1.477  -5.774 0.0000000000
198752  19.210  5.564  -3.570 0.0000000000
322437  20.254  4.919  -4.966 0.0000000000
197358  20.944  4.167  -5.450 0.0000000000
195906  22.226  3.869  -5.871 0.0000000000
194488  23.510  3.348  -6.057 0.0000000000
201395  22.773  6.731  -6.055 0.0000000000
200114  22.719  5.983  -5.985 0.0000000000
198788  23.554  5.166  -6.540 0.0000000000
197381  25.711  4.894  -7.024 0.0000000000
198787  24.037  4.908  -6.964 0.0000000000
197371  23.846  4.491  -6.678 0.0000000000
195904  24.236  4.030  -6.549 0.0000000000
333504  24.598  3.599  -6.293 0.0000000000
194486  24.980  3.178  -6.166 0.0000000000
194472  26.473  2.758  -5.903 0.0000000000
193110  27.476  2.692  -5.503 0.0000000000
193098  28.308  2.603  -5.067 0.0000000000
342721  29.290  3.661  -4.587 0.0000000000
194455  29.674  3.229  -4.624 0.0000000000
193096  29.436  2.707  -4.688 0.0000000000
193109  30.394  2.183  -4.956 0.0000000000
344685  31.709  2.364  -6.407 0.0000000000
336718  32.016  2.310  -6.958 0.0000000000
194524  32.893  2.662  -7.633 0.0000000000
323570  33.345  2.711  -8.390 0.0000000000
195942  34.067  3.525  -8.493 0.0000000000
197380  33.386  4.457  -7.370 0.0000000000
197396  33.895  4.238  -8.021 0.0000000000
197405  34.825  4.298  -8.687 0.0000000000
202722  33.126  7.134  -5.996 0.0000000000
343757  33.824  7.068  -7.367 0.0000000000
204062  34.295  8.100  -8.806 0.0000000000
201436  34.132  6.647  -9.297 0.0000000000
215139  26.552  13.796  -9.198 0.0000000000
331340  26.556  10.689  -7.921 0.0000000000
336630  27.976  10.589  -8.754 0.0000000000
213795  28.894  12.280  -8.436 0.0000000000
212363  28.544  11.681  -8.340 0.0000000000
209498  28.201  10.717  -8.207 0.0000000000
210880  29.129  11.146  -7.620 0.0000000000
212345  29.872  11.399  -6.998 0.0000000000
212344  30.291  11.722  -6.710 0.0000000000
225056  28.523  19.344  -11.668 0.0000000000
342301  29.325  18.708  -11.400 0.0000000000
226207  29.806  19.657  -11.251 0.0000000000
223886  29.412  18.021  -11.297 0.0000000000
222701  29.801  17.820  -10.606 0.0000000000
221471  30.115  17.438  -10.178 0.0000000000
220175  30.167  16.790  -9.395 0.0000000000
223868  31.719  18.564  -10.037 0.0000000000
222688  31.341  17.617  -9.847 0.0000000000
221460  31.077  17.400  -9.485 0.0000000000
220165  30.484  16.511  -8.857 0.0000000000
220155  30.851  16.193  -8.382 0.0000000000
217656  31.023  15.364  -7.731 0.0000000000
217645  30.734  14.943  -7.473 0.0000000000
218890  32.379  15.800  -8.125 0.0000000000
218883  32.040  15.515  -7.572 0.0000000000
217635  31.020  14.657  -6.955 0.0000000000
216401  31.283  14.088  -5.551 0.0000000000
215108  31.351  13.906  -5.506 0.0000000000
212342  31.207  12.329  -6.000 0.0000000000
213766  32.162  12.754  -6.109 0.0000000000
212351  32.582  12.492  -6.590 0.0000000000
329224  32.978  12.522  -7.095 0.0000000000
215134  34.038  13.648  -8.425 0.0000000000
313743  33.931  13.176  -8.109 0.0000000000
213803  34.065  12.671  -8.279 0.0000000000
212387  34.307  12.372  -8.700 0.0000000000
212398  34.635  12.141  -10.035 0.0000000000
212410  34.764  11.895  -11.144 0.0000000000
216475  33.984  13.501  -12.571 0.0000000000
215185  34.194  12.792  -13.564 0.0000000000
212419  34.728  12.139  -11.969 0.0000000000
212409  35.092  11.662  -12.438 0.0000000000
173237  22.339  -6.814  -3.261 0.0000000000
367124  23.129  -7.339  -3.336 0.0000000000
173255  24.099  -7.438  -3.754 0.0000000000
369793  24.295  -6.315  -4.431 0.0000000000
351072  24.571  -7.240  -4.076 0.0000000000
171908  24.812  -7.887  -3.783 0.0000000000
171889  25.280  -8.659  -3.675 0.0000000000
171873  25.983  -9.037  -3.370 0.0000000000
171872  26.469  -8.854  -3.037 0.0000000000
350345  27.187  -3.676  -4.530 0.0000000000
349572  27.221  -4.393  -4.491 0.0000000000
176052  26.928  -5.528  -4.369 0.0000000000
177439  28.320  -5.601  -4.744 0.0000000000
177424  27.920  -5.987  -4.412 0.0000000000
308705  27.337  -6.705  -4.309 0.0000000000
174593  27.314  -7.237  -3.787 0.0000000000
173216  26.941  -8.571  -3.355 0.0000000000
171871  26.873  -8.402  -2.597 0.0000000000
190292  33.811  0.313  -6.282 0.0000000000
188909  33.586  0.031  -5.995 0.0000000000
161334  22.523  -12.808  1.003 0.0000000000
161349  22.071  -12.902  0.567 0.0000000000
161350  21.574  -13.071  0.886 0.0000000000
163037  19.853  -12.554  0.772 0.0000000000
163049  22.399  -12.805  -0.081 0.0000000000
163051  20.532  -12.732  0.439 0.0000000000
164610  22.164  -12.568  -0.293 0.0000000000
164611  21.358  -12.336  -0.167 0.0000000000
164612  20.608  -11.910  -0.141 0.0000000000
164620  23.120  -11.512  -0.527 0.0000000000
164621  22.720  -11.795  -0.544 0.0000000000
166152  24.220  -11.150  0.885 0.0000000000
166168  20.622  -11.139  0.162 0.0000000000
166179  23.310  -11.062  -0.645 0.0000000000
166181  22.400  -11.450  -0.784 0.0000000000
166193  23.104  -10.850  -1.063 0.0000000000
166195  21.919  -10.819  -0.735 0.0000000000
167596  24.752  -10.130  0.327 0.0000000000
167597  24.258  -10.436  0.037 0.0000000000
167599  19.867  -10.299  0.151 0.0000000000
167609  24.035  -10.288  -0.542 0.0000000000
167619  23.375  -10.421  -1.315 0.0000000000
167622  20.909  -9.919  -0.805 0.0000000000
167635  22.557  -9.947  -1.511 0.0000000000
169088  24.795  -9.531  -0.547 0.0000000000
169089  24.313  -9.869  -0.852 0.0000000000
169091  19.678  -9.222  -0.457 0.0000000000
169100  24.143  -9.851  -1.520 0.0000000000
169102  21.941  -9.795  -1.349 0.0000000000
169103  21.351  -9.558  -1.115 0.0000000000
169118  23.954  -9.737  -2.092 0.0000000000
169119  23.440  -9.743  -2.037 0.0000000000
169120  22.837  -9.646  -1.956 0.0000000000
169136  22.472  -9.307  -2.374 0.0000000000
170499  25.516  -8.714  -0.531 0.0000000000
170512  24.968  -9.119  -1.577 0.0000000000
170514  20.666  -8.652  -1.020 0.0000000000
170545  24.677  -9.154  -2.853 0.0000000000
170546  24.056  -9.184  -2.658 0.0000000000
170548  22.847  -8.979  -2.667 0.0000000000
170549  22.354  -8.807  -2.588 0.0000000000
170562  25.561  -8.934  -3.444 0.0000000000
170563  25.009  -8.886  -3.240 0.0000000000
170565  23.699  -8.738  -2.880 0.0000000000
171826  25.889  -8.389  -0.920 0.0000000000
171839  20.640  -7.669  -1.316 0.0000000000
171853  26.395  -8.586  -2.194 0.0000000000
171855  22.020  -8.419  -2.173 0.0000000000
171856  21.498  -8.054  -1.908 0.0000000000
171857  21.029  -7.755  -1.706 0.0000000000
171874  22.664  -8.486  -3.042 0.0000000000
171887  26.498  -8.911  -3.683 0.0000000000
171888  25.900  -8.880  -3.782 0.0000000000
171890  24.634  -8.405  -3.332 0.0000000000
171892  23.224  -8.335  -3.136 0.0000000000
171907  25.563  -8.212  -4.033 0.0000000000
173187  19.648  -7.265  -1.291 0.0000000000
173188  19.389  -7.210  -0.886 0.0000000000
173200  20.803  -7.236  -1.641 0.0000000000
173215  27.209  -8.014  -2.895 0.0000000000
173218  22.190  -7.251  -2.820 0.0000000000
173231  27.147  -7.972  -3.579 0.0000000000
173234  24.225  -7.915  -3.413 0.0000000000
173235  23.592  -7.719  -3.323 0.0000000000
173251  27.177  -7.824  -4.198 0.0000000000
173253  25.867  -7.817  -4.457 0.0000000000
173256  23.482  -7.117  -3.736 0.0000000000
173257  22.883  -6.833  -3.571 0.0000000000
174541  19.840  -6.539  -1.617 0.0000000000
174572  27.513  -6.792  -2.967 0.0000000000
174574  21.864  -6.715  -3.006 0.0000000000
174575  20.893  -6.259  -2.266 0.0000000000
174592  27.494  -6.669  -3.746 0.0000000000
174594  21.514  -6.309  -3.390 0.0000000000
174606  27.002  -7.158  -4.444 0.0000000000
174607  26.357  -6.893  -4.690 0.0000000000
174610  23.334  -6.560  -3.995 0.0000000000
174611  22.394  -6.416  -3.665 0.0000000000
176002  20.655  -5.756  -2.624 0.0000000000
176003  20.167  -5.603  -2.310 0.0000000000
176018  28.021  -5.988  -3.942 0.0000000000
176038  26.843  -6.412  -4.625 0.0000000000
176039  26.278  -5.812  -4.592 0.0000000000
176040  25.755  -6.575  -4.904 0.0000000000
176041  24.754  -6.222  -4.866 0.0000000000
176043  23.174  -6.010  -4.066 0.0000000000
176044  22.540  -5.980  -3.902 0.0000000000
176051  27.399  -6.152  -4.369 0.0000000000
176054  25.206  -6.149  -4.996 0.0000000000
177402  28.902  -5.607  -4.184 0.0000000000
177405  20.564  -5.271  -3.492 0.0000000000
177406  20.271  -4.883  -3.173 0.0000000000
177422  28.770  -5.627  -4.689 0.0000000000
177425  24.197  -5.764  -4.466 0.0000000000
177426  23.685  -5.502  -4.177 0.0000000000
177428  21.477  -5.565  -3.902 0.0000000000
177440  27.593  -5.598  -4.389 0.0000000000
177442  25.242  -5.572  -4.848 0.0000000000
178818  29.527  -4.553  -3.817 0.0000000000
178839  21.382  -5.049  -3.818 0.0000000000
178850  29.732  -4.162  -5.168 0.0000000000
178852  28.735  -5.149  -4.781 0.0000000000
178854  26.647  -4.730  -4.345 0.0000000000
178855  25.886  -4.379  -4.604 0.0000000000
178858  23.627  -4.594  -4.740 0.0000000000
180282  20.554  -3.854  -3.543 0.0000000000
180295  30.333  -3.854  -4.442 0.0000000000
180297  22.512  -3.528  -4.205 0.0000000000
180313  30.476  -4.012  -5.453 0.0000000000
180315  28.448  -4.392  -4.711 0.0000000000
180317  26.702  -3.709  -4.512 0.0000000000
180319  25.323  -3.713  -4.444 0.0000000000
180322  23.322  -3.927  -4.605 0.0000000000
180335  31.045  -4.024  -6.664 0.0000000000
180336  30.846  -4.308  -6.296 0.0000000000
180343  30.994  -4.078  -6.687 0.0000000000
180344  30.674  -4.079  -6.602 0.0000000000
181719  21.846  -2.923  -4.899 0.0000000000
181721  20.514  -2.941  -3.848 0.0000000000
181736  28.849  -3.846  -4.894 0.0000000000
181737  28.231  -3.598  -4.586 0.0000000000
181740  26.193  -3.044  -4.529 0.0000000000
181742  24.956  -3.262  -4.685 0.0000000000
181744  23.384  -3.379  -4.852 0.0000000000
181756  31.125  -3.766  -6.586 0.0000000000
181758  30.272  -3.769  -6.100 0.0000000000
181759  23.959  -2.795  -5.487 0.0000000000
181770  31.111  -3.952  -7.044 0.0000000000
181771  31.037  -3.956  -7.111 0.0000000000
183144  21.113  -2.407  -4.316 0.0000000000
183158  31.717  -2.224  -6.158 0.0000000000
183160  30.507  -2.417  -5.996 0.0000000000
183163  28.350  -2.532  -4.662 0.0000000000
183165  27.051  -2.614  -4.565 0.0000000000
183167  25.831  -2.522  -4.689 0.0000000000
183169  24.592  -2.979  -5.294 0.0000000000
183171  21.783  -2.635  -5.149 0.0000000000
183181  30.304  -3.184  -6.284 0.0000000000
183184  22.642  -2.725  -5.452 0.0000000000
183193  30.934  -3.788  -6.921 0.0000000000
183200  30.995  -3.876  -7.099 0.0000000000
184638  21.144  -1.803  -4.341 0.0000000000
184657  30.097  -1.868  -5.174 0.0000000000
184658  29.353  -2.019  -4.893 0.0000000000
184662  25.656  -2.024  -5.104 0.0000000000
184665  21.468  -2.270  -4.810 0.0000000000
184673  31.973  -1.779  -6.286 0.0000000000
184675  31.075  -2.323  -6.339 0.0000000000
184676  25.164  -1.674  -5.565 0.0000000000
184680  22.251  -2.452  -5.340 0.0000000000
184688  24.044  -1.611  -5.961 0.0000000000
186095  30.031  -1.147  -5.085 0.0000000000
186096  29.172  -1.027  -4.864 0.0000000000
186099  26.182  -0.983  -4.995 0.0000000000
186102  20.871  -0.761  -4.264 0.0000000000
186113  32.571  -1.129  -6.132 0.0000000000
186115  31.719  -1.545  -6.302 0.0000000000
186116  31.173  -1.578  -6.132 0.0000000000
186118  25.331  -1.022  -5.730 0.0000000000
186120  22.904  -1.433  -5.847 0.0000000000
186121  22.783  -0.800  -5.759 0.0000000000
186130  23.586  -1.202  -6.081 0.0000000000
187507  30.083  -0.599  -5.206 0.0000000000
187511  26.863  -0.349  -4.786 0.0000000000
187512  26.367  -0.522  -4.937 0.0000000000
187513  20.941  -0.383  -4.732 0.0000000000
187528  33.202  -0.378  -6.021 0.0000000000
187531  31.705  -1.029  -6.062 0.0000000000
187532  30.727  -0.441  -5.857 0.0000000000
187533  25.967  -0.134  -5.177 0.0000000000
187534  25.488  -0.424  -5.706 0.0000000000
187548  32.135  -0.251  -5.939 0.0000000000
187549  31.696  -0.554  -5.844 0.0000000000
187551  24.102  -0.375  -6.430 0.0000000000
187553  23.269  -0.395  -5.997 0.0000000000
188888  30.355  0.066  -5.587 0.0000000000
188889  29.939  0.005  -4.826 0.0000000000
188892  27.659  0.540  -4.791 0.0000000000
188893  26.627  0.527  -5.056 0.0000000000
188895  21.161  0.033  -5.104 0.0000000000
188912  30.801  0.043  -5.899 0.0000000000
188915  25.701  0.636  -5.631 0.0000000000
188918  21.389  0.495  -5.264 0.0000000000
188931  32.625  0.132  -6.094 0.0000000000
188932  31.829  0.520  -6.004 0.0000000000
188934  24.683  0.388  -5.972 0.0000000000
188935  24.050  0.188  -6.310 0.0000000000
188937  23.281  0.159  -5.943 0.0000000000
190266  30.319  1.057  -5.227 0.0000000000
190268  29.189  1.127  -4.649 0.0000000000
190270  28.014  1.130  -4.884 0.0000000000
190271  27.419  1.217  -4.872 0.0000000000
190272  20.917  1.109  -4.782 0.0000000000
190293  33.256  0.340  -6.278 0.0000000000
190294  31.506  1.316  -6.441 0.0000000000
190297  26.969  1.312  -5.025 0.0000000000
190300  21.262  0.963  -5.262 0.0000000000
190316  34.192  0.486  -6.384 0.0000000000
190317  33.629  0.766  -6.545 0.0000000000
190318  32.776  1.129  -6.644 0.0000000000
190319  32.200  0.900  -6.322 0.0000000000
190320  25.523  0.998  -5.806 0.0000000000
190321  24.955  0.988  -5.947 0.0000000000
190323  23.259  0.755  -5.980 0.0000000000
190324  22.136  1.242  -5.772 0.0000000000
191675  20.372  1.699  -3.925 0.0000000000
191683  30.085  1.634  -4.868 0.0000000000
191685  28.337  1.642  -4.943 0.0000000000
191687  27.216  1.740  -5.042 0.0000000000
191703  26.216  1.559  -5.535 0.0000000000
191704  25.774  1.456  -5.770 0.0000000000
191706  21.212  1.524  -5.094 0.0000000000
191721  34.123  0.910  -6.791 0.0000000000
191724  25.976  1.910  -5.771 0.0000000000
191726  24.974  1.631  -5.942 0.0000000000
191729  22.085  1.870  -5.911 0.0000000000
191730  21.639  2.089  -6.233 0.0000000000
191745  34.657  1.516  -7.393 0.0000000000
191748  32.887  2.159  -7.808 0.0000000000
191754  34.069  1.876  -7.746 0.0000000000
191755  33.532  1.806  -7.747 0.0000000000
191756  33.225  2.044  -7.929 0.0000000000
193097  28.862  2.667  -4.846 0.0000000000
193100  20.746  2.779  -4.216 0.0000000000
193107  31.324  2.590  -5.908 0.0000000000
193108  30.923  2.223  -5.547 0.0000000000
193111  27.047  2.193  -5.355 0.0000000000
193113  21.355  2.566  -5.527 0.0000000000
193128  32.726  1.657  -7.181 0.0000000000
193129  32.247  1.774  -6.983 0.0000000000
193130  31.768  1.890  -6.661 0.0000000000
193131  25.919  2.421  -5.936 0.0000000000
193132  25.434  2.727  -6.125 0.0000000000
193133  24.707  2.623  -6.033 0.0000000000
193134  24.128  2.540  -6.024 0.0000000000
193136  22.323  2.402  -5.980 0.0000000000
193137  21.692  2.441  -6.432 0.0000000000
193158  34.155  2.090  -8.397 0.0000000000
193159  32.475  2.164  -7.463 0.0000000000
193168  33.179  2.324  -8.041 0.0000000000
194446  20.282  3.427  -3.497 0.0000000000
194454  30.222  3.266  -4.713 0.0000000000
194456  29.096  3.158  -4.724 0.0000000000
194457  28.530  3.120  -4.957 0.0000000000
194467  31.473  3.203  -5.520 0.0000000000
194468  30.942  2.961  -5.414 0.0000000000
194469  30.504  2.793  -5.075 0.0000000000
194470  27.590  3.345  -5.508 0.0000000000
194474  20.731  3.251  -4.751 0.0000000000
194485  25.957  2.855  -6.056 0.0000000000
194487  24.224  3.096  -6.096 0.0000000000
194490  21.593  2.832  -6.434 0.0000000000
194491  21.496  2.966  -6.022 0.0000000000
194507  32.350  2.817  -7.162 0.0000000000
194523  33.778  2.442  -8.724 0.0000000000
195860  20.386  3.752  -4.059 0.0000000000
195861  20.082  3.957  -3.670 0.0000000000
195869  29.932  3.856  -4.514 0.0000000000
195870  29.439  4.167  -4.520 0.0000000000
195882  31.718  3.836  -5.015 0.0000000000
195885  28.193  4.415  -5.149 0.0000000000
195887  26.747  3.163  -6.112 0.0000000000
195888  21.640  3.934  -5.602 0.0000000000
195889  21.400  3.537  -5.521 0.0000000000
195890  20.826  3.708  -5.172 0.0000000000
195899  32.455  3.925  -6.074 0.0000000000
195900  31.925  3.455  -5.927 0.0000000000
195903  24.996  4.076  -6.446 0.0000000000
195905  22.823  3.581  -6.036 0.0000000000
195916  33.028  3.822  -7.272 0.0000000000
195931  34.288  3.150  -8.671 0.0000000000
195932  33.796  2.927  -8.794 0.0000000000
195941  34.501  3.717  -8.613 0.0000000000
197335  19.992  4.485  -3.778 0.0000000000
197343  29.858  4.585  -4.431 0.0000000000
197351  32.417  4.508  -5.542 0.0000000000
197352  32.059  4.460  -4.983 0.0000000000
197353  31.619  4.504  -4.583 0.0000000000
197354  28.277  4.972  -5.217 0.0000000000
197356  27.182  4.445  -6.007 0.0000000000
197364  32.994  4.502  -6.777 0.0000000000
197366  26.909  4.361  -6.737 0.0000000000
197368  26.252  4.563  -7.129 0.0000000000
197370  24.548  4.534  -6.894 0.0000000000
197372  23.232  4.613  -6.144 0.0000000000
197382  25.088  4.989  -6.928 0.0000000000
197383  24.429  5.119  -7.116 0.0000000000
197406  34.304  4.220  -8.550 0.0000000000
198751  20.154  4.991  -4.100 0.0000000000
198759  30.343  5.207  -4.273 0.0000000000
198760  29.652  5.216  -4.533 0.0000000000
198769  31.849  5.033  -4.774 0.0000000000
198770  31.512  5.604  -4.705 0.0000000000
198771  28.157  5.418  -5.489 0.0000000000
198772  27.578  5.510  -5.931 0.0000000000
198773  27.149  4.949  -6.262 0.0000000000
198774  21.930  5.329  -5.363 0.0000000000
198775  21.307  4.839  -5.307 0.0000000000
198782  33.002  5.105  -6.273 0.0000000000
198783  32.703  5.047  -5.641 0.0000000000
198785  26.608  4.936  -7.185 0.0000000000
198786  26.141  5.141  -7.164 0.0000000000
198797  33.223  5.449  -6.692 0.0000000000
198798  25.487  5.332  -7.077 0.0000000000
198799  24.859  5.453  -7.141 0.0000000000
198801  23.639  5.799  -6.626 0.0000000000
198802  23.229  5.689  -6.297 0.0000000000
198821  34.161  4.915  -8.156 0.0000000000
198828  34.674  5.311  -8.868 0.0000000000
200081  29.394  5.744  -4.730 0.0000000000
200085  19.870  6.197  -4.342 0.0000000000
200092  32.283  6.163  -5.086 0.0000000000
200094  31.207  6.154  -4.544 0.0000000000
200095  28.149  5.954  -5.803 0.0000000000
200097  27.151  5.489  -6.564 0.0000000000
200098  21.649  5.927  -5.355 0.0000000000
200100  20.785  6.029  -4.994 0.0000000000
200108  32.938  6.072  -6.069 0.0000000000
200110  27.067  5.927  -6.789 0.0000000000
200111  26.532  5.506  -7.296 0.0000000000
200113  23.265  6.192  -6.314 0.0000000000
200123  33.485  5.669  -6.957 0.0000000000
200126  26.422  6.145  -7.327 0.0000000000
200127  25.898  5.778  -7.121 0.0000000000
200128  24.733  6.020  -7.148 0.0000000000
200149  33.878  5.622  -7.979 0.0000000000
200156  34.263  5.998  -8.983 0.0000000000
201354  19.565  6.812  -4.223 0.0000000000
201362  30.901  6.723  -4.613 0.0000000000
201364  29.719  6.845  -4.554 0.0000000000
201366  20.551  6.642  -4.947 0.0000000000
201375  31.950  6.758  -5.023 0.0000000000
201378  28.520  6.372  -5.579 0.0000000000
201379  28.174  6.496  -6.018 0.0000000000
201380  21.810  6.491  -5.618 0.0000000000
201381  21.371  6.390  -5.435 0.0000000000
201382  20.991  6.522  -5.290 0.0000000000
201390  32.834  6.648  -5.808 0.0000000000
201392  27.381  6.467  -6.525 0.0000000000
201393  23.869  6.618  -6.641 0.0000000000
201404  33.493  6.550  -6.779 0.0000000000
201406  25.828  6.455  -7.248 0.0000000000
201408  24.359  6.609  -7.028 0.0000000000
201420  33.841  6.598  -7.739 0.0000000000
201430  33.856  6.565  -8.274 0.0000000000
201437  33.909  6.540  -8.818 0.0000000000
202690  30.590  7.310  -4.820 0.0000000000
202692  29.444  7.420  -4.591 0.0000000000
202693  28.963  7.389  -4.951 0.0000000000
202706  31.753  7.317  -4.926 0.0000000000
202709  28.102  7.427  -5.810 0.0000000000
202710  28.060  6.981  -6.007 0.0000000000
202712  20.519  7.636  -5.180 0.0000000000
202723  32.771  7.233  -5.530 0.0000000000
202724  27.939  7.536  -6.085 0.0000000000
202726  27.211  6.876  -6.753 0.0000000000
202728  23.098  7.186  -6.088 0.0000000000
202731  21.532  7.635  -5.885 0.0000000000
202742  33.700  7.489  -6.879 0.0000000000
202743  33.378  7.061  -6.560 0.0000000000
202745  26.838  7.076  -7.246 0.0000000000
202746  26.014  6.886  -7.819 0.0000000000
202747  25.404  7.024  -7.350 0.0000000000
202749  24.070  7.237  -6.656 0.0000000000
202762  34.054  7.603  -7.410 0.0000000000
202763  26.698  7.523  -7.727 0.0000000000
202764  26.205  7.450  -7.823 0.0000000000
202765  25.669  7.480  -7.640 0.0000000000
202774  34.176  7.516  -8.485 0.0000000000
203993  30.314  7.940  -4.686 0.0000000000
203995  29.203  8.046  -4.783 0.0000000000
204006  32.667  7.852  -5.340 0.0000000000
204008  31.519  7.869  -4.877 0.0000000000
204009  28.733  7.894  -5.137 0.0000000000
204012  20.728  8.094  -5.351 0.0000000000
204022  32.952  8.136  -5.732 0.0000000000
204023  28.045  8.083  -5.981 0.0000000000
204024  27.925  8.111  -6.323 0.0000000000
204025  23.141  8.133  -5.943 0.0000000000
204026  22.616  8.250  -5.977 0.0000000000
204028  21.641  8.162  -5.992 0.0000000000
204037  33.594  8.064  -6.559 0.0000000000
204039  27.259  7.667  -7.401 0.0000000000
204040  24.790  8.217  -7.089 0.0000000000
204051  27.425  8.164  -7.487 0.0000000000
204052  27.031  8.055  -7.796 0.0000000000
204054  25.934  7.999  -7.724 0.0000000000
204063  34.324  8.171  -8.141 0.0000000000
205284  30.063  8.643  -4.495 0.0000000000
205286  28.762  8.609  -5.086 0.0000000000
205295  31.945  8.844  -5.314 0.0000000000
205296  31.425  8.754  -5.227 0.0000000000
205297  31.053  8.411  -5.190 0.0000000000
205310  32.516  8.897  -5.579 0.0000000000
205311  28.161  8.671  -6.324 0.0000000000
205312  27.940  8.617  -6.704 0.0000000000
205313  22.992  8.665  -6.073 0.0000000000
205315  21.768  8.772  -5.872 0.0000000000
205316  21.358  8.554  -5.779 0.0000000000
205323  33.617  9.019  -6.831 0.0000000000
205327  23.917  8.980  -6.692 0.0000000000
205328  23.365  9.143  -6.354 0.0000000000
205335  33.932  8.626  -7.228 0.0000000000
205336  27.332  8.553  -7.916 0.0000000000
205338  26.313  8.482  -7.882 0.0000000000
205340  25.052  8.575  -7.334 0.0000000000
205346  34.192  8.824  -7.797 0.0000000000
205362  34.493  8.441  -9.926 0.0000000000
206583  29.681  9.372  -4.530 0.0000000000
206593  32.180  9.434  -5.376 0.0000000000
206594  31.529  9.325  -5.230 0.0000000000
206597  29.382  9.914  -4.984 0.0000000000
206599  28.708  9.334  -6.068 0.0000000000
206607  33.150  9.557  -6.108 0.0000000000
206608  32.659  9.498  -5.796 0.0000000000
206609  30.536  9.876  -5.108 0.0000000000
206611  28.276  9.030  -6.837 0.0000000000
206623  33.555  9.596  -6.493 0.0000000000
206624  28.411  9.473  -6.888 0.0000000000
206625  28.174  9.386  -7.332 0.0000000000
206626  24.662  9.708  -7.242 0.0000000000
206633  34.093  9.589  -7.666 0.0000000000
206635  27.299  8.822  -7.985 0.0000000000
206638  25.332  9.665  -7.654 0.0000000000
206644  34.509  9.222  -8.877 0.0000000000
206645  34.243  9.335  -8.251 0.0000000000
206653  34.530  9.141  -9.715 0.0000000000
207977  31.823  9.880  -5.359 0.0000000000
207978  31.298  9.882  -5.278 0.0000000000
207979  30.806  10.074  -5.178 0.0000000000
207981  29.494  10.317  -6.102 0.0000000000
207982  29.039  9.874  -6.210 0.0000000000
207998  32.907  9.931  -5.979 0.0000000000
208000  31.896  10.466  -5.511 0.0000000000
208001  29.185  10.313  -6.599 0.0000000000
208017  33.691  10.099  -6.745 0.0000000000
208019  28.380  9.849  -7.306 0.0000000000
208020  28.130  9.883  -7.735 0.0000000000
208031  33.965  10.134  -7.282 0.0000000000
208032  27.737  9.973  -7.905 0.0000000000
208035  25.564  10.211  -7.715 0.0000000000
208044  34.353  9.847  -8.553 0.0000000000
209428  31.547  11.037  -5.415 0.0000000000
209430  30.425  10.801  -5.516 0.0000000000
209455  29.366  10.755  -6.931 0.0000000000
209456  28.793  10.431  -7.142 0.0000000000
209475  33.405  10.624  -6.556 0.0000000000
209477  28.615  10.820  -7.592 0.0000000000
209496  34.004  10.696  -7.430 0.0000000000
209499  28.012  10.312  -8.318 0.0000000000
209500  27.597  10.520  -8.444 0.0000000000
209517  34.312  10.513  -8.521 0.0000000000
209528  34.286  11.148  -8.548 0.0000000000
209536  34.706  11.002  -9.613 0.0000000000
209546  34.760  10.680  -10.388 0.0000000000
210854  31.213  11.481  -5.537 0.0000000000
210855  30.639  11.353  -5.662 0.0000000000
210856  30.280  11.063  -5.946 0.0000000000
210864  32.229  11.589  -6.035 0.0000000000
210865  31.739  11.524  -5.690 0.0000000000
210866  31.458  11.901  -5.834 0.0000000000
210868  30.004  11.031  -6.331 0.0000000000
210877  33.180  11.293  -6.652 0.0000000000
210879  29.556  11.079  -7.268 0.0000000000
210891  33.909  11.289  -7.548 0.0000000000
210893  28.561  11.158  -8.035 0.0000000000
210894  28.042  11.048  -8.683 0.0000000000
210895  27.484  11.019  -8.701 0.0000000000
210896  26.722  11.129  -8.391 0.0000000000
210910  34.074  11.532  -8.084 0.0000000000
210911  27.424  11.565  -8.785 0.0000000000
210927  34.570  11.381  -9.066 0.0000000000
210946  34.941  11.400  -11.586 0.0000000000
210947  34.772  11.548  -10.510 0.0000000000
212340  32.222  12.151  -6.166 0.0000000000
212341  31.691  12.496  -5.970 0.0000000000
212343  30.794  12.045  -6.413 0.0000000000
212350  33.054  11.985  -6.908 0.0000000000
212352  29.817  11.980  -6.967 0.0000000000
212353  29.472  11.552  -7.467 0.0000000000
212354  29.010  11.474  -7.887 0.0000000000
212361  33.385  12.246  -7.365 0.0000000000
212372  34.030  12.143  -8.184 0.0000000000
212373  28.198  12.182  -8.681 0.0000000000
212386  34.558  11.985  -9.198 0.0000000000
213768  31.245  13.092  -5.973 0.0000000000
213769  30.789  12.770  -6.172 0.0000000000
213770  30.401  12.319  -6.653 0.0000000000
213779  32.800  13.076  -6.952 0.0000000000
213782  29.623  12.183  -7.513 0.0000000000
213791  33.729  12.615  -7.802 0.0000000000
213792  33.255  12.866  -7.381 0.0000000000
213814  34.537  12.612  -9.323 0.0000000000
213816  27.897  13.032  -9.466 0.0000000000
213847  34.446  12.343  -13.192 0.0000000000
215100  31.520  14.146  -5.247 0.0000000000
215107  31.579  14.123  -5.496 0.0000000000
215116  32.627  13.811  -6.719 0.0000000000
215117  32.086  13.955  -6.032 0.0000000000
215118  29.958  13.176  -6.899 0.0000000000
215125  33.126  14.048  -7.176 0.0000000000
215126  30.103  13.960  -7.542 0.0000000000
215128  29.581  13.001  -8.150 0.0000000000
215135  33.720  13.745  -7.936 0.0000000000
215136  29.653  13.594  -8.087 0.0000000000
215137  29.203  13.308  -8.569 0.0000000000
215138  28.642  13.167  -8.956 0.0000000000
215144  34.493  13.247  -9.504 0.0000000000
215145  34.288  13.582  -8.939 0.0000000000
215146  28.845  13.608  -9.105 0.0000000000
215148  27.504  13.381  -10.260 0.0000000000
215170  34.233  13.537  -10.862 0.0000000000
216400  31.498  14.323  -5.700 0.0000000000
216402  30.903  13.842  -6.228 0.0000000000
216411  32.235  14.150  -6.399 0.0000000000
216413  31.228  14.288  -6.283 0.0000000000
216420  32.929  14.356  -7.348 0.0000000000
216429  33.802  14.220  -8.238 0.0000000000
216430  33.419  14.270  -7.721 0.0000000000
216434  26.369  14.350  -8.704 0.0000000000
216438  34.050  14.063  -8.805 0.0000000000
216439  29.198  14.256  -9.126 0.0000000000
216440  28.700  13.898  -9.814 0.0000000000
216449  34.041  14.438  -9.282 0.0000000000
216450  28.384  14.267  -10.161 0.0000000000
217634  31.403  14.580  -6.582 0.0000000000
217641  33.069  14.768  -7.818 0.0000000000
217642  32.312  14.682  -7.635 0.0000000000
217643  31.680  14.838  -7.187 0.0000000000
217644  31.255  14.989  -7.250 0.0000000000
217657  30.387  15.176  -7.975 0.0000000000
217666  33.447  15.197  -8.625 0.0000000000
217669  27.786  14.669  -9.798 0.0000000000
217675  33.863  15.216  -10.068 0.0000000000
217676  29.150  15.081  -9.646 0.0000000000
218884  31.596  15.496  -7.522 0.0000000000
218889  32.961  15.543  -8.370 0.0000000000
218892  31.261  15.839  -7.949 0.0000000000
218893  30.216  15.963  -8.678 0.0000000000
218900  33.520  15.484  -9.194 0.0000000000
218902  32.690  15.954  -8.673 0.0000000000
218913  33.335  16.044  -9.348 0.0000000000
218915  28.730  15.374  -10.898 0.0000000000
218925  28.660  15.765  -11.159 0.0000000000
218927  27.610  15.630  -10.745 0.0000000000
220140  26.255  16.766  -7.440 0.0000000000
220156  26.187  16.202  -7.824 0.0000000000
220163  31.752  16.535  -8.755 0.0000000000
220166  29.883  16.265  -9.207 0.0000000000
220168  26.885  16.267  -9.025 0.0000000000
220185  33.417  16.686  -10.032 0.0000000000
220187  27.601  16.171  -11.080 0.0000000000
220197  28.283  16.269  -11.366 0.0000000000
221449  31.425  17.014  -9.071 0.0000000000
221450  30.750  17.056  -9.080 0.0000000000
221451  27.224  17.323  -9.268 0.0000000000
221457  32.912  17.276  -9.588 0.0000000000
221458  32.357  17.259  -9.554 0.0000000000
221461  30.430  17.287  -9.638 0.0000000000
221462  29.864  17.014  -9.987 0.0000000000
221472  29.462  17.221  -10.683 0.0000000000
221473  28.951  16.718  -10.915 0.0000000000
221474  27.142  16.706  -10.816 0.0000000000
221485  28.052  16.965  -11.507 0.0000000000
222678  27.112  17.976  -8.993 0.0000000000
222687  31.907  17.562  -9.928 0.0000000000
222697  32.655  17.766  -10.361 0.0000000000
222699  30.886  18.076  -9.948 0.0000000000
222700  30.326  17.795  -10.090 0.0000000000
222702  27.968  18.174  -9.943 0.0000000000
222703  27.449  17.403  -10.727 0.0000000000
222710  29.293  17.562  -11.234 0.0000000000
222723  28.477  18.151  -11.327 0.0000000000
223858  31.585  18.163  -9.828 0.0000000000
223870  30.616  18.636  -10.210 0.0000000000
223871  29.971  18.468  -10.745 0.0000000000
223873  27.869  17.948  -11.019 0.0000000000
223887  29.042  18.114  -11.387 0.0000000000
223900  28.242  18.889  -11.206 0.0000000000
225031  30.010  19.022  -11.305 0.0000000000
225042  31.744  19.106  -10.342 0.0000000000
225043  29.339  19.298  -11.491 0.0000000000
225058  27.438  19.542  -11.580 0.0000000000
226192  31.448  19.837  -10.701 0.0000000000
226193  30.871  19.618  -10.608 0.0000000000
226194  30.381  19.459  -10.727 0.0000000000
226218  28.776  19.887  -11.844 0.0000000000
307679  23.898  -2.257  -5.729 0.0000000000
308354  28.069  -4.874  -4.767 0.0000000000
308430  26.161  -1.492  -4.675 0.0000000000
309068  27.193  -2.001  -4.494 0.0000000000
309074  28.021  -0.581  -4.669 0.0000000000
310696  28.827  -1.537  -4.797 0.0000000000
310972  32.996  -0.861  -5.912 0.0000000000
311090  28.057  -2.980  -4.653 0.0000000000
311178  30.869  13.486  -5.961 0.0000000000
311209  20.012  -4.362  -2.960 0.0000000000
311438  23.304  1.373  -5.963 0.0000000000
312310  22.675  -12.870  1.633 0.0000000000
314383  20.766  -4.457  -3.641 0.0000000000
314421  23.734  2.193  -6.017 0.0000000000
315163  27.351  -0.729  -4.654 0.0000000000
316357  26.318  4.095  -6.959 0.0000000000
316508  33.121  13.506  -7.265 0.0000000000
317950  24.352  5.597  -7.156 0.0000000000
318756  31.259  1.993  -6.322 0.0000000000
319020  33.234  16.762  -9.496 0.0000000000
319028  25.089  2.207  -5.921 0.0000000000
319492  20.249  2.157  -3.630 0.0000000000
319977  29.773  2.194  -4.715 0.0000000000
320053  21.061  -13.123  1.322 0.0000000000
321326  20.837  -3.220  -3.747 0.0000000000
322056  29.918  5.821  -4.483 0.0000000000
322581  27.744  7.613  -6.493 0.0000000000
322608  23.593  -0.156  -6.404 0.0000000000
322907  22.899  5.241  -5.993 0.0000000000
325268  19.789  5.576  -3.982 0.0000000000
325563  28.634  -3.219  -4.680 0.0000000000
325773  25.374  1.384  -5.933 0.0000000000
325982  28.205  17.306  -11.612 0.0000000000
327591  28.787  3.550  -4.805 0.0000000000
327943  29.746  10.208  -5.503 0.0000000000
328260  22.672  -7.313  -3.147 0.0000000000
328274  21.913  -5.162  -3.864 0.0000000000
328432  28.381  6.899  -5.754 0.0000000000
328459  26.527  12.294  -9.259 0.0000000000
329946  22.031  7.106  -5.886 0.0000000000
330784  22.483  -5.021  -3.887 0.0000000000
330842  34.391  13.087  -10.406 0.0000000000
330978  30.613  15.676  -8.168 0.0000000000
331120  21.154  2.132  -4.981 0.0000000000
331388  24.693  -6.766  -4.458 0.0000000000
331412  30.100  11.332  -6.666 0.0000000000
332239  32.942  3.189  -7.716 0.0000000000
332641  34.419  10.047  -10.848 0.0000000000
332834  29.179  2.186  -4.744 0.0000000000
333363  30.716  10.505  -5.285 0.0000000000
333803  24.493  7.740  -6.852 0.0000000000
334534  28.907  1.645  -4.719 0.0000000000
334578  24.021  3.622  -6.150 0.0000000000
334778  26.381  3.631  -6.418 0.0000000000
334957  29.159  6.754  -4.791 0.0000000000
334959  22.886  7.747  -5.854 0.0000000000
335059  20.660  9.965  -5.508 0.0000000000
336323  28.101  2.104  -5.197 0.0000000000
336429  29.566  6.272  -4.703 0.0000000000
337612  27.040  4.168  -6.179 0.0000000000
337950  30.037  -4.071  -4.746 0.0000000000
338056  29.529  0.614  -4.729 0.0000000000
338094  22.007  3.125  -6.220 0.0000000000
338166  29.209  6.155  -4.920 0.0000000000
339010  27.039  0.784  -4.975 0.0000000000
339095  34.450  12.728  -11.664 0.0000000000
339553  27.000  2.744  -5.844 0.0000000000
339771  30.491  0.548  -5.658 0.0000000000
340287  33.146  4.962  -6.872 0.0000000000
340292  21.522  1.342  -5.541 0.0000000000
340668  23.546  3.999  -6.141 0.0000000000
340689  26.502  16.693  -8.114 0.0000000000
340885  30.023  6.355  -4.586 0.0000000000
340913  28.039  8.931  -7.146 0.0000000000
341318  33.743  6.100  -7.571 0.0000000000
341582  24.358  0.745  -5.999 0.0000000000
341667  32.479  5.600  -5.342 0.0000000000
341772  20.650  4.659  -5.221 0.0000000000
341904  33.007  5.669  -6.318 0.0000000000
342203  22.357  7.888  -5.986 0.0000000000
342663  30.014  2.734  -4.714 0.0000000000
343174  33.814  6.175  -8.028 0.0000000000
343546  28.823  9.064  -5.595 0.0000000000
343905  33.629  6.073  -7.055 0.0000000000
344260  22.352  5.046  -5.696 0.0000000000
344278  25.117  9.100  -7.510 0.0000000000
344613  32.277  8.356  -5.322 0.0000000000
344893  20.796  7.118  -5.239 0.0000000000
345182  33.755  8.475  -6.769 0.0000000000
345185  33.652  6.984  -6.992 0.0000000000
345283  33.299  7.596  -6.340 0.0000000000
345285  33.108  7.684  -5.716 0.0000000000
345292  32.661  8.370  -5.616 0.0000000000
346481  23.552  8.395  -6.428 0.0000000000
348663  25.565  0.169  -5.500 0.0000000000
349389  27.196  3.544  -5.925 0.0000000000
349743  27.208  -5.097  -4.366 0.0000000000
350037  21.932  -6.491  -3.501 0.0000000000
350485  25.758  -5.501  -4.632 0.0000000000
351609  34.784  11.172  -10.147 0.0000000000
351974  20.103  -10.156  -0.249 0.0000000000
352063  23.364  1.877  -6.026 0.0000000000
352432  20.564  -8.087  -1.071 0.0000000000
352762  23.432  -3.042  -5.312 0.0000000000
353310  20.595  5.589  -4.731 0.0000000000
354596  27.865  2.516  -5.256 0.0000000000
354817  22.086  -3.131  -4.306 0.0000000000
355887  23.779  -0.164  -6.534 0.0000000000
355934  27.186  -1.338  -4.389 0.0000000000
356477  31.996  16.126  -8.407 0.0000000000
356839  20.973  -4.939  -3.765 0.0000000000
356951  19.780  -6.956  -1.510 0.0000000000
357152  18.754  -11.907  1.391 0.0000000000
357975  23.638  6.256  -6.627 0.0000000000
358279  21.440  -11.010  -0.374 0.0000000000
358845  22.440  -1.212  -5.487 0.0000000000
358998  31.168  -4.069  -7.052 0.0000000000
359092  22.333  6.475  -5.761 0.0000000000
359586  21.084  -1.282  -4.420 0.0000000000
359856  19.097  -11.226  0.872 0.0000000000
360498  33.756  15.247  -9.540 0.0000000000
361001  26.221  6.588  -7.466 0.0000000000
361243  32.352  -1.543  -6.139 0.0000000000
361390  34.769  12.177  -12.845 0.0000000000
361616  23.423  -11.999  0.494 0.0000000000
362261  32.353  16.052  -8.523 0.0000000000
362359  29.474  15.982  -9.745 0.0000000000
362416  26.448  -3.373  -4.513 0.0000000000
362764  32.581  3.642  -6.529 0.0000000000
363364  32.819  17.418  -10.083 0.0000000000
364956  29.350  0.276  -4.640 0.0000000000
365757  30.556  14.499  -7.338 0.0000000000
365891  21.433  4.332  -5.432 0.0000000000
366318  31.568  10.150  -5.380 0.0000000000
366543  33.481  1.602  -7.415 0.0000000000
367194  30.084  13.582  -6.999 0.0000000000
367627  27.246  -5.373  -4.297 0.0000000000
367719  25.218  3.678  -6.209 0.0000000000
368172  24.840  -2.624  -5.435 0.0000000000
368990  31.421  5.089  -4.515 0.0000000000
369690  32.710  3.015  -7.390 0.0000000000
370091  33.079  10.869  -6.337 0.0000000000
370195  23.363  -2.278  -5.709 0.0000000000
370742  31.814  19.608  -10.547 0.0000000000
