#!ascii label  , from subject sub-v2s5x29564_ses-1 vox2ras=TkReg
1834
170043  21.979  -6.099  -1.433 0.2500000000
170049  22.669  -6.563  -2.084 0.2500000000
168692  22.844  -7.111  -1.854 0.7500000000
298026  23.343  -4.004  -3.931 0.2500000000
173194  23.517  -4.635  -3.895 0.1250000000
173193  24.117  -4.923  -4.165 0.3750000000
171622  22.694  -5.352  -3.272 0.2500000000
322043  21.888  -5.673  -1.892 0.2500000000
168738  23.812  -6.599  -3.290 0.7500000000
170059  22.727  -6.174  -2.553 0.3750000000
167336  23.394  -7.433  -2.355 0.8750000000
168711  23.767  -7.110  -2.848 0.8750000000
165880  24.349  -8.148  -2.662 0.8750000000
171643  23.761  -5.256  -3.788 0.3750000000
171642  24.631  -5.834  -3.865 0.3750000000
170104  25.093  -5.958  -4.081 0.8750000000
170085  23.419  -6.206  -3.435 0.7500000000
168709  26.933  -6.564  -2.722 1.0000000000
168734  25.979  -6.718  -3.553 1.0000000000
170082  25.268  -6.433  -3.859 0.8750000000
167352  25.252  -7.883  -3.283 1.0000000000
168737  24.442  -7.030  -3.079 0.8750000000
167351  26.297  -7.572  -2.680 1.0000000000
173214  24.263  -4.651  -4.858 0.2500000000
171652  25.865  -5.403  -4.964 0.7500000000
171639  26.234  -5.477  -4.368 0.8750000000
171620  26.572  -5.512  -3.761 0.8750000000
171641  25.291  -5.683  -4.637 0.7500000000
170078  28.610  -6.105  -2.994 1.0000000000
170080  26.968  -6.058  -2.982 1.0000000000
319230  27.019  -5.640  -3.332 1.0000000000
168707  28.551  -6.885  -2.639 1.0000000000
168708  27.483  -6.724  -2.486 1.0000000000
167350  26.968  -7.204  -2.482 1.0000000000
343391  26.127  -7.315  -3.088 1.0000000000
329748  23.573  -3.772  -4.285 0.1250000000
173213  24.812  -4.739  -5.173 0.6250000000
173189  27.896  -4.558  -3.751 1.0000000000
173191  26.456  -5.085  -4.755 0.8750000000
173167  27.753  -4.952  -3.411 1.0000000000
168752  30.014  -6.569  -3.967 1.0000000000
170076  29.559  -5.923  -3.648 1.0000000000
171617  28.679  -5.454  -3.113 1.0000000000
173165  28.885  -5.106  -3.462 1.0000000000
337716  30.290  -7.294  -4.249 1.0000000000
288654  29.490  -6.438  -3.524 1.0000000000
346219  31.725  -7.870  -4.841 1.0000000000
167347  29.592  -7.164  -2.869 1.0000000000
180570  25.608  -1.532  -6.488 0.2500000000
174754  23.917  -3.985  -4.953 0.2500000000
174771  25.281  -4.332  -6.243 0.3750000000
173223  25.003  -4.358  -5.599 0.5000000000
174729  28.258  -3.697  -4.174 1.0000000000
174752  26.140  -4.492  -5.681 0.6250000000
307659  27.709  -3.968  -4.022 1.0000000000
173209  30.454  -4.513  -4.304 1.0000000000
300946  29.053  -4.182  -3.800 1.0000000000
170117  31.346  -6.220  -4.680 1.0000000000
170101  30.518  -6.155  -4.146 1.0000000000
171661  31.483  -5.269  -5.161 1.0000000000
170137  31.401  -7.414  -6.145 1.0000000000
168762  32.148  -6.703  -4.735 1.0000000000
333008  32.952  -6.910  -6.699 1.0000000000
168771  32.532  -6.818  -5.822 1.0000000000
179234  26.802  -2.155  -6.988 0.5000000000
177917  26.427  -2.470  -6.941 0.3750000000
177903  26.098  -3.024  -6.566 0.3750000000
176421  26.042  -3.443  -6.509 0.5000000000
176402  27.494  -2.759  -5.220 0.5000000000
176379  28.978  -3.076  -4.275 0.8750000000
176378  29.528  -3.328  -4.028 1.0000000000
177871  30.392  -2.630  -4.330 1.0000000000
173222  31.326  -4.638  -5.141 1.0000000000
174748  30.499  -3.693  -4.450 1.0000000000
171674  30.951  -6.252  -7.394 1.0000000000
173239  30.620  -5.699  -7.057 1.0000000000
171683  33.850  -5.255  -7.673 1.0000000000
171673  33.391  -6.598  -7.741 1.0000000000
170145  33.722  -6.142  -6.673 0.8750000000
300812  26.706  -1.588  -6.984 0.5000000000
177902  27.087  -2.851  -6.534 0.5000000000
177887  28.240  -2.015  -5.153 0.6250000000
179209  29.699  -1.685  -4.437 0.6250000000
177872  29.727  -2.366  -4.285 1.0000000000
308374  28.508  -2.738  -4.560 0.7500000000
176400  31.762  -2.873  -5.277 1.0000000000
173269  33.312  -4.482  -9.248 1.0000000000
344012  32.655  -3.971  -8.376 1.0000000000
173238  31.907  -4.379  -7.952 1.0000000000
329707  32.080  -3.973  -6.237 1.0000000000
171703  33.778  -4.801  -8.680 1.0000000000
173247  33.298  -4.793  -8.451 1.0000000000
173249  31.221  -5.235  -7.689 1.0000000000
171702  34.595  -5.448  -9.117 0.8750000000
173246  34.087  -5.115  -7.844 1.0000000000
171682  34.415  -5.364  -7.262 0.8750000000
343770  27.553  -1.735  -5.868 0.5000000000
179210  29.085  -1.627  -4.582 0.8750000000
177899  33.106  -1.881  -6.470 1.0000000000
177900  32.514  -2.547  -5.974 1.0000000000
174827  32.855  -4.126  -9.839 1.0000000000
176449  33.266  -2.993  -7.862 1.0000000000
176436  32.527  -3.537  -6.701 1.0000000000
177949  33.174  -2.807  -10.584 1.0000000000
171711  34.712  -5.643  -10.155 1.0000000000
171712  33.825  -5.093  -9.663 1.0000000000
174840  32.884  -4.035  -10.637 1.0000000000
173283  34.509  -5.133  -11.385 1.0000000000
180557  27.760  -1.166  -5.769 0.5000000000
180546  28.848  -1.109  -4.783 0.8750000000
180543  30.836  -1.051  -4.659 1.0000000000
181999  33.128  -0.448  -6.481 1.0000000000
179230  32.916  -1.414  -6.183 1.0000000000
318110  31.681  -0.997  -5.390 1.0000000000
324089  32.622  -1.264  -11.248 1.0000000000
180612  32.683  -1.292  -9.927 1.0000000000
286149  32.922  -2.004  -12.582 1.0000000000
317332  32.617  -1.930  -11.141 1.0000000000
179278  33.130  -2.148  -10.045 1.0000000000
176489  34.573  -3.067  -12.004 1.0000000000
286646  32.913  -2.386  -11.416 1.0000000000
174851  35.207  -4.181  -11.904 0.8750000000
187365  29.665  2.427  -5.245 1.0000000000
342473  27.666  2.186  -6.418 0.3750000000
186011  29.613  1.911  -5.252 0.8750000000
183349  32.283  0.502  -5.934 1.0000000000
182044  32.723  -0.613  -10.185 1.0000000000
182035  32.520  -0.417  -8.991 1.0000000000
190090  28.498  3.708  -5.432 0.8750000000
188705  30.065  2.883  -5.072 1.0000000000
343827  30.439  2.706  -5.197 1.0000000000
186009  30.622  2.134  -5.353 1.0000000000
187379  31.919  2.596  -5.787 1.0000000000
186031  33.012  1.272  -6.951 1.0000000000
286155  32.492  0.337  -9.890 1.0000000000
286596  32.549  1.038  -9.401 1.0000000000
286342  32.923  0.410  -11.654 1.0000000000
309121  28.607  4.449  -5.493 0.7500000000
188703  31.155  3.185  -5.349 1.0000000000
187378  32.341  2.547  -6.212 1.0000000000
187420  32.551  1.993  -9.080 1.0000000000
187413  32.760  2.050  -8.291 1.0000000000
342002  32.736  1.433  -8.864 1.0000000000
190087  30.978  3.658  -5.352 1.0000000000
188720  32.218  3.102  -6.008 1.0000000000
302912  32.609  2.684  -8.037 1.0000000000
203046  26.203  11.753  -5.840 0.1250000000
203042  26.182  12.020  -4.615 0.1250000000
201764  27.491  10.551  -7.292 0.2500000000
203051  26.527  11.983  -6.980 0.1250000000
201763  28.740  10.383  -7.392 0.3750000000
201762  29.714  10.332  -7.346 0.5000000000
203049  28.802  11.603  -7.945 0.2500000000
201771  30.091  10.790  -7.468 0.3750000000
204470  26.860  13.682  -7.406 0.2500000000
204469  27.646  13.335  -8.449 0.2500000000
204474  27.636  13.581  -8.334 0.2500000000
203056  29.415  11.743  -8.231 0.2500000000
203062  30.009  11.691  -8.286 0.2500000000
203057  28.376  12.721  -8.489 0.2500000000
203067  31.272  11.115  -8.656 0.3750000000
204477  30.591  11.699  -8.590 0.2500000000
307213  21.474  -5.642  -1.365 0.1250000000
171605  22.489  -5.568  -2.762 0.2500000000
328572  21.886  -4.749  -2.589 0.1250000000
293660  29.377  -7.547  -2.656 1.0000000000
179220  31.120  -1.387  -4.882 0.8750000000
179266  33.046  -1.726  -9.138 1.0000000000
168662  20.447  -6.585  -0.104 0.1250000000
327080  22.688  -7.570  -1.336 0.6250000000
164399  23.034  -8.689  -1.693 0.7500000000
174717  22.388  -4.112  -3.275 0.1250000000
164398  23.506  -9.029  -2.071 1.0000000000
303366  20.923  -5.163  -1.179 0.1250000000
167335  26.291  -8.072  -2.590 1.0000000000
165857  27.941  -8.204  -2.384 1.0000000000
165901  30.422  -8.193  -3.708 1.0000000000
176390  24.002  -3.184  -5.084 0.3750000000
177905  25.070  -2.637  -6.277 0.2500000000
176423  25.100  -3.392  -6.598 0.2500000000
170127  33.205  -6.274  -5.334 0.8750000000
296115  35.083  -5.468  -8.437 0.8750000000
171671  34.674  -5.566  -6.789 0.8750000000
171710  35.646  -5.949  -10.723 0.8750000000
187391  26.940  2.598  -7.304 0.1250000000
321117  27.105  1.989  -7.105 0.1250000000
180568  27.427  -0.847  -6.221 0.3750000000
329063  29.667  -0.190  -4.657 0.6250000000
177954  34.057  -2.573  -11.951 1.0000000000
171720  35.527  -5.581  -12.005 0.8750000000
187367  28.208  2.609  -5.392 0.5000000000
188707  28.675  2.984  -5.295 0.8750000000
186023  27.892  1.806  -6.037 0.3750000000
184672  29.827  1.096  -5.104 0.8750000000
182052  32.657  -0.722  -11.862 1.0000000000
286508  33.011  0.454  -13.294 1.0000000000
345923  33.000  0.817  -11.444 1.0000000000
328879  30.233  3.339  -5.222 1.0000000000
186064  32.418  1.220  -10.136 1.0000000000
191519  29.501  4.725  -5.232 0.8750000000
191529  31.098  4.723  -5.804 1.0000000000
329847  32.491  3.683  -7.490 1.0000000000
297397  32.551  2.580  -8.657 1.0000000000
203038  26.988  11.406  -4.483 0.1250000000
200407  27.187  9.407  -6.547 0.1250000000
199169  29.346  8.703  -6.415 0.6250000000
200418  29.233  9.530  -7.048 0.6250000000
201761  30.635  9.997  -7.146 0.5000000000
204466  26.206  13.217  -6.219 0.2500000000
201775  31.204  10.274  -7.869 0.5000000000
204465  26.473  13.772  -6.275 0.2500000000
331919  27.278  14.201  -8.233 0.2500000000
203055  30.403  10.907  -7.872 0.5000000000
205930  27.480  14.252  -8.081 0.1250000000
204473  28.859  12.723  -8.432 0.2500000000
205953  30.701  12.571  -9.029 0.2500000000
204486  31.540  11.305  -9.027 0.3750000000
204501  31.153  12.070  -9.317 0.2500000000
205944  29.078  12.963  -8.330 0.1250000000
170044  21.379  -6.196  -1.006 0.1250000000
168684  21.994  -6.654  -1.169 0.3750000000
167320  22.049  -7.285  -1.010 0.5000000000
171606  21.940  -5.245  -2.367 0.1250000000
165842  22.992  -8.075  -1.631 0.7500000000
167354  24.492  -7.535  -2.800 0.8750000000
165861  23.872  -8.604  -2.393 1.0000000000
165879  24.763  -8.491  -2.832 1.0000000000
170081  26.101  -6.145  -3.707 1.0000000000
167377  25.805  -7.194  -3.459 1.0000000000
167334  26.905  -7.770  -2.147 1.0000000000
167348  28.797  -7.416  -2.423 1.0000000000
173210  26.734  -4.450  -5.030 0.8750000000
173187  28.842  -4.660  -3.661 1.0000000000
168764  31.502  -6.716  -4.785 1.0000000000
171616  29.192  -5.416  -3.446 1.0000000000
171651  30.763  -5.025  -4.349 1.0000000000
167393  30.747  -7.862  -4.749 1.0000000000
167376  30.370  -7.787  -4.104 1.0000000000
176422  25.195  -3.807  -6.593 0.3750000000
174784  25.914  -4.028  -6.236 0.5000000000
174751  27.130  -3.767  -5.014 0.8750000000
174727  29.543  -3.915  -3.888 1.0000000000
314752  30.731  -4.161  -4.807 1.0000000000
168773  31.942  -6.596  -5.119 1.0000000000
170116  31.491  -5.803  -4.865 1.0000000000
171635  30.432  -5.373  -3.984 1.0000000000
286807  31.250  -5.831  -6.290 1.0000000000
171675  31.048  -6.564  -6.737 1.0000000000
171672  34.172  -5.570  -6.991 1.0000000000
176403  26.949  -3.258  -5.546 0.6250000000
177874  28.686  -2.139  -4.671 0.6250000000
176387  30.467  -3.204  -4.405 1.0000000000
177886  31.374  -2.561  -4.860 1.0000000000
173230  31.053  -4.857  -6.867 1.0000000000
306823  31.607  -4.313  -5.487 1.0000000000
174768  31.800  -3.689  -5.496 1.0000000000
171684  32.921  -6.284  -8.614 1.0000000000
171695  34.286  -5.188  -8.230 0.8750000000
170135  34.059  -5.742  -5.858 0.8750000000
177869  31.340  -1.896  -4.869 1.0000000000
176418  32.502  -3.261  -6.231 1.0000000000
173279  33.170  -4.497  -10.275 1.0000000000
304113  32.530  -4.424  -8.446 1.0000000000
174794  32.348  -3.757  -7.384 1.0000000000
318495  32.682  -3.477  -8.201 1.0000000000
302391  35.349  -5.782  -9.900 0.8750000000
309673  33.449  -1.697  -7.561 1.0000000000
332341  31.764  -1.813  -5.277 1.0000000000
176448  33.455  -2.471  -7.496 1.0000000000
177915  32.861  -2.907  -6.521 1.0000000000
176468  33.177  -2.971  -9.100 1.0000000000
176435  33.078  -3.121  -7.135 1.0000000000
177936  33.298  -2.668  -9.385 1.0000000000
176481  33.128  -3.359  -11.203 1.0000000000
174848  33.978  -3.920  -11.460 1.0000000000
181991  28.175  -0.589  -5.438 0.6250000000
181982  29.771  -0.728  -4.635 0.7500000000
181990  31.666  -0.503  -5.411 1.0000000000
180565  33.117  -0.880  -6.336 1.0000000000
182000  32.620  -0.464  -6.084 1.0000000000
180590  33.650  -1.045  -7.111 1.0000000000
182012  32.801  -0.035  -6.434 1.0000000000
182022  33.193  -0.147  -7.589 1.0000000000
182021  33.251  -0.576  -7.779 1.0000000000
324835  32.720  -1.451  -12.741 1.0000000000
304834  32.501  -0.705  -9.248 1.0000000000
180601  32.803  -1.115  -8.879 1.0000000000
186013  28.384  1.916  -5.540 0.7500000000
186010  30.142  1.629  -5.193 1.0000000000
186012  28.988  1.779  -5.302 0.7500000000
183335  31.494  0.045  -5.418 1.0000000000
184692  33.069  0.763  -7.267 1.0000000000
305948  31.154  0.546  -5.340 1.0000000000
184682  32.011  1.024  -5.845 1.0000000000
183382  32.696  0.213  -8.699 1.0000000000
190089  29.862  3.956  -5.219 0.8750000000
186022  31.751  1.563  -5.798 1.0000000000
320662  32.025  1.997  -5.971 1.0000000000
186054  32.736  1.820  -7.696 1.0000000000
184701  32.907  0.785  -8.098 1.0000000000
186021  32.205  1.491  -6.191 1.0000000000
286431  32.324  0.694  -10.595 1.0000000000
190101  32.004  3.607  -5.825 1.0000000000
187400  32.665  2.441  -7.456 1.0000000000
188744  32.561  3.159  -7.594 1.0000000000
296721  31.745  4.008  -5.773 1.0000000000
191517  30.821  4.275  -5.443 1.0000000000
203039  26.532  11.341  -4.584 0.1250000000
201765  26.722  10.513  -6.688 0.1250000000
201758  26.862  10.276  -5.605 0.1250000000
204462  26.059  13.058  -5.211 0.2500000000
203050  27.633  11.809  -7.640 0.2500000000
200420  27.280  9.817  -7.078 0.3750000000
200419  28.292  9.741  -6.996 0.5000000000
200417  29.980  9.498  -7.142 0.7500000000
337008  30.431  12.449  -8.770 0.2500000000
204487  30.984  11.810  -8.905 0.2500000000
340173  20.923  -7.056  -0.356 0.2500000000
168626  19.774  -6.633  0.757 0.1250000000
168663  20.298  -7.162  -0.069 0.1250000000
165844  21.984  -8.067  -1.024 0.6250000000
165843  22.458  -8.386  -1.441 0.7500000000
164415  24.410  -8.826  -2.626 1.0000000000
186033  27.086  1.477  -6.900 0.5000000000
182003  27.559  -0.235  -6.090 0.6250000000
300656  31.284  -0.289  -5.128 0.8750000000
183339  29.098  0.503  -5.131 0.7500000000
183320  30.459  0.224  -4.779 0.8750000000
184683  28.159  1.287  -5.804 0.7500000000
183350  28.253  0.691  -5.660 0.8750000000
184658  30.128  0.676  -4.922 1.0000000000
184671  30.373  1.042  -5.161 1.0000000000
192894  30.529  4.963  -5.556 1.0000000000
192917  32.350  5.144  -6.798 1.0000000000
190134  32.639  4.116  -8.503 1.0000000000
199165  27.186  9.032  -6.772 0.3750000000
334743  29.919  8.541  -6.808 0.7500000000
199182  29.643  9.025  -6.680 0.7500000000
200411  28.904  9.139  -6.492 0.5000000000
321882  30.784  9.295  -6.969 0.7500000000
204500  31.586  11.455  -9.592 0.2500000000
154897  21.834  -12.707  1.389 0.7500000000
153351  23.855  -13.074  0.645 0.7500000000
156506  21.444  -12.138  1.263 0.7500000000
158132  21.209  -11.579  1.232 0.7500000000
156519  24.089  -12.375  -0.177 0.7500000000
156521  22.848  -12.113  0.599 0.7500000000
158145  22.666  -11.539  0.198 0.7500000000
158146  22.016  -11.196  0.554 0.7500000000
158158  24.707  -11.686  -0.322 0.7500000000
158159  24.115  -11.472  -0.453 0.7500000000
158161  23.084  -11.326  -0.342 0.7500000000
162885  22.161  -9.134  -0.213 0.7500000000
164363  21.749  -8.765  -0.635 0.6250000000
161384  23.804  -10.401  -0.510 0.7500000000
161403  23.590  -10.136  -0.853 0.8750000000
162899  22.966  -9.554  -1.080 0.8750000000
159816  25.397  -11.176  -0.572 0.7500000000
159817  24.919  -11.229  -0.698 0.7500000000
310568  24.732  -10.396  -1.188 0.7500000000
161402  23.820  -10.092  -1.785 0.8750000000
164396  24.499  -9.380  -2.495 0.8750000000
161398  26.573  -10.307  -1.295 0.7500000000
161399  25.864  -10.286  -1.198 0.7500000000
162912  26.035  -9.747  -2.066 0.8750000000
164395  25.333  -8.957  -2.496 0.8750000000
162910  27.844  -9.642  -1.839 0.7500000000
164392  27.517  -8.987  -1.804 0.8750000000
165858  27.333  -8.391  -2.224 0.8750000000
164409  30.588  -8.668  -2.636 0.8750000000
164411  29.235  -8.655  -2.842 0.8750000000
165900  31.090  -8.540  -3.901 0.8750000000
165910  31.188  -8.445  -4.529 0.8750000000
168728  34.260  -6.530  -2.878 0.3750000000
287111  33.652  -6.634  -3.339 0.6250000000
167373  32.842  -7.210  -3.665 0.7500000000
167390  32.267  -7.663  -4.276 0.7500000000
341390  35.174  -5.892  -3.784 0.5000000000
170099  34.835  -5.807  -3.987 0.5000000000
170114  34.424  -5.707  -4.546 0.7500000000
170126  33.801  -5.757  -5.121 0.7500000000
295447  36.591  -7.287  -5.448 0.1250000000
168782  36.178  -6.441  -5.984 0.3750000000
333178  35.872  -5.997  -5.804 0.6250000000
170134  35.454  -5.756  -6.093 0.6250000000
171665  35.140  -5.696  -6.586 0.6250000000
326611  37.399  -8.728  -6.476 0.1250000000
319403  36.994  -7.642  -6.407 0.1250000000
318260  37.144  -7.226  -8.172 0.1250000000
167430  37.817  -7.909  -8.995 0.1250000000
168804  36.676  -6.788  -9.073 0.6250000000
170166  36.611  -6.413  -9.584 0.6250000000
294008  36.224  -5.956  -10.134 0.7500000000
336492  38.493  -8.081  -8.492 0.1250000000
170159  38.187  -6.389  -8.742 0.1250000000
171700  37.365  -5.802  -9.416 0.1250000000
171708  37.208  -6.367  -9.717 0.5000000000
341973  36.067  -5.839  -10.713 0.6250000000
173281  36.452  -4.891  -11.431 0.7500000000
167425  38.657  -8.161  -8.062 0.1250000000
173276  36.760  -5.112  -9.787 0.5000000000
174839  36.096  -3.950  -10.076 0.5000000000
174845  36.507  -4.168  -11.240 0.6250000000
173282  36.357  -4.397  -11.773 0.7500000000
191520  28.951  4.903  -5.331 0.6250000000
194299  28.680  6.541  -5.932 0.5000000000
296487  29.446  5.821  -5.377 0.7500000000
177948  35.526  -2.326  -10.509 0.6250000000
286586  34.564  -2.226  -12.864 0.6250000000
286672  34.122  -2.090  -13.464 0.8750000000
179277  35.460  -1.710  -10.003 0.5000000000
179281  35.041  -1.990  -11.219 0.6250000000
180617  34.858  -1.525  -11.560 0.6250000000
286308  34.568  -1.306  -13.390 0.7500000000
194298  29.354  6.246  -5.598 0.7500000000
324741  33.578  -1.659  -13.399 0.8750000000
186069  32.667  1.726  -10.618 0.8750000000
187435  32.735  2.504  -10.728 0.8750000000
338455  33.904  -0.242  -13.027 0.7500000000
186076  33.101  1.556  -13.523 0.8750000000
331164  32.863  2.042  -13.482 0.8750000000
187434  32.728  2.764  -12.183 0.8750000000
188786  32.676  3.446  -11.716 0.8750000000
298850  35.358  -0.748  -9.548 0.3750000000
182050  35.006  -0.791  -10.559 0.5000000000
182043  34.749  -0.202  -10.759 0.5000000000
286152  34.021  0.599  -12.676 0.6250000000
302035  35.462  0.088  -9.150 0.2500000000
182042  35.175  -0.264  -9.768 0.3750000000
287107  34.530  1.032  -11.177 0.5000000000
195614  29.161  6.772  -6.097 0.6250000000
195626  29.913  6.834  -6.158 0.7500000000
192908  30.344  5.612  -5.546 0.8750000000
194311  30.309  6.055  -5.990 0.7500000000
192906  31.286  5.122  -6.176 0.8750000000
311258  32.602  3.590  -8.740 0.8750000000
190141  32.685  4.076  -9.487 0.7500000000
190148  32.160  4.028  -10.950 0.8750000000
186075  33.413  1.159  -13.748 0.6250000000
187445  32.926  2.162  -13.503 0.7500000000
341587  34.926  0.829  -10.220 0.3750000000
286159  34.584  1.653  -11.106 0.5000000000
190157  33.035  4.311  -13.609 0.7500000000
184719  35.242  0.933  -9.554 0.2500000000
196825  29.431  7.243  -6.396 0.6250000000
194324  31.142  6.106  -6.549 0.8750000000
194323  32.247  5.694  -6.720 0.8750000000
339676  32.668  5.001  -7.771 0.8750000000
194322  32.265  6.124  -6.942 0.7500000000
310821  32.520  4.631  -9.138 0.8750000000
190147  32.077  4.606  -11.818 0.7500000000
188807  32.908  2.573  -13.455 0.5000000000
188773  34.896  3.214  -10.027 0.2500000000
304123  34.575  2.796  -11.343 0.5000000000
187439  34.060  2.119  -12.336 0.5000000000
186062  35.290  1.510  -9.261 0.2500000000
198011  29.111  8.295  -6.389 0.5000000000
198010  29.815  8.167  -6.650 0.5000000000
198009  30.488  7.742  -6.440 0.6250000000
196833  30.960  7.438  -6.560 0.7500000000
195633  32.050  6.600  -7.357 0.7500000000
196839  31.729  7.737  -7.526 0.7500000000
196846  32.311  7.210  -8.336 0.7500000000
299343  32.280  6.380  -9.006 0.7500000000
195646  32.432  6.553  -8.267 0.7500000000
198030  32.031  7.886  -8.055 0.7500000000
194338  32.309  5.810  -9.151 0.7500000000
192944  32.466  5.677  -11.185 0.7500000000
297363  32.354  6.301  -10.035 0.7500000000
191572  33.235  5.336  -13.009 0.5000000000
192942  33.585  5.978  -12.471 0.3750000000
191574  32.610  5.704  -12.506 0.6250000000
341103  34.880  3.657  -10.488 0.2500000000
191571  34.182  4.649  -12.029 0.3750000000
333977  34.366  5.090  -11.374 0.3750000000
199180  30.826  8.606  -7.111 0.6250000000
198023  31.002  8.029  -6.966 0.7500000000
198031  31.939  8.437  -7.787 0.7500000000
298287  32.286  7.871  -8.597 0.7500000000
196857  32.649  7.120  -9.734 0.7500000000
308155  32.742  6.832  -10.606 0.6250000000
194342  34.387  6.569  -10.913 0.3750000000
195662  33.868  6.802  -12.083 0.3750000000
191560  34.913  4.735  -9.130 0.1250000000
317250  34.791  5.722  -9.056 0.1250000000
194341  34.524  5.865  -10.051 0.2500000000
199179  31.359  8.520  -7.216 0.6250000000
199194  31.761  8.823  -7.579 0.7500000000
198036  32.212  8.562  -8.273 0.6250000000
315108  32.350  7.709  -9.295 0.7500000000
196861  33.976  7.193  -11.679 0.3750000000
196856  33.211  7.049  -11.117 0.3750000000
196854  34.302  7.463  -10.542 0.2500000000
195653  34.350  7.078  -11.307 0.3750000000
332497  33.631  6.891  -12.026 0.6250000000
198034  35.254  7.728  -7.932 0.1250000000
196844  34.978  7.217  -8.386 0.1250000000
318882  35.049  5.656  -8.311 0.1250000000
200416  31.128  9.504  -7.192 0.6250000000
200427  31.542  9.290  -7.621 0.6250000000
300358  32.397  8.907  -9.217 0.3750000000
200436  32.331  8.902  -8.141 0.3750000000
199234  32.632  8.239  -10.378 0.3750000000
199231  34.156  8.668  -10.562 0.2500000000
198046  33.234  7.721  -11.251 0.3750000000
198047  32.847  7.711  -9.970 0.3750000000
199205  34.926  8.526  -8.797 0.1250000000
198044  34.405  7.934  -9.970 0.3750000000
196855  34.137  7.282  -11.479 0.3750000000
198029  35.631  8.047  -7.477 0.1250000000
196850  34.592  7.456  -9.264 0.1250000000
201793  31.974  10.053  -9.051 0.3750000000
201770  31.216  9.843  -7.431 0.3750000000
200437  32.084  9.455  -8.218 0.3750000000
201814  32.562  9.043  -10.305 0.3750000000
200448  32.126  9.559  -8.984 0.3750000000
200493  33.106  8.852  -12.042 0.3750000000
200468  32.542  7.893  -11.111 0.3750000000
200466  33.493  8.327  -11.400 0.3750000000
199232  33.450  8.072  -11.343 0.3750000000
199233  32.664  7.787  -11.374 0.3750000000
203097  36.259  10.690  -10.426 0.1250000000
316861  34.651  8.776  -9.823 0.1250000000
200465  34.385  9.195  -10.550 0.2500000000
200445  36.023  9.473  -8.797 0.1250000000
201828  31.661  9.571  -11.678 0.2500000000
200483  31.781  8.999  -11.880 0.2500000000
201827  32.152  8.906  -11.667 0.3750000000
201792  32.196  9.566  -9.534 0.3750000000
203120  33.767  10.226  -12.688 0.1250000000
200494  32.529  9.028  -11.997 0.3750000000
201813  32.210  8.185  -11.313 0.3750000000
201834  34.175  9.903  -11.613 0.1250000000
201826  33.785  9.174  -11.637 0.2500000000
204525  35.531  11.249  -11.455 0.1250000000
201825  34.443  9.812  -11.138 0.1250000000
203101  32.018  10.761  -10.054 0.3750000000
203078  32.173  9.903  -9.846 0.3750000000
201837  31.405  9.273  -12.344 0.2500000000
203121  32.766  9.708  -13.208 0.1250000000
203128  31.813  9.736  -13.918 0.1250000000
203127  33.479  10.576  -13.187 0.1250000000
204545  33.050  10.880  -13.713 0.1250000000
330905  36.237  11.386  -12.266 0.1250000000
205988  34.904  11.829  -13.322 0.1250000000
204561  31.205  11.251  -15.068 0.1250000000
205989  34.347  11.739  -13.509 0.1250000000
206000  33.147  11.908  -14.211 0.1250000000
333127  36.304  12.158  -13.487 0.1250000000
301912  36.218  11.600  -12.808 0.1250000000
164394  25.884  -9.168  -2.236 0.8750000000
165871  31.546  -8.590  -2.989 0.6250000000
176486  35.837  -3.469  -10.664 0.6250000000
324766  33.482  0.513  -13.662 0.8750000000
286560  34.973  1.311  -10.111 0.3750000000
196824  30.178  7.292  -6.279 0.6250000000
195624  30.954  6.759  -6.481 0.8750000000
313765  31.716  6.080  -6.769 0.8750000000
339960  31.337  6.467  -6.791 0.7500000000
320968  32.546  5.700  -6.966 0.8750000000
194334  32.503  5.951  -8.317 0.7500000000
192935  32.093  5.277  -9.517 0.7500000000
310139  31.932  4.958  -10.097 0.7500000000
190156  34.110  4.080  -12.629 0.5000000000
191579  33.353  4.633  -13.231 0.5000000000
333801  32.701  4.527  -13.470 0.7500000000
190151  34.707  4.043  -11.076 0.5000000000
203107  35.345  10.836  -11.036 0.1250000000
201844  32.405  9.352  -12.652 0.2500000000
204553  33.503  11.539  -13.783 0.1250000000
315117  35.754  11.988  -13.076 0.1250000000
168798  36.384  -6.533  -7.683 0.5000000000
170151  35.952  -6.064  -7.571 0.6250000000
170161  35.528  -5.761  -7.972 0.7500000000
176479  36.211  -3.059  -9.698 0.3750000000
177947  36.119  -2.403  -9.680 0.3750000000
180600  35.837  -0.967  -9.068 0.2500000000
188785  32.458  3.670  -13.536 0.7500000000
203112  34.442  10.500  -11.708 0.1250000000
182029  35.867  0.084  -8.519 0.1250000000
153312  22.608  -13.645  2.232 0.7500000000
153313  22.101  -13.356  2.524 0.7500000000
154886  21.166  -12.667  2.297 0.7500000000
156495  21.067  -11.990  1.871 0.7500000000
151808  23.625  -14.218  1.473 0.7500000000
154910  22.710  -13.318  1.055 0.7500000000
153349  24.634  -13.329  0.609 0.7500000000
162872  21.549  -9.421  0.489 0.6250000000
292574  22.081  -10.529  0.405 0.7500000000
156518  25.706  -12.334  0.013 0.6250000000
159815  26.037  -11.128  -0.430 0.7500000000
159828  26.999  -10.758  -0.950 0.6250000000
162908  28.990  -9.580  -1.988 0.6250000000
165856  31.206  -8.679  -2.531 0.5000000000
167346  32.690  -7.807  -2.249 0.3750000000
165854  32.045  -8.185  -2.259 0.5000000000
168727  34.809  -6.330  -2.948 0.1250000000
167389  36.220  -7.194  -4.133 0.1250000000
167411  36.733  -7.820  -5.284 0.1250000000
164458  37.602  -9.440  -6.537 0.1250000000
312947  38.673  -8.932  -7.056 0.1250000000
168790  38.549  -7.099  -7.147 0.1250000000
341089  37.919  -6.144  -7.256 0.1250000000
307958  28.754  5.896  -5.633 0.3750000000
171680  37.294  -5.129  -7.447 0.1250000000
173256  37.372  -5.240  -8.786 0.1250000000
176466  36.544  -3.161  -8.968 0.1250000000
177934  36.366  -2.574  -9.027 0.2500000000
179265  35.904  -1.499  -9.277 0.2500000000
196810  28.581  7.321  -6.436 0.5000000000
313931  35.316  1.414  -8.551 0.1250000000
184715  35.350  0.991  -8.867 0.2500000000
188755  35.256  3.361  -8.055 0.1250000000
191556  35.074  4.591  -8.308 0.1250000000
320773  35.145  5.620  -7.667 0.1250000000
199170  28.535  8.854  -6.449 0.3750000000
196830  35.614  7.148  -7.060 0.1250000000
200425  36.605  9.036  -7.790 0.1250000000
198028  35.966  8.332  -7.094 0.1250000000
203105  36.944  10.908  -10.910 0.1250000000
201842  38.012  10.538  -11.924 0.1250000000
204461  26.387  13.203  -5.546 0.1250000000
204526  31.050  11.295  -12.283 0.2500000000
204546  30.730  10.585  -14.295 0.1250000000
205990  30.604  11.510  -14.636 0.1250000000
205999  33.969  12.105  -13.966 0.1250000000
206005  32.272  12.174  -14.795 0.1250000000
205987  35.313  12.071  -13.492 0.1250000000
204541  37.340  11.483  -13.406 0.1250000000
205996  35.800  12.423  -14.025 0.1250000000
342136  32.542  -6.557  -4.779 0.7500000000
177953  35.021  -2.512  -12.364 0.7500000000
176491  35.756  -2.956  -12.361 0.7500000000
190102  28.162  4.372  -6.031 0.3750000000
188774  32.659  3.184  -10.134 0.8750000000
165875  29.065  -8.099  -2.596 0.8750000000
164375  23.189  -9.349  -1.705 0.7500000000
162898  23.391  -9.853  -1.685 0.8750000000
165859  26.622  -8.427  -2.369 0.8750000000
297550  33.076  -6.459  -4.501 0.7500000000
170160  36.040  -6.283  -8.783 0.6250000000
286158  33.303  -0.724  -13.059 0.8750000000
191540  32.446  4.583  -6.978 0.8750000000
307920  32.657  4.621  -8.157 0.8750000000
315103  32.629  3.587  -9.589 0.8750000000
325304  31.458  10.436  -8.364 0.3750000000
203079  31.918  10.726  -9.294 0.3750000000
335743  31.353  11.449  -10.917 0.1250000000
318267  31.486  10.884  -11.524 0.2500000000
156522  22.179  -11.881  0.672 0.7500000000
153327  21.692  -12.913  2.069 0.7500000000
153326  22.243  -13.206  1.904 0.7500000000
154923  23.579  -12.697  0.421 0.7500000000
154909  23.418  -13.152  0.846 0.7500000000
153339  24.173  -13.747  0.930 0.7500000000
312117  25.029  -12.605  0.084 0.7500000000
158122  20.691  -11.293  1.649 0.7500000000
159802  21.561  -10.594  0.804 0.7500000000
158144  23.251  -11.914  -0.068 0.7500000000
159801  22.612  -10.829  -0.059 0.7500000000
159818  24.294  -10.826  -0.639 0.7500000000
161371  22.415  -10.051  0.067 0.7500000000
164347  21.755  -9.009  0.084 0.6250000000
161385  23.011  -10.171  -0.510 0.7500000000
161401  24.284  -10.372  -0.962 0.8750000000
159830  25.606  -10.668  -0.765 0.7500000000
161415  24.764  -10.106  -1.772 0.8750000000
162914  24.815  -9.733  -2.229 0.8750000000
161412  26.753  -9.948  -1.815 0.7500000000
161411  27.523  -9.982  -1.674 0.7500000000
164390  29.243  -9.113  -2.476 0.7500000000
301970  27.936  -8.750  -2.153 0.8750000000
328669  29.843  -9.221  -2.239 0.6250000000
167374  32.254  -7.930  -3.745 0.7500000000
167329  33.678  -7.054  -2.138 0.2500000000
168729  33.308  -7.057  -2.827 0.5000000000
288922  32.728  -7.549  -2.935 0.6250000000
168748  33.676  -6.145  -4.026 0.7500000000
170112  35.843  -5.939  -4.678 0.5000000000
303333  36.032  -6.480  -4.433 0.2500000000
168725  35.781  -6.565  -3.282 0.1250000000
168791  36.586  -7.126  -6.620 0.2500000000
168792  36.211  -6.348  -6.566 0.3750000000
170142  36.056  -6.110  -6.985 0.6250000000
165931  38.326  -8.841  -7.475 0.1250000000
165928  38.078  -9.279  -6.977 0.1250000000
167427  38.064  -8.001  -8.405 0.1250000000
168803  37.225  -7.341  -9.110 0.5000000000
170169  37.900  -7.141  -10.050 0.1250000000
170158  38.590  -6.990  -9.219 0.1250000000
168812  37.262  -6.660  -9.760 0.5000000000
168795  38.815  -7.676  -8.380 0.1250000000
171699  37.738  -5.991  -9.027 0.1250000000
173268  37.104  -5.120  -9.287 0.1250000000
173277  36.387  -4.853  -10.476 0.6250000000
174838  36.575  -4.334  -9.612 0.1250000000
176487  35.899  -2.932  -11.796 0.6250000000
177952  35.635  -2.506  -11.802 0.6250000000
286153  34.183  -0.124  -12.195 0.6250000000
187441  32.791  2.601  -13.540 0.7500000000
190152  32.302  4.345  -12.991 0.7500000000
286557  33.979  1.327  -12.923 0.5000000000
196823  30.654  7.240  -6.329 0.6250000000
297986  31.957  4.540  -10.457 0.7500000000
187433  34.726  2.184  -10.817 0.3750000000
192931  32.573  5.255  -8.483 0.7500000000
191573  32.519  5.125  -12.803 0.6250000000
191566  32.152  5.124  -11.364 0.7500000000
188795  34.408  3.399  -12.505 0.5000000000
190140  34.945  4.147  -8.946 0.1250000000
299680  35.040  2.910  -9.172 0.1250000000
187426  34.870  2.501  -9.828 0.2500000000
187419  35.205  2.462  -8.889 0.1250000000
198022  31.572  8.203  -7.307 0.7500000000
196845  32.213  7.338  -9.087 0.7500000000
194350  33.157  6.098  -12.046 0.6250000000
313406  34.183  6.046  -11.343 0.3750000000
194346  33.955  6.710  -12.052 0.3750000000
313192  34.902  4.567  -10.608 0.1250000000
191565  35.045  4.940  -10.134 0.3750000000
198040  32.325  8.139  -8.892 0.3750000000
315593  34.504  6.944  -10.026 0.3750000000
308824  34.813  5.313  -9.531 0.1250000000
195649  34.769  6.763  -8.942 0.1250000000
194333  34.916  6.180  -8.621 0.1250000000
198045  34.000  7.727  -10.917 0.3750000000
199223  32.941  7.696  -10.911 0.3750000000
336556  34.601  8.401  -9.649 0.2500000000
199204  35.375  8.649  -8.216 0.1250000000
199203  35.930  8.859  -7.939 0.1250000000
196837  35.172  7.060  -7.618 0.1250000000
315225  34.910  7.733  -8.537 0.1250000000
201783  31.837  9.971  -8.511 0.3750000000
199221  34.122  8.411  -10.502 0.2500000000
200446  35.495  9.323  -9.015 0.1250000000
201790  35.583  10.008  -9.796 0.1250000000
200457  35.269  9.537  -9.526 0.1250000000
201843  33.353  9.409  -12.640 0.3750000000
200481  32.974  8.522  -11.850 0.3750000000
311800  36.118  10.086  -9.567 0.1250000000
201810  35.837  10.386  -10.239 0.1250000000
204517  35.962  11.127  -11.156 0.1250000000
204516  36.507  11.112  -11.305 0.1250000000
201791  34.974  9.692  -10.050 0.1250000000
203099  34.954  10.296  -10.773 0.1250000000
201781  36.922  9.787  -9.004 0.1250000000
203076  36.986  10.586  -9.837 0.1250000000
203114  31.325  10.032  -12.231 0.2500000000
305788  31.810  10.698  -10.825 0.2500000000
201852  31.704  9.491  -13.270 0.2500000000
203119  34.368  10.782  -12.132 0.1250000000
205983  35.220  11.804  -12.674 0.1250000000
203111  34.919  11.071  -11.612 0.1250000000
204533  35.743  11.698  -12.353 0.1250000000
203129  30.812  9.821  -13.823 0.1250000000
203135  31.081  10.008  -14.586 0.1250000000
204554  32.297  11.180  -14.459 0.1250000000
204544  33.914  11.244  -13.274 0.1250000000
204522  36.921  11.162  -11.926 0.1250000000
204535  34.786  11.431  -12.238 0.1250000000
340503  31.157  12.101  -15.235 0.1250000000
204556  30.817  10.433  -15.078 0.1250000000
151795  22.276  -14.034  2.605 0.7500000000
153341  22.627  -13.573  1.307 0.7500000000
151809  23.102  -14.002  1.811 0.7500000000
311777  21.557  -13.121  2.585 0.7500000000
151796  21.656  -13.698  2.860 0.7500000000
161360  20.854  -9.813  1.141 0.5000000000
161372  21.806  -10.015  0.449 0.6250000000
161395  28.452  -10.371  -1.264 0.6250000000
162906  30.143  -9.395  -1.729 0.5000000000
310264  36.917  -4.296  -7.902 0.1250000000
316995  36.846  -4.219  -7.014 0.1250000000
173257  37.033  -4.490  -8.593 0.1250000000
190133  35.152  3.915  -8.204 0.1250000000
203104  37.426  10.734  -10.870 0.1250000000
203110  37.114  11.008  -11.423 0.1250000000
154872  20.714  -13.097  3.082 0.7500000000
158109  20.520  -11.691  2.211 0.5000000000
343901  22.653  -15.164  2.810 0.6250000000
151793  23.478  -14.540  2.142 0.6250000000
153311  24.918  -13.955  2.209 0.3750000000
151806  24.363  -14.140  1.695 0.6250000000
303977  26.387  -13.195  1.290 0.2500000000
154907  25.497  -13.210  0.634 0.3750000000
165855  31.573  -8.580  -2.131 0.3750000000
195615  28.135  7.118  -6.419 0.3750000000
197999  27.898  8.432  -6.583 0.2500000000
199171  27.583  9.401  -6.741 0.2500000000
151794  22.878  -14.366  2.372 0.6250000000
158143  26.166  -11.899  0.166 0.5000000000
159813  27.379  -11.135  -0.520 0.5000000000
159826  28.231  -10.756  -0.916 0.3750000000
153299  25.124  -13.956  2.860 0.5000000000
151791  24.338  -14.343  2.257 0.6250000000
162896  29.273  -9.913  -1.560 0.5000000000
148846  22.288  -16.037  3.524 0.6250000000
296707  20.147  -11.876  3.147 0.3750000000
311710  20.546  -13.041  3.619 0.3750000000
150282  21.748  -15.301  2.820 0.6250000000
150298  21.731  -14.578  2.799 0.6250000000
151781  20.936  -13.848  3.088 0.6250000000
150265  24.737  -14.976  3.859 0.3750000000
150266  24.186  -15.191  3.517 0.5000000000
148859  22.489  -15.777  3.186 0.6250000000
158110  19.930  -11.401  2.585 0.2500000000
151767  25.579  -14.066  3.635 0.3750000000
156502  27.055  -12.674  0.984 0.2500000000
153322  26.103  -13.601  2.186 0.2500000000
165827  21.416  -8.436  -0.759 0.3750000000
156516  26.753  -12.288  0.432 0.2500000000
338866  27.846  -11.513  -0.261 0.3750000000
159812  28.519  -11.080  -0.563 0.2500000000
162895  29.806  -9.644  -1.323 0.2500000000
164373  31.226  -8.943  -1.181 0.2500000000
177891  24.203  -2.313  -5.601 0.1250000000
180581  26.497  -1.365  -6.985 0.2500000000
167331  32.976  -7.796  -1.525 0.2500000000
183362  27.457  0.707  -6.300 0.3750000000
182013  26.883  -0.054  -7.056 0.2500000000
188708  28.158  3.174  -5.423 0.2500000000
179236  25.002  -1.826  -5.952 0.1250000000
308092  24.248  -2.791  -5.540 0.2500000000
165828  20.901  -8.312  -0.429 0.2500000000
183351  27.718  0.356  -5.982 0.3750000000
158155  26.420  -11.519  -0.075 0.5000000000
154887  20.786  -12.738  2.705 0.5000000000
156482  20.753  -12.236  2.432 0.5000000000
297309  23.923  -14.407  1.824 0.6250000000
153338  24.688  -13.587  0.997 0.5000000000
154920  25.628  -12.839  0.239 0.5000000000
286928  32.021  -8.294  -1.659 0.2500000000
159781  20.256  -10.740  1.839 0.3750000000
159790  20.967  -10.377  1.102 0.3750000000
164348  21.175  -8.905  0.484 0.2500000000
151780  21.059  -14.522  2.795 0.6250000000
161347  20.448  -10.123  1.543 0.3750000000
161394  29.004  -10.304  -1.140 0.2500000000
150280  23.318  -15.332  2.873 0.6250000000
151792  23.915  -14.759  2.362 0.5000000000
153323  25.482  -13.583  1.807 0.2500000000
153310  25.532  -13.752  2.526 0.2500000000
316880  27.083  -13.002  1.913 0.2500000000
154906  26.114  -13.028  0.663 0.3750000000
340013  26.732  -11.819  0.195 0.3750000000
150278  24.617  -14.789  3.310 0.5000000000
151768  25.081  -14.445  3.661 0.3750000000
154873  20.537  -12.464  3.449 0.3750000000
150283  21.175  -15.077  2.756 0.6250000000
150253  24.439  -15.367  4.047 0.3750000000
150267  23.600  -15.509  3.359 0.5000000000
158142  27.845  -11.758  0.123 0.2500000000
161382  29.290  -10.616  -0.586 0.2500000000
316577  23.212  -2.196  -4.639 0.1250000000
147364  20.080  -16.384  3.914 0.5000000000
148833  23.513  -16.091  4.274 0.2500000000
147347  22.492  -16.606  4.732 0.3750000000
147373  22.586  -16.328  4.058 0.5000000000
148848  20.775  -15.668  3.570 0.5000000000
147365  19.736  -16.247  4.475 0.3750000000
311009  19.492  -14.868  4.246 0.5000000000
148862  20.839  -15.299  3.178 0.5000000000
150269  19.855  -15.250  3.790 0.5000000000
151769  20.010  -14.151  3.946 0.3750000000
150284  20.717  -14.860  2.975 0.5000000000
145850  18.737  -16.714  6.062 0.1250000000
147350  19.444  -16.202  4.859 0.3750000000
153288  19.710  -13.791  4.472 0.2500000000
314750  18.906  -18.518  6.508 0.1250000000
145849  19.130  -17.115  5.840 0.2500000000
145865  19.837  -17.530  4.766 0.3750000000
147346  23.260  -16.505  5.272 0.2500000000
306934  21.582  -17.462  4.892 0.3750000000
145875  21.391  -17.026  4.508 0.5000000000
145834  18.327  -17.075  6.902 0.1250000000
145866  19.517  -17.150  5.145 0.3750000000
145876  20.592  -17.129  4.303 0.3750000000
148808  18.687  -15.549  5.644 0.1250000000
151757  19.195  -14.221  4.721 0.1250000000
180599  36.214  -1.285  -8.718 0.1250000000
153300  20.597  -13.564  3.451 0.3750000000
148845  22.770  -15.956  3.636 0.3750000000
148861  21.381  -15.601  3.148 0.5000000000
148847  21.774  -15.977  3.575 0.5000000000
342219  20.387  -13.110  4.096 0.2500000000
154859  20.437  -12.759  3.992 0.2500000000
345089  24.354  -15.735  4.907 0.2500000000
147363  20.345  -16.864  3.926 0.5000000000
147376  20.528  -16.357  3.750 0.5000000000
148835  19.696  -15.637  4.245 0.5000000000
147360  23.054  -16.350  4.606 0.3750000000
147361  21.608  -16.437  4.248 0.3750000000
147348  21.972  -16.713  4.597 0.3750000000
147349  19.891  -16.775  4.773 0.3750000000
148836  19.253  -15.668  4.778 0.2500000000
148837  19.229  -15.092  4.717 0.1250000000
150254  19.165  -14.409  4.578 0.1250000000
150270  19.370  -14.264  4.293 0.1250000000
300143  19.764  -14.704  3.779 0.5000000000
145833  18.635  -17.191  6.464 0.1250000000
147315  18.617  -16.712  6.424 0.1250000000
147335  18.990  -16.475  5.673 0.2500000000
147336  18.853  -16.317  5.911 0.1250000000
148763  18.812  -16.403  6.509 0.1250000000
147351  18.740  -15.893  5.505 0.1250000000
151756  19.157  -13.970  4.641 0.1250000000
144220  18.087  -17.468  7.035 0.1250000000
145848  19.531  -17.806  5.287 0.3750000000
145847  22.425  -17.411  5.562 0.2500000000
148821  18.727  -15.413  5.215 0.1250000000
150255  19.147  -14.765  4.871 0.1250000000
144234  19.677  -18.129  5.450 0.2500000000
144233  20.888  -17.989  5.572 0.2500000000
162859  20.254  -9.374  1.313 0.2500000000
145861  22.748  -16.876  5.317 0.2500000000
144235  19.386  -18.205  5.687 0.1250000000
312176  19.207  -17.662  5.943 0.1250000000
144248  20.541  -17.734  5.089 0.2500000000
144249  19.894  -17.778  5.048 0.2500000000
142534  20.403  -18.310  5.889 0.1250000000
162860  19.595  -9.024  1.532 0.1250000000
191521  28.353  5.101  -5.857 0.1250000000
194300  28.017  6.397  -6.196 0.1250000000
194313  27.225  6.829  -6.745 0.1250000000
195627  27.053  7.235  -6.920 0.1250000000
313315  27.737  7.664  -6.486 0.1250000000
294606  27.783  6.979  -6.470 0.1250000000
195617  26.327  7.862  -6.926 0.1250000000
195616  27.014  7.623  -6.891 0.1250000000
198000  26.323  8.818  -6.548 0.1250000000
191531  27.218  5.506  -6.962 0.1250000000
196812  26.153  8.227  -6.660 0.1250000000
328559  25.935  8.822  -6.403 0.1250000000
197995  26.434  8.680  -4.672 0.1250000000
190112  27.231  3.844  -6.985 0.1250000000
190104  27.210  4.633  -6.841 0.1250000000
182014  26.295  -0.589  -6.971 0.1250000000
156470  20.207  -12.049  3.749 0.1250000000
161332  19.851  -10.059  2.873 0.1250000000
184702  26.396  1.030  -7.560 0.1250000000
190113  26.807  4.640  -7.698 0.1250000000
192911  26.623  6.520  -8.071 0.1250000000
194315  26.563  6.837  -7.697 0.1250000000
195618  26.365  7.450  -6.384 0.1250000000
196800  26.269  8.399  -4.772 0.1250000000
199161  27.007  9.026  -4.454 0.1250000000
197996  26.063  9.222  -5.519 0.1250000000
188734  27.191  3.103  -7.048 0.1250000000
167308  20.773  -7.648  -0.186 0.1250000000
167299  20.369  -7.619  0.283 0.1250000000
162858  21.082  -9.327  0.924 0.1250000000
196811  26.835  8.396  -7.008 0.1250000000
161331  19.699  -10.369  2.640 0.1250000000
159763  19.525  -10.855  2.921 0.1250000000
183372  26.624  0.478  -7.370 0.1250000000
165805  20.052  -8.297  0.881 0.1250000000
164333  20.193  -8.768  1.101 0.1250000000
162845  19.899  -9.584  1.822 0.1250000000
302246  19.476  -9.136  2.002 0.1250000000
322763  20.023  -9.618  2.835 0.1250000000
192910  27.140  6.464  -7.233 0.1250000000
194314  26.651  7.186  -7.322 0.1250000000
196813  25.986  8.025  -5.928 0.1250000000
196802  26.091  7.534  -5.800 0.1250000000
299582  25.788  8.573  -5.485 0.1250000000
194288  26.101  6.794  -5.360 0.1250000000
150251  25.570  -14.919  4.573 0.1250000000
151766  26.053  -14.038  3.955 0.1250000000
153297  26.326  -13.598  3.182 0.1250000000
154871  26.873  -13.335  2.950 0.1250000000
156493  27.345  -12.740  1.598 0.1250000000
156501  27.559  -12.383  1.204 0.1250000000
158129  28.177  -11.622  0.503 0.1250000000
159800  28.442  -11.447  -0.083 0.1250000000
161357  30.389  -10.285  0.925 0.1250000000
161358  29.924  -10.474  0.684 0.1250000000
161370  29.523  -10.709  0.030 0.1250000000
164346  31.549  -9.169  0.019 0.1250000000
162882  30.482  -9.563  -0.513 0.1250000000
338850  32.204  -8.723  0.076 0.1250000000
164359  31.886  -8.811  -0.248 0.1250000000
311177  32.478  -8.288  -0.779 0.1250000000
145846  22.925  -17.177  5.886 0.1250000000
144246  21.890  -17.644  5.305 0.1250000000
147334  23.596  -16.632  5.789 0.1250000000
147333  24.033  -16.501  5.861 0.1250000000
148818  25.077  -15.474  5.372 0.1250000000
303836  26.547  -14.339  4.754 0.1250000000
150250  26.205  -14.759  4.939 0.1250000000
153284  27.082  -13.572  3.726 0.1250000000
154870  27.717  -12.631  2.925 0.1250000000
158108  28.557  -11.595  2.317 0.1250000000
159779  28.697  -11.196  1.392 0.1250000000
159777  29.912  -10.941  1.694 0.1250000000
162868  31.787  -9.336  0.518 0.1250000000
167318  33.414  -7.758  -1.032 0.1250000000
167306  33.778  -7.870  -0.730 0.1250000000
165812  33.649  -8.191  0.122 0.1250000000
168691  34.380  -6.950  -2.041 0.1250000000
150252  24.864  -15.170  4.444 0.1250000000
151753  26.114  -14.445  4.415 0.1250000000
164372  31.718  -8.764  -0.878 0.1250000000
154883  27.429  -12.720  2.303 0.1250000000
161381  30.054  -9.929  -0.354 0.1250000000
148820  23.607  -16.165  4.903 0.1250000000
148806  24.927  -15.840  5.785 0.1250000000
144230  22.676  -17.660  6.086 0.1250000000
150238  25.773  -15.264  5.244 0.1250000000
154857  27.650  -13.137  3.457 0.1250000000
158121  27.917  -11.849  1.549 0.1250000000
156481  27.840  -12.222  2.513 0.1250000000
159788  28.635  -11.343  0.695 0.1250000000
162870  30.619  -9.905  0.060 0.1250000000
159786  29.629  -10.777  1.169 0.1250000000
303949  30.857  -9.996  0.753 0.1250000000
162881  31.032  -9.431  -0.256 0.1250000000
314860  32.848  -8.187  -0.459 0.1250000000
164343  33.331  -8.538  0.470 0.1250000000
144215  23.506  -17.754  6.674 0.1250000000
147314  24.502  -16.690  6.146 0.1250000000
346140  27.574  -13.562  3.897 0.1250000000
165823  34.629  -8.030  -0.217 0.1250000000
144218  19.102  -17.938  6.337 0.1250000000
144219  18.604  -17.920  6.787 0.1250000000
144229  23.202  -17.460  6.307 0.1250000000
144232  21.577  -17.976  5.674 0.2500000000
144247  21.258  -17.691  5.243 0.2500000000
145830  24.846  -17.111  6.600 0.1250000000
145844  23.899  -16.826  6.205 0.1250000000
145845  23.418  -17.008  6.092 0.1250000000
145860  23.186  -16.825  5.692 0.2500000000
145862  22.083  -17.128  4.983 0.3750000000
145863  20.932  -17.399  4.805 0.2500000000
145864  20.185  -17.459  4.642 0.3750000000
145877  20.172  -17.133  4.382 0.3750000000
147345  23.826  -16.316  5.447 0.1250000000
147362  20.810  -16.768  3.945 0.5000000000
147374  22.065  -16.271  3.942 0.5000000000
147375  21.233  -16.111  3.790 0.5000000000
148807  24.361  -16.127  5.721 0.1250000000
148819  24.114  -15.998  5.152 0.1250000000
148831  24.724  -15.444  4.950 0.1250000000
148832  23.985  -15.894  4.608 0.2500000000
148834  23.064  -16.198  4.023 0.3750000000
148844  23.308  -15.857  3.755 0.3750000000
148849  20.143  -15.816  3.682 0.5000000000
148858  23.028  -15.656  3.266 0.6250000000
148860  21.979  -15.762  3.121 0.6250000000
150239  25.149  -15.197  4.958 0.1250000000
150268  20.340  -15.155  3.489 0.5000000000
150279  23.897  -15.163  2.854 0.5000000000
150281  22.807  -15.388  2.955 0.6250000000
150285  20.397  -14.580  3.514 0.5000000000
150295  23.534  -14.988  2.548 0.5000000000
150296  23.047  -14.994  2.572 0.6250000000
150297  22.394  -14.837  2.745 0.6250000000
151739  26.717  -14.499  5.190 0.1250000000
151754  25.573  -14.436  4.080 0.1250000000
151755  25.140  -14.781  4.143 0.1250000000
151777  25.238  -14.083  3.301 0.5000000000
151778  24.877  -14.355  3.084 0.5000000000
151779  24.395  -14.725  2.747 0.5000000000
151782  20.516  -14.069  3.565 0.3750000000
151807  23.985  -14.145  1.296 0.6250000000
153270  27.893  -13.721  4.319 0.1250000000
153272  26.654  -14.027  4.206 0.1250000000
153285  26.459  -13.686  3.712 0.1250000000
153286  25.998  -13.812  3.557 0.3750000000
153287  20.349  -13.573  4.024 0.3750000000
153296  26.783  -13.470  3.393 0.1250000000
153298  25.670  -13.841  3.144 0.3750000000
153309  26.033  -13.665  2.741 0.2500000000
153314  21.135  -13.193  2.823 0.7500000000
153324  24.827  -13.739  1.544 0.5000000000
153325  24.379  -13.954  1.234 0.6250000000
153337  25.204  -13.418  1.151 0.5000000000
153340  23.759  -14.036  1.035 0.7500000000
153342  22.317  -13.184  1.202 0.7500000000
153350  24.228  -13.243  0.603 0.7500000000
154858  27.170  -13.328  3.258 0.1250000000
154869  28.135  -12.607  3.354 0.1250000000
154884  27.006  -13.157  2.412 0.2500000000
154885  26.526  -13.480  2.551 0.2500000000
154894  26.888  -13.006  1.440 0.2500000000
154895  26.125  -13.446  1.654 0.2500000000
154896  25.823  -13.344  1.165 0.3750000000
154905  26.630  -12.967  1.058 0.2500000000
154908  25.078  -13.063  0.381 0.7500000000
154921  24.594  -12.947  0.244 0.7500000000
154922  24.069  -12.772  0.175 0.7500000000
154924  23.087  -12.644  0.769 0.7500000000
154933  24.459  -12.618  -0.050 0.7500000000
156483  20.508  -12.487  2.868 0.3750000000
156491  28.019  -11.779  2.181 0.1250000000
156492  27.679  -12.254  1.923 0.1250000000
156494  21.431  -12.473  1.774 0.7500000000
156503  26.535  -12.726  0.598 0.3750000000
156504  22.497  -12.489  1.017 0.7500000000
156505  21.842  -12.198  1.001 0.7500000000
156515  27.363  -12.340  0.671 0.1250000000
156517  26.157  -12.626  0.183 0.5000000000
156520  23.621  -12.413  -0.088 0.7500000000
156529  24.556  -12.260  -0.144 0.7500000000
156530  23.776  -11.970  -0.276 0.7500000000
158120  28.367  -11.533  1.774 0.1250000000
158123  20.135  -11.215  2.053 0.5000000000
158130  27.779  -11.952  0.742 0.1250000000
158131  21.598  -11.765  0.841 0.7500000000
158154  27.164  -11.525  -0.049 0.3750000000
158156  25.819  -11.573  -0.142 0.5000000000
158157  25.271  -11.635  -0.171 0.7500000000
158160  23.558  -11.549  -0.348 0.7500000000
159764  19.447  -10.426  3.209 0.1250000000
159780  20.683  -10.716  1.426 0.3750000000
159785  30.181  -10.598  1.273 0.1250000000
159787  29.098  -10.978  0.997 0.1250000000
159789  21.048  -10.991  1.120 0.7500000000
159798  29.426  -10.748  0.663 0.1250000000
159799  29.021  -11.042  0.306 0.1250000000
159811  28.949  -10.990  -0.318 0.1250000000
159814  26.737  -11.197  -0.542 0.5000000000
159819  23.702  -11.020  -0.472 0.7500000000
159827  27.645  -10.744  -0.949 0.3750000000
159829  26.295  -10.744  -0.840 0.7500000000
159831  25.042  -10.726  -0.827 0.7500000000
159832  24.709  -10.736  -0.810 0.7500000000
161348  19.967  -10.224  2.094 0.1250000000
161359  21.308  -9.926  0.818 0.5000000000
161369  30.043  -10.281  0.099 0.1250000000
161383  28.770  -10.743  -0.819 0.2500000000
161393  29.569  -10.035  -0.845 0.2500000000
161396  27.867  -10.337  -1.289 0.6250000000
161397  27.241  -10.320  -1.356 0.7500000000
161400  25.222  -10.328  -1.215 0.7500000000
161410  28.163  -10.026  -1.661 0.7500000000
161413  26.191  -9.984  -1.713 0.7500000000
161414  25.453  -9.937  -1.794 0.8750000000
161416  24.353  -10.241  -1.664 0.8750000000
162857  31.471  -9.668  0.881 0.1250000000
162869  31.222  -9.569  0.339 0.1250000000
162871  22.090  -9.484  0.117 0.6250000000
162883  29.988  -9.608  -0.752 0.1250000000
162884  22.542  -9.559  -0.371 0.8750000000
162894  30.338  -9.428  -1.096 0.2500000000
162897  28.743  -10.052  -1.683 0.6250000000
162907  29.568  -9.504  -1.916 0.6250000000
162909  28.431  -9.662  -1.916 0.6250000000
162911  27.204  -9.458  -1.777 0.8750000000
162913  25.380  -9.488  -2.224 0.8750000000
162915  24.141  -9.927  -2.204 0.8750000000
162916  23.585  -9.784  -2.137 0.8750000000
164327  33.008  -8.955  0.813 0.1250000000
164328  32.360  -9.157  0.660 0.1250000000
164344  32.603  -8.677  0.326 0.1250000000
164345  32.037  -8.943  0.250 0.1250000000
164349  20.492  -8.592  0.566 0.1250000000
164360  31.363  -9.030  -0.551 0.1250000000
164361  30.858  -9.241  -0.842 0.1250000000
164362  22.324  -9.089  -0.869 0.7500000000
164364  21.186  -8.607  -0.323 0.3750000000
164374  30.689  -9.166  -1.483 0.5000000000
164376  22.630  -8.938  -1.372 0.7500000000
164377  22.068  -8.613  -1.024 0.6250000000
164387  31.637  -8.689  -1.482 0.2500000000
164388  31.074  -8.859  -1.923 0.5000000000
164389  30.379  -9.072  -2.154 0.6250000000
164391  28.569  -9.087  -2.238 0.8750000000
164393  26.983  -8.863  -1.896 0.8750000000
164397  24.016  -9.266  -2.369 1.0000000000
164410  29.778  -8.785  -2.752 0.8750000000
164412  28.816  -8.649  -2.630 0.8750000000
164413  28.356  -8.569  -2.473 0.8750000000
164414  24.835  -8.878  -2.639 1.0000000000
164455  37.207  -9.393  -5.928 0.1250000000
165813  33.026  -8.271  0.013 0.1250000000
165814  20.680  -8.477  -0.058 0.2500000000
165815  20.321  -8.140  0.384 0.1250000000
165824  33.996  -8.019  -0.294 0.1250000000
165825  33.376  -8.043  -0.470 0.1250000000
165826  32.448  -8.503  -0.236 0.1250000000
165829  20.622  -8.017  -0.054 0.2500000000
165838  34.863  -7.827  -0.748 0.1250000000
165839  32.953  -8.014  -0.942 0.1250000000
165840  32.485  -8.121  -1.292 0.2500000000
165841  32.072  -8.460  -1.123 0.2500000000
165860  25.918  -8.576  -2.640 1.0000000000
165862  23.374  -8.346  -2.023 0.7500000000
165870  32.159  -8.117  -2.984 0.5000000000
165872  30.827  -8.385  -3.090 0.8750000000
165873  30.070  -8.327  -3.189 0.8750000000
165874  29.536  -8.313  -3.020 1.0000000000
165876  28.557  -8.029  -2.426 1.0000000000
165877  25.741  -8.047  -2.957 1.0000000000
165878  25.216  -8.452  -2.944 1.0000000000
165899  31.634  -8.383  -3.803 0.7500000000
165902  29.943  -7.823  -3.369 1.0000000000
165930  38.645  -8.644  -7.439 0.1250000000
165932  37.523  -8.392  -6.801 0.1250000000
165933  38.473  -8.365  -7.985 0.1250000000
167270  19.661  -7.043  1.158 0.1250000000
167289  19.683  -7.736  0.717 0.1250000000
167305  34.268  -7.841  -0.726 0.1250000000
167307  21.426  -7.658  -0.569 0.1250000000
167316  34.523  -7.483  -1.135 0.1250000000
167317  33.905  -7.554  -1.096 0.1250000000
167319  23.228  -7.717  -1.801 0.7500000000
167330  33.518  -7.364  -1.493 0.2500000000
167332  28.048  -7.609  -2.393 1.0000000000
167333  27.338  -7.674  -2.016 1.0000000000
167345  33.110  -7.327  -2.375 0.5000000000
167349  27.570  -7.258  -2.350 1.0000000000
167353  24.881  -8.047  -3.024 0.8750000000
167355  23.678  -7.983  -2.349 0.7500000000
167375  30.814  -8.389  -4.592 1.0000000000
167378  25.324  -7.407  -3.530 1.0000000000
167379  24.903  -7.546  -3.286 0.8750000000
167391  31.669  -8.147  -4.481 0.8750000000
167392  31.233  -8.126  -4.965 1.0000000000
167402  36.267  -7.141  -4.873 0.1250000000
167403  32.101  -7.281  -4.595 1.0000000000
167404  31.750  -7.636  -4.949 1.0000000000
167412  36.278  -6.726  -5.409 0.1250000000
167420  36.941  -7.880  -5.996 0.1250000000
167422  38.865  -8.407  -7.451 0.1250000000
167423  37.464  -7.933  -7.117 0.1250000000
167426  37.972  -8.200  -7.886 0.1250000000
167428  38.607  -7.896  -8.874 0.1250000000
167429  38.302  -7.989  -9.199 0.1250000000
167431  38.507  -7.755  -9.700 0.1250000000
167432  38.252  -7.753  -9.904 0.1250000000
167433  38.389  -7.746  -9.926 0.1250000000
168643  19.975  -7.171  0.486 0.1250000000
168674  21.472  -6.883  -0.771 0.2500000000
168675  20.963  -6.436  -0.484 0.1250000000
168683  22.537  -6.985  -1.231 0.7500000000
168693  22.407  -6.578  -1.571 0.3750000000
168703  34.641  -6.651  -2.463 0.1250000000
168704  34.164  -6.782  -2.441 0.1250000000
168705  29.501  -6.813  -2.969 1.0000000000
168706  29.182  -6.964  -2.661 1.0000000000
168710  26.354  -7.014  -3.079 1.0000000000
168712  23.048  -6.860  -2.529 0.2500000000
168726  35.325  -6.350  -3.091 0.1250000000
168730  29.888  -7.111  -3.649 1.0000000000
168731  29.086  -6.438  -3.076 1.0000000000
168732  28.656  -6.576  -2.894 1.0000000000
168733  26.459  -6.381  -3.218 1.0000000000
168735  25.503  -6.880  -3.663 1.0000000000
168736  24.964  -6.978  -3.535 0.8750000000
168747  35.920  -6.524  -3.835 0.1250000000
168749  33.167  -6.664  -3.951 0.7500000000
168750  30.995  -6.552  -4.537 1.0000000000
168751  30.558  -7.076  -4.500 1.0000000000
168759  36.085  -6.416  -4.951 0.2500000000
168760  33.348  -6.033  -4.730 0.7500000000
168761  32.827  -6.482  -5.094 0.7500000000
168763  31.698  -6.522  -4.898 1.0000000000
168772  32.104  -6.748  -5.296 1.0000000000
168779  38.793  -7.733  -7.223 0.1250000000
168781  36.568  -7.146  -5.918 0.1250000000
168783  32.100  -7.401  -6.474 1.0000000000
168784  31.452  -7.530  -6.049 1.0000000000
168785  31.554  -7.363  -5.880 1.0000000000
168789  38.861  -7.786  -7.690 0.1250000000
168796  38.500  -6.859  -7.591 0.1250000000
168797  37.281  -7.381  -7.457 0.1250000000
168802  38.739  -7.617  -9.130 0.1250000000
168806  38.522  -7.694  -9.769 0.1250000000
168807  37.886  -7.817  -9.757 0.1250000000
168808  37.442  -7.363  -9.807 0.5000000000
168809  36.823  -7.099  -9.497 0.5000000000
168810  38.072  -7.609  -10.005 0.1250000000
168811  37.630  -7.142  -10.000 0.5000000000
170050  22.291  -6.149  -2.001 0.2500000000
170056  28.059  -6.277  -2.521 1.0000000000
170057  27.435  -6.228  -2.557 1.0000000000
170058  23.281  -6.495  -3.040 0.7500000000
170073  35.502  -6.120  -3.647 0.5000000000
170074  35.002  -6.010  -3.450 0.5000000000
170075  34.361  -6.166  -3.504 0.5000000000
170077  29.110  -5.912  -3.247 1.0000000000
170079  27.596  -5.775  -2.881 1.0000000000
170083  24.789  -6.222  -3.634 0.8750000000
170084  24.078  -5.952  -3.583 0.7500000000
170086  22.934  -5.950  -3.208 0.2500000000
170097  35.781  -6.100  -4.142 0.2500000000
170098  35.420  -5.860  -4.132 0.5000000000
170100  31.021  -5.697  -4.389 1.0000000000
170102  26.112  -5.821  -4.034 0.8750000000
170103  25.610  -6.012  -4.101 0.8750000000
170113  35.172  -5.687  -4.626 0.5000000000
170115  33.887  -5.820  -4.445 0.7500000000
170123  35.983  -6.166  -5.351 0.3750000000
170124  35.476  -5.799  -5.341 0.6250000000
170125  34.646  -5.642  -5.197 0.7500000000
170128  31.733  -6.534  -5.390 1.0000000000
170136  33.399  -6.214  -5.906 0.8750000000
170143  35.645  -5.845  -6.701 0.6250000000
170144  34.545  -5.692  -6.342 0.8750000000
170146  32.693  -7.053  -7.140 1.0000000000
170147  31.439  -7.137  -6.690 1.0000000000
170150  38.731  -6.975  -8.535 0.1250000000
170152  35.681  -5.906  -7.253 0.6250000000
170153  32.205  -6.633  -7.748 1.0000000000
170164  38.302  -7.564  -9.909 0.1250000000
170165  38.112  -6.762  -9.575 0.1250000000
170170  35.799  -5.768  -11.600 0.8750000000
171587  21.449  -5.154  -1.740 0.1250000000
171618  28.012  -5.337  -3.122 1.0000000000
171619  27.423  -5.259  -3.297 1.0000000000
171621  23.289  -5.637  -3.526 0.3750000000
171623  22.180  -5.064  -2.948 0.1250000000
171636  29.703  -5.269  -3.752 1.0000000000
171637  29.223  -5.003  -3.615 1.0000000000
171638  26.706  -5.092  -3.998 0.8750000000
171640  25.796  -5.746  -4.558 0.7500000000
171650  31.212  -5.175  -4.758 1.0000000000
171653  25.217  -5.175  -4.986 0.7500000000
171660  31.582  -5.857  -5.550 1.0000000000
171666  31.324  -6.639  -6.113 1.0000000000
171679  37.681  -5.732  -7.448 0.1250000000
171681  35.119  -5.657  -7.148 0.7500000000
171685  31.766  -6.183  -8.355 1.0000000000
171691  37.628  -5.637  -8.136 0.1250000000
171692  37.241  -4.829  -8.045 0.1250000000
171693  35.826  -5.730  -9.063 0.6250000000
171694  34.705  -5.318  -7.685 0.8750000000
171701  35.590  -5.604  -9.174 0.7500000000
171707  37.974  -6.132  -9.349 0.1250000000
171709  36.839  -6.221  -9.776 0.6250000000
171713  36.061  -5.689  -11.156 0.7500000000
171714  35.644  -5.980  -11.267 0.8750000000
171715  35.022  -5.662  -11.107 1.0000000000
171716  36.167  -5.334  -11.664 0.7500000000
171717  35.415  -5.769  -11.615 0.8750000000
171718  35.095  -5.537  -11.856 0.8750000000
171719  35.963  -5.391  -12.009 0.8750000000
171721  35.389  -5.258  -12.197 0.8750000000
173166  28.381  -4.969  -3.491 1.0000000000
173168  27.201  -4.729  -3.578 1.0000000000
173169  23.074  -5.011  -3.608 0.2500000000
173170  22.554  -4.710  -3.247 0.1250000000
173171  22.011  -4.501  -2.971 0.1250000000
173185  30.065  -4.802  -3.998 1.0000000000
173186  29.493  -4.559  -3.756 1.0000000000
173188  28.425  -4.172  -3.873 1.0000000000
173190  26.923  -4.511  -4.130 0.8750000000
173192  24.608  -5.298  -4.731 0.7500000000
173195  22.948  -4.354  -3.583 0.2500000000
173208  30.859  -4.616  -4.766 1.0000000000
173211  26.215  -4.860  -5.183 0.8750000000
173212  25.525  -4.732  -5.355 0.6250000000
173221  31.634  -5.043  -5.687 1.0000000000
173231  31.372  -5.115  -6.364 1.0000000000
173245  36.974  -4.498  -7.447 0.1250000000
173248  32.193  -5.217  -8.652 1.0000000000
173258  33.603  -4.661  -8.425 1.0000000000
173259  32.992  -4.260  -8.592 1.0000000000
173270  33.109  -4.074  -8.991 1.0000000000
173278  34.128  -5.115  -10.478 1.0000000000
173284  33.816  -4.557  -10.894 1.0000000000
173285  36.321  -4.872  -12.084 0.8750000000
173286  35.026  -4.924  -11.971 0.8750000000
173287  35.865  -5.088  -12.303 0.8750000000
173288  35.587  -4.790  -12.305 0.8750000000
174726  30.065  -3.582  -4.030 1.0000000000
174728  28.894  -3.676  -4.105 1.0000000000
174730  27.170  -3.985  -4.258 1.0000000000
174731  23.966  -4.236  -4.184 0.2500000000
174732  23.149  -3.483  -4.049 0.1250000000
174747  30.955  -3.509  -4.696 1.0000000000
174749  28.382  -3.279  -4.389 0.8750000000
174750  27.698  -3.507  -4.449 0.8750000000
174753  24.520  -4.240  -5.346 0.2500000000
174769  31.345  -3.889  -5.103 1.0000000000
174770  26.653  -4.046  -5.692 0.5000000000
174772  24.845  -4.050  -6.228 0.3750000000
174773  24.499  -3.732  -5.400 0.3750000000
174783  31.698  -4.474  -6.010 1.0000000000
174795  31.542  -4.269  -7.111 1.0000000000
174805  32.414  -3.932  -7.976 1.0000000000
174815  32.830  -3.643  -8.662 1.0000000000
174826  36.777  -3.842  -8.882 0.1250000000
174828  33.028  -3.508  -9.171 1.0000000000
174846  35.921  -3.635  -11.570 0.6250000000
174847  34.520  -4.322  -11.574 1.0000000000
174849  36.125  -4.632  -12.093 0.7500000000
174850  35.882  -3.837  -11.728 0.7500000000
174852  35.160  -3.529  -12.179 0.8750000000
174853  35.602  -4.151  -11.831 0.8750000000
176377  29.973  -2.963  -4.144 0.8750000000
176386  30.958  -2.906  -4.588 1.0000000000
176388  27.864  -2.956  -4.696 0.6250000000
176389  27.442  -3.264  -4.972 0.6250000000
176401  31.399  -3.230  -4.952 1.0000000000
176404  26.439  -3.589  -6.077 0.5000000000
176405  24.939  -3.622  -6.483 0.3750000000
176406  24.624  -3.369  -5.708 0.3750000000
176419  32.121  -3.125  -5.783 1.0000000000
176420  26.738  -3.136  -6.430 0.5000000000
176437  26.583  -2.890  -6.775 0.3750000000
176457  33.593  -2.662  -8.153 1.0000000000
176458  33.211  -3.084  -8.560 1.0000000000
176467  33.424  -2.711  -8.675 1.0000000000
176480  35.795  -2.787  -10.602 0.6250000000
176482  33.239  -3.314  -9.974 1.0000000000
176488  35.761  -2.774  -12.138 0.7500000000
176490  35.768  -2.994  -12.211 0.7500000000
176492  35.687  -3.470  -12.083 0.8750000000
177858  29.456  -2.832  -4.178 1.0000000000
177870  30.875  -2.263  -4.533 1.0000000000
177873  29.099  -2.527  -4.380 0.7500000000
177875  28.083  -2.453  -4.967 0.6250000000
177884  32.213  -1.986  -5.596 1.0000000000
177885  31.778  -2.259  -5.196 1.0000000000
177888  27.672  -2.176  -5.534 0.5000000000
177889  27.129  -2.654  -5.907 0.5000000000
177890  24.692  -2.917  -6.086 0.2500000000
177892  23.746  -2.367  -5.059 0.1250000000
177901  32.051  -2.510  -5.563 1.0000000000
177904  25.735  -2.767  -6.506 0.3750000000
177906  24.595  -2.325  -5.912 0.2500000000
177914  33.206  -2.449  -6.806 1.0000000000
177916  26.673  -2.421  -7.033 0.3750000000
177928  33.562  -2.313  -7.958 1.0000000000
177935  33.338  -2.366  -8.620 1.0000000000
177955  34.456  -2.276  -12.921 0.8750000000
179207  30.776  -1.672  -4.640 0.8750000000
179208  30.308  -1.991  -4.355 1.0000000000
179211  28.542  -1.612  -4.952 0.8750000000
179219  31.485  -1.396  -5.223 0.8750000000
179221  28.044  -1.665  -5.459 0.5000000000
179222  27.230  -2.160  -6.309 0.5000000000
179231  32.342  -1.438  -5.904 1.0000000000
179232  31.858  -1.406  -5.607 1.0000000000
179233  27.209  -1.539  -6.416 0.5000000000
179235  25.548  -2.144  -6.337 0.3750000000
179244  33.283  -1.281  -6.668 1.0000000000
179245  26.518  -2.078  -7.275 0.2500000000
179246  25.990  -1.856  -7.055 0.2500000000
179253  33.368  -1.820  -7.018 1.0000000000
179260  33.006  -1.749  -8.291 1.0000000000
179264  36.271  -1.923  -8.964 0.1250000000
179276  35.897  -1.998  -9.598 0.2500000000
180544  30.294  -1.421  -4.562 0.8750000000
180545  29.404  -1.155  -4.561 1.0000000000
180554  31.283  -0.824  -4.938 1.0000000000
180555  28.619  -0.654  -4.983 0.6250000000
180556  28.332  -1.162  -5.273 0.8750000000
180566  32.617  -1.017  -6.032 1.0000000000
180567  32.088  -0.847  -5.750 1.0000000000
180569  27.039  -1.026  -6.628 0.2500000000
180579  33.724  -0.587  -7.173 1.0000000000
180580  33.675  -0.686  -6.801 1.0000000000
180582  25.944  -1.066  -6.792 0.2500000000
180589  33.542  -0.949  -7.431 1.0000000000
180595  32.966  -1.169  -8.072 1.0000000000
180611  35.149  -1.322  -10.285 0.5000000000
181980  30.828  -0.387  -4.670 0.7500000000
181981  30.195  -0.224  -4.566 0.7500000000
181983  29.158  -0.514  -4.753 0.7500000000
182001  32.041  -0.103  -5.800 1.0000000000
182002  28.036  0.008  -5.619 0.6250000000
182004  27.152  -0.474  -6.598 0.3750000000
182011  33.337  -0.143  -6.898 1.0000000000
182030  32.732  -0.253  -8.282 1.0000000000
182034  35.767  -0.401  -8.911 0.2500000000
182051  34.579  -0.931  -12.147 0.6250000000
182061  34.606  -1.027  -13.156 0.7500000000
183321  29.893  0.264  -4.696 0.8750000000
183322  29.305  0.151  -4.849 0.6250000000
183336  30.962  0.156  -5.104 0.8750000000
183337  30.633  0.605  -5.143 1.0000000000
183338  29.613  0.622  -4.991 1.0000000000
183340  28.745  0.636  -5.373 0.8750000000
183348  32.662  0.465  -6.300 1.0000000000
183352  27.299  0.132  -6.468 0.3750000000
183361  32.967  0.361  -6.783 1.0000000000
183363  27.075  0.547  -6.833 0.3750000000
183371  32.966  0.263  -7.875 1.0000000000
183385  35.498  0.555  -8.635 0.2500000000
183390  35.139  0.360  -9.878 0.2500000000
183404  34.471  -0.826  -13.194 0.7500000000
184670  31.360  1.105  -5.515 1.0000000000
184673  29.222  0.927  -5.208 0.8750000000
184674  28.698  1.269  -5.356 0.8750000000
184681  32.482  0.967  -6.213 1.0000000000
184684  27.684  1.250  -6.215 0.7500000000
184693  32.850  0.885  -6.658 1.0000000000
184694  27.278  1.120  -6.637 0.5000000000
184695  26.882  1.014  -7.098 0.1250000000
184710  32.707  0.849  -8.787 1.0000000000
186008  31.212  1.732  -5.511 1.0000000000
186024  27.469  1.760  -6.599 0.3750000000
186032  32.675  1.415  -6.585 1.0000000000
186042  32.967  1.321  -7.509 1.0000000000
186043  32.743  1.843  -7.010 1.0000000000
186053  35.283  1.937  -8.565 0.1250000000
186057  32.533  1.502  -9.447 1.0000000000
186058  32.458  1.843  -9.863 1.0000000000
186063  34.908  1.876  -9.970 0.3750000000
186068  33.003  1.227  -11.339 0.8750000000
187362  31.401  2.675  -5.458 1.0000000000
187363  30.806  2.863  -5.298 1.0000000000
187364  30.091  2.288  -5.188 0.8750000000
187366  28.974  2.333  -5.324 1.0000000000
187368  27.831  3.065  -5.837 0.2500000000
187380  27.913  2.359  -5.897 0.3750000000
187389  32.559  2.484  -6.743 1.0000000000
187390  27.599  2.695  -6.464 0.1250000000
187427  32.558  2.524  -9.482 1.0000000000
187440  33.275  2.265  -13.567 0.7500000000
188702  31.755  3.135  -5.549 1.0000000000
188704  30.610  3.176  -5.251 1.0000000000
188706  29.372  2.850  -5.347 0.8750000000
188719  32.489  3.047  -6.501 1.0000000000
188732  32.607  2.982  -7.059 1.0000000000
188733  27.533  3.274  -6.547 0.1250000000
188756  32.528  3.118  -8.303 0.8750000000
188762  35.245  2.927  -8.469 0.1250000000
188763  35.058  3.473  -8.911 0.1250000000
188764  32.582  3.082  -9.052 1.0000000000
188784  34.697  3.532  -11.321 0.5000000000
188796  33.269  3.480  -13.148 0.5000000000
188797  32.567  3.327  -13.387 0.7500000000
190086  31.561  3.638  -5.422 1.0000000000
190088  30.512  3.707  -5.317 1.0000000000
190091  28.001  3.591  -5.679 0.2500000000
190100  32.375  3.582  -6.293 1.0000000000
190103  27.703  3.882  -6.348 0.1250000000
190111  32.494  3.517  -6.955 1.0000000000
190123  32.583  4.105  -7.776 0.8750000000
190146  34.932  3.899  -9.864 0.2500000000
190158  32.508  4.051  -13.415 0.7500000000
191516  31.364  4.147  -5.560 1.0000000000
191518  30.201  4.486  -5.355 0.8750000000
191527  32.048  4.061  -6.188 1.0000000000
191528  31.656  4.525  -6.054 1.0000000000
191530  27.759  5.327  -6.403 0.1250000000
191541  32.094  4.555  -6.554 1.0000000000
191550  32.611  4.583  -7.491 0.8750000000
192895  29.853  5.292  -5.331 0.8750000000
192896  29.260  5.367  -5.309 0.6250000000
192897  28.662  5.600  -5.932 0.3750000000
192907  30.823  5.226  -5.846 0.8750000000
192909  27.875  5.944  -6.297 0.1250000000
192918  31.843  5.082  -6.508 1.0000000000
192924  35.107  5.156  -7.999 0.1250000000
192925  32.612  5.101  -7.212 0.8750000000
192930  34.979  5.185  -8.689 0.1250000000
192937  34.500  5.485  -10.650 0.3750000000
192938  31.992  5.278  -10.328 0.7500000000
192941  33.851  5.784  -12.206 0.5000000000
192943  33.003  5.868  -12.533 0.3750000000
192947  33.682  6.472  -12.456 0.3750000000
192948  33.250  6.011  -12.703 0.6250000000
194297  29.820  5.870  -5.520 0.7500000000
194309  31.496  5.597  -6.513 0.8750000000
194310  30.867  5.708  -6.083 0.8750000000
194312  29.799  6.318  -6.007 0.7500000000
194329  35.277  6.073  -7.385 0.1250000000
194330  35.079  6.109  -7.934 0.1250000000
194331  32.424  6.158  -7.554 0.7500000000
194337  34.621  6.305  -9.525 0.1250000000
194343  32.073  5.713  -10.098 0.7500000000
194347  32.648  6.113  -11.028 0.7500000000
195602  26.178  7.296  -5.354 0.1250000000
195603  26.067  7.193  -5.623 0.1250000000
195625  30.432  6.804  -6.261 0.8750000000
195634  31.753  6.540  -7.021 0.7500000000
195635  31.312  6.968  -6.846 0.7500000000
195639  35.441  6.572  -7.201 0.1250000000
195640  35.158  6.504  -7.625 0.1250000000
195641  32.218  6.687  -7.876 0.7500000000
195645  34.995  6.635  -8.156 0.1250000000
195650  32.362  6.808  -9.520 0.7500000000
195654  33.075  6.557  -11.206 0.6250000000
195657  34.105  7.059  -11.869 0.3750000000
195658  33.503  6.951  -11.836 0.3750000000
195659  33.413  6.639  -12.034 0.6250000000
196826  28.827  7.742  -6.505 0.5000000000
196831  31.611  7.071  -7.282 0.7500000000
196832  31.348  7.546  -7.067 0.7500000000
196838  31.908  7.188  -7.781 0.7500000000
198021  35.846  7.745  -7.030 0.1250000000
198024  30.347  8.310  -6.953 0.6250000000
198035  35.069  8.197  -8.346 0.1250000000
198039  34.716  8.075  -9.016 0.1250000000
199181  30.263  8.809  -7.021 0.7500000000
199191  36.179  8.692  -7.356 0.1250000000
199192  35.692  8.527  -7.592 0.1250000000
199193  32.161  8.875  -8.021 0.3750000000
199195  31.297  8.994  -7.209 0.6250000000
199212  35.220  8.900  -8.809 0.1250000000
199213  32.381  8.836  -8.567 0.6250000000
199222  33.793  7.867  -10.970 0.3750000000
200408  27.310  9.904  -5.640 0.1250000000
200412  26.908  9.826  -6.924 0.1250000000
200413  26.942  9.927  -6.092 0.1250000000
200426  32.053  9.198  -7.912 0.7500000000
200433  36.889  9.381  -8.117 0.1250000000
200434  36.270  9.253  -8.279 0.1250000000
200435  35.674  9.122  -8.468 0.1250000000
200444  36.625  9.570  -8.607 0.1250000000
200447  35.003  9.097  -9.313 0.1250000000
200456  35.800  9.735  -9.287 0.1250000000
200458  34.761  9.205  -9.914 0.1250000000
200459  32.456  9.026  -9.957 0.3750000000
200467  32.572  7.843  -11.574 0.3750000000
200480  34.010  9.169  -11.165 0.3750000000
200482  32.291  8.454  -11.656 0.3750000000
201754  26.952  10.533  -4.983 0.1250000000
201757  26.403  10.416  -6.189 0.1250000000
201769  31.665  9.613  -7.883 0.6250000000
201774  31.665  9.882  -8.151 0.3750000000
201782  36.346  9.833  -9.109 0.1250000000
201789  36.672  10.182  -9.482 0.1250000000
201811  35.265  10.121  -10.330 0.1250000000
201812  34.707  9.735  -10.626 0.2500000000
201835  33.555  9.114  -12.220 0.2500000000
201836  32.548  9.146  -12.184 0.2500000000
201845  31.586  9.191  -12.474 0.2500000000
201846  31.170  9.551  -13.086 0.2500000000
201853  30.953  10.120  -13.828 0.1250000000
203043  26.354  11.106  -5.137 0.1250000000
203061  30.800  10.909  -8.357 0.5000000000
203066  31.677  10.589  -8.758 0.3750000000
203077  36.378  10.425  -9.963 0.1250000000
203094  37.715  10.449  -10.432 0.1250000000
203095  37.205  10.699  -10.322 0.1250000000
203096  36.719  10.747  -10.376 0.1250000000
203098  35.488  10.470  -10.620 0.1250000000
203100  32.111  9.856  -10.733 0.2500000000
203106  36.430  10.961  -10.918 0.1250000000
203109  37.706  10.689  -11.379 0.1250000000
203113  33.975  10.035  -12.131 0.1250000000
203118  37.492  10.898  -11.944 0.1250000000
203122  31.101  10.045  -12.956 0.2500000000
203134  32.006  10.366  -14.171 0.1250000000
203136  30.811  10.037  -14.434 0.1250000000
204478  29.779  12.448  -8.593 0.2500000000
204523  36.582  11.202  -11.859 0.1250000000
204524  35.975  11.347  -11.729 0.1250000000
204532  36.689  11.305  -12.500 0.1250000000
204534  35.362  11.511  -11.958 0.1250000000
204536  34.172  11.060  -12.675 0.1250000000
204537  30.931  10.998  -13.276 0.1250000000
204542  36.770  11.576  -13.138 0.1250000000
204543  34.595  11.571  -12.910 0.1250000000
204555  31.234  10.442  -14.872 0.1250000000
204562  30.997  11.597  -15.130 0.1250000000
205931  27.100  14.171  -7.435 0.2500000000
205934  28.444  13.433  -8.129 0.1250000000
205998  34.778  12.199  -13.854 0.1250000000
206006  31.348  12.047  -15.417 0.1250000000
206007  32.125  12.395  -14.890 0.1250000000
207456  32.699  13.004  -15.098 0.1250000000
286150  34.714  -1.651  -13.026 0.7500000000
286151  34.442  -1.715  -13.485 0.7500000000
286154  33.799  -0.278  -13.168 0.7500000000
286156  32.439  0.394  -10.532 1.0000000000
286157  32.794  -0.091  -12.645 1.0000000000
286348  33.296  0.895  -13.631 0.8750000000
286374  34.291  -1.657  -13.707 0.8750000000
286429  33.631  0.789  -13.793 0.8750000000
286474  34.572  0.420  -10.988 0.3750000000
286527  32.832  0.882  -12.992 1.0000000000
286647  32.554  -0.058  -9.375 1.0000000000
286655  32.650  -0.147  -9.939 1.0000000000
286666  33.625  -2.380  -12.349 1.0000000000
286668  32.567  0.486  -9.323 1.0000000000
286763  35.905  10.767  -10.724 0.1250000000
286765  32.467  0.772  -9.851 1.0000000000
287020  34.663  10.492  -11.232 0.1250000000
287473  26.644  -13.350  1.888 0.2500000000
287588  34.851  -5.710  -5.747 0.6250000000
287652  24.938  -9.273  -2.416 0.8750000000
287896  34.114  -7.243  -1.575 0.1250000000
288657  28.075  -7.064  -2.557 1.0000000000
288670  32.637  -3.456  -7.775 1.0000000000
292228  32.478  4.077  -7.219 1.0000000000
292303  36.057  -6.418  -8.265 0.6250000000
292882  36.415  -6.783  -7.109 0.3750000000
292895  27.292  -13.004  2.891 0.1250000000
293386  30.842  12.205  -14.618 0.1250000000
293977  28.050  -9.206  -1.918 0.7500000000
294288  34.241  -5.900  -4.066 0.5000000000
294773  26.507  -9.368  -1.975 0.8750000000
295124  29.253  -2.062  -4.441 0.6250000000
295396  23.811  -13.657  0.848 0.7500000000
295703  24.612  -11.260  -0.737 0.7500000000
295713  31.052  -7.518  -4.918 1.0000000000
296509  38.069  -6.285  -7.844 0.1250000000
296681  25.697  -7.583  -3.214 1.0000000000
297803  24.755  -14.274  2.621 0.5000000000
297817  30.367  -10.171  0.512 0.1250000000
298106  29.981  -4.214  -4.001 1.0000000000
298348  32.841  1.363  -8.214 1.0000000000
298407  28.258  -11.584  1.119 0.1250000000
298426  30.043  -5.836  -3.854 1.0000000000
298438  19.931  -9.744  2.373 0.1250000000
298553  20.741  -9.071  0.938 0.1250000000
299130  23.306  -12.383  0.169 0.7500000000
300399  32.512  -0.723  -8.565 1.0000000000
300981  36.604  -6.837  -8.433 0.5000000000
301389  32.316  4.059  -6.693 0.8750000000
302008  20.955  -5.698  -1.033 0.1250000000
302308  20.728  -14.439  3.100 0.5000000000
302368  24.249  -11.917  -0.283 0.7500000000
302385  30.660  6.267  -6.306 0.8750000000
302597  26.506  -5.903  -3.472 1.0000000000
302785  29.699  7.722  -6.453 0.5000000000
302819  34.156  8.122  -10.470 0.2500000000
302857  22.161  -16.486  4.347 0.3750000000
302969  24.383  -15.565  4.487 0.2500000000
303312  23.173  -10.810  -0.463 0.7500000000
303589  19.845  -10.794  2.340 0.1250000000
304080  24.484  -6.479  -3.245 0.8750000000
304483  32.454  -8.039  -1.788 0.3750000000
304516  25.445  -3.418  -6.625 0.3750000000
306233  20.379  -11.940  2.645 0.5000000000
306292  27.367  -12.068  0.272 0.2500000000
306626  37.025  -5.739  -9.735 0.5000000000
307155  32.690  -1.920  -6.056 1.0000000000
307284  23.292  -13.788  1.154 0.7500000000
308018  33.193  -7.419  -1.922 0.2500000000
308042  30.314  -0.848  -4.587 1.0000000000
309508  32.530  3.615  -8.019 1.0000000000
310193  35.340  1.617  -8.030 0.1250000000
310810  29.712  -10.371  -0.323 0.1250000000
311327  35.999  -5.980  -6.334 0.6250000000
311442  36.399  -5.757  -10.215 0.5000000000
311809  32.482  0.076  -6.085 1.0000000000
312193  29.144  4.077  -5.237 0.8750000000
312259  29.622  3.361  -5.193 1.0000000000
312501  29.004  3.343  -5.247 0.8750000000
312561  35.774  -2.611  -11.604 0.6250000000
312929  32.530  8.309  -9.667 0.3750000000
312987  35.551  7.541  -7.441 0.1250000000
313311  31.453  11.485  -10.306 0.3750000000
313866  32.444  1.969  -6.450 1.0000000000
313947  22.320  -15.383  2.972 0.6250000000
314186  32.349  9.181  -8.448 0.3750000000
314321  36.921  -4.534  -9.240 0.1250000000
314430  26.410  -8.847  -2.153 0.8750000000
314482  34.986  4.422  -9.658 0.1250000000
315299  29.378  1.419  -5.239 0.8750000000
315626  32.928  2.042  -12.090 0.8750000000
315689  27.637  4.692  -6.449 0.1250000000
315773  28.203  -5.752  -2.844 1.0000000000
316428  32.570  5.530  -7.664 0.8750000000
317600  35.184  2.052  -9.266 0.2500000000
317936  25.064  -11.978  0.017 0.7500000000
319874  31.787  0.528  -5.595 1.0000000000
320056  28.642  0.016  -5.134 0.6250000000
320667  36.957  -4.743  -6.925 0.1250000000
320832  20.217  -17.998  5.373 0.2500000000
321148  24.585  -15.755  5.323 0.1250000000
321274  30.733  1.423  -5.370 1.0000000000
322143  32.826  1.484  -13.019 0.8750000000
322191  19.673  -9.226  2.485 0.1250000000
322757  31.987  -6.855  -4.753 1.0000000000
323528  28.069  -11.215  -0.591 0.3750000000
324306  32.550  -0.460  -9.442 1.0000000000
324626  33.299  1.811  -13.621 0.6250000000
324753  33.000  -0.112  -10.930 1.0000000000
324800  34.258  -1.082  -13.597 0.8750000000
324876  33.712  0.272  -13.476 0.6250000000
325366  27.858  0.862  -5.963 0.3750000000
325601  21.454  -11.247  0.875 0.7500000000
325672  20.152  -13.263  4.484 0.2500000000
326114  29.464  9.843  -7.316 0.6250000000
327046  25.677  -6.432  -3.776 1.0000000000
327124  35.348  0.565  -9.183 0.2500000000
327477  32.609  -6.921  -4.325 0.7500000000
327488  33.268  -3.749  -11.135 1.0000000000
328273  35.370  8.293  -7.864 0.1250000000
328662  33.871  2.811  -13.022 0.5000000000
329579  30.345  -4.008  -4.240 1.0000000000
329741  23.987  -7.632  -2.592 0.8750000000
330386  32.118  -8.584  -0.661 0.1250000000
330420  22.244  -5.771  -2.335 0.2500000000
330453  24.343  -5.489  -4.014 0.3750000000
331366  31.635  2.108  -5.603 1.0000000000
331976  26.710  -0.750  -6.938 0.3750000000
332038  33.095  0.222  -7.273 1.0000000000
333110  20.059  -6.782  0.207 0.1250000000
333194  27.288  -4.263  -3.879 1.0000000000
334149  33.824  -6.780  -2.698 0.3750000000
334238  34.854  8.764  -9.197 0.2500000000
334300  30.192  6.385  -6.229 0.7500000000
334307  33.218  -2.695  -11.496 1.0000000000
334400  36.463  -3.642  -9.386 0.3750000000
334995  27.778  -0.574  -5.820 0.3750000000
335428  37.546  -6.847  -9.918 0.5000000000
335429  32.256  9.157  -10.743 0.3750000000
335705  27.360  2.371  -6.837 0.3750000000
336191  32.276  6.869  -8.854 0.7500000000
336346  28.174  7.933  -6.478 0.5000000000
336395  33.257  -4.473  -8.767 1.0000000000
336650  26.233  -1.699  -6.960 0.5000000000
336653  20.093  -16.768  4.152 0.5000000000
336656  25.022  -13.339  0.697 0.7500000000
337152  23.945  -15.710  3.977 0.3750000000
337363  35.553  -1.220  -9.582 0.3750000000
338882  28.416  0.363  -5.452 0.7500000000
339009  30.418  -4.916  -4.151 1.0000000000
339593  32.537  9.215  -7.858 0.3750000000
339746  21.672  -16.222  3.927 0.5000000000
339819  20.608  -12.779  3.174 0.3750000000
340093  31.179  2.265  -5.446 1.0000000000
340758  35.950  10.188  -9.830 0.1250000000
341201  36.713  -6.941  -7.538 0.1250000000
341482  24.805  -5.637  -4.228 0.7500000000
341555  29.886  -1.185  -4.550 1.0000000000
341576  28.401  -4.611  -3.696 1.0000000000
341967  36.279  -5.347  -10.910 0.6250000000
342075  33.215  0.101  -13.275 0.8750000000
342122  32.914  -2.331  -6.332 1.0000000000
342393  33.104  -4.148  -10.833 1.0000000000
342743  33.139  -2.185  -9.217 1.0000000000
342925  32.109  8.862  -11.738 0.3750000000
342979  30.734  10.358  -7.343 0.5000000000
343272  26.982  -5.193  -3.513 1.0000000000
343385  33.236  -6.816  -7.283 1.0000000000
343439  31.269  9.543  -12.713 0.2500000000
343691  22.868  -16.535  5.020 0.3750000000
344327  34.183  7.003  -11.852 0.3750000000
344390  29.139  6.195  -5.524 0.7500000000
344864  24.275  -14.971  3.093 0.5000000000
345002  30.842  0.951  -5.343 1.0000000000
345509  32.665  10.224  -13.622 0.1250000000
345860  29.761  1.517  -5.202 1.0000000000
346190  35.452  -0.316  -9.310 0.2500000000
