#!ascii label  , from subject sub-v2s5x29564_ses-1 vox2ras=TkReg
2048
33552  24.152  -70.001  7.743 0.6000000238
35803  19.813  -68.283  16.663 0.6999999881
35853  19.802  -68.622  15.023 0.6999999881
33473  20.042  -70.225  11.304 0.8999999762
33517  20.534  -69.933  9.985 0.8000000119
33539  20.913  -69.898  9.064 0.8000000119
36004  23.960  -68.567  8.906 0.6000000238
36002  25.029  -68.292  8.241 0.6999999881
38342  26.215  -67.593  7.962 0.6999999881
322473  20.121  -68.111  17.058 0.6999999881
35768  20.507  -68.746  17.850 0.6999999881
36989  19.657  -67.710  15.610 0.6999999881
35871  20.512  -67.416  14.325 0.6000000238
35887  20.305  -68.347  14.082 0.6999999881
33446  19.847  -69.378  13.796 0.6999999881
34717  20.682  -69.133  12.384 0.8000000119
35938  20.850  -68.519  11.317 0.8000000119
297029  20.451  -69.293  10.314 0.8000000119
34799  20.881  -69.156  9.394 0.8000000119
36006  22.412  -68.654  9.032 0.6000000238
37182  24.535  -67.739  8.649 0.6000000238
38327  25.764  -66.848  8.483 0.6999999881
38340  27.162  -67.062  7.751 0.6999999881
38118  21.685  -67.097  16.881 0.5000000000
36949  21.626  -67.641  17.830 0.6000000238
38146  21.753  -66.476  15.949 0.4000000060
293611  20.383  -66.756  15.379 0.6000000238
39346  20.612  -66.471  14.834 0.5000000000
37054  21.146  -67.159  13.536 0.6000000238
35898  20.842  -68.433  13.110 0.8000000119
35914  21.168  -68.030  11.871 0.6999999881
37158  21.098  -67.238  10.115 0.6999999881
38312  21.594  -67.060  9.625 0.6999999881
39503  24.483  -66.526  8.783 0.5000000000
40663  25.631  -66.118  8.625 0.6000000238
41843  26.444  -65.036  8.421 0.6000000238
39514  26.577  -66.392  8.075 0.6000000238
41841  28.225  -65.423  7.883 0.5000000000
38115  23.428  -66.538  16.923 0.5000000000
36948  22.222  -67.433  17.956 0.6000000238
299982  22.047  -67.466  18.953 0.6000000238
38131  22.700  -66.617  16.724 0.5000000000
39380  21.188  -65.899  13.756 0.5000000000
39402  21.325  -65.849  12.724 0.6000000238
332233  21.441  -65.535  11.369 0.6000000238
39477  21.705  -66.330  10.266 0.6000000238
39493  22.928  -66.880  9.676 0.5000000000
39491  24.141  -66.302  9.116 0.5000000000
311602  25.124  -65.727  8.874 0.6000000238
328800  26.072  -64.705  8.564 0.6000000238
346093  27.098  -64.649  8.450 0.5000000000
45428  28.610  -62.790  8.644 0.5000000000
45426  29.581  -62.608  8.263 0.5000000000
44166  29.169  -63.041  8.413 0.5000000000
38104  23.439  -66.712  17.632 0.5000000000
38091  22.448  -67.116  18.846 0.5000000000
39329  22.725  -65.938  15.835 0.5000000000
40508  22.611  -65.557  15.206 0.4000000060
42867  24.048  -64.130  14.221 0.3000000119
41722  22.756  -64.821  14.279 0.4000000060
42894  23.129  -64.320  13.311 0.3000000119
42877  24.722  -63.929  13.567 0.3000000119
41748  22.182  -64.763  12.900 0.5000000000
40586  23.181  -65.112  12.052 0.5000000000
40606  23.550  -65.458  11.573 0.5000000000
40647  23.668  -65.889  10.469 0.5000000000
39474  23.896  -66.096  9.673 0.5000000000
41826  25.065  -64.261  8.959 0.6000000238
44154  25.875  -63.413  8.547 0.6000000238
44169  26.767  -63.483  8.534 0.5000000000
45411  27.967  -62.451  8.675 0.5000000000
46773  29.397  -61.974  8.426 0.5000000000
39264  24.233  -66.174  17.798 0.5000000000
39285  24.509  -65.937  17.095 0.5000000000
41656  24.977  -65.056  16.182 0.5000000000
42826  25.046  -64.374  15.280 0.4000000060
40532  23.709  -64.964  15.110 0.5000000000
319822  25.295  -63.979  14.438 0.4000000060
42875  25.912  -63.941  13.455 0.3000000119
41743  25.445  -64.533  12.600 0.3000000119
41778  25.016  -65.017  11.650 0.4000000060
40624  24.232  -65.509  10.750 0.5000000000
41811  24.941  -64.593  9.853 0.4000000060
45413  26.489  -62.417  8.629 0.5000000000
49510  27.304  -60.773  8.704 0.5000000000
46763  27.460  -61.887  8.721 0.5000000000
316462  30.152  -60.909  8.277 0.5000000000
49524  29.961  -60.329  8.331 0.4000000060
46761  28.810  -61.867  8.624 0.5000000000
40425  25.379  -65.187  18.053 0.5000000000
41640  25.777  -65.006  17.051 0.5000000000
42808  25.698  -64.177  16.065 0.5000000000
44048  25.797  -63.785  15.244 0.4000000060
44062  26.438  -63.447  14.371 0.4000000060
44084  27.273  -63.541  13.370 0.3000000119
42889  26.695  -64.247  12.722 0.3000000119
41755  26.107  -64.484  11.815 0.4000000060
42928  26.390  -63.891  10.802 0.4000000060
44122  26.059  -63.381  10.295 0.4000000060
308827  25.252  -64.905  11.018 0.4000000060
42930  25.209  -64.369  10.380 0.4000000060
45404  24.987  -62.817  9.274 0.5000000000
46767  25.207  -61.963  8.928 0.5000000000
44155  25.181  -62.983  8.701 0.6000000238
50859  28.168  -59.748  8.621 0.4000000060
50858  28.627  -60.144  8.577 0.5000000000
43998  26.495  -63.572  17.273 0.4000000060
342065  26.973  -62.874  15.271 0.4000000060
44013  26.718  -63.084  16.357 0.4000000060
45327  27.641  -62.895  14.403 0.4000000060
45340  28.588  -62.758  13.560 0.4000000060
44095  27.830  -63.419  12.216 0.4000000060
45371  27.988  -62.720  11.200 0.4000000060
44105  27.279  -63.549  11.379 0.4000000060
45382  27.036  -62.938  10.692 0.4000000060
45383  26.474  -62.816  10.349 0.4000000060
328959  25.382  -62.401  9.725 0.5000000000
48087  25.154  -61.456  9.277 0.5000000000
49513  25.376  -60.565  9.011 0.6000000238
49511  26.546  -60.522  8.685 0.5000000000
301158  27.489  -58.213  8.756 0.4000000060
50860  27.591  -59.685  8.646 0.4000000060
43983  26.830  -63.240  17.621 0.4000000060
45296  28.161  -62.418  15.378 0.4000000060
292688  27.555  -62.530  16.393 0.4000000060
45306  28.894  -62.371  14.558 0.4000000060
46722  28.952  -62.340  11.965 0.4000000060
46740  27.791  -62.069  10.813 0.4000000060
48081  26.891  -60.961  10.381 0.4000000060
48083  25.807  -61.369  10.082 0.4000000060
49484  25.423  -60.231  9.626 0.5000000000
320919  25.207  -59.299  9.637 0.4000000060
52284  26.741  -59.317  8.870 0.6000000238
46637  28.352  -61.745  16.980 0.4000000060
46663  29.200  -61.742  15.468 0.4000000060
46689  29.663  -61.716  14.554 0.4000000060
46711  29.392  -62.083  13.068 0.4000000060
48065  29.482  -61.474  12.063 0.4000000060
49461  29.212  -60.982  11.608 0.4000000060
322313  28.774  -60.510  11.237 0.5000000000
48079  28.115  -61.555  10.857 0.4000000060
49472  27.555  -60.396  10.737 0.3000000119
50828  27.159  -59.795  10.693 0.3000000119
49474  26.298  -60.457  10.260 0.4000000060
53735  25.295  -58.725  9.881 0.4000000060
56759  25.615  -57.855  9.158 0.4000000060
53766  26.046  -58.431  9.115 0.5000000000
46618  27.709  -61.935  17.866 0.4000000060
48043  30.003  -61.310  13.750 0.4000000060
49455  29.936  -60.585  12.438 0.4000000060
50809  29.334  -59.642  11.831 0.3000000119
52235  28.961  -59.164  11.674 0.3000000119
52249  28.082  -59.399  11.058 0.3000000119
53702  27.333  -58.625  11.061 0.3000000119
304960  25.957  -58.748  10.307 0.3000000119
335178  25.196  -56.907  9.423 0.4000000060
58300  25.981  -56.315  9.208 0.4000000060
49367  29.667  -60.962  16.013 0.3000000119
49408  30.114  -60.859  15.043 0.3000000119
49429  30.385  -60.448  13.930 0.3000000119
50801  30.252  -59.949  13.067 0.3000000119
52222  29.727  -59.126  12.493 0.3000000119
344414  29.170  -58.195  12.149 0.3000000119
53701  28.174  -58.248  11.539 0.4000000060
56672  27.843  -56.661  11.802 0.4000000060
55209  27.238  -57.523  11.321 0.3000000119
55210  26.659  -57.377  11.101 0.3000000119
56705  25.616  -56.866  10.453 0.3000000119
59855  24.995  -55.808  10.118 0.4000000060
59854  25.120  -55.585  9.910 0.4000000060
61423  26.374  -54.780  9.942 0.4000000060
56671  28.149  -57.158  11.814 0.4000000060
59804  27.081  -55.277  11.903 0.4000000060
59822  26.784  -55.747  11.742 0.4000000060
59823  26.204  -55.705  11.491 0.3000000119
59838  24.858  -55.423  10.531 0.4000000060
299403  25.147  -53.867  11.043 0.4000000060
66217  25.610  -53.081  10.580 0.4000000060
63003  25.228  -54.507  10.477 0.4000000060
63002  25.963  -54.305  10.353 0.4000000060
62953  26.209  -54.205  11.972 0.4000000060
309339  25.357  -53.383  11.628 0.5000000000
64593  25.045  -53.466  11.100 0.4000000060
67836  24.938  -52.187  10.550 0.4000000060
64627  26.771  -53.815  10.509 0.3000000119
344474  25.553  -51.773  10.048 0.3000000119
33554  22.668  -70.243  8.296 0.6999999881
33463  20.267  -69.703  11.976 0.8000000119
37184  23.479  -67.825  8.964 0.6000000238
35982  20.713  -68.180  10.072 0.6999999881
35989  21.870  -68.078  9.301 0.6999999881
290931  27.771  -65.621  7.916 0.6000000238
40534  21.862  -65.645  14.862 0.4000000060
301151  21.614  -65.244  13.817 0.4000000060
38243  21.366  -67.034  12.205 0.6999999881
39456  21.117  -65.758  10.776 0.6999999881
325149  22.863  -67.224  9.439 0.6999999881
40483  23.533  -65.772  15.976 0.5000000000
40626  22.466  -65.813  11.091 0.5000000000
319704  24.061  -64.770  12.572 0.4000000060
42950  25.063  -63.870  9.297 0.6000000238
46765  26.114  -61.885  8.630 0.5000000000
48115  25.782  -61.431  8.632 0.6000000238
48073  28.665  -61.626  11.115 0.3000000119
52253  25.539  -59.279  10.100 0.4000000060
47969  28.686  -61.290  17.184 0.4000000060
53704  26.370  -57.750  10.781 0.3000000119
58248  26.043  -56.110  11.165 0.3000000119
62969  25.042  -54.484  11.212 0.3000000119
67824  25.907  -52.403  10.671 0.3000000119
25567  21.140  -74.519  13.380 0.6000000238
25582  21.590  -74.692  12.959 0.6000000238
26605  24.104  -73.714  14.397 0.6000000238
314058  24.037  -72.653  15.234 0.6000000238
21608  19.685  -77.252  13.547 0.5000000000
23642  20.665  -75.966  13.733 0.6000000238
26625  20.120  -74.231  13.862 0.6999999881
26624  20.687  -74.362  13.595 0.6999999881
23659  21.091  -76.299  13.162 0.6000000238
323691  21.863  -72.611  13.297 0.6000000238
27616  22.698  -72.932  13.503 0.6000000238
31083  22.871  -71.352  13.521 0.6000000238
29824  23.659  -71.671  14.129 0.6000000238
29823  23.867  -71.597  14.668 0.6000000238
32232  23.998  -69.953  14.822 0.6000000238
291304  24.633  -68.778  15.404 0.6999999881
316330  19.239  -76.496  14.892 0.6000000238
26608  19.362  -73.838  14.820 0.6999999881
21586  19.321  -77.160  14.095 0.5000000000
24539  19.751  -75.032  14.946 0.6999999881
24562  20.058  -75.373  14.494 0.6999999881
29855  20.038  -72.516  12.013 0.6999999881
28689  21.358  -73.026  12.937 0.6999999881
29852  22.312  -71.586  13.291 0.5000000000
32241  23.906  -70.272  13.838 0.6000000238
34698  24.076  -69.015  13.408 0.6000000238
296931  24.250  -68.896  14.543 0.6999999881
316560  24.706  -67.759  12.805 0.6999999881
37006  25.151  -67.767  14.763 0.6999999881
38193  26.210  -67.122  13.367 0.6999999881
38304  33.957  -67.076  9.589 0.4000000060
40620  32.662  -65.382  11.013 0.5000000000
40600  30.583  -65.365  11.818 0.6000000238
39399  28.589  -66.329  12.639 0.6000000238
38240  26.919  -66.517  12.656 0.6999999881
301470  18.524  -76.151  18.106 0.5000000000
319924  19.234  -75.659  16.932 0.5000000000
26568  19.402  -73.995  16.538 0.6000000238
22574  18.718  -76.424  16.589 0.5000000000
28659  19.044  -72.771  14.912 0.6999999881
339994  19.292  -74.980  15.944 0.5000000000
23583  19.360  -75.849  15.458 0.6000000238
28672  18.735  -72.927  13.804 0.6999999881
28691  18.793  -73.488  13.118 0.6999999881
28716  19.302  -72.665  11.817 0.6999999881
31098  21.493  -71.404  12.586 0.6999999881
32251  23.647  -70.538  12.909 0.6000000238
34716  24.080  -68.964  12.212 0.6000000238
35912  24.456  -67.862  11.682 0.6999999881
37091  25.489  -67.236  12.301 0.6999999881
38241  26.428  -66.592  12.307 0.6999999881
39419  28.294  -66.123  12.224 0.6000000238
39436  28.108  -66.052  11.790 0.6000000238
26505  19.631  -74.180  19.603 0.5000000000
24436  17.316  -75.397  19.370 0.4000000060
25495  19.806  -74.477  17.823 0.5000000000
24434  19.131  -75.164  19.143 0.5000000000
312369  19.458  -75.323  17.486 0.5000000000
28628  19.758  -72.514  16.911 0.6000000238
27553  19.695  -73.673  16.934 0.6000000238
335266  19.107  -70.714  14.105 0.6999999881
291568  19.112  -72.312  15.135 0.6000000238
29825  18.671  -72.194  13.943 0.6999999881
29868  18.783  -72.346  11.879 0.6999999881
29865  20.725  -71.585  12.031 0.6999999881
32274  22.810  -70.553  11.447 0.6999999881
32262  23.414  -70.324  12.330 0.6999999881
33470  23.949  -69.428  11.802 0.6999999881
34755  24.272  -68.848  10.903 0.6999999881
37143  25.048  -67.785  10.861 0.8000000119
38265  26.393  -66.565  11.293 0.6999999881
41774  31.398  -64.653  11.420 0.5000000000
41776  29.789  -64.938  11.323 0.6000000238
39451  27.833  -66.104  10.920 0.6000000238
25417  18.038  -74.366  20.470 0.4000000060
27517  20.116  -73.098  18.694 0.6000000238
306431  20.007  -73.290  18.128 0.6000000238
28613  19.933  -72.233  17.425 0.6000000238
31007  19.628  -71.100  16.165 0.6000000238
32233  19.285  -70.221  14.392 0.6000000238
32243  19.077  -70.895  12.931 0.6999999881
31099  18.761  -71.646  12.336 0.6999999881
323645  19.429  -71.580  10.480 0.6999999881
291570  20.425  -71.358  10.905 0.6999999881
31155  20.917  -70.996  9.787 0.8000000119
31135  21.571  -71.092  10.480 0.8000000119
323615  23.818  -70.777  9.882 0.6000000238
34785  24.390  -69.671  10.096 0.6000000238
37157  25.765  -68.006  9.783 0.8000000119
37141  26.209  -66.936  10.691 0.6999999881
293641  32.906  -64.006  10.838 0.5000000000
41793  31.078  -64.398  11.318 0.6000000238
40644  28.703  -65.719  10.150 0.6999999881
44117  32.638  -63.790  10.655 0.6000000238
28550  20.071  -72.632  20.137 0.5000000000
27454  18.933  -72.902  21.249 0.4000000060
27438  17.478  -72.891  21.805 0.4000000060
29721  20.485  -71.907  18.443 0.5000000000
26486  19.785  -73.587  19.791 0.5000000000
30983  20.142  -70.774  17.200 0.6000000238
336061  19.759  -70.300  16.089 0.6000000238
33424  19.544  -69.699  14.863 0.6000000238
33454  19.840  -69.625  13.232 0.6999999881
32277  19.322  -70.916  11.083 0.8000000119
32314  20.098  -70.740  10.062 0.8000000119
304858  22.406  -71.483  8.559 0.6000000238
327985  24.375  -71.127  8.900 0.6000000238
34795  25.664  -69.534  9.096 0.6999999881
35988  26.116  -68.540  9.309 0.6999999881
38306  28.374  -66.918  8.837 0.6999999881
42926  30.767  -64.247  10.812 0.6000000238
41817  30.213  -65.136  9.113 0.6000000238
318479  31.792  -64.669  8.176 0.6000000238
44131  32.535  -63.440  10.044 0.6000000238
42949  30.880  -64.356  9.165 0.6000000238
32121  20.957  -70.369  19.151 0.5000000000
337406  20.427  -71.937  20.330 0.5000000000
29663  19.299  -71.879  21.450 0.5000000000
29653  17.453  -71.939  22.031 0.5000000000
34600  20.203  -69.125  17.500 0.5000000000
30935  20.699  -70.870  18.718 0.5000000000
33399  19.939  -69.442  16.606 0.6000000238
32354  21.935  -70.910  8.534 0.6999999881
346159  23.112  -70.672  7.736 0.6000000238
32351  25.260  -70.551  7.423 0.6000000238
33549  26.277  -69.715  7.520 0.6000000238
37179  27.971  -68.076  8.163 0.6999999881
36021  28.147  -68.151  7.632 0.6000000238
38325  28.789  -67.444  8.062 0.6000000238
332405  30.278  -65.790  8.322 0.6999999881
45391  33.661  -63.251  9.500 0.5000000000
44161  32.880  -64.005  7.385 0.4000000060
33328  21.201  -69.718  19.332 0.5000000000
32088  21.198  -69.992  20.203 0.5000000000
326088  19.591  -70.180  21.435 0.5000000000
33237  18.972  -69.897  21.771 0.5000000000
33240  17.483  -69.904  21.431 0.5000000000
34500  16.535  -69.156  21.161 0.5000000000
34809  25.183  -69.108  7.840 0.6000000238
36023  26.756  -69.031  7.485 0.6000000238
38343  28.759  -67.270  6.980 0.4000000060
39516  30.478  -66.422  7.032 0.5000000000
42987  31.488  -64.391  7.466 0.4000000060
44180  32.307  -63.633  7.454 0.4000000060
42969  31.681  -64.618  7.839 0.5000000000
34559  21.287  -69.031  19.437 0.6000000238
34514  21.015  -69.110  20.540 0.5000000000
34496  19.905  -69.106  21.277 0.5000000000
35687  18.956  -68.702  21.543 0.5000000000
35695  18.236  -68.384  21.348 0.5000000000
35697  16.949  -68.199  21.334 0.5000000000
36907  15.934  -67.765  20.780 0.4000000060
36918  15.505  -67.686  20.342 0.5000000000
36927  14.720  -67.406  19.439 0.4000000060
36939  14.297  -67.227  18.321 0.4000000060
314962  14.527  -68.738  17.212 0.4000000060
39512  28.456  -66.734  7.182 0.6000000238
41840  28.941  -65.528  7.680 0.4000000060
42971  30.456  -64.591  7.381 0.4000000060
45444  32.034  -62.993  7.346 0.4000000060
336951  21.307  -67.980  20.206 0.5000000000
35692  20.261  -68.143  21.193 0.4000000060
335555  19.386  -67.905  21.528 0.4000000060
36888  18.221  -67.730  21.464 0.5000000000
40349  18.136  -65.781  21.125 0.4000000060
38037  16.655  -66.668  21.059 0.5000000000
40371  16.835  -65.665  20.455 0.4000000060
40392  15.641  -65.600  19.789 0.5000000000
38062  15.472  -66.602  20.150 0.5000000000
41588  15.196  -64.934  19.194 0.3000000119
39241  13.921  -66.040  18.346 0.3000000119
39287  13.864  -66.020  17.106 0.3000000119
304128  29.279  -63.584  8.136 0.4000000060
38060  21.883  -66.756  19.835 0.5000000000
38036  20.806  -66.689  20.853 0.5000000000
39149  20.342  -66.413  21.177 0.4000000060
39215  23.451  -66.083  19.002 0.4000000060
39190  22.621  -65.899  19.652 0.4000000060
40389  21.712  -65.645  20.251 0.4000000060
42729  20.980  -64.245  20.697 0.4000000060
40406  24.271  -65.402  19.092 0.4000000060
40386  23.357  -65.147  19.650 0.4000000060
41560  22.167  -64.860  20.097 0.4000000060
321745  24.892  -64.176  19.287 0.4000000060
306069  22.611  -63.690  20.143 0.4000000060
43907  21.365  -63.657  20.579 0.4000000060
43924  20.610  -63.052  20.301 0.4000000060
339993  23.819  -64.215  19.653 0.4000000060
42773  25.906  -64.247  18.576 0.3000000119
43920  23.382  -63.058  19.870 0.4000000060
45182  22.435  -62.657  19.920 0.4000000060
46561  21.383  -62.134  19.837 0.4000000060
315722  26.279  -63.648  18.488 0.4000000060
45205  20.105  -62.202  19.558 0.4000000060
335891  20.340  -61.422  18.992 0.4000000060
45224  27.084  -62.119  18.628 0.3000000119
45203  25.589  -62.461  19.402 0.4000000060
45178  25.119  -62.266  19.720 0.4000000060
46557  24.252  -61.863  20.012 0.4000000060
46560  22.448  -61.693  19.616 0.4000000060
46583  21.130  -61.665  19.667 0.4000000060
49288  23.035  -60.747  19.668 0.3000000119
33565  24.524  -70.622  7.071 0.6000000238
32150  20.371  -70.455  17.656 0.5000000000
37194  26.693  -68.423  7.480 0.6000000238
319036  29.772  -64.125  7.670 0.4000000060
26619  23.981  -73.704  13.743 0.6000000238
37053  25.182  -67.625  13.795 0.6999999881
37118  25.425  -67.255  11.787 0.6999999881
39447  33.053  -65.991  10.738 0.5000000000
41790  33.643  -64.316  10.635 0.5000000000
38237  30.866  -66.523  11.984 0.5000000000
40598  31.726  -65.139  11.427 0.4000000060
321953  30.158  -65.037  11.670 0.6000000238
23511  18.748  -75.827  18.578 0.5000000000
31134  22.420  -70.983  10.534 0.6999999881
40623  28.785  -65.518  10.805 0.6000000238
29776  19.453  -71.673  15.993 0.6000000238
32287  23.680  -70.258  10.418 0.6999999881
35981  25.026  -68.677  10.084 0.8000000119
39473  27.405  -66.386  10.544 0.6999999881
27467  18.755  -73.459  21.007 0.4000000060
342568  22.812  -71.486  9.085 0.6000000238
33515  24.666  -70.070  9.567 0.6000000238
37162  27.624  -67.653  8.912 0.6999999881
38308  27.381  -67.132  9.542 0.6999999881
44129  33.884  -63.325  10.001 0.5000000000
286868  34.842  -63.398  10.034 0.5000000000
40654  28.733  -66.024  9.619 0.6999999881
41810  29.726  -64.799  9.822 0.6000000238
31207  23.642  -71.459  7.406 0.6999999881
33537  25.568  -70.138  8.579 0.6999999881
34807  26.730  -69.179  8.077 0.6999999881
39499  30.397  -66.534  7.590 0.6000000238
329828  31.932  -63.578  9.326 0.6000000238
44150  33.140  -64.022  7.890 0.6000000238
30882  20.694  -70.900  20.443 0.5000000000
30868  19.469  -71.358  21.533 0.5000000000
30850  18.488  -71.061  21.917 0.4000000060
34832  25.715  -69.879  7.402 0.6000000238
38338  29.030  -67.737  7.716 0.6000000238
34584  14.677  -68.690  18.185 0.3000000119
40676  29.693  -65.937  7.286 0.5000000000
45445  31.416  -62.615  7.539 0.4000000060
38015  17.130  -67.010  21.337 0.5000000000
39218  14.665  -66.142  19.388 0.4000000060
327611  14.202  -67.091  17.697 0.4000000060
43943  25.571  -63.175  19.221 0.4000000060
43918  24.524  -62.958  19.730 0.4000000060
17819  32.751  -79.847  9.052 0.3000000119
17799  33.468  -79.875  10.226 0.3000000119
27631  29.126  -72.919  12.955 0.4000000060
27656  29.292  -73.328  10.254 0.4000000060
26667  29.010  -74.655  11.261 0.4000000060
341972  29.038  -74.949  10.651 0.4000000060
29864  29.342  -71.421  12.568 0.4000000060
29822  29.124  -71.697  14.186 0.4000000060
31065  29.048  -70.991  14.466 0.4000000060
339221  28.696  -71.067  15.604 0.5000000000
29773  27.973  -71.359  16.899 0.5000000000
30977  27.460  -71.114  17.182 0.5000000000
29902  30.287  -71.468  9.909 0.4000000060
29894  29.487  -72.058  11.245 0.5000000000
335853  29.137  -72.294  13.887 0.5000000000
28594  26.204  -72.117  18.113 0.5000000000
29917  30.408  -71.789  9.210 0.5000000000
28736  29.343  -72.654  10.741 0.5000000000
28767  30.209  -72.334  8.617 0.5000000000
332952  29.201  -73.927  9.769 0.4000000060
25640  29.127  -74.896  9.568 0.4000000060
24683  29.437  -75.229  10.968 0.4000000060
24659  30.289  -75.173  11.042 0.4000000060
24632  31.702  -75.115  12.288 0.3000000119
23619  32.927  -76.133  14.213 0.4000000060
34783  31.437  -69.299  10.343 0.4000000060
342020  29.905  -69.623  11.686 0.4000000060
33460  29.562  -69.480  12.488 0.4000000060
295032  31.576  -69.826  10.011 0.4000000060
32285  30.386  -70.231  10.718 0.4000000060
33484  30.126  -70.039  11.124 0.4000000060
290836  29.043  -70.525  13.910 0.4000000060
33435  28.889  -69.850  14.068 0.5000000000
295176  28.287  -70.228  15.832 0.5000000000
32335  31.669  -70.254  9.306 0.4000000060
31149  30.436  -70.896  10.094 0.4000000060
29880  29.476  -71.598  11.896 0.4000000060
33436  28.542  -69.432  14.469 0.5000000000
32201  27.889  -69.857  16.203 0.5000000000
32164  27.264  -70.529  17.087 0.5000000000
33378  26.342  -69.690  16.999 0.6000000238
34639  25.575  -69.047  16.625 0.6000000238
30980  25.182  -70.980  17.618 0.6000000238
37051  26.477  -67.229  13.925 0.6000000238
35848  26.069  -67.910  15.232 0.6000000238
33381  24.875  -70.354  17.044 0.5000000000
24721  29.506  -75.058  9.303 0.4000000060
32202  24.137  -70.248  15.723 0.5000000000
24658  31.094  -75.183  11.168 0.4000000060
294498  32.055  -75.067  11.855 0.4000000060
24601  32.471  -75.131  12.990 0.4000000060
35934  30.394  -68.463  11.773 0.4000000060
35910  30.514  -67.860  11.987 0.5000000000
34696  28.919  -68.688  13.404 0.5000000000
37047  28.564  -67.571  13.499 0.5000000000
34636  27.358  -68.948  16.130 0.5000000000
37071  28.383  -66.985  13.376 0.5000000000
34655  27.015  -68.551  15.921 0.6000000238
38191  27.405  -66.915  13.557 0.6000000238
37029  26.757  -67.455  14.402 0.6000000238
17834  32.408  -79.895  8.395 0.3000000119
301455  34.393  -80.259  10.624 0.3000000119
328390  35.091  -77.563  13.336 0.3000000119
34792  32.908  -68.639  9.194 0.4000000060
316846  32.621  -68.346  9.656 0.4000000060
314729  32.498  -67.689  10.201 0.4000000060
34752  31.049  -68.659  11.026 0.4000000060
38262  31.556  -67.207  11.261 0.4000000060
345421  29.984  -67.140  12.434 0.5000000000
38263  31.171  -67.030  11.651 0.4000000060
38238  29.729  -66.632  12.428 0.5000000000
291818  25.071  -69.088  16.411 0.6000000238
291503  24.243  -70.507  16.270 0.5000000000
37138  32.450  -67.351  10.512 0.4000000060
31095  29.357  -70.854  12.787 0.4000000060
29736  25.613  -71.813  17.913 0.5000000000
22647  34.467  -76.783  13.616 0.3000000119
34751  31.461  -68.755  10.572 0.4000000060
34706  29.214  -69.141  13.007 0.5000000000
34685  28.078  -68.594  14.678 0.5000000000
35868  27.721  -68.068  14.551 0.6000000238
53720  25.523  -58.249  10.140 0.3000000119
17797  34.933  -80.311  10.527 0.3000000119
17798  33.928  -80.085  10.374 0.3000000119
17818  33.602  -79.827  9.502 0.3000000119
17832  33.256  -79.819  9.058 0.3000000119
17853  32.066  -79.796  8.002 0.3000000119
17854  31.531  -79.619  7.756 0.3000000119
21580  33.182  -76.688  14.139 0.4000000060
21581  32.701  -77.206  14.275 0.4000000060
21585  19.821  -77.037  14.033 0.5000000000
21587  18.646  -77.222  14.126 0.5000000000
21602  34.750  -77.203  13.500 0.3000000119
21607  20.303  -77.117  13.168 0.6000000238
21609  19.014  -77.323  13.644 0.5000000000
21635  19.206  -77.393  13.027 0.5000000000
22543  18.236  -76.451  17.633 0.5000000000
22573  18.848  -76.385  16.031 0.5000000000
22575  18.206  -76.640  16.629 0.5000000000
22589  19.078  -76.363  15.442 0.6000000238
22609  19.614  -76.220  14.808 0.6000000238
22610  19.407  -76.129  15.140 0.6000000238
22611  18.775  -76.706  15.034 0.6000000238
22630  19.582  -76.668  14.431 0.5000000000
22631  18.979  -76.884  14.533 0.5000000000
22652  20.571  -76.651  13.478 0.6000000238
22653  20.159  -76.529  14.048 0.6000000238
22670  20.855  -76.785  12.852 0.6000000238
23487  18.409  -75.670  19.003 0.5000000000
23510  19.021  -75.866  18.086 0.5000000000
23512  18.173  -76.000  18.573 0.5000000000
23531  19.176  -75.834  17.549 0.5000000000
23532  17.903  -76.286  18.086 0.5000000000
23548  18.960  -76.174  17.058 0.5000000000
23565  19.139  -76.023  15.919 0.6000000238
23566  19.035  -76.122  16.486 0.5000000000
23602  19.765  -75.709  14.951 0.6000000238
23623  20.256  -75.828  14.205 0.6999999881
23637  34.459  -76.129  13.512 0.3000000119
23640  32.869  -75.661  13.914 0.4000000060
23641  21.195  -75.678  13.374 0.6000000238
24435  18.028  -75.403  19.416 0.4000000060
24463  19.573  -75.103  18.370 0.5000000000
24464  19.202  -75.432  18.583 0.5000000000
24483  19.703  -74.987  17.921 0.5000000000
24484  19.368  -75.445  18.014 0.5000000000
24509  19.306  -75.035  16.521 0.5000000000
24561  20.436  -75.321  14.048 0.6999999881
24578  32.696  -75.287  13.484 0.4000000060
24579  32.069  -75.226  13.571 0.3000000119
24585  21.185  -75.086  13.391 0.6000000238
24586  20.837  -75.359  13.696 0.6000000238
24602  31.727  -75.140  12.891 0.3000000119
24611  21.564  -75.330  12.954 0.6000000238
24631  32.275  -75.077  12.422 0.4000000060
24657  31.805  -75.102  11.286 0.4000000060
24661  29.187  -75.035  11.301 0.4000000060
24682  29.920  -75.176  10.449 0.4000000060
24684  29.170  -75.054  10.886 0.4000000060
24702  29.003  -74.919  10.186 0.4000000060
24736  29.618  -74.903  8.888 0.4000000060
25437  18.899  -74.904  19.658 0.5000000000
25459  19.737  -74.361  19.047 0.5000000000
25460  19.380  -74.675  19.369 0.5000000000
25480  19.789  -74.550  18.404 0.5000000000
25481  19.536  -74.932  18.847 0.5000000000
25507  19.684  -74.721  17.353 0.5000000000
25508  19.401  -74.561  16.751 0.6000000238
25519  19.277  -74.435  16.255 0.5000000000
25533  19.270  -74.389  15.807 0.5000000000
25545  19.627  -74.431  14.901 0.6999999881
25546  19.412  -74.693  15.409 0.6999999881
25556  24.093  -74.294  14.032 0.6000000238
25557  20.068  -74.757  14.348 0.6999999881
25568  20.685  -74.824  13.802 0.6999999881
25604  29.101  -74.884  11.546 0.4000000060
25616  29.081  -74.936  11.031 0.4000000060
25627  29.193  -75.066  9.844 0.4000000060
25639  29.422  -74.756  8.999 0.4000000060
26451  18.093  -73.595  21.082 0.4000000060
26473  19.103  -73.732  20.553 0.5000000000
26474  18.486  -73.993  20.639 0.4000000060
26475  17.791  -74.043  20.799 0.4000000060
26487  19.383  -73.940  20.082 0.5000000000
26504  20.019  -73.383  19.243 0.6000000238
26519  19.949  -73.802  18.696 0.6000000238
26534  19.887  -73.920  17.987 0.5000000000
26550  19.796  -74.071  17.414 0.5000000000
26551  19.564  -74.201  16.982 0.6000000238
26584  19.252  -73.834  15.974 0.6000000238
26595  19.288  -74.102  15.389 0.6999999881
26606  20.307  -74.410  14.008 0.6999999881
26607  19.800  -74.265  14.378 0.6999999881
26620  23.762  -73.798  13.157 0.6000000238
26622  22.302  -73.406  13.258 0.6000000238
26623  21.163  -74.131  13.283 0.6000000238
26637  22.683  -73.694  12.942 0.6000000238
26638  21.750  -74.030  13.036 0.6000000238
26678  28.978  -74.718  10.646 0.4000000060
26686  29.032  -74.611  9.943 0.4000000060
26692  29.268  -74.343  9.197 0.4000000060
27439  16.879  -72.937  21.957 0.4000000060
27455  18.335  -73.106  21.365 0.4000000060
27466  19.364  -73.167  20.770 0.5000000000
27479  19.797  -73.106  20.256 0.5000000000
27480  19.527  -73.523  20.307 0.5000000000
27497  20.047  -73.023  19.721 0.5000000000
27534  26.074  -72.767  18.205 0.5000000000
27538  19.989  -72.790  17.758 0.6000000238
27569  19.752  -73.076  16.912 0.6000000238
27570  19.477  -73.332  16.410 0.6000000238
27590  24.076  -73.206  14.827 0.6000000238
27591  19.139  -73.237  14.940 0.6999999881
27600  24.014  -73.223  14.241 0.6000000238
27601  19.450  -73.922  14.184 0.6999999881
27602  18.992  -73.539  13.859 0.6999999881
27613  29.119  -72.947  13.586 0.4000000060
27614  23.852  -73.164  13.851 0.6000000238
27617  21.933  -73.086  13.287 0.6000000238
27618  21.576  -73.735  13.077 0.6000000238
27619  20.001  -73.986  13.074 0.6999999881
27620  19.314  -73.932  13.385 0.6999999881
27632  19.322  -73.648  12.797 0.6999999881
27662  29.051  -74.086  10.391 0.4000000060
27669  29.483  -73.226  9.707 0.4000000060
28504  18.459  -72.495  21.610 0.5000000000
28505  17.802  -72.404  21.868 0.4000000060
28506  17.182  -72.433  22.000 0.4000000060
28520  19.574  -72.237  21.137 0.5000000000
28521  19.103  -72.376  21.390 0.5000000000
28522  17.983  -72.857  21.673 0.4000000060
28531  20.143  -72.238  20.465 0.5000000000
28532  19.778  -72.613  20.699 0.5000000000
28533  19.377  -72.669  21.078 0.4000000060
28549  20.384  -72.239  20.026 0.5000000000
28562  20.544  -72.132  19.564 0.5000000000
28563  20.320  -72.566  19.655 0.5000000000
28576  20.559  -72.018  19.037 0.5000000000
28577  20.318  -72.487  18.690 0.6000000238
28595  25.536  -72.338  18.067 0.5000000000
28598  20.190  -72.330  18.050 0.6000000238
28626  28.026  -71.993  16.893 0.5000000000
28629  19.384  -72.768  16.096 0.6000000238
28644  19.176  -72.848  15.479 0.6000000238
28658  24.061  -72.084  15.623 0.6000000238
28671  23.900  -72.193  14.381 0.6000000238
28684  29.130  -72.342  13.299 0.5000000000
28685  23.827  -72.742  14.161 0.6000000238
28686  23.612  -72.254  13.924 0.6000000238
28688  22.325  -72.487  13.516 0.6000000238
28690  20.341  -73.589  12.668 0.6999999881
28703  29.155  -72.381  12.797 0.4000000060
28704  20.710  -72.775  12.510 0.6999999881
28705  19.454  -73.111  12.369 0.6999999881
28706  18.804  -73.168  12.500 0.6999999881
28707  18.681  -72.778  12.261 0.6999999881
28715  29.137  -72.853  12.326 0.4000000060
28717  18.908  -72.816  11.943 0.6999999881
28724  29.209  -72.368  11.809 0.5000000000
28737  29.183  -72.802  11.270 0.5000000000
28748  29.641  -72.500  10.163 0.5000000000
28758  30.016  -72.429  9.175 0.5000000000
28759  29.779  -72.607  9.602 0.4000000060
29652  18.914  -71.539  21.742 0.5000000000
29654  16.939  -72.019  22.099 0.5000000000
29662  19.829  -71.685  21.156 0.5000000000
29664  18.819  -72.024  21.671 0.5000000000
29674  20.586  -71.500  20.412 0.5000000000
29675  20.203  -71.788  20.691 0.5000000000
29691  20.602  -71.787  19.955 0.5000000000
29707  20.702  -71.626  19.444 0.5000000000
29720  20.675  -71.481  18.866 0.5000000000
29734  26.804  -71.902  17.911 0.5000000000
29735  26.209  -71.578  17.864 0.5000000000
29738  20.569  -71.322  18.271 0.5000000000
29739  20.300  -71.746  17.826 0.6000000238
29753  27.600  -71.691  17.249 0.5000000000
29754  27.110  -71.489  17.498 0.5000000000
29755  24.292  -71.747  17.060 0.5000000000
29756  20.073  -71.508  17.161 0.6000000238
29775  19.762  -71.595  16.542 0.6000000238
29791  28.867  -71.551  15.476 0.4000000060
29794  19.232  -71.741  15.375 0.6000000238
29809  29.048  -71.640  14.863 0.4000000060
29810  18.992  -71.882  14.694 0.6000000238
29838  29.154  -71.779  13.553 0.4000000060
29839  23.263  -71.739  13.739 0.6000000238
29840  22.610  -71.895  13.564 0.6000000238
29841  22.053  -72.136  13.364 0.6000000238
29842  21.522  -72.373  12.941 0.6999999881
29853  21.773  -71.798  12.938 0.6999999881
29854  21.028  -71.906  12.592 0.6999999881
29856  18.593  -72.220  12.578 0.6999999881
29866  19.655  -72.128  11.640 0.6999999881
29867  19.150  -72.421  11.673 0.6999999881
29879  29.661  -71.429  11.322 0.4000000060
29881  20.011  -71.635  11.202 0.6999999881
29882  19.403  -71.856  11.370 0.6999999881
29883  19.064  -71.860  11.434 0.6999999881
29893  29.774  -71.585  10.844 0.5000000000
29895  19.219  -71.586  10.736 0.6999999881
29903  29.901  -71.795  10.312 0.4000000060
29904  19.300  -71.380  10.352 0.6999999881
29918  30.012  -72.059  9.747 0.5000000000
29931  30.576  -71.885  8.492 0.5000000000
30849  19.077  -70.954  21.730 0.4000000060
30851  17.524  -71.398  22.062 0.4000000060
30867  19.863  -71.115  21.259 0.5000000000
30883  20.290  -71.177  20.884 0.5000000000
30902  21.006  -70.678  19.632 0.5000000000
30903  20.827  -71.183  19.912 0.5000000000
30918  20.827  -71.050  19.295 0.5000000000
30953  26.649  -71.383  17.669 0.5000000000
30954  26.240  -71.041  17.728 0.5000000000
30955  25.666  -71.263  17.806 0.5000000000
30956  25.076  -71.532  17.712 0.6000000238
30957  20.569  -70.715  18.144 0.5000000000
30958  20.384  -71.103  17.697 0.6000000238
30978  26.839  -70.921  17.435 0.5000000000
30979  26.286  -70.535  17.536 0.5000000000
30981  24.601  -71.281  17.295 0.5000000000
31003  28.217  -71.056  16.426 0.5000000000
31004  27.776  -70.767  16.785 0.5000000000
31005  24.187  -71.118  16.412 0.5000000000
31006  19.911  -71.004  16.686 0.6000000238
31025  28.389  -70.794  15.928 0.5000000000
31026  24.076  -70.919  15.759 0.5000000000
31027  19.370  -71.164  15.605 0.6000000238
31048  28.923  -71.051  15.149 0.5000000000
31049  24.025  -70.520  15.185 0.6000000238
31050  19.145  -71.245  14.971 0.6000000238
31066  23.795  -71.117  14.326 0.6000000238
31067  23.530  -71.161  13.817 0.6000000238
31068  18.988  -71.096  13.563 0.6999999881
31081  29.144  -71.170  13.774 0.4000000060
31082  23.801  -70.754  13.990 0.6000000238
31096  23.349  -70.970  13.261 0.6000000238
31097  22.622  -71.140  13.023 0.5000000000
31109  29.524  -70.941  12.233 0.4000000060
31110  22.299  -70.862  11.870 0.6999999881
31111  21.497  -71.144  12.065 0.6999999881
31112  18.845  -71.593  11.717 0.6999999881
31121  29.707  -70.961  11.617 0.4000000060
31122  22.234  -70.800  11.156 0.6999999881
31123  21.582  -70.991  11.405 0.6999999881
31124  20.903  -71.206  11.563 0.6999999881
31125  20.320  -71.593  11.448 0.6999999881
31126  19.023  -71.416  11.173 0.8000000119
31132  30.265  -70.718  10.603 0.4000000060
31133  29.929  -70.984  11.025 0.4000000060
31136  20.693  -71.186  10.371 0.8000000119
31137  20.210  -71.367  10.424 0.6999999881
31138  19.171  -71.221  10.727 0.8000000119
31150  30.100  -71.235  10.470 0.4000000060
31151  23.967  -71.520  8.798 0.6000000238
31152  23.486  -71.279  9.415 0.6000000238
31153  22.757  -71.063  9.859 0.6000000238
31154  21.547  -71.110  9.471 0.8000000119
31156  20.395  -71.182  9.895 0.8000000119
31157  19.670  -71.225  10.221 0.6999999881
31172  30.675  -71.037  9.469 0.4000000060
31173  23.209  -71.680  8.510 0.6000000238
31174  21.775  -71.146  8.808 0.6000000238
31175  21.154  -70.959  9.101 0.8000000119
31176  20.709  -70.708  9.549 0.8000000119
31188  30.840  -71.362  8.816 0.5000000000
31189  24.850  -71.003  7.575 0.6000000238
31190  24.368  -71.268  8.199 0.6000000238
31191  23.820  -71.651  7.972 0.6999999881
31192  22.733  -71.465  8.049 0.6000000238
31193  22.141  -71.251  8.413 0.6000000238
31206  24.265  -71.259  7.450 0.6999999881
31208  23.085  -71.414  7.605 0.6999999881
32041  19.213  -70.281  21.671 0.5000000000
32042  18.698  -70.388  21.820 0.5000000000
32065  20.345  -70.048  20.870 0.5000000000
32066  19.992  -70.550  21.117 0.5000000000
32067  19.565  -70.763  21.470 0.5000000000
32068  16.869  -70.094  21.555 0.5000000000
32089  20.816  -70.305  20.491 0.5000000000
32090  20.433  -70.608  20.750 0.5000000000
32106  20.982  -70.544  20.060 0.5000000000
32120  21.238  -70.171  19.727 0.5000000000
32133  20.715  -70.276  18.503 0.5000000000
32148  25.738  -70.697  17.736 0.6000000238
32149  20.549  -70.198  18.030 0.5000000000
32165  26.330  -70.099  17.201 0.6000000238
32166  25.787  -70.239  17.421 0.6000000238
32167  25.284  -70.478  17.447 0.6000000238
32168  24.445  -70.785  16.841 0.5000000000
32169  20.171  -70.149  17.217 0.5000000000
32184  28.054  -70.456  16.342 0.5000000000
32185  27.595  -70.132  16.709 0.5000000000
32186  26.945  -69.927  16.971 0.5000000000
32187  24.543  -70.174  16.623 0.5000000000
32188  19.998  -70.412  16.769 0.6000000238
32189  19.775  -70.575  16.321 0.6000000238
32203  19.907  -70.021  16.350 0.6000000238
32204  19.558  -70.570  15.814 0.6000000238
32217  28.837  -70.494  14.920 0.5000000000
32218  28.512  -70.051  15.290 0.5000000000
32219  24.076  -69.991  15.293 0.5000000000
32220  19.540  -70.124  15.344 0.6000000238
32231  28.639  -69.954  14.675 0.5000000000
32240  29.058  -70.075  13.445 0.4000000060
32242  23.776  -70.687  13.461 0.6000000238
32249  29.265  -70.291  12.958 0.4000000060
32250  23.929  -70.159  13.228 0.6000000238
32252  23.202  -70.764  12.652 0.6999999881
32253  19.324  -70.524  12.450 0.6999999881
32259  29.693  -70.347  11.914 0.4000000060
32260  29.489  -70.427  12.492 0.4000000060
32261  23.776  -70.001  12.646 0.6000000238
32263  22.951  -70.572  12.059 0.6999999881
32264  19.689  -70.296  11.929 0.8999999762
32265  19.194  -70.871  11.757 0.8999999762
32272  29.911  -70.460  11.359 0.4000000060
32273  23.262  -70.232  11.677 0.6999999881
32275  20.113  -69.987  11.016 0.8000000119
32276  19.536  -70.560  10.655 0.8000000119
32286  30.132  -70.500  10.980 0.4000000060
32288  23.195  -70.380  10.921 0.6999999881
32289  22.747  -70.666  10.971 0.6999999881
32290  20.269  -70.297  10.231 0.8000000119
32291  19.595  -70.634  10.303 0.8000000119
32292  19.288  -70.946  10.583 0.8000000119
32309  31.087  -70.206  10.030 0.4000000060
32310  30.577  -70.411  10.270 0.4000000060
32311  24.110  -71.039  9.391 0.6000000238
32312  23.328  -70.703  10.173 0.6000000238
32313  22.905  -70.719  10.501 0.6999999881
32315  19.483  -70.975  10.273 0.8000000119
32336  31.172  -70.542  9.453 0.4000000060
32337  24.781  -70.880  8.510 0.6000000238
32338  24.504  -70.646  9.228 0.6000000238
32339  21.555  -70.956  8.803 0.6999999881
32340  20.980  -70.644  9.030 0.8000000119
32352  23.378  -71.101  7.458 0.6000000238
32353  22.606  -71.040  7.992 0.6000000238
32355  21.412  -70.480  8.821 0.6999999881
32363  24.703  -70.822  7.184 0.6000000238
32364  24.087  -70.992  7.236 0.6999999881
33238  18.469  -69.830  21.675 0.5000000000
33239  17.921  -69.748  21.476 0.5000000000
33254  19.838  -69.770  21.247 0.5000000000
33255  19.356  -69.771  21.554 0.5000000000
33256  17.576  -69.380  21.307 0.5000000000
33257  16.969  -69.568  21.324 0.5000000000
33258  16.447  -69.770  21.295 0.5000000000
33259  16.051  -69.995  21.213 0.5000000000
33284  21.218  -69.508  20.268 0.5000000000
33285  20.857  -69.684  20.590 0.5000000000
33286  16.166  -69.499  21.092 0.5000000000
33312  21.291  -69.592  19.841 0.5000000000
33329  20.877  -69.749  18.755 0.5000000000
33344  20.631  -69.741  18.204 0.5000000000
33362  20.348  -69.782  17.673 0.5000000000
33379  25.816  -69.773  17.137 0.6000000238
33380  25.306  -69.998  17.191 0.6000000238
33382  20.117  -69.554  17.138 0.5000000000
33393  27.338  -69.462  16.487 0.5000000000
33394  26.610  -69.378  16.696 0.6000000238
33395  25.943  -69.301  16.912 0.6000000238
33396  25.291  -69.458  16.899 0.6000000238
33397  24.755  -69.628  16.493 0.6000000238
33398  24.316  -69.899  16.147 0.5000000000
33407  28.150  -69.664  15.670 0.5000000000
33408  27.730  -69.303  15.954 0.5000000000
33409  24.590  -69.308  15.913 0.6999999881
33410  24.246  -69.713  15.599 0.5000000000
33411  19.774  -69.426  16.068 0.6000000238
33412  19.687  -69.499  15.504 0.6000000238
33421  28.323  -69.447  15.080 0.5000000000
33422  28.003  -69.177  15.525 0.5000000000
33423  24.174  -69.569  15.101 0.6999999881
33437  24.119  -69.396  14.559 0.6999999881
33438  19.543  -69.675  14.197 0.6999999881
33444  28.976  -69.367  13.535 0.5000000000
33445  23.998  -69.610  13.708 0.6000000238
33447  19.542  -69.818  13.636 0.6999999881
33451  29.204  -69.728  13.003 0.4000000060
33452  23.967  -69.547  13.029 0.6000000238
33453  20.289  -69.419  12.760 0.8000000119
33455  19.460  -70.173  13.125 0.6999999881
33459  29.758  -69.783  11.967 0.4000000060
33461  23.933  -69.483  12.422 0.6000000238
33462  23.618  -69.848  12.026 0.6999999881
33469  30.154  -69.445  11.384 0.4000000060
33471  23.629  -69.837  11.218 0.6999999881
33472  20.454  -69.813  11.179 0.8000000119
33482  30.898  -69.494  10.590 0.4000000060
33483  30.473  -69.725  10.860 0.4000000060
33485  24.015  -69.789  10.537 0.6999999881
33486  20.401  -69.841  10.537 0.8000000119
33513  31.953  -69.251  9.847 0.4000000060
33514  30.743  -69.970  10.453 0.4000000060
33516  24.179  -70.345  9.884 0.6000000238
33535  31.853  -69.830  9.514 0.4000000060
33536  31.551  -70.184  9.738 0.4000000060
33538  25.005  -70.383  8.915 0.6999999881
33540  20.705  -70.342  9.480 0.8000000119
33548  32.028  -70.007  8.821 0.4000000060
33550  25.838  -70.115  7.844 0.6000000238
33551  25.252  -70.600  8.018 0.6999999881
33553  23.351  -70.085  8.056 0.6000000238
33555  22.068  -70.341  8.607 0.6999999881
33563  25.771  -69.994  7.483 0.6000000238
33564  25.146  -70.408  7.307 0.6000000238
33566  23.775  -70.649  7.350 0.6000000238
34488  19.023  -69.357  21.627 0.5000000000
34489  18.273  -69.155  21.518 0.5000000000
34495  20.410  -69.117  20.876 0.5000000000
34497  19.463  -68.885  21.528 0.5000000000
34498  17.553  -68.722  21.238 0.5000000000
34499  17.082  -69.103  21.240 0.5000000000
34515  20.608  -68.607  20.838 0.5000000000
34538  21.280  -69.049  20.050 0.5000000000
34560  21.017  -69.270  18.946 0.5000000000
34581  21.082  -68.788  18.818 0.5000000000
34582  20.756  -69.161  18.400 0.6999999881
34599  20.480  -69.302  17.922 0.5000000000
34601  15.067  -69.376  18.050 0.3000000119
34602  14.720  -69.067  17.656 0.3000000119
34618  19.974  -68.946  16.931 0.6999999881
34619  14.642  -69.043  16.742 0.4000000060
34637  26.846  -68.934  16.341 0.6000000238
34638  26.152  -68.927  16.517 0.6000000238
34640  19.730  -68.816  16.345 0.6000000238
34654  27.593  -68.738  15.632 0.5000000000
34656  26.350  -68.505  16.114 0.6000000238
34657  25.562  -68.646  16.188 0.6000000238
34658  24.963  -68.806  15.936 0.6000000238
34659  19.675  -68.844  15.792 0.6999999881
34660  19.722  -69.004  15.235 0.6999999881
34670  28.281  -69.051  14.732 0.5000000000
34671  28.021  -68.868  15.138 0.5000000000
34672  24.295  -69.067  14.973 0.6999999881
34673  19.951  -68.576  14.539 0.6999999881
34674  19.713  -69.116  14.684 0.6000000238
34684  28.426  -68.923  14.320 0.5000000000
34686  24.136  -69.035  14.057 0.6000000238
34687  19.854  -69.147  14.257 0.6999999881
34697  28.642  -68.791  13.854 0.5000000000
34699  20.472  -68.668  13.556 0.6999999881
34700  20.110  -68.881  13.959 0.6999999881
34705  29.518  -68.908  12.696 0.5000000000
34707  24.075  -69.003  12.797 0.6000000238
34708  20.596  -68.934  12.975 0.8000000119
34709  20.184  -69.143  13.392 0.6999999881
34715  29.794  -68.905  12.271 0.4000000060
34726  30.520  -68.836  11.408 0.4000000060
34727  30.099  -68.899  11.790 0.4000000060
34728  24.104  -68.882  11.586 0.6999999881
34729  20.720  -69.224  11.676 0.8000000119
34753  30.666  -69.202  10.970 0.4000000060
34754  24.605  -69.061  10.238 0.6000000238
34756  20.607  -69.241  10.944 0.8000000119
34781  32.159  -68.623  9.938 0.4000000060
34782  31.785  -68.852  10.210 0.4000000060
34784  25.087  -69.190  9.662 0.6999999881
34786  20.606  -68.886  9.762 0.8000000119
34793  32.423  -68.899  9.496 0.4000000060
34794  26.137  -69.106  8.856 0.6999999881
34796  25.154  -69.840  9.313 0.6999999881
34797  21.621  -68.817  9.063 0.6000000238
34798  21.149  -68.993  9.192 0.8000000119
34806  27.055  -68.884  7.760 0.6000000238
34808  26.081  -69.759  8.253 0.6999999881
34810  24.410  -69.184  8.167 0.6000000238
34811  23.701  -69.283  8.568 0.6000000238
34812  22.945  -69.387  8.748 0.6999999881
34813  22.188  -69.538  8.819 0.6000000238
34814  21.553  -69.679  8.968 0.8000000119
34830  26.570  -69.419  7.356 0.6000000238
34831  26.299  -69.612  7.382 0.6000000238
34833  24.785  -69.976  7.444 0.6000000238
35693  19.771  -68.015  21.459 0.4000000060
35694  19.439  -68.362  21.549 0.5000000000
35696  17.564  -67.974  21.463 0.5000000000
35698  16.451  -68.505  21.122 0.5000000000
35708  21.142  -68.539  20.377 0.5000000000
35709  20.885  -68.035  20.714 0.5000000000
35710  16.061  -68.331  20.894 0.4000000060
35711  15.719  -68.234  20.471 0.4000000060
35721  21.389  -68.483  19.830 0.5000000000
35722  15.377  -68.157  19.961 0.5000000000
35723  15.077  -68.097  19.362 0.4000000060
35732  21.415  -68.315  19.222 0.6000000238
35733  14.463  -67.698  18.748 0.4000000060
35747  21.194  -68.334  18.572 0.6000000238
35748  20.862  -68.660  18.322 0.5000000000
35749  14.778  -68.312  18.755 0.3000000119
35750  14.409  -68.024  18.253 0.4000000060
35767  20.853  -68.280  18.033 0.6000000238
35769  14.444  -68.367  17.726 0.4000000060
35783  20.459  -68.204  17.505 0.6999999881
35784  20.087  -68.545  17.295 0.5000000000
35785  14.383  -68.054  17.208 0.4000000060
35822  27.124  -68.243  15.411 0.6000000238
35823  26.526  -68.223  15.593 0.6000000238
35824  25.831  -68.221  15.688 0.6000000238
35825  25.161  -68.349  15.643 0.6000000238
35826  19.535  -68.215  16.053 0.6999999881
35827  19.663  -68.368  15.506 0.6999999881
35846  27.632  -68.365  15.061 0.6000000238
35847  26.655  -67.989  15.177 0.6000000238
35849  25.407  -67.917  15.237 0.6999999881
35850  24.897  -68.206  15.082 0.6999999881
35851  24.463  -68.557  14.820 0.6999999881
35852  19.805  -68.099  15.066 0.6999999881
35867  28.232  -68.363  14.212 0.5000000000
35869  24.746  -68.132  14.535 0.6999999881
35870  24.356  -68.491  14.284 0.6999999881
35872  20.146  -67.876  14.577 0.6000000238
35882  28.913  -68.061  13.313 0.5000000000
35883  28.444  -68.110  13.712 0.5000000000
35884  24.667  -68.024  13.939 0.6999999881
35885  24.274  -68.488  13.701 0.6999999881
35886  20.654  -68.147  13.659 0.6999999881
35893  29.708  -68.400  12.655 0.5000000000
35894  29.267  -68.543  13.014 0.5000000000
35895  24.527  -68.006  13.335 0.6999999881
35896  24.226  -68.502  13.121 0.6000000238
35897  21.170  -68.128  12.618 0.8000000119
35911  30.084  -68.385  12.171 0.4000000060
35913  24.211  -68.393  11.979 0.6999999881
35915  20.933  -68.653  12.123 0.8000000119
35932  31.219  -68.126  11.164 0.4000000060
35933  30.821  -68.275  11.506 0.4000000060
35935  24.578  -67.833  11.168 0.6999999881
35936  24.292  -68.279  11.304 0.6999999881
35937  21.104  -67.833  11.201 0.6999999881
35963  31.868  -68.349  10.380 0.4000000060
35964  31.502  -68.287  10.792 0.4000000060
35965  25.259  -68.148  10.250 0.8000000119
35966  24.692  -68.353  10.673 0.6999999881
35967  20.902  -68.109  10.733 0.8000000119
35979  32.338  -68.109  10.089 0.4000000060
35980  25.573  -68.739  9.606 0.8000000119
35984  33.706  -67.934  8.986 0.4000000060
35985  33.140  -68.018  9.372 0.4000000060
35986  26.935  -68.357  8.788 0.6999999881
35987  26.618  -68.778  8.728 0.6999999881
35990  20.782  -67.699  9.741 0.6999999881
36001  27.466  -68.445  7.842 0.6000000238
36003  24.538  -68.446  8.536 0.6999999881
36005  23.233  -68.574  9.034 0.6000000238
36020  28.715  -67.958  7.499 0.6000000238
36022  27.333  -68.417  7.601 0.6000000238
36024  26.360  -68.968  7.364 0.6000000238
36025  25.653  -68.612  7.755 0.6000000238
36028  28.309  -67.931  7.387 0.4000000060
36029  27.895  -68.038  7.422 0.6000000238
36884  20.655  -67.552  21.004 0.4000000060
36885  20.105  -67.554  21.303 0.4000000060
36886  19.612  -67.490  21.460 0.4000000060
36887  18.954  -67.449  21.447 0.5000000000
36889  17.031  -67.596  21.400 0.5000000000
36905  21.096  -67.505  20.568 0.4000000060
36906  16.424  -67.829  21.192 0.4000000060
36917  21.519  -67.381  20.000 0.5000000000
36919  15.135  -67.558  19.810 0.5000000000
36925  21.895  -67.287  19.503 0.5000000000
36926  21.734  -67.760  19.365 0.6000000238
36928  14.421  -67.263  19.025 0.4000000060
36936  22.613  -67.177  18.080 0.6000000238
36937  22.368  -67.323  18.453 0.6000000238
36938  21.336  -67.951  18.232 0.6000000238
36950  20.959  -67.844  17.688 0.6000000238
36951  14.295  -67.697  17.722 0.4000000060
36957  22.557  -67.180  17.607 0.6000000238
36958  22.009  -67.364  17.421 0.6000000238
36959  21.303  -67.495  17.250 0.5000000000
36960  20.544  -67.727  17.047 0.6999999881
36961  19.997  -67.794  16.709 0.6999999881
36962  14.257  -67.311  17.108 0.4000000060
36974  20.988  -67.293  16.642 0.5000000000
36975  19.961  -67.206  15.852 0.6000000238
36976  19.702  -67.702  16.247 0.6999999881
37003  27.110  -67.850  14.863 0.6000000238
37004  26.403  -67.682  14.825 0.6000000238
37005  25.731  -67.679  14.801 0.6999999881
37007  20.189  -67.247  14.805 0.6000000238
37008  19.918  -67.657  15.037 0.6999999881
37027  27.932  -67.749  14.119 0.6000000238
37028  27.361  -67.541  14.336 0.6000000238
37030  26.111  -67.481  14.357 0.6000000238
37031  25.486  -67.597  14.317 0.6999999881
37032  25.021  -67.783  14.290 0.6999999881
37048  28.134  -67.400  13.742 0.5000000000
37049  27.615  -67.261  13.901 0.5000000000
37050  27.075  -67.185  13.962 0.6000000238
37052  25.587  -67.397  13.282 0.6999999881
37055  20.787  -67.604  13.826 0.6000000238
37069  29.496  -67.138  12.793 0.5000000000
37070  28.972  -67.391  13.211 0.5000000000
37072  25.286  -67.463  12.756 0.6999999881
37073  24.999  -67.658  13.261 0.6999999881
37074  21.328  -67.268  12.820 0.6999999881
37075  21.099  -67.862  13.247 0.8000000119
37090  30.018  -67.743  12.567 0.5000000000
37092  24.942  -67.567  12.184 0.6999999881
37093  24.408  -67.960  12.364 0.6999999881
37094  21.307  -67.559  12.246 0.6999999881
37116  31.106  -67.643  11.514 0.4000000060
37117  30.772  -67.206  12.000 0.4000000060
37119  24.984  -67.594  11.491 0.6999999881
37120  21.272  -67.256  11.606 0.6999999881
37139  31.996  -67.315  10.856 0.4000000060
37140  31.603  -67.774  10.950 0.4000000060
37142  25.640  -67.483  10.563 0.8000000119
37144  21.121  -67.235  10.780 0.6999999881
37145  20.943  -67.699  10.362 0.6999999881
37153  32.894  -67.362  10.125 0.4000000060
37154  32.062  -67.797  10.493 0.4000000060
37155  26.916  -67.568  9.407 0.8000000119
37156  26.583  -66.978  10.167 0.6999999881
37161  32.757  -67.831  9.838 0.4000000060
37163  26.373  -68.051  9.309 0.6999999881
37164  23.289  -67.355  9.256 0.6999999881
37165  22.678  -67.724  9.181 0.6000000238
37166  21.335  -67.622  9.440 0.6999999881
37167  21.111  -67.398  9.692 0.6999999881
37178  28.634  -67.914  8.023 0.6000000238
37180  27.404  -68.267  8.525 0.6999999881
37181  25.620  -67.436  8.322 0.6999999881
37183  23.886  -67.286  9.020 0.5000000000
37192  28.846  -67.569  7.295 0.6000000238
37193  27.281  -68.313  7.496 0.6000000238
37195  25.953  -68.107  7.890 0.6999999881
37196  25.217  -67.745  8.428 0.6999999881
37197  28.582  -67.629  7.196 0.4000000060
37198  28.048  -67.504  7.244 0.4000000060
38010  20.482  -67.039  21.114 0.5000000000
38011  19.963  -66.965  21.312 0.4000000060
38012  19.381  -66.915  21.388 0.4000000060
38014  17.699  -66.799  21.366 0.5000000000
38016  16.673  -67.258  21.242 0.5000000000
38035  21.180  -67.017  20.519 0.5000000000
38038  16.275  -67.250  20.911 0.5000000000
38039  15.774  -67.200  20.513 0.5000000000
38061  21.475  -66.775  20.261 0.5000000000
38063  14.940  -66.597  19.784 0.5000000000
38076  22.698  -66.749  19.033 0.5000000000
38077  22.241  -66.999  19.297 0.5000000000
38078  14.531  -66.785  19.401 0.4000000060
38079  14.283  -66.727  18.905 0.4000000060
38089  23.346  -66.685  18.231 0.5000000000
38090  22.816  -66.933  18.480 0.5000000000
38092  13.949  -66.556  18.014 0.3000000119
38105  22.958  -66.916  17.896 0.5000000000
38106  13.981  -66.582  17.392 0.3000000119
38116  22.924  -66.849  17.300 0.6000000238
38117  22.343  -66.980  17.081 0.5000000000
38119  14.039  -66.562  16.751 0.3000000119
38132  22.051  -66.711  16.524 0.5000000000
38133  21.385  -66.858  16.298 0.4000000060
38134  20.671  -66.948  16.125 0.6000000238
38147  21.093  -66.610  15.723 0.4000000060
38160  20.311  -66.871  14.974 0.5000000000
38161  19.964  -67.177  15.279 0.6999999881
38173  21.036  -66.529  13.960 0.5000000000
38190  27.868  -67.005  13.573 0.5000000000
38192  26.835  -66.976  13.485 0.6000000238
38194  20.868  -67.115  14.054 0.6000000238
38213  28.830  -66.789  12.949 0.5000000000
38214  27.810  -66.623  13.180 0.6000000238
38215  27.167  -66.681  13.095 0.6999999881
38216  26.576  -66.799  12.944 0.6999999881
38217  25.903  -67.026  12.719 0.6999999881
38218  21.365  -66.447  13.242 0.6000000238
38239  29.178  -66.469  12.614 0.6000000238
38242  25.853  -66.883  12.045 0.6999999881
38264  26.836  -66.327  11.347 0.6999999881
38266  25.818  -66.922  11.341 0.6999999881
38267  21.234  -66.459  11.077 0.6999999881
38275  32.375  -66.830  10.848 0.4000000060
38276  31.877  -66.862  11.123 0.4000000060
38277  26.804  -66.549  10.766 0.6999999881
38278  21.250  -66.556  10.516 0.6999999881
38289  32.776  -67.010  10.488 0.4000000060
38290  27.564  -66.642  9.887 0.6999999881
38291  27.086  -66.826  10.065 0.6999999881
38292  22.118  -66.827  9.889 0.6000000238
38293  21.546  -66.649  10.045 0.6000000238
38294  21.342  -66.839  10.050 0.6999999881
38303  34.459  -66.997  9.384 0.4000000060
38307  27.811  -67.003  9.211 0.6999999881
38309  23.952  -66.691  9.030 0.5000000000
38310  23.463  -66.920  9.338 0.6999999881
38311  22.340  -67.185  9.545 0.6999999881
38324  29.215  -67.132  7.707 0.6000000238
38326  28.240  -67.588  8.485 0.6000000238
38328  25.101  -66.991  8.637 0.6000000238
38329  24.483  -67.093  8.771 0.6000000238
38337  29.064  -67.186  7.364 0.6000000238
38339  27.969  -66.960  7.361 0.6000000238
38341  26.438  -67.015  8.007 0.6999999881
38344  28.252  -67.168  7.168 0.4000000060
38345  27.768  -67.670  7.346 0.6000000238
39150  19.778  -66.395  21.280 0.4000000060
39153  17.864  -66.263  21.268 0.4000000060
39154  17.276  -66.420  21.210 0.4000000060
39169  21.188  -66.450  20.585 0.5000000000
39170  20.781  -66.104  20.882 0.4000000060
39171  17.498  -65.828  21.067 0.4000000060
39172  16.949  -66.048  20.932 0.4000000060
39173  16.461  -66.179  20.547 0.4000000060
39174  16.112  -66.698  20.557 0.5000000000
39191  22.083  -66.083  19.921 0.4000000060
39192  21.601  -66.260  20.263 0.5000000000
39193  16.303  -65.724  20.050 0.5000000000
39194  15.854  -66.147  20.099 0.5000000000
39195  15.220  -66.078  19.790 0.4000000060
39214  23.975  -65.912  18.811 0.4000000060
39216  22.934  -66.264  19.226 0.4000000060
39217  22.440  -66.491  19.524 0.5000000000
39219  14.234  -66.129  18.894 0.3000000119
39237  24.576  -65.885  18.077 0.5000000000
39238  24.151  -66.119  18.308 0.5000000000
39239  23.659  -66.310  18.511 0.4000000060
39240  23.169  -66.525  18.748 0.5000000000
39263  24.607  -65.952  17.558 0.5000000000
39265  23.838  -66.477  17.995 0.5000000000
39266  13.824  -66.029  17.737 0.3000000119
39286  23.935  -66.455  17.413 0.5000000000
39306  24.085  -66.156  16.829 0.5000000000
39307  23.559  -66.111  16.376 0.5000000000
39308  23.001  -66.250  16.344 0.5000000000
39309  22.364  -66.278  16.185 0.5000000000
39328  23.198  -65.956  16.035 0.5000000000
39330  22.028  -66.009  15.529 0.4000000060
39331  21.439  -66.276  15.493 0.4000000060
39332  20.918  -66.348  15.174 0.6000000238
39345  21.381  -66.012  15.044 0.4000000060
39361  20.969  -66.125  14.356 0.5000000000
39400  28.017  -66.305  12.664 0.6000000238
39401  27.433  -66.378  12.677 0.6999999881
39417  29.978  -66.142  12.193 0.6000000238
39418  29.441  -66.162  12.339 0.6000000238
39420  27.674  -66.181  12.109 0.6000000238
39421  27.026  -66.315  12.210 0.6999999881
39422  26.636  -66.338  11.776 0.6999999881
39423  21.289  -65.911  12.016 0.6999999881
39433  31.567  -65.822  11.469 0.5000000000
39434  31.023  -65.882  11.778 0.5000000000
39435  28.502  -65.927  11.869 0.6000000238
39437  27.729  -66.096  11.490 0.6000000238
39438  27.176  -66.212  11.680 0.6999999881
39439  21.041  -65.800  11.251 0.6999999881
39448  32.527  -66.181  10.974 0.5000000000
39449  32.010  -66.358  11.244 0.4000000060
39450  28.306  -65.905  10.604 0.6999999881
39452  27.270  -66.212  11.135 0.6000000238
39453  22.901  -66.143  10.594 0.5000000000
39454  22.046  -66.108  10.628 0.5000000000
39455  21.127  -65.835  10.682 0.6999999881
39471  28.326  -66.080  9.925 0.6999999881
39472  27.892  -66.240  10.264 0.6999999881
39475  23.269  -66.374  9.926 0.5000000000
39476  22.510  -66.535  10.151 0.6000000238
39478  21.337  -66.251  10.438 0.6000000238
39488  29.125  -66.289  8.970 0.6999999881
39489  28.588  -66.426  9.285 0.6999999881
39490  28.026  -66.478  9.557 0.6999999881
39492  23.619  -66.571  9.328 0.5000000000
39500  29.690  -66.629  8.090 0.6000000238
39501  28.964  -66.795  8.462 0.6999999881
39502  25.058  -66.338  8.691 0.6000000238
39510  30.702  -66.436  7.079 0.5000000000
39511  29.767  -66.740  7.466 0.5000000000
39513  27.287  -66.387  7.929 0.6999999881
39515  26.134  -66.483  8.453 0.6999999881
39517  29.684  -66.639  7.367 0.5000000000
39518  28.903  -66.927  7.135 0.4000000060
39519  28.583  -67.058  6.985 0.4000000060
40370  17.376  -65.502  20.591 0.4000000060
40387  22.818  -65.327  19.785 0.4000000060
40388  22.242  -65.407  19.984 0.4000000060
40391  16.576  -65.310  19.995 0.5000000000
40407  23.709  -65.557  19.271 0.4000000060
40408  23.151  -65.729  19.425 0.4000000060
40409  15.497  -65.144  19.562 0.5000000000
40410  15.055  -65.524  19.409 0.3000000119
40411  14.551  -65.674  19.093 0.3000000119
40426  24.469  -65.723  18.601 0.5000000000
40427  14.677  -65.190  18.969 0.3000000119
40428  14.243  -65.554  18.656 0.3000000119
40442  24.980  -65.640  17.771 0.5000000000
40459  25.426  -65.418  17.374 0.5000000000
40460  24.933  -65.712  17.177 0.5000000000
40480  25.292  -65.355  16.770 0.5000000000
40481  24.621  -65.644  16.582 0.5000000000
40482  23.997  -65.738  16.213 0.5000000000
40505  24.418  -65.316  15.883 0.5000000000
40506  23.758  -65.383  15.616 0.5000000000
40507  23.165  -65.626  15.658 0.5000000000
40533  23.257  -65.274  15.159 0.4000000060
40535  21.285  -65.786  14.524 0.4000000060
40550  22.311  -65.243  14.554 0.4000000060
40551  21.675  -65.367  14.271 0.4000000060
40552  21.266  -65.586  14.021 0.4000000060
40566  21.776  -65.029  13.329 0.5000000000
40567  21.431  -65.465  13.538 0.5000000000
40576  21.748  -65.133  12.661 0.6000000238
40577  21.478  -65.427  12.981 0.6000000238
40583  30.023  -65.537  11.962 0.6000000238
40584  29.452  -65.740  12.078 0.6000000238
40585  23.972  -65.216  12.081 0.4000000060
40587  22.407  -65.056  11.981 0.5000000000
40588  21.738  -65.294  11.981 0.6000000238
40589  21.434  -65.527  12.318 0.6000000238
40597  32.202  -65.059  11.283 0.4000000060
40599  31.156  -65.216  11.633 0.6000000238
40601  29.511  -65.327  11.627 0.6000000238
40602  28.931  -65.672  11.757 0.6000000238
40603  28.371  -65.811  11.332 0.6000000238
40604  24.738  -65.252  11.097 0.4000000060
40605  24.146  -65.430  11.417 0.5000000000
40607  22.842  -65.444  11.555 0.5000000000
40608  22.062  -65.422  11.483 0.6000000238
40609  21.313  -65.666  11.590 0.6000000238
40621  32.123  -65.715  11.276 0.5000000000
40622  29.295  -65.168  11.034 0.6000000238
40625  23.228  -65.759  11.091 0.5000000000
40627  21.560  -65.705  11.002 0.5000000000
40628  21.206  -65.739  10.942 0.6999999881
40641  33.574  -65.771  10.565 0.5000000000
40642  29.599  -65.336  9.314 0.6000000238
40643  29.188  -65.229  10.209 0.6999999881
40645  24.710  -65.267  10.362 0.4000000060
40646  24.268  -65.620  10.059 0.5000000000
40653  29.096  -65.729  9.521 0.6999999881
40655  24.721  -65.312  9.734 0.5000000000
40656  24.423  -65.817  9.461 0.5000000000
40661  30.921  -65.584  8.024 0.5000000000
40662  29.608  -66.009  8.719 0.6999999881
40664  24.846  -65.467  9.253 0.6000000238
40665  24.686  -66.056  9.029 0.6000000238
40675  30.799  -66.052  7.512 0.6000000238
40677  29.358  -66.324  7.319 0.5000000000
40678  28.535  -66.171  7.412 0.6000000238
40679  27.308  -65.813  7.912 0.6000000238
40680  26.590  -65.638  8.072 0.6000000238
40681  25.980  -65.215  8.438 0.6000000238
40685  30.702  -66.202  7.274 0.4000000060
40686  30.318  -65.886  7.143 0.4000000060
41532  21.894  -64.489  20.333 0.4000000060
41533  21.415  -64.680  20.535 0.4000000060
41534  20.520  -64.683  20.903 0.4000000060
41559  22.919  -64.743  19.847 0.4000000060
41561  21.761  -65.055  20.213 0.4000000060
41566  16.051  -65.104  19.763 0.5000000000
41582  25.060  -64.742  18.958 0.3000000119
41583  23.943  -64.872  19.489 0.4000000060
41584  23.412  -64.464  19.718 0.4000000060
41602  25.478  -64.723  18.565 0.3000000119
41621  25.790  -65.035  17.589 0.5000000000
41639  26.107  -64.535  17.441 0.4000000060
41654  25.921  -64.244  16.498 0.5000000000
41655  25.575  -64.704  16.454 0.5000000000
41675  25.241  -64.511  15.853 0.5000000000
41676  24.754  -64.828  15.564 0.4000000060
41677  24.221  -64.953  15.313 0.5000000000
41701  24.592  -64.572  15.010 0.4000000060
41702  23.964  -64.495  14.770 0.5000000000
41703  23.355  -64.802  14.643 0.4000000060
41704  22.889  -65.193  14.749 0.4000000060
41720  23.633  -64.331  14.345 0.3000000119
41721  23.248  -64.480  14.071 0.4000000060
41723  22.091  -64.890  13.935 0.4000000060
41734  22.776  -64.538  13.677 0.3000000119
41742  26.087  -64.451  12.510 0.3000000119
41744  24.424  -64.428  12.827 0.3000000119
41745  23.809  -64.329  12.973 0.3000000119
41746  23.221  -64.412  13.007 0.3000000119
41747  22.706  -64.522  13.124 0.5000000000
41756  25.702  -64.630  12.128 0.4000000060
41757  25.230  -64.779  12.138 0.4000000060
41758  24.611  -64.930  12.267 0.4000000060
41759  23.488  -64.775  12.563 0.4000000060
41760  22.724  -64.707  12.550 0.5000000000
41761  22.123  -64.921  12.405 0.5000000000
41773  31.998  -64.561  11.318 0.4000000060
41775  30.774  -64.818  11.573 0.6000000238
41777  25.584  -64.716  11.546 0.4000000060
41779  24.524  -65.279  11.766 0.4000000060
41791  33.323  -64.432  10.817 0.5000000000
41792  32.542  -64.646  11.142 0.4000000060
41794  30.348  -64.599  11.243 0.6000000238
41795  29.711  -64.820  10.717 0.6000000238
41796  26.043  -64.371  11.159 0.4000000060
41797  25.603  -64.549  10.921 0.4000000060
41798  24.986  -64.925  10.560 0.5000000000
41809  30.198  -64.493  10.390 0.6000000238
41816  30.321  -64.600  9.537 0.6000000238
41818  24.900  -64.702  9.297 0.6000000238
41823  31.488  -65.007  8.049 0.5000000000
41824  31.152  -65.273  8.210 0.6999999881
41825  30.737  -65.395  8.504 0.6999999881
41837  31.081  -65.514  7.646 0.5000000000
41838  30.120  -64.972  7.318 0.4000000060
41839  29.553  -65.271  7.455 0.4000000060
41842  27.611  -64.835  8.237 0.6000000238
41850  31.303  -64.936  7.676 0.4000000060
42727  22.016  -63.822  20.450 0.4000000060
42728  21.542  -64.173  20.566 0.4000000060
42742  24.041  -63.764  19.720 0.4000000060
42743  22.965  -64.109  19.903 0.4000000060
42744  19.688  -63.569  20.468 0.4000000060
42759  25.444  -64.259  18.970 0.4000000060
42774  25.822  -63.769  18.952 0.4000000060
42785  26.222  -64.163  18.032 0.3000000119
42797  26.193  -64.003  16.932 0.4000000060
42807  26.072  -63.829  16.309 0.4000000060
42824  25.893  -63.840  15.794 0.5000000000
42825  25.503  -64.110  15.548 0.4000000060
42846  25.377  -64.055  14.996 0.4000000060
42847  24.902  -64.184  14.726 0.4000000060
42848  24.431  -64.249  14.555 0.5000000000
42865  25.221  -63.876  13.904 0.3000000119
42866  24.648  -63.976  14.122 0.3000000119
42868  23.657  -64.158  13.860 0.4000000060
42874  26.668  -63.950  13.318 0.3000000119
42876  25.307  -63.918  13.481 0.3000000119
42878  24.145  -64.024  13.687 0.3000000119
42879  23.299  -64.299  13.617 0.4000000060
42887  27.487  -63.757  12.427 0.3000000119
42888  27.178  -63.884  12.842 0.4000000060
42890  25.631  -64.168  13.036 0.3000000119
42891  24.937  -64.147  13.065 0.3000000119
42892  24.241  -64.032  13.249 0.3000000119
42893  23.625  -64.131  13.354 0.3000000119
42901  27.094  -64.029  12.290 0.3000000119
42902  26.602  -64.292  12.103 0.4000000060
42911  31.745  -64.229  11.216 0.5000000000
42912  27.443  -63.723  11.914 0.3000000119
42913  27.000  -63.955  11.681 0.4000000060
42914  26.511  -64.140  11.435 0.4000000060
42920  34.385  -63.615  10.296 0.5000000000
42921  33.945  -63.944  10.500 0.5000000000
42922  33.369  -64.015  10.677 0.5000000000
42923  32.415  -64.192  11.067 0.5000000000
42924  31.733  -63.950  10.700 0.6000000238
42925  31.320  -64.149  10.994 0.6000000238
42927  26.876  -63.756  11.103 0.4000000060
42929  25.823  -64.073  10.556 0.4000000060
42938  31.193  -63.994  10.261 0.6000000238
42939  30.621  -64.216  9.958 0.6000000238
42948  31.395  -63.987  9.312 0.6000000238
42955  31.897  -64.216  8.566 0.6000000238
42956  31.555  -64.645  8.560 0.6000000238
42957  31.281  -64.939  8.542 0.6000000238
42958  25.399  -63.971  8.815 0.6000000238
42959  25.249  -63.562  8.967 0.6000000238
42968  32.037  -64.336  8.068 0.6000000238
42972  29.074  -64.100  8.102 0.4000000060
42973  28.491  -64.156  8.394 0.5000000000
42974  27.830  -64.179  8.501 0.5000000000
42975  27.111  -64.124  8.567 0.5000000000
42976  26.384  -63.731  8.444 0.6000000238
42986  31.848  -64.166  7.618 0.5000000000
42988  30.981  -64.559  7.439 0.4000000060
43908  20.741  -63.631  20.565 0.4000000060
43909  20.220  -63.435  20.475 0.4000000060
43919  24.293  -63.322  19.708 0.4000000060
43921  22.798  -63.126  19.988 0.4000000060
43922  22.276  -63.184  20.209 0.4000000060
43923  21.246  -63.071  20.316 0.4000000060
43925  19.883  -63.054  20.098 0.4000000060
43942  26.074  -63.281  18.908 0.4000000060
43944  24.870  -63.410  19.446 0.4000000060
43965  26.723  -63.208  18.179 0.4000000060
43984  26.504  -63.654  17.887 0.4000000060
43997  26.794  -63.179  16.993 0.4000000060
44014  26.386  -63.463  16.643 0.4000000060
44031  26.695  -63.003  15.672 0.4000000060
44032  26.220  -63.423  15.438 0.4000000060
44047  26.635  -63.162  14.999 0.4000000060
44061  26.997  -63.142  14.397 0.4000000060
44063  25.853  -63.781  14.253 0.4000000060
44070  27.997  -62.979  13.779 0.4000000060
44071  26.810  -63.444  13.841 0.3000000119
44072  26.204  -63.698  13.870 0.4000000060
44073  25.695  -63.851  13.817 0.3000000119
44082  28.192  -63.069  13.187 0.3000000119
44083  27.744  -63.484  12.869 0.4000000060
44094  28.242  -63.101  12.563 0.4000000060
44103  28.199  -63.001  11.882 0.4000000060
44104  27.721  -63.277  11.597 0.4000000060
44115  33.812  -63.589  10.390 0.5000000000
44116  33.201  -63.707  10.564 0.6000000238
44118  32.148  -63.677  10.394 0.6000000238
44119  27.468  -63.112  11.072 0.4000000060
44120  27.096  -63.374  10.976 0.4000000060
44121  26.712  -63.396  10.652 0.4000000060
44123  25.445  -63.652  10.060 0.4000000060
44127  35.344  -63.227  9.681 0.5000000000
44128  34.312  -63.365  10.063 0.5000000000
44130  33.422  -63.393  10.122 0.6000000238
44132  31.723  -63.701  10.015 0.6000000238
44133  25.100  -63.129  9.659 0.5000000000
44142  32.979  -63.269  9.584 0.6000000238
44144  24.993  -63.136  9.009 0.6000000238
44151  32.598  -64.036  7.991 0.4000000060
44152  32.170  -64.068  8.255 0.4000000060
44153  26.246  -63.045  8.596 0.5000000000
44162  32.239  -63.995  7.833 0.4000000060
44164  31.002  -63.856  7.442 0.4000000060
44165  29.792  -63.300  7.956 0.4000000060
44167  28.020  -63.561  8.590 0.5000000000
44168  27.373  -63.533  8.608 0.5000000000
44181  31.943  -63.559  7.489 0.4000000060
44182  31.521  -63.755  7.374 0.4000000060
45179  24.543  -62.436  20.013 0.4000000060
45180  23.974  -62.816  19.815 0.4000000060
45181  22.979  -62.576  19.872 0.4000000060
45183  21.751  -62.713  20.038 0.4000000060
45184  20.979  -62.554  20.061 0.4000000060
45185  20.294  -62.533  19.941 0.4000000060
45201  26.620  -62.425  18.898 0.3000000119
45202  26.097  -62.733  19.077 0.4000000060
45204  25.035  -62.776  19.558 0.4000000060
45206  19.720  -62.597  19.587 0.4000000060
45225  26.896  -62.655  18.396 0.3000000119
45226  26.450  -62.994  18.646 0.4000000060
45246  27.316  -62.312  18.143 0.4000000060
45247  27.051  -62.777  17.871 0.4000000060
45263  27.426  -62.394  17.580 0.4000000060
45264  27.142  -62.830  17.304 0.4000000060
45283  27.518  -62.465  16.990 0.4000000060
45284  27.157  -62.825  16.696 0.4000000060
45297  27.970  -62.290  15.995 0.4000000060
45307  28.363  -62.550  14.844 0.4000000060
45308  27.783  -62.725  15.014 0.4000000060
45309  27.215  -62.867  14.958 0.4000000060
45325  29.003  -62.470  13.938 0.4000000060
45326  28.362  -62.683  14.242 0.4000000060
45339  29.087  -62.482  13.328 0.4000000060
45350  29.117  -62.402  12.835 0.4000000060
45351  28.700  -62.731  12.890 0.4000000060
45359  28.958  -62.469  12.460 0.4000000060
45360  28.602  -62.699  12.230 0.4000000060
45381  27.427  -62.531  10.768 0.4000000060
45384  25.781  -62.622  10.054 0.4000000060
45385  25.390  -62.953  9.921 0.5000000000
45389  34.746  -63.194  9.716 0.5000000000
45390  34.235  -63.212  9.647 0.5000000000
45392  25.171  -62.569  9.513 0.5000000000
45403  34.129  -63.246  9.168 0.5000000000
45410  28.524  -62.272  8.647 0.5000000000
45412  27.174  -62.424  8.652 0.5000000000
45414  25.878  -62.423  8.663 0.5000000000
45415  25.378  -62.397  8.769 0.6000000238
45416  25.106  -62.514  8.957 0.5000000000
45427  29.016  -62.423  8.525 0.5000000000
45429  27.587  -62.976  8.641 0.5000000000
45430  26.932  -62.969  8.654 0.5000000000
45443  32.619  -63.372  7.191 0.4000000060
46556  25.522  -61.843  19.708 0.4000000060
46558  23.566  -61.809  19.849 0.4000000060
46559  23.019  -62.040  19.770 0.4000000060
46562  20.668  -62.028  19.731 0.4000000060
46581  26.154  -62.029  19.345 0.4000000060
46582  21.708  -61.592  19.734 0.4000000060
46584  20.224  -61.803  19.294 0.4000000060
46585  19.680  -62.153  19.064 0.4000000060
46603  27.535  -61.822  18.400 0.3000000119
46604  19.921  -61.584  18.814 0.4000000060
46617  28.209  -61.540  17.599 0.4000000060
46638  27.854  -62.031  17.282 0.4000000060
46652  28.942  -61.608  16.083 0.4000000060
46653  28.442  -61.881  16.366 0.4000000060
46654  27.936  -62.133  16.663 0.4000000060
46664  28.560  -62.003  15.745 0.4000000060
46672  29.581  -61.626  15.034 0.4000000060
46673  29.261  -61.970  14.847 0.4000000060
46674  28.731  -62.156  15.143 0.4000000060
46690  29.356  -62.094  14.266 0.4000000060
46703  29.730  -61.753  14.000 0.4000000060
46704  29.404  -62.119  13.666 0.4000000060
46710  29.709  -61.698  13.396 0.4000000060
46720  29.657  -61.626  12.752 0.4000000060
46721  29.286  -62.082  12.418 0.4000000060
46732  29.153  -61.938  11.864 0.4000000060
46733  28.832  -62.054  11.476 0.3000000119
46739  28.375  -62.128  11.105 0.4000000060
46741  27.278  -61.958  10.585 0.4000000060
46742  26.804  -62.226  10.438 0.4000000060
46743  26.105  -62.135  10.182 0.4000000060
46747  25.535  -62.059  9.874 0.5000000000
46748  25.231  -61.962  9.424 0.5000000000
46756  25.092  -61.992  9.032 0.5000000000
46762  28.197  -61.852  8.707 0.5000000000
46764  26.733  -61.895  8.666 0.5000000000
46766  25.635  -61.914  8.692 0.6000000238
46772  30.052  -62.142  8.201 0.5000000000
46774  25.400  -61.947  8.793 0.5000000000
46788  31.824  -62.119  7.527 0.4000000060
47889  23.000  -61.452  19.702 0.4000000060
47890  22.572  -61.091  19.567 0.3000000119
47906  21.977  -60.970  19.453 0.4000000060
47907  21.229  -61.139  19.349 0.4000000060
47908  20.703  -61.515  19.364 0.4000000060
47928  20.681  -61.111  18.897 0.4000000060
47929  20.222  -61.153  18.564 0.4000000060
47968  28.928  -60.867  17.300 0.4000000060
47989  29.280  -61.204  16.367 0.3000000119
47990  28.846  -61.486  16.671 0.4000000060
48001  29.742  -61.263  15.427 0.3000000119
48002  29.376  -61.370  15.878 0.3000000119
48015  30.132  -60.993  14.566 0.3000000119
48016  29.868  -61.304  14.818 0.4000000060
48031  30.257  -60.932  14.110 0.3000000119
48032  29.950  -61.339  14.298 0.4000000060
48042  30.256  -60.849  13.549 0.4000000060
48051  29.978  -61.216  13.138 0.4000000060
48064  29.886  -61.080  12.519 0.4000000060
48072  29.082  -61.578  11.500 0.4000000060
48080  27.459  -61.411  10.606 0.4000000060
48082  26.184  -61.062  10.200 0.4000000060
48086  25.307  -61.518  9.534 0.5000000000
48111  28.534  -61.329  8.704 0.5000000000
48112  27.818  -61.326  8.761 0.5000000000
48113  27.031  -61.383  8.719 0.5000000000
48114  26.345  -61.415  8.640 0.5000000000
48116  25.346  -61.533  8.854 0.5000000000
48117  25.138  -61.590  9.014 0.5000000000
48129  29.789  -61.457  8.381 0.5000000000
48130  29.180  -61.373  8.599 0.5000000000
49287  23.724  -60.697  19.776 0.3000000119
49392  29.995  -60.669  15.616 0.3000000119
49417  30.368  -60.496  14.577 0.3000000119
49444  30.328  -60.385  13.425 0.3000000119
49445  30.162  -60.634  12.941 0.4000000060
49456  29.678  -60.785  12.032 0.4000000060
49471  28.145  -60.443  10.929 0.4000000060
49473  26.976  -60.406  10.501 0.3000000119
49475  25.678  -60.269  10.027 0.4000000060
49496  25.372  -60.317  9.443 0.5000000000
49508  28.931  -60.789  8.658 0.5000000000
49509  28.203  -60.769  8.752 0.5000000000
49512  25.817  -60.430  8.838 0.6000000238
49523  30.603  -60.356  8.117 0.5000000000
50793  30.419  -59.939  13.652 0.3000000119
50802  29.901  -59.698  12.602 0.3000000119
50808  29.621  -59.531  12.219 0.3000000119
50813  28.870  -59.771  11.479 0.3000000119
50814  28.389  -59.848  11.112 0.5000000000
50827  27.835  -59.865  10.891 0.3000000119
50829  26.563  -59.982  10.432 0.3000000119
50830  25.955  -59.847  10.206 0.4000000060
50831  25.355  -59.841  10.238 0.4000000060
50839  25.246  -59.664  9.597 0.5000000000
50847  25.340  -59.729  9.461 0.4000000060
50861  26.467  -59.918  8.816 0.6000000238
50862  25.940  -59.874  8.786 0.6000000238
50869  30.324  -59.773  8.060 0.4000000060
52213  30.394  -59.472  13.391 0.3000000119
52214  30.084  -59.273  12.985 0.3000000119
52223  29.403  -59.089  12.009 0.3000000119
52236  28.477  -59.268  11.366 0.5000000000
52237  27.986  -58.830  11.287 0.3000000119
52250  27.601  -59.288  10.917 0.3000000119
52251  27.043  -59.172  10.802 0.3000000119
52252  26.394  -59.372  10.511 0.3000000119
52261  25.037  -59.025  9.985 0.4000000060
52270  25.185  -58.997  9.752 0.4000000060
52282  28.125  -59.181  8.641 0.4000000060
52283  27.373  -59.188  8.666 0.4000000060
52285  26.244  -58.888  9.107 0.5000000000
52286  25.797  -58.887  8.987 0.4000000060
53676  29.525  -58.036  12.509 0.3000000119
53687  29.493  -58.592  12.275 0.3000000119
53688  28.728  -58.094  11.823 0.4000000060
53700  28.569  -58.699  11.592 0.3000000119
53703  26.884  -58.026  10.952 0.3000000119
53718  26.633  -58.710  10.780 0.3000000119
53719  26.204  -58.205  10.606 0.3000000119
53749  25.332  -58.384  9.600 0.4000000060
53764  27.022  -58.699  8.824 0.4000000060
53765  26.478  -58.394  9.065 0.5000000000
53767  25.607  -58.187  9.215 0.4000000060
55190  29.062  -57.636  12.295 0.3000000119
55191  28.583  -57.551  11.951 0.4000000060
55207  28.264  -57.781  11.700 0.4000000060
55208  27.786  -57.749  11.524 0.4000000060
55222  26.070  -57.332  10.691 0.3000000119
55223  25.498  -57.514  10.124 0.3000000119
55240  25.269  -58.000  9.781 0.3000000119
55252  25.390  -57.834  9.399 0.4000000060
55271  26.115  -58.033  9.121 0.5000000000
56690  27.585  -57.106  11.601 0.4000000060
56691  27.025  -56.796  11.438 0.4000000060
56692  26.278  -56.701  11.013 0.3000000119
56738  25.958  -56.902  9.019 0.4000000060
56739  25.386  -57.268  9.242 0.4000000060
58226  27.662  -56.148  11.911 0.4000000060
58246  27.153  -56.197  11.696 0.4000000060
58247  26.631  -56.206  11.438 0.3000000119
58249  25.512  -56.285  10.707 0.3000000119
58264  25.159  -56.370  10.184 0.4000000060
58284  25.124  -56.392  9.650 0.4000000060
58301  25.270  -56.565  9.272 0.4000000060
59805  26.446  -55.227  11.774 0.4000000060
59806  25.774  -55.193  11.454 0.3000000119
59821  27.279  -55.761  11.836 0.4000000060
59824  25.478  -55.660  10.982 0.3000000119
59872  25.875  -55.817  9.498 0.4000000060
59873  25.128  -56.103  9.598 0.4000000060
61367  26.734  -54.707  12.087 0.4000000060
61368  25.979  -54.738  11.784 0.3000000119
61369  25.376  -54.735  11.463 0.3000000119
61387  25.167  -55.036  11.007 0.3000000119
61404  24.957  -54.950  10.680 0.4000000060
61424  25.353  -54.958  10.165 0.4000000060
61425  24.960  -54.852  10.494 0.4000000060
61441  26.851  -55.133  9.613 0.4000000060
61442  26.013  -55.281  9.717 0.4000000060
62954  25.491  -54.302  11.662 0.5000000000
62985  25.085  -54.455  10.833 0.4000000060
63001  26.792  -54.354  10.171 0.4000000060
64578  25.754  -53.682  11.931 0.5000000000
64608  27.108  -53.242  10.681 0.3000000119
64609  26.417  -53.303  10.705 0.3000000119
64610  24.865  -53.149  10.692 0.4000000060
64628  25.027  -53.307  10.645 0.4000000060
66199  24.945  -52.799  10.884 0.4000000060
66216  26.585  -52.826  10.794 0.3000000119
66218  24.910  -52.814  10.596 0.4000000060
66231  25.069  -52.753  10.467 0.4000000060
67835  25.361  -52.114  10.321 0.3000000119
69447  25.227  -51.477  9.902 0.3000000119
286771  25.123  -64.994  9.022 0.6000000238
287768  18.644  -71.862  13.400 0.6999999881
288158  22.087  -71.089  12.539 0.6999999881
288173  19.005  -71.392  14.190 0.6999999881
288854  19.313  -70.680  15.221 0.6000000238
288944  29.191  -70.701  13.333 0.4000000060
289190  21.551  -67.998  19.725 0.5000000000
289319  26.603  -64.514  8.557 0.6000000238
289369  21.399  -66.507  12.487 0.6999999881
289583  19.151  -70.727  14.634 0.6000000238
289599  25.347  -63.775  19.187 0.4000000060
290146  25.835  -67.377  13.847 0.6999999881
290236  25.222  -57.400  9.562 0.4000000060
290506  25.523  -62.956  8.597 0.6000000238
290561  25.537  -60.992  8.829 0.6000000238
290728  33.078  -79.849  9.704 0.3000000119
290877  22.428  -64.377  20.059 0.4000000060
290947  28.939  -64.727  7.975 0.5000000000
291123  28.318  -64.783  8.120 0.6000000238
291278  20.841  -74.097  13.326 0.6999999881
292042  22.632  -70.848  12.452 0.5000000000
292160  23.924  -71.470  15.339 0.6000000238
292241  29.549  -75.217  9.804 0.4000000060
292517  20.858  -68.429  9.368 0.8000000119
292556  30.301  -66.465  7.013 0.5000000000
292948  29.643  -72.094  10.679 0.5000000000
293039  18.905  -72.494  14.476 0.6999999881
293066  24.212  -68.483  12.571 0.6999999881
293312  29.145  -61.044  16.893 0.4000000060
293507  23.937  -71.041  14.887 0.6000000238
293755  19.868  -72.786  17.290 0.6000000238
294198  27.747  -63.264  13.412 0.3000000119
294420  26.069  -65.866  8.363 0.6000000238
294539  19.517  -69.358  21.471 0.5000000000
294630  30.751  -64.944  8.871 0.6000000238
294933  25.408  -67.410  11.234 0.6999999881
295057  33.578  -67.529  9.425 0.4000000060
295078  27.035  -65.142  8.234 0.5000000000
295209  31.279  -75.134  11.802 0.4000000060
295228  24.039  -72.121  14.953 0.6000000238
295415  32.753  -63.439  8.774 0.6000000238
295731  24.857  -55.282  10.337 0.4000000060
295953  18.611  -72.701  13.055 0.6999999881
295982  23.040  -63.564  19.945 0.4000000060
296930  20.111  -72.791  18.249 0.6000000238
296936  19.222  -73.487  15.433 0.6999999881
297039  19.871  -73.365  17.473 0.6000000238
297258  18.938  -68.096  21.536 0.4000000060
297268  29.224  -72.057  12.395 0.4000000060
297636  29.418  -69.989  12.663 0.4000000060
297684  19.817  -69.946  12.608 0.8000000119
298347  21.035  -71.134  10.987 0.8000000119
298545  20.197  -72.824  19.202 0.5000000000
298665  20.853  -67.149  20.819 0.5000000000
298695  29.595  -69.997  12.305 0.4000000060
298696  24.341  -69.274  15.403 0.6999999881
299064  29.896  -69.936  11.546 0.4000000060
299707  18.226  -67.135  21.357 0.5000000000
299721  25.256  -53.872  11.462 0.4000000060
300021  19.905  -72.118  20.839 0.5000000000
300307  21.346  -65.776  13.264 0.5000000000
300367  30.345  -67.358  12.252 0.5000000000
300387  27.683  -62.606  15.486 0.4000000060
300461  20.718  -69.646  9.494 0.8000000119
300584  25.761  -53.690  10.624 0.4000000060
300687  17.615  -67.374  21.465 0.5000000000
300922  26.949  -67.758  7.563 0.6000000238
301125  29.859  -69.350  11.909 0.4000000060
301169  25.544  -65.409  8.678 0.6000000238
301202  24.573  -64.826  19.259 0.4000000060
301294  19.307  -72.248  15.767 0.6000000238
301723  30.322  -66.775  12.233 0.5000000000
301799  27.737  -58.302  11.337 0.3000000119
302033  32.936  -64.290  10.980 0.5000000000
302095  21.247  -65.849  20.642 0.4000000060
302840  19.793  -72.016  16.895 0.6000000238
302844  22.071  -62.185  19.781 0.4000000060
302895  28.333  -66.558  12.991 0.6000000238
303508  25.448  -54.009  10.704 0.4000000060
303670  25.868  -64.686  18.071 0.3000000119
303725  23.945  -70.506  14.469 0.6000000238
303779  33.111  -64.873  10.895 0.5000000000
303964  29.574  -60.848  8.534 0.4000000060
304068  29.698  -73.060  9.155 0.5000000000
304423  18.639  -77.371  13.186 0.5000000000
304447  32.959  -63.493  10.244 0.6000000238
304563  28.702  -63.495  8.523 0.5000000000
305834  25.346  -60.945  9.486 0.5000000000
306083  13.772  -65.541  17.457 0.3000000119
306282  28.530  -62.522  11.603 0.3000000119
306646  18.791  -71.527  12.970 0.6999999881
306660  25.879  -57.807  10.507 0.3000000119
307536  25.103  -62.309  9.241 0.5000000000
307582  30.783  -75.237  10.568 0.4000000060
307669  21.348  -66.502  11.772 0.6999999881
307860  29.188  -71.874  12.970 0.5000000000
308000  25.603  -58.665  9.294 0.4000000060
308134  27.930  -66.306  7.661 0.6999999881
308367  25.854  -69.384  7.449 0.6000000238
309634  15.278  -67.093  20.049 0.5000000000
309844  29.481  -67.885  13.024 0.5000000000
309883  23.984  -69.851  14.262 0.6000000238
309970  27.197  -62.753  15.515 0.4000000060
310126  31.449  -66.533  11.492 0.4000000060
310283  19.242  -70.331  13.718 0.6999999881
310571  18.439  -76.604  16.135 0.5000000000
310657  22.038  -67.433  9.413 0.6999999881
311007  27.407  -58.044  11.238 0.3000000119
311319  26.301  -63.391  16.033 0.4000000060
311416  24.030  -69.363  11.132 0.6999999881
311451  29.083  -58.619  11.871 0.3000000119
311746  14.656  -67.738  19.086 0.4000000060
312024  19.608  -70.602  11.318 0.8999999762
312496  18.976  -73.068  14.412 0.6999999881
312628  27.160  -62.816  16.099 0.4000000060
312664  20.650  -68.669  10.517 0.8000000119
312962  23.909  -62.295  19.908 0.4000000060
313018  25.131  -63.770  9.718 0.5000000000
313073  27.387  -63.162  13.853 0.4000000060
313178  18.198  -71.764  21.951 0.5000000000
313246  29.230  -71.309  13.173 0.4000000060
313377  19.003  -71.119  12.237 0.6999999881
313619  20.579  -66.762  14.518 0.6000000238
313811  19.550  -72.220  16.408 0.6000000238
313978  19.282  -73.241  15.890 0.6000000238
314020  23.472  -62.408  19.841 0.4000000060
314447  21.895  -67.653  18.378 0.6000000238
314861  26.207  -66.618  11.765 0.6999999881
315136  22.199  -71.249  9.240 0.8000000119
315241  25.253  -57.023  10.021 0.4000000060
315398  22.527  -64.953  19.970 0.4000000060
315837  24.995  -53.188  11.188 0.4000000060
316139  24.002  -72.705  14.618 0.6000000238
316356  20.067  -69.919  16.809 0.6000000238
316444  22.268  -64.686  13.405 0.5000000000
316744  25.499  -64.648  8.725 0.6000000238
316755  25.561  -60.050  9.062 0.6000000238
316790  29.258  -75.178  10.393 0.4000000060
316923  21.632  -67.935  18.791 0.6000000238
317172  24.877  -61.837  19.914 0.4000000060
317294  26.829  -61.541  10.408 0.4000000060
317628  27.126  -60.131  8.697 0.5000000000
317654  26.601  -61.002  8.654 0.5000000000
317851  26.339  -63.997  17.530 0.4000000060
317893  27.851  -60.226  8.677 0.4000000060
317896  26.210  -59.455  9.091 0.6000000238
317897  26.046  -60.970  8.632 0.6000000238
317983  20.201  -67.381  16.457 0.6999999881
318241  34.834  -66.742  9.443 0.4000000060
318643  27.360  -60.834  10.585 0.3000000119
318662  23.822  -63.294  19.802 0.4000000060
318773  25.001  -55.894  10.477 0.4000000060
319012  23.493  -63.771  19.837 0.4000000060
319110  16.875  -68.721  21.210 0.5000000000
319433  19.766  -70.005  15.843 0.6000000238
319985  29.463  -64.600  7.668 0.4000000060
320045  26.285  -61.652  10.262 0.4000000060
320535  32.297  -63.632  8.701 0.6000000238
320659  27.467  -56.560  11.701 0.4000000060
321085  24.309  -64.282  19.537 0.4000000060
321209  27.853  -60.954  10.748 0.3000000119
321303  23.776  -65.614  11.083 0.5000000000
321426  25.669  -60.950  10.017 0.4000000060
321488  14.844  -67.058  19.736 0.4000000060
321556  19.822  -68.524  21.426 0.4000000060
321691  19.482  -75.291  15.439 0.6000000238
321862  29.720  -60.111  12.181 0.3000000119
321912  18.638  -75.304  19.344 0.5000000000
321940  21.771  -63.289  20.418 0.4000000060
322028  26.215  -64.172  13.017 0.3000000119
322169  28.422  -61.059  10.978 0.4000000060
322360  29.301  -60.303  11.689 0.4000000060
322447  24.889  -65.488  18.330 0.5000000000
322704  28.851  -61.175  11.245 0.3000000119
322836  30.051  -60.205  12.619 0.4000000060
322846  22.106  -71.081  9.936 0.8000000119
323192  25.320  -58.824  9.980 0.4000000060
323482  26.203  -67.453  9.978 0.8000000119
323732  25.506  -63.460  8.688 0.6000000238
323766  24.052  -67.918  8.810 0.6000000238
324252  26.750  -70.407  17.238 0.5000000000
324519  26.506  -69.424  7.296 0.6000000238
324551  25.229  -61.006  9.096 0.5000000000
324559  24.944  -64.603  12.597 0.3000000119
325024  27.046  -59.647  8.695 0.5000000000
325154  31.599  -63.200  7.411 0.4000000060
325276  32.089  -63.953  10.849 0.6000000238
325484  17.934  -71.101  22.004 0.4000000060
325676  20.225  -69.529  20.940 0.5000000000
326254  27.068  -68.795  8.153 0.6999999881
326353  20.161  -68.691  21.167 0.5000000000
326360  20.984  -64.851  20.748 0.4000000060
326511  33.148  -67.577  9.715 0.4000000060
326662  21.188  -73.666  13.001 0.6999999881
327343  27.527  -62.614  15.909 0.4000000060
327570  30.492  -65.949  12.019 0.6000000238
327923  31.098  -69.083  10.699 0.4000000060
328402  20.149  -76.970  13.692 0.5000000000
328474  28.914  -70.366  14.402 0.5000000000
328813  26.115  -63.566  14.851 0.4000000060
329319  32.108  -63.425  9.846 0.6000000238
329375  24.380  -68.109  12.855 0.6999999881
329498  24.280  -66.143  17.344 0.5000000000
329606  28.744  -69.274  14.045 0.5000000000
329862  19.162  -73.519  14.454 0.6999999881
329911  24.869  -70.781  17.239 0.5000000000
330359  22.065  -71.365  12.906 0.5000000000
330532  20.869  -67.857  9.411 0.6999999881
330637  19.406  -75.076  17.004 0.5000000000
330936  19.167  -74.426  19.889 0.5000000000
331011  21.109  -68.204  9.201 0.6999999881
331115  14.061  -66.527  18.502 0.3000000119
331385  23.286  -71.595  7.834 0.6999999881
332384  24.757  -69.547  9.774 0.6000000238
332516  18.878  -75.530  18.960 0.5000000000
332534  30.600  -66.433  7.006 0.5000000000
333026  28.959  -65.456  11.321 0.6000000238
333647  22.614  -62.231  19.781 0.4000000060
333972  20.474  -67.882  14.101 0.6999999881
334074  20.925  -66.111  14.739 0.5000000000
334118  19.598  -72.778  16.547 0.6000000238
334466  30.729  -70.585  9.836 0.4000000060
334530  19.351  -70.284  14.881 0.6000000238
334539  19.227  -75.592  16.277 0.5000000000
334869  18.782  -76.184  17.596 0.5000000000
334892  28.904  -66.028  12.241 0.6000000238
335106  30.813  -65.341  7.400 0.4000000060
335293  19.938  -76.114  14.513 0.6999999881
335672  29.372  -73.692  9.248 0.4000000060
335773  20.888  -68.690  12.663 0.8000000119
335808  24.751  -65.243  18.837 0.4000000060
336005  25.703  -63.853  14.756 0.4000000060
336072  31.144  -69.762  10.302 0.4000000060
336085  25.977  -64.525  16.850 0.5000000000
336355  30.804  -59.781  7.979 0.5000000000
336415  19.847  -73.876  19.283 0.5000000000
336603  25.867  -60.652  10.100 0.4000000060
336772  25.906  -64.066  8.621 0.6000000238
336895  25.033  -63.291  9.364 0.5000000000
337204  24.216  -69.316  10.557 0.6000000238
337513  33.190  -65.373  10.803 0.5000000000
337773  31.769  -68.054  10.651 0.4000000060
338101  27.760  -58.678  8.728 0.4000000060
338480  14.395  -66.416  19.160 0.4000000060
338940  19.306  -75.550  15.816 0.6000000238
338949  25.121  -65.097  18.572 0.5000000000
338992  25.665  -56.068  9.359 0.4000000060
339060  30.427  -66.350  12.129 0.5000000000
339468  30.605  -75.236  11.528 0.4000000060
339644  27.443  -62.729  15.226 0.4000000060
339843  17.172  -65.748  20.816 0.4000000060
340116  24.823  -67.809  13.586 0.6999999881
340321  18.983  -74.184  20.335 0.4000000060
340508  32.565  -64.105  7.665 0.4000000060
340515  28.028  -62.771  14.676 0.4000000060
340803  20.021  -75.736  14.526 0.6999999881
341234  26.556  -55.522  9.466 0.4000000060
342091  24.483  -63.778  19.545 0.4000000060
342546  28.641  -70.602  15.467 0.5000000000
342574  30.064  -66.366  8.119 0.6000000238
343044  22.472  -67.364  9.370 0.6999999881
343165  30.956  -64.054  9.641 0.6000000238
343290  23.979  -70.993  15.303 0.6000000238
343366  20.587  -73.909  12.958 0.6999999881
343656  20.992  -63.336  20.452 0.4000000060
344562  17.984  -70.368  21.763 0.5000000000
344638  20.471  -65.903  21.036 0.4000000060
344675  21.046  -67.738  10.791 0.6999999881
344795  29.313  -74.952  9.313 0.4000000060
345371  28.170  -63.033  8.631 0.5000000000
345432  24.054  -69.459  14.150 0.6000000238
345597  20.721  -68.135  9.572 0.6999999881
345660  25.040  -53.352  10.768 0.4000000060
345911  24.919  -69.902  16.879 0.5000000000
346020  20.419  -72.415  19.230 0.5000000000
346203  29.078  -75.005  10.415 0.4000000060
