#Insight Transform File V1.0
#Transform 0
Transform: AffineTransform_float_3_3
Parameters: 1 0.000111161 0.000261341 -0.000110774 0.999999 -0.000739029 -0.000261505 0.000738971 0.999999 -0.00888132 -0.100614 -0.0899191
FixedParameters: 0 0 0

#Transform 1
Transform: AffineTransform_float_3_3
Parameters: 1 5.98461e-05 0.00014081 -5.97176e-05 1 -0.000456008 -0.000140864 0.000455991 1 -0.0118057 -0.108235 -0.0770838
FixedParameters: 0 0 0

#Transform 2
Transform: AffineTransform_float_3_3
Parameters: 1 0.000250253 0.000360824 -0.000250546 0.999999 -0.00086909 -0.000360869 0.000868909 0.999999 -0.00252259 -0.0718064 -0.0993546
FixedParameters: 0 0 0

#Transform 3
Transform: AffineTransform_float_3_3
Parameters: 1 0 0 0 0.999999 -0.000886999 0 0.000886999 0.999999 -0.00765 -0.0267592 -0.140518
FixedParameters: 0 0 0

#Transform 4
Transform: AffineTransform_float_3_3
Parameters: 1 0 0 0 1 -0.000456 0 0.000456 1 -0.00747 -0.070688 -0.0690538
FixedParameters: 0 0 0

#Transform 5
Transform: AffineTransform_float_3_3
Parameters: 1 0 0 0 1 -8.7e-05 0 8.7e-05 1 -0.014958 -0.0864873 -0.0402919
FixedParameters: 0 0 0

#Transform 6
Transform: AffineTransform_float_3_3
Parameters: 1 0.000180193 0.000424325 -0.000180061 1 -0.000155076 -0.000424381 0.000154924 1 -0.0175168 -0.0417938 -0.0602651
FixedParameters: 0 0 0

#Transform 7
Transform: AffineTransform_float_3_3
Parameters: 1 0.000180507 0.000424191 -0.000179747 0.999999 -0.000895717 -0.000424514 0.000896283 1 -0.00762728 0.00394519 -0.156279
FixedParameters: 0 0 0

#Transform 8
Transform: AffineTransform_float_3_3
Parameters: 1 -3.77121e-05 6.71401e-05 3.78607e-05 1 -0.001107 -6.70565e-05 0.001107 1 -0.00125731 -0.0124 -0.163583
FixedParameters: 0 0 0

#Transform 9
Transform: AffineTransform_float_3_3
Parameters: 1 7.54408e-05 1.9018e-05 -7.54305e-05 1 -0.000271001 -1.90588e-05 0.000270999 1 0.000376007 -0.082167 -0.0794707
FixedParameters: 0 0 0

#Transform 10
Transform: AffineTransform_float_3_3
Parameters: 1 8.28008e-05 1.5907e-05 -8.27986e-05 1 -6.70013e-05 -1.59181e-05 6.69987e-05 1 0.00043923 -0.0874683 -0.0517825
FixedParameters: 0 0 0

#Transform 11
Transform: AffineTransform_float_3_3
Parameters: 1 1.83679e-05 4.32622e-05 -1.83608e-05 1 -8.20008e-05 -4.32652e-05 8.19992e-05 1 -0.000457399 -0.0583181 -0.0765499
FixedParameters: 0 0 0

#Transform 12
Transform: AffineTransform_float_3_3
Parameters: 1 1.83914e-05 4.32522e-05 -1.83373e-05 1 -0.000626001 -4.32752e-05 0.000625999 1 -0.000458522 0.0112596 -0.13204
FixedParameters: 0 0 0

#Transform 13
Transform: AffineTransform_float_3_3
Parameters: 1 8.09608e-05 1.6684e-05 -8.09566e-05 1 -0.000124001 -1.67041e-05 0.000123999 1 0.00851734 -0.0300083 -0.0975252
FixedParameters: 0 0 0

#Transform 14
Transform: AffineTransform_float_3_3
Parameters: 1 1.83549e-05 4.32677e-05 -1.83738e-05 1 0.000217999 -4.32597e-05 -0.000218001 1 0.00427962 -0.0671464 -0.0493526
FixedParameters: 0 0 0

#Transform 15
Transform: AffineTransform_float_3_3
Parameters: 1 -1.0544e-05 -2.48561e-05 1.05555e-05 1 0.000231 2.48512e-05 -0.000231 1 0.000172207 -0.047749 -0.00908032
FixedParameters: 0 0 0

#Transform 16
Transform: AffineTransform_float_3_3
Parameters: 1 -3.16734e-05 -7.45506e-05 3.16251e-05 1 -0.000324002 7.45711e-05 0.000323998 1 0.0153659 -0.00668922 -0.0971845
FixedParameters: 0 0 0

#Transform 17
Transform: AffineTransform_float_3_3
Parameters: 1 -0.000118929 -5.48542e-05 0.000118882 1 -0.000424006 5.4955e-05 0.000423993 1 0.0126016 0.0284669 -0.0817436
FixedParameters: 0 0 0

#Transform 18
Transform: AffineTransform_float_3_3
Parameters: 1 1.83357e-05 4.32759e-05 -1.8393e-05 1 0.000661999 -4.32516e-05 -0.000662 1 -0.000454005 -0.0711753 0.00735309
FixedParameters: 0 0 0

#Transform 19
Transform: AffineTransform_float_3_3
Parameters: 1 0.000101205 8.16351e-06 -0.000101215 1 0.000647999 -8.03234e-06 -0.000648001 1 0.000758705 -0.0370716 0.0264289
FixedParameters: 0 0 0

#Transform 20
Transform: AffineTransform_float_3_3
Parameters: 1 1.83424e-05 4.3273e-05 -1.83863e-05 1 0.000507999 -4.32544e-05 -0.000508001 1 -0.000452467 -0.0132429 0.0183236
FixedParameters: 0 0 0

#Transform 21
Transform: AffineTransform_float_3_3
Parameters: 1 1.83752e-05 4.32591e-05 -1.83535e-05 1 -0.000250001 -4.32683e-05 0.000249999 1 -0.000455155 0.0518503 -0.0714279
FixedParameters: 0 0 0

#Transform 22
Transform: AffineTransform_float_3_3
Parameters: 1 -8.47325e-05 -0.000199773 8.48448e-05 1 0.000280983 0.000199726 -0.000281017 1 0.00178547 -0.000998579 -0.0214488
FixedParameters: 0 0 0

#Transform 23
Transform: AffineTransform_float_3_3
Parameters: 1 0.000131783 0.000311251 -0.000132351 0.999999 0.000912958 -0.00031101 -0.00091304 0.999999 -0.0029373 -0.0664411 0.0484667
FixedParameters: 0 0 0

#Transform 24
Transform: AffineTransform_float_3_3
Parameters: 1 0.000106034 0.000250481 -0.000106524 1 0.000978974 -0.000250273 -0.000979028 1 -0.00237205 -0.0302729 0.0618883
FixedParameters: 0 0 0

#Transform 25
Transform: AffineTransform_float_3_3
Parameters: 1 -9.82564e-05 0.000436993 9.77948e-05 1 0.000528043 -0.000437096 -0.000527957 1 -0.00659476 -0.0165717 0.0610327
FixedParameters: 0 0 0

#Transform 26
Transform: AffineTransform_float_3_3
Parameters: 1 -4.49661e-05 -0.000105844 4.4902e-05 1 -0.000303005 0.000105872 0.000302995 1 0.00102497 0.0420897 -7.47753e-05
FixedParameters: 0 0 0

#Transform 27
Transform: AffineTransform_float_3_3
Parameters: 1 -4.49661e-05 -0.000105844 4.4902e-05 1 -0.000303005 0.000105872 0.000302995 1 0.00102634 0.0569649 -0.0193357
FixedParameters: 0 0 0

#Transform 28
Transform: AffineTransform_float_3_3
Parameters: 1 -4.49268e-05 -0.000105861 4.49414e-05 1 6.89952e-05 0.000105855 -6.90048e-05 1 0.00102061 -0.0281661 0.0708859
FixedParameters: 0 0 0

#Transform 29
Transform: AffineTransform_float_3_3
Parameters: 1 3.23725e-05 7.64265e-05 -3.24888e-05 0.999999 0.000760997 -7.63772e-05 -0.000761002 0.999999 -0.000699301 -0.00705006 0.0512382
FixedParameters: 0 0 0

#Transform 30
Transform: AffineTransform_float_3_3
Parameters: 1 -4.49419e-05 -0.000105855 4.49262e-05 1 -7.40048e-05 0.000105861 7.39952e-05 1 0.00102368 0.0326502 0.0160961
FixedParameters: 0 0 0

#Transform 31
Transform: AffineTransform_float_3_3
Parameters: 1 -0.00023917 -2.33143e-05 0.000239151 1 -0.000416006 2.35133e-05 0.000415994 1 -0.00172695 0.0705793 0.00145047
FixedParameters: 0 0 0

#Transform 32
Transform: AffineTransform_float_3_3
Parameters: 1 -6.6382e-05 -0.000156504 6.64665e-05 1 0.00026999 0.000156468 -0.00027001 1 0.00146707 -0.00444767 0.0722778
FixedParameters: 0 0 0

#Transform 33
Transform: AffineTransform_float_3_3
Parameters: 1 -4.48831e-05 -0.00010588 4.4985e-05 1 0.000480995 0.000105836 -0.000481005 1 -0.00520369 -0.00507001 0.0733975
FixedParameters: 0 0 0

#Transform 34
Transform: AffineTransform_float_3_3
Parameters: 1 -0.000208774 -3.63635e-05 0.000208794 1 0.000265992 3.62524e-05 -0.000266008 1 0.000853641 0.0420991 -0.0056895
FixedParameters: 0 0 0

#Transform 35
Transform: AffineTransform_float_3_3
Parameters: 1 -0.000304515 4.40973e-06 0.000304518 1 -0.000267999 -4.2465e-06 0.000268001 1 0.00469487 0.0878699 -0.0160279
FixedParameters: 0 0 0

#Transform 36
Transform: AffineTransform_float_3_3
Parameters: 1 -0.000133268 -6.84149e-05 0.000132417 1 0.000502991 6.8672e-05 -0.000503009 1 -0.000185983 0.00908338 0.0830658
FixedParameters: 0 0 0

#Transform 37
Transform: AffineTransform_float_3_3
Parameters: 1 -4.4861e-05 -0.000105889 4.50071e-05 1 0.000689995 0.000105827 -0.000690004 1 -0.00679689 0.0161713 0.132338
FixedParameters: 0 0 0

#Transform 38
Transform: AffineTransform_float_3_3
Parameters: 1 -0.000213384 -3.43705e-05 0.000213389 1 7.59927e-05 3.4338e-05 -7.60073e-05 1 -0.0013775 0.0657265 0.0279474
FixedParameters: 0 0 0

#Transform 39
Transform: AffineTransform_float_3_3
Parameters: 1 -0.000308063 -0.000211478 0.00030814 1 0.000182935 0.000211366 -0.000183065 1 0.000131799 0.112187 0.0116388
FixedParameters: 0 0 0

#Transform 40
Transform: AffineTransform_float_3_3
Parameters: 1 -0.000118914 -1.15476e-05 0.000119326 0.999999 0.000887998 1.22566e-05 -0.000888001 0.999999 -0.000910723 0.00655603 0.110057
FixedParameters: 0 0 0

#Transform 41
Transform: AffineTransform_float_3_3
Parameters: 1 -0.000154095 0.000141293 0.000155193 0.999999 0.000757022 -0.000140997 -0.000756978 0.999999 -0.00671534 0.0265587 0.125562
FixedParameters: 0 0 0

#Transform 42
Transform: AffineTransform_float_3_3
Parameters: 1 -4.4943e-05 -0.000105854 4.49252e-05 1 -8.40048e-05 0.000105862 8.39952e-05 1 0.0120971 0.0714888 0.0424541
FixedParameters: 0 0 0

#Transform 43
Transform: AffineTransform_float_3_3
Parameters: 1 -0.000193808 -0.000456568 0.000193798 1 -1.10885e-05 0.000456572 1.09115e-05 1 0.00426088 0.103655 0.0643906
FixedParameters: 0 0 0

#Transform 44
Transform: AffineTransform_float_3_3
Parameters: 1 -4.48579e-05 -0.00010589 4.50102e-05 0.999999 0.000718995 0.000105826 -0.000719004 0.999999 0.00101343 -0.00788714 0.130085
FixedParameters: 0 0 0

#Transform 45
Transform: AffineTransform_float_3_3
Parameters: 1 -0.000114611 2.68388e-05 0.000114575 1 0.000662003 -2.69906e-05 -0.000661997 1 -0.00143435 0.0475008 0.0908592
FixedParameters: 0 0 0

#Transform 46
Transform: AffineTransform_float_3_3
Parameters: 1 -0.000399626 -5.85182e-05 0.00039963 1 3.59766e-05 5.84894e-05 -3.60234e-05 1 0.00864118 0.118922 0.0106437
FixedParameters: 0 0 0

#Transform 47
Transform: AffineTransform_float_3_3
Parameters: 1 -0.000274012 -7.49832e-05 0.000274071 1 0.000391979 7.47684e-05 -0.00039202 1 0.00776027 0.06654 0.0798638
FixedParameters: 0 0 0

#Transform 48
Transform: AffineTransform_float_3_3
Parameters: 1 -0.000221657 -3.09365e-05 0.000221685 1 0.000445993 3.07388e-05 -0.000446007 1 -0.00151998 0.0405492 0.128259
FixedParameters: 0 0 0

#Transform 49
Transform: AffineTransform_float_3_3
Parameters: 1 -0.000278741 -6.68093e-06 0.000278744 1 0.000245998 6.54379e-06 -0.000246002 1 -0.0023634 0.0758225 0.0740783
FixedParameters: 0 0 0

#Transform 50
Transform: AffineTransform_float_3_3
Parameters: 1 -0.000228109 -2.81461e-05 0.00022812 1 0.000190994 2.8059e-05 -0.000191006 1 0.0149311 0.140791 0.00365334
FixedParameters: 0 0 0

#Transform 51
Transform: AffineTransform_float_3_3
Parameters: 1 -9.18157e-05 -8.59993e-05 9.19439e-05 0.999999 0.000745992 8.58622e-05 -0.000746007 0.999999 0.0125709 0.0491209 0.0940368
FixedParameters: 0 0 0

#Transform 52
Transform: AffineTransform_float_3_3
Parameters: 1 -4.47874e-05 -0.00010592 4.50807e-05 0.999999 0.001385 0.000105796 -0.001385 0.999999 0.011854 0.041755 0.112699
FixedParameters: 0 0 0

#Transform 53
Transform: AffineTransform_float_3_3
Parameters: 1 -0.000278622 6.27051e-05 0.000278948 1 0.000519017 -6.2074e-05 -0.000518983 1 0.0127753 0.0944096 0.0426894
FixedParameters: 0 0 0

#Transform 54
Transform: AffineTransform_float_3_3
Parameters: 1 -0.000188927 0.000125696 0.000188797 1 0.000519024 -0.000125892 -0.000518976 1 0.0115255 0.121815 0.058876
FixedParameters: 0 0 0

#Transform 55
Transform: AffineTransform_float_3_3
Parameters: 1 -0.000156757 0.000111961 0.000156531 0.999999 0.00100602 -0.000112276 -0.00100598 0.999999 0.00514678 0.0282267 0.151011
FixedParameters: 0 0 0

#Transform 56
Transform: AffineTransform_float_3_3
Parameters: 1 -5.77827e-05 -0.000136254 5.78737e-05 1 0.000333992 0.000136215 -0.000334008 1 0.00894775 0.0689621 0.133944
FixedParameters: 0 0 0

#Transform 57
Transform: AffineTransform_float_3_3
Parameters: 1 -0.000330812 -0.000279924 0.00033061 1 -0.000360093 0.000280162 0.000359907 1 0.0179136 0.162191 0.0543604
FixedParameters: 0 0 0

#Transform 58
Transform: AffineTransform_float_3_3
Parameters: 1 -0.000128026 -0.000301982 0.000128294 1 0.000443961 0.000301869 -0.000444039 1 0.0164106 0.0853479 0.116841
FixedParameters: 0 0 0

#Transform 59
Transform: AffineTransform_float_3_3
Parameters: 1 -9.55667e-05 -0.000225592 9.58914e-05 0.999999 0.000719978 0.000225455 -0.000720021 0.999999 0.0107404 0.0574997 0.163768
FixedParameters: 0 0 0

#Transform 60
Transform: AffineTransform_float_3_3
Parameters: 1 -0.000205109 -0.000109578 0.000205123 1 6.49775e-05 0.000109551 -6.50225e-05 1 0.0123663 0.0895081 0.111266
FixedParameters: 0 0 0

#Transform 61
Transform: AffineTransform_float_3_3
Parameters: 1 -0.000407947 -0.000247364 0.00040812 1 0.000349899 0.000247079 -0.000350101 1 0.0108624 0.162237 0.0415273
FixedParameters: 0 0 0

#Transform 62
Transform: AffineTransform_float_3_3
Parameters: 1 -0.000125993 -0.000297413 0.000126419 0.999999 0.000715962 0.000297233 -0.000716037 0.999999 0.0115595 0.0758433 0.142441
FixedParameters: 0 0 0

#Transform 63
Transform: AffineTransform_float_3_3
Parameters: 1 -0.000271379 -0.000305423 0.000271299 0.999999 0.00137592 0.000305067 -0.00137608 0.999999 0.00156639 0.0650968 0.193404
FixedParameters: 0 0 0

#Transform 64
Transform: AffineTransform_float_3_3
Parameters: 1 -9.12751e-05 -0.000215464 9.1587e-05 0.999999 0.00072398 0.000215332 -0.000724019 0.999999 0.0182696 0.0910688 0.115714
FixedParameters: 0 0 0

#Transform 65
Transform: AffineTransform_float_3_3
Parameters: 1 -0.000423289 5.45191e-05 0.000423234 1 0.000504023 -5.49457e-05 -0.000503977 1 0.0117954 0.16003 0.0291676
FixedParameters: 0 0 0

#Transform 66
Transform: AffineTransform_float_3_3
Parameters: 1 -0.000365529 -0.000186226 0.000366268 1 0.000931572 0.000186465 -0.000932428 0.999999 0.0147664 0.0727488 0.14451
FixedParameters: 0 0 0

#Transform 67
Transform: AffineTransform_float_3_3
Parameters: 1 -0.000231082 -0.000322395 0.000231511 1 0.000664925 0.000322088 -0.000665074 0.999999 0.0114083 0.0908207 0.159564
FixedParameters: 0 0 0

#Transform 68
Transform: AffineTransform_float_3_3
Parameters: 1 -0.000490522 -0.000203503 0.000490508 1 -3.40998e-05 0.000203536 3.39002e-05 1 0.0204608 0.165902 0.0802756
FixedParameters: 0 0 0

#Transform 69
Transform: AffineTransform_float_3_3
Parameters: 1 -0.000189358 -0.000446507 0.000189651 1 0.000328915 0.000446382 -0.000329084 1 0.0241495 0.136015 0.125614
FixedParameters: 0 0 0

#Transform 70
Transform: AffineTransform_float_3_3
Parameters: 1 -0.0001174 -0.000277161 0.00011782 0.999999 0.000757967 0.000276983 -0.000758032 0.999999 0.0115281 0.0880563 0.198159
FixedParameters: 0 0 0

#Transform 71
Transform: AffineTransform_float_3_3
Parameters: 1 0.000137469 -2.66908e-05 -0.000137412 1 0.001053 2.69802e-05 -0.001053 1 0.00138935 0.0958668 0.208042
FixedParameters: 0 0 0

#Transform 72
Transform: AffineTransform_float_3_3
Parameters: 1 0.000248591 0.000118859 -0.000248767 0.999995 0.00296997 -0.000118693 -0.00297003 0.999995 -0.0143455 0.0430205 0.291518
FixedParameters: 0 0 0

#Transform 73
Transform: AffineTransform_float_3_3
Parameters: 1 -0.000121792 -0.000288333 0.000121885 0.999999 0.00175797 0.000288295 -0.00175804 0.999999 0.00254773 0.159354 0.282733
FixedParameters: 0 0 0

#Transform 74
Transform: AffineTransform_float_3_3
Parameters: 1 -0.000301462 -0.000212402 0.000301212 0.999998 0.00157894 0.000211841 -0.00157906 0.999998 2.25023e-05 0.186809 0.264592
FixedParameters: 0 0 0

#Transform 75
Transform: AffineTransform_float_3_3
Parameters: 1 -0.000170084 1.13383e-05 0.000170081 1 0.000124002 -1.13805e-05 -0.000123998 1 0.0144997 0.200031 0.150949
FixedParameters: 0 0 0

#Transform 76
Transform: AffineTransform_float_3_3
Parameters: 1 -0.000379905 -0.000179 0.000379254 0.999999 0.000753932 0.000178818 -0.000754067 0.999999 0.0154643 0.166419 0.201047
FixedParameters: 0 0 0

#Transform 77
Transform: AffineTransform_float_3_3
Parameters: 1 -0.000121948 -0.000288267 0.000122649 1 0.00121597 0.000287969 -0.00121604 0.999999 0.00856332 0.0915963 0.278227
FixedParameters: 0 0 0

#Transform 78
Transform: AffineTransform_float_3_3
Parameters: 1 -0.000122027 -0.000288233 0.00012257 0.999999 0.000942964 0.000288002 -0.000943034 0.999999 0.0104993 0.141732 0.229192
FixedParameters: 0 0 0

#Transform 79
Transform: AffineTransform_float_3_3
Parameters: 1 -0.000212516 -0.000500772 0.000212599 1 8.28935e-05 0.000500737 -8.31064e-05 1 0.0196029 0.228159 0.124369
FixedParameters: 0 0 0

#Transform 80
Transform: AffineTransform_float_3_3
Parameters: 1 -8.30071e-05 -0.00019616 8.34443e-05 1 0.00111498 0.000195975 -0.00111502 1 0.0113187 0.114635 0.228391
FixedParameters: 0 0 0

#Transform 81
Transform: AffineTransform_float_3_3
Parameters: 1 -8.29025e-05 -0.000196204 8.35487e-05 0.999998 0.00164798 0.00019593 -0.00164802 0.999998 0.00169713 0.108557 0.254123
FixedParameters: 0 0 0

#Transform 82
Transform: AffineTransform_float_3_3
Parameters: 1 -0.000152511 -0.000360029 0.00015304 0.999999 0.000734945 0.000359805 -0.000735054 0.999999 0.0177934 0.178622 0.151691
FixedParameters: 0 0 0

#Transform 83
Transform: AffineTransform_float_3_3
Parameters: 1 -8.30281e-05 -0.000196151 8.34234e-05 1 0.00100798 0.000195984 -0.00100802 1 0.0178618 0.201155 0.155326
FixedParameters: 0 0 0

#Transform 84
Transform: AffineTransform_float_3_3
Parameters: 1 -8.29256e-05 -0.000196195 8.35256e-05 0.999999 0.00152998 0.00019594 -0.00153002 0.999999 0.0120025 0.112205 0.281062
FixedParameters: 0 0 0

#Transform 85
Transform: AffineTransform_float_3_3
Parameters: 1 0.000195071 -0.000313879 -0.000194462 1 0.000969701 0.000314257 -0.000970298 0.999999 0.0091633 0.152036 0.240077
FixedParameters: 0 0 0

#Transform 86
Transform: AffineTransform_float_3_3
Parameters: 1 -0.00010677 -0.000397886 0.000107129 1 0.000451957 0.000397789 -0.000452042 1 0.020457 0.208482 0.130028
FixedParameters: 0 0 0

#Transform 87
Transform: AffineTransform_float_3_3
Parameters: 1 -0.000369451 -0.000530927 0.000370068 1 0.000580803 0.000530497 -0.000581196 0.999999 0.017732 0.175952 0.198252
FixedParameters: 0 0 0

#Transform 88
Transform: AffineTransform_float_3_3
Parameters: 1 -0.000210543 -0.000331158 0.000210628 0.999999 0.00151793 0.000330909 -0.00151807 0.999999 0.0148677 0.118687 0.274496
FixedParameters: 0 0 0

#Transform 89
Transform: AffineTransform_float_3_3
Parameters: 1 -0.000313002 -0.00055489 0.000313296 1 0.00109483 0.000554595 -0.00109517 0.999999 0.0164143 0.147066 0.253633
FixedParameters: 0 0 0

#Transform 90
Transform: AffineTransform_float_3_3
Parameters: 1 -0.000346574 -0.000540591 0.00034692 1 0.000319812 0.000540369 -0.000320187 1 0.0223184 0.232642 0.181161
FixedParameters: 0 0 0

#Transform 91
Transform: AffineTransform_float_3_3
Parameters: 1 -0.000308531 -0.000556764 0.000308562 0.999999 0.000854188 0.000556628 -0.000853812 1 0.0209135 0.163583 0.238555
FixedParameters: 0 0 0

#Transform 92
Transform: AffineTransform_float_3_3
Parameters: 1 -0.000334109 -0.000545972 0.000335452 0.999999 0.00123082 0.000545148 -0.00123118 0.999999 0.0200822 0.134603 0.287902
FixedParameters: 0 0 0

#Transform 93
Transform: AffineTransform_float_3_3
Parameters: 1 -0.00041375 -0.000512114 0.000413218 1 0.000378788 0.000512191 -0.000379212 1 0.0228757 0.175028 0.229799
FixedParameters: 0 0 0

#Transform 94
Transform: AffineTransform_float_3_3
Parameters: 1 -0.000395049 -0.000465778 0.000395607 0.999999 0.000599816 0.000465304 -0.000600184 0.999999 0.0319704 0.237075 0.160875
FixedParameters: 0 0 0

#Transform 95
Transform: AffineTransform_float_3_3
Parameters: 1 -0.000338056 -0.00054425 0.000337949 0.999999 0.000747816 0.000544135 -0.000748184 0.999999 0.0211589 0.149947 0.244277
FixedParameters: 0 0 0

#Transform 96
Transform: AffineTransform_float_3_3
Parameters: 1 -0.000403974 -0.000454539 0.000405144 0.999999 0.00128782 0.000453497 -0.00128818 0.999999 0.0193551 0.155632 0.261437
FixedParameters: 0 0 0

#Transform 97
Transform: AffineTransform_float_3_3
Parameters: 1 -0.000369418 -0.00053095 0.000370102 1 0.000644651 0.000530474 -0.000644348 0.999999 0.0322814 0.204405 0.185209
FixedParameters: 0 0 0

#Transform 98
Transform: AffineTransform_float_3_3
Parameters: 1 -0.000430131 -0.000505249 0.000430895 0.999999 0.000755782 0.000504598 -0.000756217 0.999999 0.0276946 0.205237 0.209618
FixedParameters: 0 0 0

#Transform 99
Transform: AffineTransform_float_3_3
Parameters: 0.999999 -0.000426462 -0.000735002 0.000427458 0.999998 0.00193153 0.000734134 -0.00193147 0.999997 0.0228078 0.152545 0.297015
FixedParameters: 0 0 0

#Transform 100
Transform: AffineTransform_float_3_3
Parameters: 1 -0.000211961 -0.000147107 0.000212456 0.999998 0.00168697 0.000146391 -0.00168703 0.999998 0.0170173 0.162241 0.285424
FixedParameters: 0 0 0

#Transform 101
Transform: AffineTransform_float_3_3
Parameters: 1 -0.000447678 -0.000497792 0.000447407 0.999999 0.000652777 0.000497599 -0.000653222 0.999999 0.0317536 0.238787 0.167168
FixedParameters: 0 0 0

#Transform 102
Transform: AffineTransform_float_3_3
Parameters: 1 -0.000402503 -0.000516953 0.000403292 0.999999 0.000763791 0.000516338 -0.000764207 0.999999 0.037863 0.193942 0.234392
FixedParameters: 0 0 0

#Transform 103
Transform: AffineTransform_float_3_3
Parameters: 0.999999 -0.000371498 -0.000608308 0.000372738 1 0.00101977 0.000607549 -0.00102023 1 0.0273519 0.15602 0.266244
FixedParameters: 0 0 0

#Transform 104
Transform: AffineTransform_float_3_3
Parameters: 1 -0.000396034 -0.000519701 0.000395954 0.999999 0.000808794 0.000519451 -0.000809205 0.999999 0.0328488 0.202618 0.213072
FixedParameters: 0 0 0

#Transform 105
Transform: AffineTransform_float_3_3
Parameters: 1 -0.000429479 -0.000505411 0.000429706 1 0.000223783 0.000505218 -0.000224217 1 0.03173 0.245981 0.19414
FixedParameters: 0 0 0

#Transform 106
Transform: AffineTransform_float_3_3
Parameters: 1 -0.000429024 -0.000505798 0.000430161 1 0.00112478 0.000504831 -0.00112522 0.999999 0.0198538 0.153025 0.247693
FixedParameters: 0 0 0

#Transform 107
Transform: AffineTransform_float_3_3
Parameters: 1 -0.000429217 -0.000505633 0.000429967 0.999999 0.000741782 0.000504996 -0.000742216 0.999999 0.0198555 0.155042 0.280349
FixedParameters: 0 0 0

#Transform 108
Transform: AffineTransform_float_3_3
Parameters: 1 -0.000397801 -0.000430885 0.000398086 1 0.000329828 0.000430622 -0.000330171 1 0.0291784 0.242946 0.172347
FixedParameters: 0 0 0

#Transform 109
Transform: AffineTransform_float_3_3
Parameters: 1 -0.000429012 -0.000505808 0.000430173 0.999999 0.00114778 0.000504821 -0.00114822 0.999999 0.0198309 0.209298 0.245209
FixedParameters: 0 0 0

#Transform 110
Transform: AffineTransform_float_3_3
Parameters: 0.999999 -0.000459273 -0.000577748 0.000460338 0.999999 0.00137973 0.00057779 -0.00138027 0.999999 0.0205197 0.155806 0.33267
FixedParameters: 0 0 0

#Transform 111
Transform: AffineTransform_float_3_3
Parameters: 1 -0.000429393 -0.000505484 0.000429792 1 0.000393783 0.000505145 -0.000394217 1 0.0374922 0.221535 0.22838
FixedParameters: 0 0 0

#Transform 112
Transform: AffineTransform_float_3_3
Parameters: 1 -0.000429467 -0.000505422 0.000429718 1 0.000248783 0.000505208 -0.000249217 1 0.0366599 0.271638 0.196128
FixedParameters: 0 0 0

#Transform 113
Transform: AffineTransform_float_3_3
Parameters: 1 -0.00042903 -0.000505793 0.000430155 1 0.00111378 0.000504836 -0.00111422 1 0.0318179 0.180724 0.261617
FixedParameters: 0 0 0

#Transform 114
Transform: AffineTransform_float_3_3
Parameters: 1 -0.0002373 -5.26678e-05 0.000237406 1 0.00101699 5.2185e-05 -0.00101701 1 0.0250946 0.168864 0.281514
FixedParameters: 0 0 0

#Transform 115
Transform: AffineTransform_float_3_3
Parameters: 1 -0.000385672 -0.00040237 0.000385989 1 0.000393845 0.000402066 -0.000394155 1 0.0368568 0.273913 0.179512
FixedParameters: 0 0 0

#Transform 116
Transform: AffineTransform_float_3_3
Parameters: 0.999999 -0.000475315 -0.000614231 0.000476082 0.999999 0.000623707 0.000613637 -0.000624291 0.999999 0.0381651 0.241153 0.222481
FixedParameters: 0 0 0

#Transform 117
Transform: AffineTransform_float_3_3
Parameters: 0.999999 -0.000458012 -0.000573827 0.000459001 0.999999 0.000862097 0.000573037 -0.000861903 1 0.0290992 0.177479 0.253948
FixedParameters: 0 0 0

#Transform 118
Transform: AffineTransform_float_3_3
Parameters: 1 -0.000371171 -0.000368363 0.000371576 1 0.000548863 0.000367955 -0.000549136 1 0.03484 0.231266 0.210664
FixedParameters: 0 0 0

#Transform 119
Transform: AffineTransform_float_3_3
Parameters: 0.999999 -0.000551373 -0.0007926 0.000551628 1 0.000160563 0.000792423 -0.000161437 0.999999 0.0348871 0.2909 0.181268
FixedParameters: 0 0 0

#Transform 120
Transform: AffineTransform_float_3_3
Parameters: 0.999999 -0.000551041 -0.000792832 0.00055196 1 0.000579922 0.000792192 -0.000580077 1 0.0314741 0.218252 0.220401
FixedParameters: 0 0 0

#Transform 121
Transform: AffineTransform_float_3_3
Parameters: 0.999999 -0.000398676 -0.000597871 0.000398811 0.999999 0.000883121 0.000597557 -0.000882879 1 0.0213074 0.180951 0.249199
FixedParameters: 0 0 0

#Transform 122
Transform: AffineTransform_float_3_3
Parameters: 0.999999 -0.000454838 -0.00056527 0.000455142 1 0.000268743 0.000565025 -0.000269257 1 0.0317803 0.241212 0.197594
FixedParameters: 0 0 0

#Transform 123
Transform: AffineTransform_float_3_3
Parameters: 1 -0.000441113 -0.000533096 0.000441515 1 0.000376765 0.000532763 -0.000377235 1 0.0335177 0.27292 0.179876
FixedParameters: 0 0 0

#Transform 124
Transform: AffineTransform_float_3_3
Parameters: 0.999999 -0.000462601 -0.000584949 0.00046379 1 0.00101673 0.000584007 -0.00101727 1 0.020521 0.193116 0.261944
FixedParameters: 0 0 0

#Transform 125
Transform: AffineTransform_float_3_3
Parameters: 0.999999 -0.000455958 -0.000569307 0.000457148 1 0.00104574 0.000568352 -0.00104626 1 0.0203601 0.214446 0.281011
FixedParameters: 0 0 0

#Transform 126
Transform: AffineTransform_float_3_3
Parameters: 1 -0.000411113 -0.000462153 0.000411343 1 0.00024881 0.000461948 -0.00024919 1 0.0353365 0.27138 0.165826
FixedParameters: 0 0 0

#Transform 127
Transform: AffineTransform_float_3_3
Parameters: 0.999999 -0.000526564 -0.00073715 0.000527847 0.999999 0.00149597 0.000735964 -0.00149603 0.999999 0.0218694 0.24489 0.238455
FixedParameters: 0 0 0

#Transform 128
Transform: AffineTransform_float_3_3
Parameters: 1 -0.000221907 -0.000427319 0.000222233 0.999999 0.0014589 0.000427061 -0.00145909 0.999999 0.0205939 0.182657 0.310086
FixedParameters: 0 0 0

#Transform 129
Transform: AffineTransform_float_3_3
Parameters: 1 -0.000369782 -0.000364506 0.000369839 1 7.78652e-05 0.000364449 -7.81348e-05 1 0.0242006 0.238249 0.234915
FixedParameters: 0 0 0

#Transform 130
Transform: AffineTransform_float_3_3
Parameters: 1 -0.000369782 -0.000364506 0.000369839 1 7.78652e-05 0.000364449 -7.81348e-05 1 0.0276371 0.296704 0.177094
FixedParameters: 0 0 0

#Transform 131
Transform: AffineTransform_float_3_3
Parameters: 1 -0.000369231 -0.000365065 0.000370389 0.999998 0.00158886 0.000363889 -0.00158913 0.999998 0.0184501 0.198045 0.296313
FixedParameters: 0 0 0

#Transform 132
Transform: AffineTransform_float_3_3
Parameters: 1 -0.000462689 -0.000441593 0.000463117 1 0.0010848 0.0004419 -0.00108521 1 0.018733 0.209402 0.281072
FixedParameters: 0 0 0

#Transform 133
Transform: AffineTransform_float_3_3
Parameters: 0.999999 -0.000462796 -0.000584794 0.000463594 0.999999 0.000682729 0.000584161 -0.00068327 0.999999 0.0321622 0.306711 0.19219
FixedParameters: 0 0 0

#Transform 134
Transform: AffineTransform_float_3_3
Parameters: 0.999999 -0.000559029 -0.000813498 0.000560244 0.999999 0.00131339 0.000812418 -0.00131361 0.999998 0.034011 0.229649 0.267753
FixedParameters: 0 0 0

#Transform 135
Transform: AffineTransform_float_3_3
Parameters: 1 -0.000365055 -0.000354823 0.00036597 0.999999 0.00128987 0.00035388 -0.00129013 0.999999 0.0183418 0.203312 0.32228
FixedParameters: 0 0 0

#Transform 136
Transform: AffineTransform_float_3_3
Parameters: 1 -0.000341641 -0.000298243 0.000341715 1 0.000122898 0.000298159 -0.000123102 1 0.033875 0.285119 0.211181
FixedParameters: 0 0 0

#Transform 137
Transform: AffineTransform_float_3_3
Parameters: 0.999999 -0.000594701 -0.00089716 0.000595684 1 0.00106047 0.000896288 -0.00106153 0.999999 0.0379599 0.275085 0.220539
FixedParameters: 0 0 0

#Transform 138
Transform: AffineTransform_float_3_3
Parameters: 0.999999 -0.000520083 -0.000721391 0.000521043 0.999999 0.00130362 0.000720424 -0.00130438 0.999999 0.0217387 0.207796 0.336513
FixedParameters: 0 0 0

#Transform 139
Transform: AffineTransform_float_3_3
Parameters: 1 -0.000383119 -0.00039705 0.000384245 0.999999 0.000926207 0.00039726 -0.000925793 1 0.0187427 0.244687 0.286252
FixedParameters: 0 0 0

#Transform 140
Transform: AffineTransform_float_3_3
Parameters: 0.999999 -0.000570232 -0.000474042 0.000569773 0.999999 0.00048673 0.000473877 -0.00048727 1 0.0335803 0.320634 0.20516
FixedParameters: 0 0 0

#Transform 141
Transform: AffineTransform_float_3_3
Parameters: 0.999999 -0.000506166 -0.000688157 0.000506828 0.999999 0.00114965 0.000687383 -0.00115035 0.999999 0.0238527 0.224671 0.303955
FixedParameters: 0 0 0

#Transform 142
Transform: AffineTransform_float_3_3
Parameters: 0.999999 -0.000453641 -0.000564999 0.000454638 0.999998 0.00169895 0.000563847 -0.00169805 0.999998 0.0202027 0.22611 0.347294
FixedParameters: 0 0 0

#Transform 143
Transform: AffineTransform_float_3_3
Parameters: 1 -0.000723288 -0.00086651 0.000723622 0.999999 0.000723733 0.000865853 -0.000724267 1 0.0218751 0.291412 0.239413
FixedParameters: 0 0 0

#Transform 144
Transform: AffineTransform_float_3_3
Parameters: 0.999999 -0.000675563 -0.000434042 0.000676915 0.999999 0.00110771 0.000433464 -0.00110829 1 0.0165934 0.287834 0.26431
FixedParameters: 0 0 0

#Transform 145
Transform: AffineTransform_float_3_3
Parameters: 0.999999 -0.000561682 -0.00082237 0.000563702 0.999997 0.00234954 0.000820506 -0.00235046 0.999997 0.0123075 0.234773 0.357959
FixedParameters: 0 0 0

#Transform 146
Transform: AffineTransform_float_3_3
Parameters: 0.999999 -0.000706718 -0.000407169 0.00070793 0.999992 0.00393271 0.000404618 -0.00393329 0.999992 0.00961618 0.473497 0.190889
FixedParameters: 0 0 0

#Transform 147
Transform: AffineTransform_float_3_3
Parameters: 1 -0.000833323 -0.000582184 0.000834585 0.999996 0.00278836 0.000580546 -0.00278864 0.999996 0.0176513 0.547612 0.0710793
FixedParameters: 0 0 0

#Transform 148
Transform: AffineTransform_float_3_3
Parameters: 1 -0.000924906 -0.000362913 0.000925329 0.999997 0.00204551 0.000361751 -0.00204549 0.999997 0.0309724 0.284355 0.293777
FixedParameters: 0 0 0

#Transform 149
Transform: AffineTransform_float_3_3
Parameters: 0.999999 -0.000847116 -0.00017875 0.000847353 0.999997 0.00216049 0.0001764 -0.00216151 0.999997 0.0246645 0.288248 0.336298
FixedParameters: 0 0 0

#Transform 150
Transform: AffineTransform_float_3_3
Parameters: 0.999999 -0.000847233 -0.000178192 0.000847236 0.999998 0.00150185 0.000176958 -0.00150215 0.999999 0.0243829 0.362365 0.238921
FixedParameters: 0 0 0

#Transform 151
Transform: AffineTransform_float_3_3
Parameters: 0.999999 -0.00073289 -0.000226885 0.000733294 0.999998 0.00206568 0.000225167 -0.00206532 0.999997 0.0215947 0.306117 0.290781
FixedParameters: 0 0 0

#Transform 152
Transform: AffineTransform_float_3_3
Parameters: 0.999999 -0.000648347 -0.000389721 0.000648766 0.999997 0.00240175 0.000388307 -0.00240225 0.999997 0.0164364 0.264752 0.338428
FixedParameters: 0 0 0

#Transform 153
Transform: AffineTransform_float_3_3
Parameters: 0.999999 -0.000644231 -0.00048108 0.000644632 0.999999 0.00137569 0.000479697 -0.00137631 0.999999 0.0252967 0.331365 0.283666
FixedParameters: 0 0 0

#Transform 154
Transform: AffineTransform_float_3_3
Parameters: 1 -0.000615111 -0.000319623 0.000615387 0.999999 0.00126165 0.000319382 -0.00126135 0.999999 0.0331407 0.364751 0.231903
FixedParameters: 0 0 0

#Transform 155
Transform: AffineTransform_float_3_3
Parameters: 0.999999 -0.00059614 -0.000388742 0.000596722 0.999998 0.00193677 0.000386822 -0.00193723 0.999998 0.0293476 0.289842 0.280662
FixedParameters: 0 0 0

#Transform 156
Transform: AffineTransform_float_3_3
Parameters: 0.999999 -0.000655946 -0.000530731 0.000656734 0.999997 0.00211101 0.000529662 -0.00211099 0.999998 0.0364013 0.276225 0.310238
FixedParameters: 0 0 0

#Transform 157
Transform: AffineTransform_float_3_3
Parameters: 1 -0.000513744 -0.000193274 0.000513841 0.999998 0.0016239 0.000192917 -0.0016241 0.999998 0.0368738 0.325709 0.251404
FixedParameters: 0 0 0

#Transform 158
Transform: AffineTransform_float_3_3
Parameters: 0.999999 -0.000658856 -0.000287009 0.000658664 0.999999 0.00127081 0.000285725 -0.00127119 0.999999 0.0331457 0.365175 0.230432
FixedParameters: 0 0 0

#Transform 159
Transform: AffineTransform_float_3_3
Parameters: 0.999999 -0.000617162 -0.000439931 0.000618152 0.999996 0.00277773 0.000438201 -0.00277827 0.999996 0.0346295 0.301473 0.300356
FixedParameters: 0 0 0

#Transform 160
Transform: AffineTransform_float_3_3
Parameters: 1 -0.000475535 -0.000103299 0.000475467 0.999998 0.00224595 0.000102474 -0.00224605 0.999998 0.0315339 0.275531 0.317656
FixedParameters: 0 0 0

#Transform 161
Transform: AffineTransform_float_3_3
Parameters: 0.999999 -0.000753298 -2.81412e-05 0.000752868 0.999998 0.00181798 2.67143e-05 -0.00181802 0.999999 0.0284824 0.349066 0.258533
FixedParameters: 0 0 0

#Transform 162
Transform: AffineTransform_float_3_3
Parameters: 0.999999 -0.000674284 -0.000260278 0.000674805 0.999998 0.00202367 0.00025886 -0.00202333 0.999997 0.0325199 0.363418 0.256098
FixedParameters: 0 0 0

#Transform 163
Transform: AffineTransform_float_3_3
Parameters: 0.999999 -0.000717932 -0.000490689 0.000719901 0.999996 0.00255201 0.000488331 -0.00255199 0.999997 0.0340926 0.300162 0.347244
FixedParameters: 0 0 0

#Transform 164
Transform: AffineTransform_float_3_3
Parameters: 1 -0.000588507 -0.000371624 0.00058898 0.999996 0.00259214 0.000370274 -0.00259186 0.999997 0.0333323 0.32683 0.349063
FixedParameters: 0 0 0

#Transform 165
Transform: AffineTransform_float_3_3
Parameters: 0.999999 -0.0007716 -0.000323207 0.000772176 0.999999 0.0017136 0.000321873 -0.0017134 0.999999 0.0317515 0.392477 0.263785
FixedParameters: 0 0 0

#Transform 166
Transform: AffineTransform_float_3_3
Parameters: 0.999999 -0.000817018 -0.000448246 0.000817803 0.999998 0.00146763 0.000447157 -0.00146837 0.999999 0.0327978 0.399146 0.270087
FixedParameters: 0 0 0

#Transform 167
Transform: AffineTransform_float_3_3
Parameters: 0.999999 -0.000755011 -0.000474806 0.000755544 0.999998 0.00209185 0.000473349 -0.00209115 0.999998 0.0283604 0.308036 0.315089
FixedParameters: 0 0 0

#Transform 168
Transform: AffineTransform_float_3_3
Parameters: 0.999999 -0.000717191 -2.53428e-05 0.000717697 0.999997 0.00239298 2.28296e-05 -0.00239302 0.999997 0.0298572 0.350784 0.258143
FixedParameters: 0 0 0

#Transform 169
Transform: AffineTransform_float_3_3
Parameters: 0.999999 -0.000866968 -3.75117e-05 0.00086787 0.999999 0.00163446 3.65171e-05 -0.00163454 0.999998 0.0308775 0.405526 0.20105
FixedParameters: 0 0 0

#Transform 170
Transform: AffineTransform_float_3_3
Parameters: 0.999999 -0.000880415 -0.000149255 0.000880436 0.999998 0.00185487 0.0001473 -0.00185513 0.999999 0.0294709 0.356231 0.256914
FixedParameters: 0 0 0

#Transform 171
Transform: AffineTransform_float_3_3
Parameters: 1 -0.000553098 -0.0002879 0.000553276 0.999996 0.00283369 0.000286467 -0.00283331 0.999996 0.0322753 0.311974 0.31374
FixedParameters: 0 0 0

#Transform 172
Transform: AffineTransform_float_3_3
Parameters: 0.999999 -0.00080576 -0.000180925 0.000805969 0.999997 0.0020527 0.000178928 -0.0020523 0.999997 0.0288805 0.352406 0.277341
FixedParameters: 0 0 0

#Transform 173
Transform: AffineTransform_float_3_3
Parameters: 0.999999 -0.000694311 -0.000227886 0.000694656 0.999998 0.00192484 0.000226524 -0.00192516 0.999998 0.0331862 0.421426 0.211525
FixedParameters: 0 0 0

#Transform 174
Transform: AffineTransform_float_3_3
Parameters: 0.999999 -0.000898984 -0.000345957 0.000899634 0.999996 0.00247654 0.000344125 -0.00247646 0.999996 0.0249316 0.313326 0.30828
FixedParameters: 0 0 0

#Transform 175
Transform: AffineTransform_float_3_3
Parameters: 1 -0.000553141 -0.000287818 0.000553233 0.999996 0.00268484 0.000286549 -0.00268516 0.999997 0.0268424 0.327996 0.345067
FixedParameters: 0 0 0

#Transform 176
Transform: AffineTransform_float_3_3
Parameters: 0.999999 -0.000694325 -0.000227847 0.000694644 0.999998 0.00186769 0.000226564 -0.00186731 0.999998 0.0320289 0.355259 0.274907
FixedParameters: 0 0 0

#Transform 177
Transform: AffineTransform_float_3_3
Parameters: 0.999999 -0.000927389 -0.000129477 0.000927353 0.999998 0.00192173 0.000127224 -0.00192127 0.999998 0.029106 0.415626 0.232533
FixedParameters: 0 0 0

#Transform 178
Transform: AffineTransform_float_3_3
Parameters: 0.999999 -0.000657764 -0.00053689 0.000659078 0.999995 0.0030705 0.000535859 -0.00307051 0.999995 0.0310768 0.329178 0.330529
FixedParameters: 0 0 0

#Transform 179
Transform: AffineTransform_float_3_3
Parameters: 1 -0.000552979 -0.000288127 0.000553393 0.999994 0.00324484 0.000286239 -0.00324516 0.999994 0.0297497 0.352997 0.351501
FixedParameters: 0 0 0

#Transform 180
Transform: AffineTransform_float_3_3
Parameters: 1 -0.000965513 -0.000401983 0.000966388 0.999998 0.00175161 0.00039991 -0.00175239 0.999999 0.0302762 0.398996 0.24372
FixedParameters: 0 0 0

#Transform 181
Transform: AffineTransform_float_3_3
Parameters: 1 -0.000897254 -0.000569945 0.000898105 0.999997 0.00202234 0.000568016 -0.00202266 0.999997 0.0351684 0.409457 0.29872
FixedParameters: 0 0 0

#Transform 182
Transform: AffineTransform_float_3_3
Parameters: 0.999999 -0.00062076 -0.00044808 0.000621587 0.999996 0.00254472 0.00044662 -0.00254528 0.999996 0.0254723 0.31972 0.385099
FixedParameters: 0 0 0

#Transform 183
Transform: AffineTransform_float_3_3
Parameters: 0.999999 -0.000595269 -0.000387044 0.000595504 0.999997 0.00217998 0.000386151 -0.00217902 0.999998 0.0329392 0.384385 0.317551
FixedParameters: 0 0 0

#Transform 184
Transform: AffineTransform_float_3_3
Parameters: 1 -0.000854125 -0.000533103 0.000855745 0.999996 0.00251654 0.000531422 -0.00251745 0.999996 0.0393208 0.429058 0.247925
FixedParameters: 0 0 0

#Transform 185
Transform: AffineTransform_float_3_3
Parameters: 0.999999 -0.00073807 -0.000582757 0.000740752 0.999991 0.00400957 0.00057984 -0.00401043 0.999992 0.0180398 0.367663 0.389506
FixedParameters: 0 0 0

#Transform 186
Transform: AffineTransform_float_3_3
Parameters: 1 -0.00106584 -0.000444309 0.00106693 0.999995 0.00302438 0.000441792 -0.00302463 0.999995 0.0135427 0.350976 0.39986
FixedParameters: 0 0 0

#Transform 187
Transform: AffineTransform_float_3_3
Parameters: 0.999999 -0.000963659 -0.000164357 0.00096385 0.999998 0.00221369 0.000161401 -0.00221331 0.999998 0.0291402 0.433666 0.275983
FixedParameters: 0 0 0

#Transform 188
Transform: AffineTransform_float_3_3
Parameters: 0.999999 -0.000822457 -0.000389482 0.000822888 0.999995 0.00310268 0.00038739 -0.00310332 0.999995 0.0294867 0.402302 0.340297
FixedParameters: 0 0 0

#Transform 189
Transform: AffineTransform_float_3_3
Parameters: 1 -0.000532055 -0.000238322 0.000532513 0.999995 0.00318887 0.000237549 -0.00318913 0.999995 0.0155148 0.358231 0.393987
FixedParameters: 0 0 0

#Transform 190
Transform: AffineTransform_float_3_3
Parameters: 0.999999 -0.000845603 -0.000435838 0.000847741 0.999997 0.00261848 0.000433636 -0.00261852 0.999997 0.0152564 0.366847 0.399513
FixedParameters: 0 0 0

#Transform 191
Transform: AffineTransform_float_3_3
Parameters: 1 -0.000979522 -0.000245431 0.000980383 0.999997 0.00204561 0.000243654 -0.00204539 0.999997 0.0299083 0.409521 0.328525
FixedParameters: 0 0 0

#Transform 192
Transform: AffineTransform_float_3_3
Parameters: 0.999999 -0.00124503 -0.00023757 0.00124502 0.999999 0.00109655 0.000236151 -0.00109645 0.999999 0.025567 0.462184 0.27515
FixedParameters: 0 0 0

#Transform 193
Transform: AffineTransform_float_3_3
Parameters: 0.999999 -0.000761986 -0.000442598 0.000763367 0.999997 0.00216402 0.000440608 -0.00216398 0.999998 0.0221604 0.376742 0.381015
FixedParameters: 0 0 0

#Transform 194
Transform: AffineTransform_float_3_3
Parameters: 1 -0.000861994 -0.000683493 0.00086509 0.999992 0.00372241 0.000680076 -0.00372359 0.999993 0.0137737 0.37197 0.453716
FixedParameters: 0 0 0

#Transform 195
Transform: AffineTransform_float_3_3
Parameters: 0.999999 -0.000929004 -0.000166898 0.000929547 0.999997 0.00205184 0.000165316 -0.00205215 0.999998 0.0289079 0.411038 0.317534
FixedParameters: 0 0 0

#Transform 196
Transform: AffineTransform_float_3_3
Parameters: 0.999999 -0.0010774 -0.000774279 0.00107883 0.999996 0.00246037 0.000771067 -0.00246063 0.999997 0.0289489 0.423627 0.326441
FixedParameters: 0 0 0

#Transform 197
Transform: AffineTransform_float_3_3
Parameters: 1 -0.000939671 -0.000467192 0.000941097 0.999994 0.00323441 0.000465043 -0.00323459 0.999994 0.0150772 0.351128 0.442973
FixedParameters: 0 0 0

#Transform 198
Transform: AffineTransform_float_3_3
Parameters: 1 -0.000879763 -0.000109962 0.000879264 0.999997 0.00256839 0.000108067 -0.00256861 0.999996 0.0286127 0.37501 0.385231
FixedParameters: 0 0 0

#Transform 199
Transform: AffineTransform_float_3_3
Parameters: 0.999999 -0.000953092 -0.000408081 0.000954344 0.999995 0.00284261 0.000405281 -0.00284339 0.999996 0.0381303 0.448626 0.28398
FixedParameters: 0 0 0

#Transform 200
Transform: AffineTransform_float_3_3
Parameters: 0.999999 -0.000881146 -0.000208549 0.000882715 0.999989 0.00446382 0.000205139 -0.00446418 0.99999 0.00998175 0.396913 0.480457
FixedParameters: 0 0 0

#Transform 201
Transform: AffineTransform_float_3_3
Parameters: 1 -0.00115846 -0.000136242 0.00115898 0.999987 0.0049837 0.000130467 -0.00498331 0.999988 -0.00945911 0.403759 0.56947
FixedParameters: 0 0 0

#Transform 202
Transform: AffineTransform_float_3_3
Parameters: 1 -0.00112682 -0.000176582 0.00112717 0.999995 0.00291729 0.000173549 -0.00291771 0.999995 0.0203583 0.458232 0.423533
FixedParameters: 0 0 0

#Transform 203
Transform: AffineTransform_float_3_3
Parameters: 0.999999 -0.00128234 -0.000321372 0.0012825 0.999995 0.00272344 0.00031832 -0.00272356 0.999996 0.0253116 0.483379 0.401605
FixedParameters: 0 0 0

#Transform 204
Transform: AffineTransform_float_3_3
Parameters: 1 -0.00112764 -0.000176842 0.00112819 0.999993 0.0034918 0.000172507 -0.00349219 0.999994 0.0278869 0.408092 0.491923
FixedParameters: 0 0 0

#Transform 205
Transform: AffineTransform_float_3_3
Parameters: 0.999999 -0.00128355 -0.000464753 0.00128503 0.999993 0.00332341 0.000460149 -0.00332459 0.999995 0.0185406 0.43023 0.496917
FixedParameters: 0 0 0

#Transform 206
Transform: AffineTransform_float_3_3
Parameters: 0.999999 -0.00121773 -0.000178052 0.0012185 0.999996 0.00257027 0.000174022 -0.00257073 0.999996 0.0296554 0.490477 0.417231
FixedParameters: 0 0 0

#Transform 207
Transform: AffineTransform_float_3_3
Parameters: 0.999999 -0.00120131 -0.000443521 0.00120223 0.999995 0.00283931 0.00044063 -0.00283968 0.999995 0.0323429 0.447612 0.453098
FixedParameters: 0 0 0

#Transform 208
Transform: AffineTransform_float_3_3
Parameters: 1 -0.00103637 -0.000432302 0.00103793 0.999993 0.00365755 0.000428648 -0.00365845 0.999993 0.025367 0.420359 0.529254
FixedParameters: 0 0 0

#Transform 209
Transform: AffineTransform_float_3_3
Parameters: 1 -0.00109278 -0.000183218 0.00109314 0.999995 0.0028208 0.000180595 -0.0028212 0.999996 0.0327157 0.465184 0.434536
FixedParameters: 0 0 0

#Transform 210
Transform: AffineTransform_float_3_3
Parameters: 1 -0.00115195 -0.000176498 0.00115272 0.999996 0.0025918 0.000172756 -0.0025922 0.999997 0.0252133 0.517887 0.364115
FixedParameters: 0 0 0

#Transform 211
Transform: AffineTransform_float_3_3
Parameters: 1 -0.00100079 -0.000528749 0.00100233 0.999993 0.00384432 0.000525372 -0.00384468 0.999993 0.0174201 0.417557 0.482644
FixedParameters: 0 0 0

#Transform 212
Transform: AffineTransform_float_3_3
Parameters: 1 -0.00101361 -0.000523499 0.00101528 0.999991 0.00401347 0.00051968 -0.00401453 0.999992 0.024253 0.418155 0.500822
FixedParameters: 0 0 0

#Transform 213
Transform: AffineTransform_float_3_3
Parameters: 0.999999 -0.000985139 6.96392e-05 0.000984962 0.999995 0.00301907 -7.24347e-05 -0.00301893 0.999996 0.0270431 0.48774 0.360974
FixedParameters: 0 0 0

#Transform 214
Transform: AffineTransform_float_3_3
Parameters: 0.999999 -0.00123897 -0.000338124 0.00123962 0.999994 0.00331843 0.000333833 -0.00331857 0.999995 0.0275962 0.506881 0.391586
FixedParameters: 0 0 0

#Transform 215
Transform: AffineTransform_float_3_3
Parameters: 1 -0.00102961 -0.000394668 0.00103156 0.999989 0.00451844 0.000389289 -0.00451855 0.999989 0.0185907 0.432334 0.513962
FixedParameters: 0 0 0

#Transform 216
Transform: AffineTransform_float_3_3
Parameters: 1 -0.00106788 7.82988e-05 0.00106786 0.999991 0.00412209 -8.30296e-05 -0.00412192 0.999992 0.0217102 0.452853 0.419873
FixedParameters: 0 0 0

#Transform 217
Transform: AffineTransform_float_3_3
Parameters: 0.999999 -0.00124573 -0.000235391 0.00124657 0.999994 0.0032422 0.000230853 -0.0032428 0.999994 0.043935 0.528579 0.318742
FixedParameters: 0 0 0

#Transform 218
Transform: AffineTransform_float_3_3
Parameters: 1 -0.00104174 -2.57315e-05 0.00104208 0.999988 0.00497383 2.07516e-05 -0.00497318 0.999988 0.02459 0.455888 0.491699
FixedParameters: 0 0 0

#Transform 219
Transform: AffineTransform_float_3_3
Parameters: 1 -0.00102419 0.000179239 0.00102336 0.999987 0.00512467 -0.000184739 -0.00512433 0.999986 0.0220782 0.450975 0.507286
FixedParameters: 0 0 0

#Transform 220
Transform: AffineTransform_float_3_3
Parameters: 0.999999 -0.00136314 -0.000378253 0.00136452 0.999994 0.00343298 0.000373742 -0.00343403 0.999994 0.0430731 0.513132 0.337704
FixedParameters: 0 0 0

#Transform 221
Transform: AffineTransform_float_3_3
Parameters: 0.999999 -0.00136805 -0.00061132 0.00137048 0.99999 0.00416801 0.000606461 -0.00416898 0.999991 0.0427324 0.514992 0.377219
FixedParameters: 0 0 0

#Transform 222
Transform: AffineTransform_float_3_3
Parameters: 0.999999 -0.00118306 -0.000380318 0.00118468 0.999983 0.00566719 0.000373453 -0.00566881 0.999984 0.0230292 0.458307 0.492209
FixedParameters: 0 0 0

#Transform 223
Transform: AffineTransform_float_3_3
Parameters: 1 -0.0012185 -3.6954e-05 0.00121977 0.999984 0.0055236 3.07099e-05 -0.0055244 0.999985 0.0226078 0.497151 0.509008
FixedParameters: 0 0 0

#Transform 224
Transform: AffineTransform_float_3_3
Parameters: 0.999999 -0.00139322 -0.000450612 0.00139539 0.999992 0.00375923 0.000444982 -0.00375978 0.999993 0.0416891 0.538364 0.390575
FixedParameters: 0 0 0

#Transform 225
Transform: AffineTransform_float_3_3
Parameters: 0.999999 -0.00134541 -0.000340378 0.00134773 0.999984 0.00542839 0.000332844 -0.0054286 0.999985 0.0223025 0.520678 0.546938
FixedParameters: 0 0 0

#Transform 226
Transform: AffineTransform_float_3_3
Parameters: 0.999999 -0.00145484 -0.000496582 0.00145821 0.999983 0.00571213 0.000487418 -0.00571287 0.999984 0.0232492 0.500511 0.60033
FixedParameters: 0 0 0

#Transform 227
Transform: AffineTransform_float_3_3
Parameters: 0.999999 -0.00132976 -0.000590951 0.00133249 0.999989 0.00457206 0.000585334 -0.00457294 0.999989 0.0419871 0.537268 0.502549
FixedParameters: 0 0 0

#Transform 228
Transform: AffineTransform_float_3_3
Parameters: 0.999998 -0.00141106 -0.00077492 0.0014147 0.999988 0.00466812 0.000768675 -0.00466888 0.999989 0.0429636 0.586579 0.466443
FixedParameters: 0 0 0

#Transform 229
Transform: AffineTransform_float_3_3
Parameters: 0.999998 -0.00158352 -0.000458548 0.0015865 0.999984 0.00532813 0.000450053 -0.00532887 0.999986 0.0197114 0.499014 0.633582
FixedParameters: 0 0 0

#Transform 230
Transform: AffineTransform_float_3_3
Parameters: 0.999999 -0.00152719 -0.000323869 0.00152966 0.999985 0.00533936 0.000315553 -0.00533964 0.999986 0.0149943 0.561047 0.682434
FixedParameters: 0 0 0

#Transform 231
Transform: AffineTransform_float_3_3
Parameters: 0.999999 -0.00152559 -0.00031768 0.00152788 0.999989 0.00430637 0.000311226 -0.00430663 0.999991 0.0450147 0.589384 0.5707
FixedParameters: 0 0 0

#Transform 232
Transform: AffineTransform_float_3_3
Parameters: 0.999999 -0.00153838 -0.000347991 0.00153957 0.99999 0.00422796 0.000341142 -0.00422904 0.999991 0.0415979 0.65763 0.564649
FixedParameters: 0 0 0

#Transform 233
Transform: AffineTransform_float_3_3
Parameters: 0.999998 -0.00154379 -0.0003635 0.00154574 0.999985 0.00531329 0.00035548 -0.00531371 0.999986 0.0289978 0.554042 0.642634
FixedParameters: 0 0 0

#Transform 234
Transform: AffineTransform_float_3_3
Parameters: 0.999998 -0.00159332 -0.000481103 0.00159584 0.999986 0.00500893 0.000472605 -0.00500906 0.999987 0.0257162 0.55472 0.63736
FixedParameters: 0 0 0

#Transform 235
Transform: AffineTransform_float_3_3
Parameters: 0.999998 -0.00163286 -0.000572746 0.00163577 0.99999 0.00407476 0.000565591 -0.00407523 0.999991 0.0452028 0.609782 0.579475
FixedParameters: 0 0 0

#Transform 236
Transform: AffineTransform_float_3_3
Parameters: 0.999998 -0.0019244 -0.00086121 0.00192759 0.99999 0.00394304 0.000852964 -0.00394496 0.999992 0.046174 0.600758 0.568257
FixedParameters: 0 0 0

#Transform 237
Transform: AffineTransform_float_3_3
Parameters: 0.999999 -0.00150659 -0.000272741 0.00150858 0.999989 0.00447108 0.000265954 -0.00447192 0.99999 0.0346733 0.55744 0.63479
FixedParameters: 0 0 0

#Transform 238
Transform: AffineTransform_float_3_3
Parameters: 0.999999 -0.00150484 -0.000267103 0.00150604 0.999992 0.00378845 0.000261471 -0.00378855 0.999993 0.0333509 0.563699 0.629335
FixedParameters: 0 0 0

#Transform 239
Transform: AffineTransform_float_3_3
Parameters: 0.999999 -0.00167667 -0.000674838 0.00167908 0.999993 0.00336956 0.000668774 -0.00337043 0.999993 0.0447332 0.637963 0.57332
FixedParameters: 0 0 0

#Transform 240
Transform: AffineTransform_float_3_3
Parameters: 0.999999 -0.00170154 -0.000735517 0.00170448 0.999991 0.00381645 0.000729072 -0.00381755 0.999992 0.0366043 0.578267 0.627049
FixedParameters: 0 0 0

#Transform 241
Transform: AffineTransform_float_3_3
Parameters: 0.999998 -0.00157516 -0.00038548 0.00157751 0.999988 0.00483873 0.00037731 -0.00483927 0.999988 0.0406663 0.569893 0.660863
FixedParameters: 0 0 0

#Transform 242
Transform: AffineTransform_float_3_3
Parameters: 0.999999 -0.00146184 -0.000366981 0.00146405 0.99999 0.00414731 0.00036062 -0.00414768 0.999991 0.0456779 0.600622 0.612693
FixedParameters: 0 0 0

#Transform 243
Transform: AffineTransform_float_3_3
Parameters: 0.999999 -0.00177893 -0.000495403 0.00178068 0.999992 0.00352982 0.000489003 -0.00353018 0.999994 0.048673 0.657442 0.54609
FixedParameters: 0 0 0

#Transform 244
Transform: AffineTransform_float_3_3
Parameters: 0.999998 -0.0015289 -0.000543074 0.00153102 0.999989 0.00441787 0.000536111 -0.00441813 0.999989 0.0492097 0.579889 0.598564
FixedParameters: 0 0 0

#Transform 245
Transform: AffineTransform_float_3_3
Parameters: 0.999999 -0.00115342 -0.000569916 0.00115615 0.999986 0.00509419 0.000563786 -0.0050948 0.999986 0.0484644 0.566362 0.604786
FixedParameters: 0 0 0

#Transform 246
Transform: AffineTransform_float_3_3
Parameters: 0.999999 -0.00125263 -0.000620802 0.00125578 0.999991 0.00426408 0.00061535 -0.00426493 0.999991 0.0499773 0.601615 0.549998
FixedParameters: 0 0 0

#Transform 247
Transform: AffineTransform_float_3_3
Parameters: 0.999999 -0.00165613 -0.000590439 0.00165858 0.999992 0.00355287 0.000584825 -0.00355413 0.999994 0.0489147 0.638655 0.46731
FixedParameters: 0 0 0

#Transform 248
Transform: AffineTransform_float_3_3
Parameters: 0.999999 -0.00169594 -0.000624076 0.00169852 0.999988 0.00463665 0.000616203 -0.00463736 0.999989 0.0504199 0.577788 0.522893
FixedParameters: 0 0 0

#Transform 249
Transform: AffineTransform_float_3_3
Parameters: 0.999999 -0.00123703 -0.000366025 0.00123914 0.999985 0.00528655 0.000359099 -0.00528744 0.999986 0.0456212 0.545608 0.607107
FixedParameters: 0 0 0

#Transform 250
Transform: AffineTransform_float_3_3
Parameters: 0.999999 -0.00141012 -0.000140348 0.00141137 0.99999 0.00415365 0.000134013 -0.00415334 0.999991 0.0466838 0.583351 0.549227
FixedParameters: 0 0 0

#Transform 251
Transform: AffineTransform_float_3_3
Parameters: 0.999998 -0.00186062 -0.000746219 0.00186309 0.999992 0.00344231 0.000739955 -0.00344369 0.999994 0.0599276 0.665295 0.476195
FixedParameters: 0 0 0

#Transform 252
Transform: AffineTransform_float_3_3
Parameters: 0.999998 -0.00163277 -0.000539372 0.00163464 0.99999 0.00422282 0.00053213 -0.00422318 0.999991 0.0502898 0.587762 0.546946
FixedParameters: 0 0 0

#Transform 253
Transform: AffineTransform_float_3_3
Parameters: 0.999999 -0.00157932 -0.000608509 0.00158231 0.999986 0.00510489 0.000600235 -0.00510611 0.999987 0.0464272 0.558879 0.606544
FixedParameters: 0 0 0

#Transform 254
Transform: AffineTransform_float_3_3
Parameters: 0.999999 -0.00147396 -0.000171137 0.00147496 0.99999 0.00422224 0.000165381 -0.00422276 0.999991 0.0470281 0.612129 0.545801
FixedParameters: 0 0 0

#Transform 255
Transform: AffineTransform_float_3_3
Parameters: 0.999999 -0.00170842 -0.000395066 0.00171047 0.999992 0.00365482 0.000388343 -0.00365618 0.999993 0.0579195 0.658889 0.504298
FixedParameters: 0 0 0

#Transform 256
Transform: AffineTransform_float_3_3
Parameters: 0.999998 -0.0017353 -0.000872958 0.00173937 0.999984 0.0052347 0.000863415 -0.0052363 0.999986 0.0471923 0.583618 0.619846
FixedParameters: 0 0 0

#Transform 257
Transform: AffineTransform_float_3_3
Parameters: 0.999999 -0.00146042 -0.000118211 0.00146077 0.999982 0.00572568 0.000109492 -0.00572532 0.999984 0.0397255 0.585901 0.647744
FixedParameters: 0 0 0

#Transform 258
Transform: AffineTransform_float_3_3
Parameters: 0.999999 -0.00174542 -0.000517876 0.00174733 0.99999 0.0040498 0.000511207 -0.0040502 0.999992 0.0624602 0.66787 0.521345
FixedParameters: 0 0 0

#Transform 259
Transform: AffineTransform_float_3_3
Parameters: 0.999998 -0.00160874 -0.000564699 0.00161163 0.999986 0.00506043 0.000557189 -0.00506157 0.999987 0.0543492 0.622822 0.587717
FixedParameters: 0 0 0

#Transform 260
Transform: AffineTransform_float_3_3
Parameters: 0.999999 -0.00149579 -0.000296432 0.0014973 0.999982 0.00579205 0.000287492 -0.00579295 0.999983 0.0420776 0.579844 0.664472
FixedParameters: 0 0 0

#Transform 261
Transform: AffineTransform_float_3_3
Parameters: 0.999999 -0.00172463 -0.00052411 0.00172711 0.999988 0.00455595 0.000515858 -0.00455705 0.99999 0.0536632 0.623762 0.579706
FixedParameters: 0 0 0

#Transform 262
Transform: AffineTransform_float_3_3
Parameters: 0.999998 -0.00178576 -0.000699573 0.00178846 0.999987 0.00488645 0.000690364 -0.00488755 0.999988 0.0544136 0.674121 0.53799
FixedParameters: 0 0 0

#Transform 263
Transform: AffineTransform_float_3_3
Parameters: 0.999999 -0.00127221 -0.000195403 0.00127277 0.999979 0.00634624 0.000187648 -0.00634676 0.999979 0.0525981 0.588717 0.649816
FixedParameters: 0 0 0

#Transform 264
Transform: AffineTransform_float_3_3
Parameters: 0.999998 -0.00164683 -9.27047e-05 0.00164679 0.999981 0.00594135 8.33736e-05 -0.00594166 0.999982 0.0412089 0.627094 0.671128
FixedParameters: 0 0 0

#Transform 265
Transform: AffineTransform_float_3_3
Parameters: 0.999998 -0.00188503 -0.000638126 0.00188815 0.999987 0.0046595 0.00062933 -0.0046605 0.999989 0.0682841 0.684894 0.548671
FixedParameters: 0 0 0

#Transform 266
Transform: AffineTransform_float_3_3
Parameters: 0.999999 -0.00136268 -0.000421331 0.00136562 0.999982 0.00574828 0.000414045 -0.00574872 0.999983 0.0530044 0.685958 0.628945
FixedParameters: 0 0 0

#Transform 267
Transform: AffineTransform_float_3_3
Parameters: 0.999999 -0.00149237 -0.000424018 0.00149472 0.99998 0.00613122 0.000414491 -0.00613177 0.999981 0.0274102 0.619467 0.735804
FixedParameters: 0 0 0

#Transform 268
Transform: AffineTransform_float_3_3
Parameters: 0.999998 -0.00175614 -3.339e-05 0.00175679 0.999986 0.00492928 2.46109e-05 -0.00492871 0.999987 0.0239094 0.684422 0.710842
FixedParameters: 0 0 0

#Transform 269
Transform: AffineTransform_float_3_3
Parameters: 0.999998 -0.00189435 -0.000372586 0.00189577 0.999988 0.004466 0.000364056 -0.004466 0.99999 0.045563 0.745177 0.625282
FixedParameters: 0 0 0

#Transform 270
Transform: AffineTransform_float_3_3
Parameters: 0.999998 -0.00163668 -0.000440811 0.00163864 0.999984 0.00543777 0.000431786 -0.00543923 0.999985 0.0253093 0.687274 0.77866
FixedParameters: 0 0 0

#Transform 271
Transform: AffineTransform_float_3_3
Parameters: 0.999998 -0.00192689 -0.000146866 0.0019277 0.999984 0.00528721 0.000137643 -0.00528778 0.999986 0.0204263 0.684916 0.809022
FixedParameters: 0 0 0

#Transform 272
Transform: AffineTransform_float_3_3
Parameters: 0.999999 -0.00179719 -0.000156315 0.0017976 0.999988 0.00445521 0.000148304 -0.00445578 0.99999 0.0462508 0.734094 0.700752
FixedParameters: 0 0 0

#Transform 273
Transform: AffineTransform_float_3_3
Parameters: 0.999999 -0.00177353 -0.000288902 0.00177478 0.999988 0.00454034 0.000279877 -0.00454066 0.99999 0.0344488 0.754154 0.700437
FixedParameters: 0 0 0

#Transform 274
Transform: AffineTransform_float_3_3
Parameters: 0.999999 -0.00182172 -0.00014438 0.00182306 0.999984 0.00536524 0.000134672 -0.00536577 0.999986 0.0115263 0.662265 0.816583
FixedParameters: 0 0 0

#Transform 275
Transform: AffineTransform_float_3_3
Parameters: 0.999998 -0.00196484 -0.000348563 0.00196635 0.999985 0.00511966 0.000339064 -0.00512035 0.999987 0.012976 0.687069 0.795693
FixedParameters: 0 0 0

#Transform 276
Transform: AffineTransform_float_3_3
Parameters: 0.999998 -0.00203897 -0.000328755 0.00204112 0.999989 0.00417467 0.000320648 -0.00417533 0.999991 0.0332267 0.734764 0.724437
FixedParameters: 0 0 0

#Transform 277
Transform: AffineTransform_float_3_3
Parameters: 0.999998 -0.00194027 -0.000370285 0.00194243 0.999989 0.00424314 0.000361815 -0.00424386 0.999991 0.0304194 0.722502 0.723107
FixedParameters: 0 0 0

#Transform 278
Transform: AffineTransform_float_3_3
Parameters: 0.999999 -0.00175376 -0.000401114 0.00175596 0.999985 0.00512 0.000391542 -0.00512 0.999987 0.0325049 0.670093 0.787089
FixedParameters: 0 0 0

#Transform 279
Transform: AffineTransform_float_3_3
Parameters: 0.999998 -0.00166858 -0.000375716 0.00167035 0.999987 0.00489671 0.000367763 -0.00489728 0.999987 0.0327732 0.684634 0.762175
FixedParameters: 0 0 0

#Transform 280
Transform: AffineTransform_float_3_3
Parameters: 0.999999 -0.00171731 -0.000659518 0.0017197 0.999991 0.00384357 0.000652862 -0.00384443 0.999992 0.0361702 0.754797 0.700337
FixedParameters: 0 0 0

#Transform 281
Transform: AffineTransform_float_3_3
Parameters: 0.999998 -0.0018857 -0.000612378 0.00188806 0.999986 0.00499819 0.000602691 -0.00499981 0.999987 0.0340148 0.721307 0.768107
FixedParameters: 0 0 0

#Transform 282
Transform: AffineTransform_float_3_3
Parameters: 0.999998 -0.00194062 -0.000512332 0.00194335 0.999983 0.00557635 0.000501691 -0.00557765 0.999984 0.026333 0.684472 0.801325
FixedParameters: 0 0 0

#Transform 283
Transform: AffineTransform_float_3_3
Parameters: 0.999999 -0.00170575 -0.000555131 0.00170796 0.99999 0.00404875 0.000548785 -0.00404925 0.999992 0.0459078 0.759091 0.671109
FixedParameters: 0 0 0

#Transform 284
Transform: AffineTransform_float_3_3
Parameters: 0.999998 -0.00159231 -0.000625306 0.00159598 0.999983 0.00552186 0.000615566 -0.00552314 0.999985 0.0496038 0.736234 0.702169
FixedParameters: 0 0 0

#Transform 285
Transform: AffineTransform_float_3_3
Parameters: 0.999999 -0.00169966 -0.000596735 0.00170327 0.999979 0.00629669 0.000586717 -0.00629732 0.99998 0.0298384 0.692351 0.770608
FixedParameters: 0 0 0

#Transform 286
Transform: AffineTransform_float_3_3
Parameters: 0.999999 -0.00151273 -0.000212311 0.00151456 0.999982 0.00572153 0.000203918 -0.00572147 0.999984 0.0439389 0.70221 0.677493
FixedParameters: 0 0 0

#Transform 287
Transform: AffineTransform_float_3_3
Parameters: 0.999998 -0.00193391 -0.000429358 0.00193565 0.999986 0.00486987 0.000420222 -0.00487013 0.999988 0.0632437 0.790022 0.611374
FixedParameters: 0 0 0

#Transform 288
Transform: AffineTransform_float_3_3
Parameters: 0.999998 -0.001555 -0.000612008 0.00155882 0.999977 0.00663891 0.000601823 -0.0066401 0.999978 0.0463098 0.733231 0.730388
FixedParameters: 0 0 0

#Transform 289
Transform: AffineTransform_float_3_3
Parameters: 0.999999 -0.00172603 -0.000508322 0.00172912 0.999981 0.00597362 0.000498698 -0.00597538 0.999982 0.0411114 0.757398 0.674139
FixedParameters: 0 0 0

#Transform 290
Transform: AffineTransform_float_3_3
Parameters: 0.999998 -0.00189264 -0.000409067 0.00189527 0.999985 0.00508393 0.000399126 -0.00508407 0.999987 0.0618561 0.83762 0.591981
FixedParameters: 0 0 0

#Transform 291
Transform: AffineTransform_float_3_3
Parameters: 0.999998 -0.00196016 -0.000572871 0.00196383 0.999981 0.00582258 0.000561041 -0.00582342 0.999983 0.0527759 0.703578 0.719611
FixedParameters: 0 0 0

#Transform 292
Transform: AffineTransform_float_3_3
Parameters: 0.999999 -0.00170084 -0.000763023 0.00170514 0.999979 0.0062404 0.000752647 -0.00624159 0.99998 0.0556183 0.700857 0.74701
FixedParameters: 0 0 0

#Transform 293
Transform: AffineTransform_float_3_3
Parameters: 0.999998 -0.00188291 -0.000386367 0.00188585 0.999984 0.00527613 0.000376719 -0.00527687 0.999987 0.0657443 0.767833 0.643057
FixedParameters: 0 0 0

#Transform 294
Transform: AffineTransform_float_3_3
Parameters: 0.999998 -0.00189585 -0.000601089 0.00190005 0.99998 0.00599072 0.000589365 -0.00599228 0.999982 0.0602511 0.732357 0.720407
FixedParameters: 0 0 0

#Transform 295
Transform: AffineTransform_float_3_3
Parameters: 0.999999 -0.00138666 -0.000293633 0.00138915 0.999968 0.00781145 0.000282578 -0.00781155 0.99997 0.0445966 0.736399 0.783454
FixedParameters: 0 0 0

#Transform 296
Transform: AffineTransform_float_3_3
Parameters: 0.999997 -0.00203012 -0.000624072 0.00203402 0.99998 0.00594944 0.000612221 -0.00595056 0.999982 0.0612126 0.749199 0.682951
FixedParameters: 0 0 0

#Transform 297
Transform: AffineTransform_float_3_3
Parameters: 0.999998 -0.00186458 -0.000913567 0.00186941 0.999983 0.005494 0.00090393 -0.005496 0.999984 0.0666796 0.813299 0.658309
FixedParameters: 0 0 0

#Transform 298
Transform: AffineTransform_float_3_3
Parameters: 0.999998 -0.0015424 -0.000796819 0.00154702 0.999978 0.00641699 0.000786953 -0.00641802 0.99998 0.0674455 0.71687 0.757489
FixedParameters: 0 0 0

#Transform 299
Transform: AffineTransform_float_3_3
Parameters: 0.999999 -0.00178212 -0.0003956 0.00178544 0.999969 0.00770464 0.000382284 -0.00770536 0.99997 0.035218 0.750502 0.789691
FixedParameters: 0 0 0

#Transform 300
Transform: AffineTransform_float_3_3
Parameters: 0.999998 -0.00218551 -0.000568628 0.00218837 0.999987 0.00466811 0.000557915 -0.0046699 0.999989 0.0606045 0.788011 0.670009
FixedParameters: 0 0 0

#Transform 301
Transform: AffineTransform_float_3_3
Parameters: 0.999997 -0.00221017 -0.00103266 0.00221525 0.999985 0.00498027 0.00102149 -0.00498273 0.999987 0.0653983 0.820204 0.707106
FixedParameters: 0 0 0

#Transform 302
Transform: AffineTransform_float_3_3
Parameters: 0.999999 -0.00142015 -0.000555098 0.00142383 0.999973 0.00719106 0.000545136 -0.00719193 0.999974 0.0502501 0.71529 0.83528
FixedParameters: 0 0 0

#Transform 303
Transform: AffineTransform_float_3_3
Parameters: 0.999998 -0.00171019 -0.000777592 0.00171406 0.999984 0.00549537 0.000768341 -0.00549663 0.999984 0.067199 0.760291 0.756794
FixedParameters: 0 0 0

#Transform 304
Transform: AffineTransform_float_3_3
Parameters: 0.999998 -0.00215386 -0.000618053 0.00215651 0.999985 0.00487237 0.000607148 -0.00487362 0.999988 0.0768046 0.821603 0.679575
FixedParameters: 0 0 0

#Transform 305
Transform: AffineTransform_float_3_3
Parameters: 0.999998 -0.00181482 -0.000697786 0.0018189 0.99998 0.00600744 0.000686445 -0.00600856 0.999982 0.0668058 0.766079 0.796121
FixedParameters: 0 0 0

#Transform 306
Transform: AffineTransform_float_3_3
Parameters: 0.999999 -0.00141413 0.000176027 0.00141181 0.999957 0.0091181 -0.000189184 -0.00911689 0.999958 -0.0036574 0.751647 0.890543
FixedParameters: 0 0 0

#Transform 307
Transform: AffineTransform_float_3_3
Parameters: 0.999999 -0.00145126 -0.000168459 0.00145293 0.999937 0.0110836 0.000152282 -0.0110834 0.999939 0.000362248 0.730077 0.881491
FixedParameters: 0 0 0

#Transform 308
Transform: AffineTransform_float_3_3
Parameters: 0.999997 -0.00212576 -0.000136599 0.00212745 0.999946 0.0101361 0.000114493 -0.0101359 0.999949 0.0339291 0.863713 0.73932
FixedParameters: 0 0 0

#Transform 309
Transform: AffineTransform_float_3_3
Parameters: 0.999998 -0.0016494 -0.00022532 0.00165108 0.999945 0.010372 0.00020749 -0.010372 0.999946 0.0354324 0.759353 0.840762
FixedParameters: 0 0 0

#Transform 310
Transform: AffineTransform_float_3_3
Parameters: 0.999998 -0.00163612 0.000186152 0.00163412 0.999935 0.0113384 -0.00020471 -0.0113386 0.999935 0.0154877 0.735852 0.903561
FixedParameters: 0 0 0

#Transform 311
Transform: AffineTransform_float_3_3
Parameters: 0.999998 -0.00121454 0.00101647 0.00119891 0.999885 0.015146 -0.00103459 -0.015145 0.999885 -0.022351 0.702091 1.01615
FixedParameters: 0 0 0

#Transform 312
Transform: AffineTransform_float_3_3
Parameters: 0.999998 -0.00145116 0.000715946 0.00143988 0.999889 0.0148513 -0.000737182 -0.0148507 0.999889 -0.0445875 0.72498 1.09556
FixedParameters: 0 0 0

#Transform 313
Transform: AffineTransform_float_3_3
Parameters: 0.999999 -0.00174653 0.000350566 0.00174245 0.999921 0.0124358 -0.000372141 -0.0124352 0.999922 -0.0243544 0.881282 0.991601
FixedParameters: 0 0 0

#Transform 314
Transform: AffineTransform_float_3_3
Parameters: 0.999998 -0.0019652 0.000255589 0.00196195 0.999929 0.0118167 -0.0002794 -0.0118164 0.99993 -0.00679932 0.859149 0.901307
FixedParameters: 0 0 0

#Transform 315
Transform: AffineTransform_float_3_3
Parameters: 0.999998 -0.00192513 7.68935e-05 0.00192435 0.999946 0.0102063 -9.59596e-05 -0.0102067 0.999948 0.0143363 0.86568 0.851432
FixedParameters: 0 0 0

#Transform 316
Transform: AffineTransform_float_3_3
Parameters: 0.999998 -0.00166133 -0.000420145 0.00166604 0.999932 0.01158 0.00040103 -0.01158 0.999933 0.0142008 0.788311 0.972494
FixedParameters: 0 0 0

#Transform 317
Transform: AffineTransform_float_3_3
Parameters: 0.999999 -0.00176408 -0.000349352 0.00176835 0.999943 0.0106257 0.000330451 -0.0106263 0.999943 0.00505731 0.791389 0.959579
FixedParameters: 0 0 0

#Transform 318
Transform: AffineTransform_float_3_3
Parameters: 0.999999 -0.00144821 -0.000535507 0.00145303 0.999961 0.00868307 0.000523035 -0.00868392 0.999962 0.0197821 0.893036 0.840937
FixedParameters: 0 0 0

#Transform 319
Transform: AffineTransform_float_3_3
Parameters: 0.999998 -0.00183093 -0.000468037 0.00183593 0.999947 0.0100979 0.000449114 -0.0100981 0.999949 0.0124587 0.827167 0.903082
FixedParameters: 0 0 0

#Transform 320
Transform: AffineTransform_float_3_3
Parameters: 0.999999 -0.00170081 -0.000258226 0.00170265 0.999944 0.0103841 0.000240597 -0.0103849 0.999946 0.00712863 0.761716 0.940185
FixedParameters: 0 0 0

#Transform 321
Transform: AffineTransform_float_3_3
Parameters: 0.999999 -0.00174697 -0.000241771 0.00174943 0.999956 0.00932093 0.000225194 -0.00932108 0.999956 0.0158717 0.866783 0.79017
FixedParameters: 0 0 0

#Transform 322
Transform: AffineTransform_float_3_3
Parameters: 0.999998 -0.00156223 -0.00048978 0.00156715 0.999951 0.00979073 0.000474091 -0.00979226 0.999952 0.0199347 0.865231 0.850035
FixedParameters: 0 0 0

#Transform 323
Transform: AffineTransform_float_3_3
Parameters: 0.999999 -0.00140681 -0.00015801 0.00140802 0.999951 0.00981227 0.00014417 -0.00981272 0.999951 0.0225285 0.793455 0.898851
FixedParameters: 0 0 0

#Transform 324
Transform: AffineTransform_float_3_3
Parameters: 0.999998 -0.00182326 -0.000483476 0.00182667 0.999964 0.00832947 0.000468025 -0.00833053 0.999965 0.0218996 0.862954 0.77874
FixedParameters: 0 0 0

#Transform 325
Transform: AffineTransform_float_3_3
Parameters: 0.999999 -0.0015022 3.00689e-05 0.00150131 0.999966 0.0080737 -4.22404e-05 -0.00807431 0.999968 0.0194276 0.898758 0.780739
FixedParameters: 0 0 0

#Transform 326
Transform: AffineTransform_float_3_3
Parameters: 0.999998 -0.00164759 -8.92551e-05 0.00164766 0.999961 0.00870335 7.52761e-05 -0.00870365 0.999962 0.0197788 0.783601 0.887096
FixedParameters: 0 0 0

#Transform 327
Transform: AffineTransform_float_3_3
Parameters: 0.999999 -0.00143189 2.44882e-05 0.00143109 0.999965 0.00822753 -3.59645e-05 -0.00822747 0.999966 0.00742713 0.830606 0.866255
FixedParameters: 0 0 0

#Transform 328
Transform: AffineTransform_float_3_3
Parameters: 0.999999 -0.00167333 -0.000835194 0.00167937 0.999974 0.00707131 0.000823675 -0.0070727 0.999975 0.0118711 0.921688 0.814148
FixedParameters: 0 0 0

#Transform 329
Transform: AffineTransform_float_3_3
Parameters: 0.999999 -0.00144704 -0.000351458 0.00144982 0.999965 0.00827935 0.000338493 -0.00827965 0.999966 0.0105668 0.85079 0.887895
FixedParameters: 0 0 0

#Transform 330
Transform: AffineTransform_float_3_3
Parameters: 0.999999 -0.00122134 -0.000458584 0.00122466 0.999969 0.00774229 0.000448824 -0.0077427 0.999969 0.0108646 0.843026 0.941894
FixedParameters: 0 0 0

#Transform 331
Transform: AffineTransform_float_3_3
Parameters: 0.999999 -0.00144492 -0.000342629 0.00144701 0.999977 0.006644 0.000333122 -0.006645 0.999978 0.0204583 0.882266 0.861023
FixedParameters: 0 0 0

#Transform 332
Transform: AffineTransform_float_3_3
Parameters: 0.999998 -0.0015585 -0.000614638 0.00156305 0.999978 0.00645154 0.000604595 -0.00645346 0.999979 0.0272068 0.924553 0.804241
FixedParameters: 0 0 0

#Transform 333
Transform: AffineTransform_float_3_3
Parameters: 0.999999 -0.0014642 -0.000386958 0.00146748 0.999976 0.00692077 0.000377296 -0.00692122 0.999975 0.0246352 0.836172 0.921958
FixedParameters: 0 0 0

#Transform 334
Transform: AffineTransform_float_3_3
Parameters: 0.999999 -0.0013896 -0.000294387 0.00139198 0.999963 0.00851745 0.000282634 -0.00851756 0.999964 0.0238174 0.84751 0.903299
FixedParameters: 0 0 0

#Transform 335
Transform: AffineTransform_float_3_3
Parameters: 0.999998 -0.00155433 -0.000387138 0.0015571 0.999976 0.00677289 0.000375771 -0.0067741 0.999977 0.0286978 0.893551 0.792029
FixedParameters: 0 0 0

#Transform 336
Transform: AffineTransform_float_3_3
Parameters: 0.999998 -0.00155486 -0.00073675 0.00155954 0.999976 0.0067207 0.000726697 -0.00672229 0.999977 0.028098 0.893577 0.779072
FixedParameters: 0 0 0

#Transform 337
Transform: AffineTransform_float_3_3
Parameters: 0.999999 -0.00110065 -0.000749525 0.00110553 0.999975 0.00690202 0.000742025 -0.00690297 0.999975 0.0305196 0.839979 0.893332
FixedParameters: 0 0 0

#Transform 338
Transform: AffineTransform_float_3_3
Parameters: 0.999999 -0.00125833 -0.000623034 0.00126255 0.999977 0.00672207 0.000614345 -0.00672293 0.999977 0.0226967 0.858784 0.870427
FixedParameters: 0 0 0

#Transform 339
Transform: AffineTransform_float_3_3
Parameters: 0.999998 -0.0015283 -0.000628562 0.00153196 0.999977 0.00664974 0.000617781 -0.00665026 0.999978 0.028261 0.902488 0.76337
FixedParameters: 0 0 0

#Transform 340
Transform: AffineTransform_float_3_3
Parameters: 0.999999 -0.00153912 -0.000754474 0.00154443 0.999974 0.00699154 0.000743794 -0.00699246 0.999975 0.0318093 0.860406 0.821939
FixedParameters: 0 0 0

#Transform 341
Transform: AffineTransform_float_3_3
Parameters: 0.999999 -0.00123785 -0.000629903 0.00124188 0.999973 0.00723908 0.0006206 -0.00723993 0.999974 0.0387879 0.842566 0.872211
FixedParameters: 0 0 0

#Transform 342
Transform: AffineTransform_float_3_3
Parameters: 0.999999 -0.00141829 -0.00063013 0.00142306 0.999976 0.00677996 0.000620043 -0.00678105 0.999977 0.0351347 0.852368 0.825324
FixedParameters: 0 0 0

#Transform 343
Transform: AffineTransform_float_3_3
Parameters: 0.999998 -0.00160858 -0.000600615 0.00161232 0.999981 0.00591673 0.000591656 -0.00591726 0.999982 0.037797 0.907603 0.762936
FixedParameters: 0 0 0

#Transform 344
Transform: AffineTransform_float_3_3
Parameters: 0.999998 -0.00145871 -0.000762643 0.00146326 0.999983 0.00570359 0.000754234 -0.00570441 0.999983 0.0375468 0.82668 0.848182
FixedParameters: 0 0 0

#Transform 345
Transform: AffineTransform_float_3_3
Parameters: 0.999999 -0.00114051 -0.000570976 0.0011449 0.999971 0.00748956 0.000562117 -0.00748944 0.999972 0.0380628 0.851363 0.874425
FixedParameters: 0 0 0

#Transform 346
Transform: AffineTransform_float_3_3
Parameters: 0.999999 -0.00134606 -0.000462056 0.00134901 0.999976 0.00684723 0.000453701 -0.00684777 0.999977 0.0467978 0.893424 0.773665
FixedParameters: 0 0 0

#Transform 347
Transform: AffineTransform_float_3_3
Parameters: 0.999998 -0.00182113 -0.000712233 0.00182562 0.999976 0.00655055 0.000700142 -0.00655243 0.999978 0.0490681 0.930659 0.808332
FixedParameters: 0 0 0

#Transform 348
Transform: AffineTransform_float_3_3
Parameters: 0.999999 -0.00137265 -0.000362287 0.00137523 0.999975 0.00695536 0.000352882 -0.00695565 0.999976 0.0278295 0.839099 0.920851
FixedParameters: 0 0 0

#Transform 349
Transform: AffineTransform_float_3_3
Parameters: 0.999999 -0.0013998 -0.000430479 0.0014029 0.999965 0.00818525 0.000418948 -0.00818575 0.999966 0.0246067 0.85712 0.965642
FixedParameters: 0 0 0

#Transform 350
Transform: AffineTransform_float_3_3
Parameters: 0.999998 -0.00152269 -0.000794462 0.00152893 0.999977 0.00663449 0.000784704 -0.00663551 0.999978 0.0360319 0.92847 0.860208
FixedParameters: 0 0 0

#Transform 351
Transform: AffineTransform_float_3_3
Parameters: 0.999999 -0.00122223 -0.000512023 0.0012251 0.999979 0.00633859 0.000503458 -0.00633841 0.99998 0.0358126 0.934805 0.884604
FixedParameters: 0 0 0

#Transform 352
Transform: AffineTransform_float_3_3
Parameters: 0.999999 -0.0012989 -0.000697194 0.00130327 0.999976 0.00678331 0.000688191 -0.00678369 0.999977 0.0363953 0.846536 0.952607
FixedParameters: 0 0 0

#Transform 353
Transform: AffineTransform_float_3_3
Parameters: 0.999999 -0.00134342 -0.000548274 0.00134632 0.999978 0.00643711 0.000539216 -0.00643788 0.999979 0.0264431 0.882851 0.927237
FixedParameters: 0 0 0

#Transform 354
Transform: AffineTransform_float_3_3
Parameters: 0.999998 -0.00174973 -0.000692462 0.00175377 0.99998 0.00601849 0.000681864 -0.00601951 0.999982 0.0332468 0.939018 0.82263
FixedParameters: 0 0 0

#Transform 355
Transform: AffineTransform_float_3_3
Parameters: 0.999999 -0.00134696 -0.000812584 0.00135198 0.999976 0.00678196 0.000803319 -0.00678203 0.999976 0.0363704 0.898984 0.922343
FixedParameters: 0 0 0

#Transform 356
Transform: AffineTransform_float_3_3
Parameters: 0.999998 -0.00135331 -0.000831676 0.00135902 0.999968 0.00792873 0.000820909 -0.00793027 0.999968 0.0238959 0.875985 0.977373
FixedParameters: 0 0 0

#Transform 357
Transform: AffineTransform_float_3_3
Parameters: 0.999998 -0.00179316 -0.000659536 0.0017979 0.999974 0.00697552 0.000647206 -0.00697648 0.999975 0.0259743 0.920014 0.907462
FixedParameters: 0 0 0

#Transform 358
Transform: AffineTransform_float_3_3
Parameters: 0.999998 -0.00169165 -0.000970654 0.00169845 0.999972 0.00715657 0.000958051 -0.00715843 0.999974 0.0325758 0.977165 0.87665
FixedParameters: 0 0 0

#Transform 359
Transform: AffineTransform_float_3_3
Parameters: 0.999998 -0.00163162 -0.000245499 0.00163338 0.999965 0.00816546 0.000231698 -0.00816554 0.999967 0.0136772 0.872914 1.00011
FixedParameters: 0 0 0

#Transform 360
Transform: AffineTransform_float_3_3
Parameters: 0.999999 -0.00151619 2.52461e-05 0.00151631 0.999968 0.00794354 -3.76466e-05 -0.00794347 0.999969 -0.00082732 0.911333 1.00323
FixedParameters: 0 0 0

#Transform 361
Transform: AffineTransform_float_3_3
Parameters: 0.999998 -0.00156997 -0.000232211 0.00157103 0.999976 0.00676913 0.000221577 -0.00676987 0.999977 0.0306351 0.950982 0.869372
FixedParameters: 0 0 0

#Transform 362
Transform: AffineTransform_float_3_3
Parameters: 0.999999 -0.00164879 -0.000590586 0.00165334 0.999969 0.00764188 0.00057807 -0.00764312 0.999971 0.0181599 0.917116 0.947179
FixedParameters: 0 0 0

#Transform 363
Transform: AffineTransform_float_3_3
Parameters: 0.999998 -0.00179684 -0.00060816 0.00180115 0.999969 0.00766461 0.000594614 -0.00766538 0.99997 0.0194048 0.884884 0.990477
FixedParameters: 0 0 0

#Transform 364
Transform: AffineTransform_float_3_3
Parameters: 0.999998 -0.00193568 -0.000701309 0.0019391 0.99998 0.00587934 0.000690326 -0.00588065 0.999982 0.0353886 0.922826 0.888576
FixedParameters: 0 0 0

#Transform 365
Transform: AffineTransform_float_3_3
Parameters: 0.999998 -0.00179461 -0.000793423 0.00179985 0.999978 0.00635528 0.000782378 -0.00635672 0.999979 0.0382512 0.948752 0.924237
FixedParameters: 0 0 0

#Transform 366
Transform: AffineTransform_float_3_3
Parameters: 0.999999 -0.00158516 -0.000861819 0.00159127 0.999975 0.00681049 0.000850142 -0.00681251 0.999977 0.0262806 0.868735 1.03881
FixedParameters: 0 0 0

#Transform 367
Transform: AffineTransform_float_3_3
Parameters: 0.999999 -0.00174551 -0.000459845 0.0017499 0.999973 0.0072059 0.000447517 -0.0072061 0.999974 0.015849 0.90163 1.01076
FixedParameters: 0 0 0

#Transform 368
Transform: AffineTransform_float_3_3
Parameters: 0.999998 -0.00189385 -0.000203209 0.00189523 0.999976 0.00662311 0.000190582 -0.00662388 0.999978 0.0305723 0.980356 0.915295
FixedParameters: 0 0 0

#Transform 369
Transform: AffineTransform_float_3_3
Parameters: 0.999999 -0.00172888 -0.000427865 0.00173247 0.999972 0.00726796 0.000414648 -0.00726803 0.999973 0.0154738 0.928723 1.04616
FixedParameters: 0 0 0

#Transform 370
Transform: AffineTransform_float_3_3
Parameters: 0.999999 -0.00152439 -6.21278e-05 0.00152457 0.999969 0.00782841 4.94173e-05 -0.0078286 0.99997 -0.00250956 0.899459 1.09048
FixedParameters: 0 0 0

#Transform 371
Transform: AffineTransform_float_3_3
Parameters: 0.999999 -0.00171502 -0.000474265 0.00171805 0.999975 0.00692289 0.000462828 -0.00692311 0.999976 0.0263666 0.983855 0.942043
FixedParameters: 0 0 0

#Transform 372
Transform: AffineTransform_float_3_3
Parameters: 0.999999 -0.00179267 -0.000330386 0.00179502 0.999974 0.00693527 0.000318364 -0.00693574 0.999976 0.03282 1.03197 0.935691
FixedParameters: 0 0 0

#Transform 373
Transform: AffineTransform_float_3_3
Parameters: 0.999998 -0.00155939 -0.000421587 0.00156258 0.999972 0.00735584 0.000409639 -0.00735716 0.999973 0.0330826 0.872768 1.04293
FixedParameters: 0 0 0

#Transform 374
Transform: AffineTransform_float_3_3
Parameters: 0.999999 -0.00174926 -0.00043054 0.00175253 0.999971 0.00747059 0.000417629 -0.0074714 0.999971 0.0238506 0.924567 1.01958
FixedParameters: 0 0 0

#Transform 375
Transform: AffineTransform_float_3_3
Parameters: 0.999998 -0.00178037 -0.000712764 0.0017847 0.999982 0.00568043 0.00070169 -0.00568156 0.999984 0.0433279 0.979214 0.918148
FixedParameters: 0 0 0

#Transform 376
Transform: AffineTransform_float_3_3
Parameters: 0.999998 -0.00175551 -0.000907081 0.00176069 0.999979 0.00624147 0.000896404 -0.00624253 0.99998 0.0433223 0.989478 0.969864
FixedParameters: 0 0 0

#Transform 377
Transform: AffineTransform_float_3_3
Parameters: 0.999999 -0.00174499 -0.000577877 0.0017496 0.999974 0.00704785 0.000565576 -0.00704916 0.999976 0.0173109 0.87436 1.07933
FixedParameters: 0 0 0

#Transform 378
Transform: AffineTransform_float_3_3
Parameters: 0.999998 -0.0017361 -0.000708892 0.00174077 0.999976 0.00670447 0.00069738 -0.00670552 0.999977 0.0419698 0.932974 0.985708
FixedParameters: 0 0 0

#Transform 379
Transform: AffineTransform_float_3_3
Parameters: 0.999999 -0.00171554 -0.000679016 0.00172031 0.999973 0.00709169 0.000666449 -0.00709331 0.999975 0.0524971 1.02344 0.936134
FixedParameters: 0 0 0

#Transform 380
Transform: AffineTransform_float_3_3
Parameters: 0.999998 -0.00156949 -0.000441805 0.00157282 0.999968 0.00778416 0.000429674 -0.00778484 0.99997 0.0336314 0.921176 1.04712
FixedParameters: 0 0 0

#Transform 381
Transform: AffineTransform_float_3_3
Parameters: 0.999998 -0.00162599 -0.000236746 0.00162792 0.999967 0.00799211 0.00022452 -0.00799289 0.999968 0.0208979 0.938411 1.05941
FixedParameters: 0 0 0

#Transform 382
Transform: AffineTransform_float_3_3
Parameters: 0.999999 -0.00169837 -0.000422054 0.00170091 0.999972 0.00720914 0.000409877 -0.00720986 0.999974 0.0347935 0.991575 0.905832
FixedParameters: 0 0 0

#Transform 383
Transform: AffineTransform_float_3_3
Parameters: 0.999999 -0.00174003 -0.000299151 0.00174231 0.99997 0.00756083 0.000285681 -0.00756118 0.999971 0.0280166 1.01612 0.930661
FixedParameters: 0 0 0

#Transform 384
Transform: AffineTransform_float_3_3
Parameters: 0.999998 -0.00159493 0.000125111 0.00159386 0.999967 0.00791569 -0.000137743 -0.0079153 0.999968 -0.00338514 0.930568 1.07177
FixedParameters: 0 0 0

#Transform 385
Transform: AffineTransform_float_3_3
Parameters: 0.999998 -0.0016411 0.000144322 0.00164104 0.999967 0.00789173 -0.000157084 -0.00789126 0.999968 -0.0206136 0.960237 1.06214
FixedParameters: 0 0 0

#Transform 386
Transform: AffineTransform_float_3_3
Parameters: 0.999998 -0.00202841 -0.000370587 0.00203158 0.999975 0.00677196 0.000356874 -0.00677204 0.999977 0.00717627 1.00899 0.94848
FixedParameters: 0 0 0

#Transform 387
Transform: AffineTransform_float_3_3
Parameters: 0.999997 -0.00208048 -0.000468508 0.00208335 0.999977 0.00643474 0.000454965 -0.00643527 0.99998 0.0284776 1.02403 0.975752
FixedParameters: 0 0 0

#Transform 388
Transform: AffineTransform_float_3_3
Parameters: 0.999999 -0.00162418 -0.000572328 0.00162779 0.999971 0.00740392 0.000560049 -0.00740507 0.999972 0.024149 0.921378 1.06403
FixedParameters: 0 0 0

#Transform 389
Transform: AffineTransform_float_3_3
Parameters: 0.999999 -0.00157703 -5.26635e-05 0.00157703 0.999971 0.00744542 4.03383e-05 -0.00744559 0.999972 0.0219314 0.942384 1.04658
FixedParameters: 0 0 0

#Transform 390
Transform: AffineTransform_float_3_3
Parameters: 0.999998 -0.00184963 -0.000309534 0.00185232 0.999971 0.00733877 0.000296146 -0.00733922 0.999972 0.0405771 1.01867 0.93284
FixedParameters: 0 0 0

#Transform 391
Transform: AffineTransform_float_3_3
Parameters: 0.999999 -0.00148358 -0.000234892 0.0014846 0.999969 0.00775415 0.000223815 -0.00775485 0.99997 0.036016 0.979583 1.00307
FixedParameters: 0 0 0

#Transform 392
Transform: AffineTransform_float_3_3
Parameters: 0.999998 -0.00158617 -6.40265e-05 0.00158674 0.99996 0.00883339 5.03091e-05 -0.0088336 0.999961 0.00593809 0.944705 1.08603
FixedParameters: 0 0 0

#Transform 393
Transform: AffineTransform_float_3_3
Parameters: 0.999999 -0.0012232 0.000391948 0.00121989 0.999967 0.00793512 -0.000401739 -0.00793487 0.999968 0.00146321 0.981815 1.03582
FixedParameters: 0 0 0

#Transform 394
Transform: AffineTransform_float_3_3
Parameters: 0.999998 -0.00156584 -0.000431919 0.00156867 0.999972 0.00736818 0.000421153 -0.00736882 0.999973 0.0266978 1.05166 0.924233
FixedParameters: 0 0 0

#Transform 395
Transform: AffineTransform_float_3_3
Parameters: 0.999999 -0.00138845 -6.50561e-06 0.00138777 0.999966 0.00821749 -5.14969e-06 -0.00821752 0.999966 -0.00615012 1.00385 1.07715
FixedParameters: 0 0 0

#Transform 396
Transform: AffineTransform_float_3_3
Parameters: 0.999999 -0.00136856 0.000304589 0.00136623 0.999959 0.00895906 -0.000316342 -0.00895893 0.99996 -0.018385 0.963301 1.09505
FixedParameters: 0 0 0

#Transform 397
Transform: AffineTransform_float_3_3
Parameters: 0.999998 -0.00158138 0.000311058 0.00157823 0.999962 0.00859299 -0.000325068 -0.00859201 0.999963 -0.0120086 1.00952 1.0466
FixedParameters: 0 0 0

#Transform 398
Transform: AffineTransform_float_3_3
Parameters: 0.999998 -0.00168267 3.33334e-05 0.00168249 0.999966 0.00817356 -4.69188e-05 -0.00817345 0.999967 -0.00471074 1.0434 0.956508
FixedParameters: 0 0 0

#Transform 399
Transform: AffineTransform_float_3_3
Parameters: 0.999999 -0.00131737 0.000100815 0.00131634 0.999954 0.00951962 -0.000113278 -0.00951937 0.999954 -0.00699872 0.996384 1.06026
FixedParameters: 0 0 0

#Transform 400
Transform: AffineTransform_float_3_3
Parameters: 0.999999 -0.00174814 0.000304672 0.0017451 0.999952 0.00959503 -0.000320978 -0.00959396 0.999954 -0.0239935 0.970644 1.11177
FixedParameters: 0 0 0

#Transform 401
Transform: AffineTransform_float_3_3
Parameters: 0.999999 -0.00173577 0.000278687 0.0017339 0.999966 0.00801178 -0.000292427 -0.00801223 0.999968 -0.012962 1.01405 1.01794
FixedParameters: 0 0 0

#Transform 402
Transform: AffineTransform_float_3_3
Parameters: 0.999999 -0.00173581 -2.64196e-05 0.0017366 0.999967 0.00789545 1.29229e-05 -0.00789554 0.999968 0.0084848 1.0622 0.963872
FixedParameters: 0 0 0

#Transform 403
Transform: AffineTransform_float_3_3
Parameters: 0.999998 -0.00168247 8.41522e-05 0.00168108 0.999955 0.00942465 -9.97007e-05 -0.00942437 0.999956 -0.0100829 0.993392 1.1154
FixedParameters: 0 0 0

#Transform 404
Transform: AffineTransform_float_3_3
Parameters: 0.999998 -0.00194116 0.000107218 0.00194056 0.999965 0.00806771 -0.000122773 -0.00806729 0.999968 -0.0216839 0.988493 1.10551
FixedParameters: 0 0 0

#Transform 405
Transform: AffineTransform_float_3_3
Parameters: 0.999998 -0.00205764 -2.88584e-05 0.00205818 0.999959 0.00877129 1.11416e-05 -0.00877071 0.999962 0.0109347 1.06618 0.951733
FixedParameters: 0 0 0

#Transform 406
Transform: AffineTransform_float_3_3
Parameters: 0.999999 -0.00184767 0.000251598 0.00184479 0.999946 0.010184 -0.000270678 -0.010183 0.999948 -0.00404663 1.00689 1.06278
FixedParameters: 0 0 0

#Transform 407
Transform: AffineTransform_float_3_3
Parameters: 0.999999 -0.00144737 0.000897118 0.00143481 0.999899 0.014118 -0.000917279 -0.0141161 0.9999 -0.0174383 0.986157 1.22581
FixedParameters: 0 0 0

#Transform 408
Transform: AffineTransform_float_3_3
Parameters: 0.999999 -0.00125024 0.000818318 0.00123877 0.999914 0.0131007 -0.000834608 -0.0130993 0.999914 0.00239781 1.07769 1.09378
FixedParameters: 0 0 0

#Transform 409
Transform: AffineTransform_float_3_3
Parameters: 0.999998 -0.00182078 0.000457469 0.00181547 0.999933 0.011492 -0.000478754 -0.011491 0.999934 0.0260802 1.13823 1.00362
FixedParameters: 0 0 0

#Transform 410
Transform: AffineTransform_float_3_3
Parameters: 0.999998 -0.00191809 0.000220732 0.00191585 0.999932 0.0114679 -0.000242103 -0.0114671 0.999934 0.0094967 1.04264 1.09813
FixedParameters: 0 0 0

#Transform 411
Transform: AffineTransform_float_3_3
Parameters: 0.999998 -0.00164272 4.2748e-05 0.00164203 0.999926 0.0120796 -6.31234e-05 -0.0120794 0.999927 0.0213564 1.04449 1.11651
FixedParameters: 0 0 0

#Transform 412
Transform: AffineTransform_float_3_3
Parameters: 0.999998 -0.0019706 -0.000100104 0.00197167 0.99994 0.0107463 7.87433e-05 -0.0107467 0.999942 0.0237251 1.10629 1.01697
FixedParameters: 0 0 0

#Transform 413
Transform: AffineTransform_float_3_3
Parameters: 0.999998 -0.00165926 -0.000126663 0.00166068 0.999941 0.0107423 0.000108852 -0.0107427 0.999942 0.0250247 1.11625 1.03377
FixedParameters: 0 0 0

#Transform 414
Transform: AffineTransform_float_3_3
Parameters: 0.999998 -0.00159794 -0.000246827 0.00160037 0.999935 0.0112901 0.000229351 -0.0112909 0.999936 0.0198354 1.01284 1.1445
FixedParameters: 0 0 0

#Transform 415
Transform: AffineTransform_float_3_3
Parameters: 0.999999 -0.00153749 -9.95536e-05 0.00153841 0.999937 0.0111463 8.31209e-05 -0.0111466 0.999938 0.010204 1.1038 1.05831
FixedParameters: 0 0 0

#Transform 416
Transform: AffineTransform_float_3_3
Parameters: 0.999998 -0.00162929 -0.000321869 0.00163271 0.99994 0.0108012 0.00030435 -0.0108008 0.999942 0.0288478 1.15687 1.00105
FixedParameters: 0 0 0

#Transform 417
Transform: AffineTransform_float_3_3
Parameters: 0.999998 -0.00157323 -0.000186622 0.0015752 0.999936 0.0112332 0.000169497 -0.0112338 0.999937 0.0301252 1.05305 1.10943
FixedParameters: 0 0 0

#Transform 418
Transform: AffineTransform_float_3_3
Parameters: 0.999999 -0.00136624 -0.00023989 0.00136899 0.99994 0.0108315 0.000225355 -0.0108315 0.999941 0.0216495 1.06609 1.09532
FixedParameters: 0 0 0

#Transform 419
Transform: AffineTransform_float_3_3
Parameters: 0.999999 -0.00152049 -0.000111269 0.00152158 0.999949 0.00994769 9.66298e-05 -0.00994731 0.999951 0.0318401 1.14269 0.980564
FixedParameters: 0 0 0

#Transform 420
Transform: AffineTransform_float_3_3
Parameters: 0.999999 -0.00151586 -0.000100905 0.00151682 0.999944 0.0104277 8.49028e-05 -0.0104273 0.999946 0.0333629 1.13008 1.05365
FixedParameters: 0 0 0

#Transform 421
Transform: AffineTransform_float_3_3
Parameters: 0.999998 -0.00163354 -6.80586e-05 0.00163416 0.999933 0.0114258 4.94967e-05 -0.0114253 0.999935 0.0222551 1.02937 1.10102
FixedParameters: 0 0 0

#Transform 422
Transform: AffineTransform_float_3_3
Parameters: 0.999999 -0.00148842 -3.43995e-05 0.00148892 0.999944 0.0104686 1.84603e-05 -0.0104694 0.999946 0.0221282 1.10059 1.01047
FixedParameters: 0 0 0

#Transform 423
Transform: AffineTransform_float_3_3
Parameters: 0.999999 -0.00149869 -5.96916e-05 0.00149882 0.999942 0.0106884 4.3274e-05 -0.0106886 0.999943 0.0315368 1.14739 0.989012
FixedParameters: 0 0 0

#Transform 424
Transform: AffineTransform_float_3_3
Parameters: 0.999999 -0.00150329 -0.000101193 0.00150392 0.999932 0.0115207 8.34808e-05 -0.0115203 0.999934 0.0160213 1.06042 1.07104
FixedParameters: 0 0 0

#Transform 425
Transform: AffineTransform_float_3_3
Parameters: 0.999999 -0.00157221 -0.000127333 0.00157387 0.999929 0.0117867 0.000108104 -0.0117863 0.999931 0.0156775 1.07745 1.04923
FixedParameters: 0 0 0

#Transform 426
Transform: AffineTransform_float_3_3
Parameters: 0.999999 -0.00155354 0.000164696 0.00155164 0.999945 0.0102969 -0.000179989 -0.0102971 0.999947 0.02891 1.16969 0.953095
FixedParameters: 0 0 0

#Transform 427
Transform: AffineTransform_float_3_3
Parameters: 0.999999 -0.00154889 6.88505e-06 0.00154928 0.999937 0.011079 -2.41382e-05 -0.011079 0.999939 0.0308716 1.11424 1.00608
FixedParameters: 0 0 0

#Transform 428
Transform: AffineTransform_float_3_3
Parameters: 0.999999 -0.00142628 -0.000311485 0.00142965 0.99993 0.0117174 0.000294814 -0.0117176 0.999931 0.0194459 1.07222 1.07597
FixedParameters: 0 0 0

#Transform 429
Transform: AffineTransform_float_3_3
Parameters: 0.999999 -0.00147612 2.35905e-05 0.00147576 0.999938 0.0109767 -3.98422e-05 -0.0109773 0.99994 0.0247989 1.1134 0.981642
FixedParameters: 0 0 0

#Transform 430
Transform: AffineTransform_float_3_3
Parameters: 0.999999 -0.00151075 1.42457e-05 0.00151025 0.999947 0.0101379 -2.96405e-05 -0.0101371 0.999949 0.0209194 1.18351 0.957357
FixedParameters: 0 0 0

#Transform 431
Transform: AffineTransform_float_3_3
Parameters: 0.999999 -0.00142545 -0.000239387 0.00142821 0.99994 0.0108975 0.000223381 -0.0108975 0.999941 0.0262466 1.06566 1.08064
FixedParameters: 0 0 0

#Transform 432
Transform: AffineTransform_float_3_3
Parameters: 0.999999 -0.00146371 1.62786e-06 0.00146385 0.999942 0.0106725 -1.67212e-05 -0.0106725 0.999943 0.0323687 1.08021 1.06813
FixedParameters: 0 0 0
