#!ascii label  , from subject sub-v2s5x29539_ses-1 vox2ras=TkReg
1263
36626  -33.948  -69.110  -6.344 0.5000000000
35310  -33.065  -70.054  -7.753 0.8000000119
35297  -30.720  -69.978  -7.046 0.8000000119
34079  -31.738  -70.362  -7.359 0.8000000119
36638  -32.305  -69.783  -7.489 0.8000000119
36612  -34.834  -69.051  -5.545 0.5000000000
36640  -33.632  -69.533  -6.993 0.5000000000
36639  -32.706  -69.247  -7.008 0.6000000238
279031  -29.103  -68.790  -6.651 0.6999999881
35277  -29.913  -69.523  -7.126 0.6999999881
36647  -31.590  -69.800  -7.503 0.8000000119
245258  -31.965  -69.077  -7.015 0.6999999881
36598  -35.040  -68.764  -4.910 0.6000000238
36611  -34.258  -68.901  -5.596 0.5000000000
37986  -33.689  -68.560  -5.773 0.6000000238
39388  -28.416  -67.918  -5.342 0.6999999881
36625  -33.213  -68.806  -6.499 0.6000000238
39404  -33.144  -68.168  -5.866 0.6000000238
37967  -28.267  -68.290  -6.023 0.6999999881
37969  -29.650  -68.414  -5.619 0.6999999881
35307  -30.235  -69.595  -7.310 0.6999999881
37985  -32.756  -68.189  -6.278 0.6000000238
39403  -32.654  -67.604  -5.935 0.6000000238
37998  -31.107  -68.773  -7.040 0.8000000119
281210  -31.849  -68.479  -6.743 0.8000000119
39417  -32.365  -67.937  -6.400 0.6999999881
37937  -34.382  -68.116  -4.118 0.4000000060
37973  -33.989  -68.425  -5.156 0.6000000238
39386  -27.294  -67.831  -5.726 0.6999999881
39391  -32.697  -67.052  -5.525 0.6000000238
39401  -27.565  -67.763  -6.289 0.6999999881
37994  -28.383  -68.344  -6.854 0.6999999881
36636  -29.456  -69.021  -7.027 0.6999999881
283308  -29.569  -68.557  -7.230 0.6999999881
245384  -30.636  -68.383  -6.931 0.6000000238
40881  -31.710  -67.300  -6.270 0.6999999881
43733  -31.587  -65.576  -5.800 0.5000000000
39413  -29.492  -67.936  -6.875 0.6000000238
40879  -30.056  -67.372  -6.552 0.6000000238
40880  -30.861  -67.483  -6.485 0.6000000238
42347  -31.165  -66.064  -6.014 0.6000000238
42346  -30.423  -65.959  -6.228 0.6000000238
39351  -34.039  -67.720  -3.841 0.4000000060
39375  -33.868  -67.922  -4.382 0.5000000000
39384  -26.011  -67.473  -5.536 0.6999999881
39374  -33.297  -67.675  -4.819 0.6000000238
39373  -32.851  -67.099  -4.997 0.6000000238
39410  -27.850  -67.663  -6.643 0.6999999881
40872  -32.552  -66.442  -5.655 0.6000000238
39411  -28.284  -67.979  -6.964 0.6999999881
42349  -32.428  -66.154  -5.723 0.5000000000
43725  -31.883  -65.121  -5.527 0.6000000238
40877  -28.548  -67.395  -6.795 0.6999999881
40878  -29.316  -67.380  -6.577 0.6000000238
43724  -31.323  -64.948  -5.795 0.5000000000
45163  -31.894  -64.496  -5.654 0.5000000000
42345  -29.805  -65.978  -6.253 0.5000000000
42278  -25.513  -66.342  -3.089 0.6000000238
43692  -25.013  -65.197  -3.794 0.6000000238
39329  -34.230  -67.483  -3.334 0.5000000000
40806  -33.333  -66.940  -3.290 0.5000000000
42306  -25.262  -66.460  -4.647 0.6999999881
39366  -25.887  -67.470  -4.870 0.6999999881
39350  -33.485  -67.563  -4.102 0.5000000000
40843  -32.748  -66.734  -4.486 0.5000000000
43694  -32.726  -65.628  -4.019 0.4000000060
39399  -26.063  -67.372  -6.254 0.6999999881
39400  -26.759  -67.445  -6.211 0.6999999881
42342  -27.248  -66.709  -6.330 0.6999999881
247167  -32.788  -65.655  -4.685 0.5000000000
42343  -28.024  -66.639  -6.356 0.6999999881
263091  -28.645  -66.586  -6.253 0.6000000238
43726  -32.464  -65.444  -5.436 0.5000000000
40867  -29.159  -66.754  -6.276 0.6000000238
249048  -32.556  -64.347  -5.523 0.5000000000
43721  -29.079  -65.565  -5.752 0.5000000000
252682  -29.578  -65.225  -5.674 0.5000000000
45161  -30.415  -64.634  -5.627 0.5000000000
46605  -31.665  -64.049  -5.655 0.5000000000
45162  -31.134  -64.413  -5.763 0.5000000000
48035  -31.832  -63.615  -5.546 0.3000000119
43671  -32.659  -65.513  -2.547 0.3000000119
45108  -24.754  -64.775  -2.552 0.6000000238
43680  -25.042  -65.241  -2.985 0.6000000238
42297  -33.046  -66.494  -3.072 0.4000000060
43682  -32.665  -65.582  -3.256 0.4000000060
43716  -25.077  -65.288  -5.785 0.6000000238
42340  -25.786  -66.424  -6.168 0.6999999881
42341  -26.312  -66.760  -6.437 0.6999999881
285034  -32.893  -64.891  -5.113 0.5000000000
42331  -27.869  -66.130  -5.946 0.5000000000
45149  -32.864  -63.934  -5.495 0.5000000000
42332  -28.574  -66.110  -5.991 0.5000000000
48036  -32.377  -63.580  -5.600 0.4000000060
46606  -32.213  -63.983  -5.651 0.3000000119
48033  -32.153  -63.094  -5.394 0.4000000060
45148  -30.649  -64.244  -5.319 0.5000000000
46601  -31.192  -63.889  -5.299 0.4000000060
47992  -24.422  -63.765  -2.739 0.6000000238
46568  -24.764  -64.064  -3.408 0.6000000238
45128  -24.880  -64.559  -4.173 0.6000000238
46595  -24.961  -64.192  -4.751 0.6000000238
45154  -25.048  -64.641  -5.368 0.6000000238
280920  -33.105  -64.183  -4.219 0.3000000119
45131  -32.995  -64.609  -4.447 0.4000000060
43717  -25.532  -65.660  -5.875 0.6000000238
46586  -33.371  -63.703  -4.468 0.3000000119
43718  -26.129  -65.175  -5.607 0.6000000238
42330  -27.029  -66.107  -6.034 0.6999999881
48034  -33.601  -63.356  -4.953 0.3000000119
46602  -33.262  -64.063  -4.952 0.3000000119
250828  -26.930  -65.473  -5.544 0.6000000238
49448  -33.630  -62.388  -5.139 0.3000000119
46607  -33.285  -63.576  -5.225 0.3000000119
278657  -27.551  -64.700  -4.673 0.5000000000
43719  -27.749  -65.581  -5.555 0.5000000000
45158  -28.397  -65.146  -5.181 0.5000000000
50746  -32.740  -62.161  -5.282 0.3000000119
49447  -32.793  -62.761  -5.411 0.3000000119
45159  -29.130  -65.060  -5.267 0.5000000000
45146  -29.465  -64.676  -4.752 0.5000000000
266574  -32.244  -62.480  -5.130 0.3000000119
45145  -28.800  -64.753  -4.627 0.5000000000
48024  -31.133  -63.242  -4.165 0.4000000060
49444  -31.672  -62.800  -4.707 0.3000000119
48001  -23.962  -63.159  -3.079 0.5000000000
49420  -24.158  -62.860  -3.733 0.6000000238
48002  -24.515  -63.425  -3.645 0.5000000000
46603  -25.264  -64.600  -5.518 0.6000000238
46597  -25.661  -64.039  -5.225 0.5000000000
52034  -33.676  -61.437  -5.003 0.3000000119
46604  -25.854  -64.503  -5.472 0.6000000238
53312  -32.998  -61.015  -5.139 0.3000000119
50747  -33.299  -61.878  -5.227 0.3000000119
278871  -26.947  -64.828  -5.117 0.6000000238
45144  -28.109  -64.736  -4.601 0.5000000000
46570  -29.420  -63.888  -3.272 0.5000000000
48007  -30.554  -63.695  -3.804 0.4000000060
263588  -30.294  -63.541  -3.027 0.4000000060
49419  -23.754  -62.566  -3.229 0.5000000000
48020  -24.529  -63.055  -4.197 0.5000000000
271051  -24.755  -63.593  -4.370 0.5000000000
49441  -25.601  -62.420  -4.807 0.5000000000
54681  -34.053  -59.824  -4.300 0.3000000119
240605  -33.874  -60.044  -4.485 0.3000000119
247107  -26.247  -63.985  -5.133 0.6000000238
45142  -26.633  -64.332  -5.096 0.6000000238
45143  -27.244  -64.402  -4.555 0.5000000000
45129  -28.495  -64.415  -4.017 0.5000000000
49436  -31.341  -62.582  -3.824 0.4000000060
49423  -30.975  -62.612  -2.988 0.4000000060
50734  -24.440  -61.680  -4.225 0.5000000000
283842  -24.913  -61.589  -4.601 0.5000000000
50735  -25.326  -61.548  -4.757 0.5000000000
288283  -34.173  -59.325  -3.802 0.4000000060
55964  -34.530  -58.680  -4.189 0.4000000060
270375  -25.851  -62.960  -4.846 0.5000000000
48031  -26.175  -63.437  -4.949 0.5000000000
55968  -34.041  -59.247  -4.569 0.4000000060
54682  -33.461  -59.714  -4.723 0.3000000119
49443  -26.359  -62.434  -4.613 0.4000000060
53308  -32.992  -60.121  -4.511 0.3000000119
48032  -26.769  -63.010  -4.554 0.5000000000
48021  -27.357  -63.394  -4.063 0.4000000060
48023  -27.965  -63.615  -3.576 0.4000000060
47996  -30.484  -63.018  -2.713 0.4000000060
53293  -23.996  -60.777  -3.346 0.5000000000
52014  -24.427  -61.052  -3.962 0.5000000000
52020  -24.875  -61.296  -4.381 0.5000000000
57294  -34.564  -58.536  -3.682 0.4000000060
50742  -25.674  -61.911  -4.907 0.5000000000
52029  -25.817  -61.559  -4.720 0.4000000060
57299  -34.462  -58.188  -4.287 0.4000000060
286627  -33.851  -58.567  -4.376 0.4000000060
52030  -26.241  -61.607  -4.434 0.4000000060
49434  -26.893  -62.449  -4.173 0.4000000060
55965  -33.043  -59.059  -4.136 0.4000000060
285086  -27.204  -62.881  -3.971 0.4000000060
49421  -27.838  -62.724  -3.240 0.4000000060
47993  -28.657  -63.122  -2.634 0.4000000060
48005  -29.064  -63.534  -2.901 0.4000000060
49404  -29.056  -62.804  -2.189 0.4000000060
49406  -30.250  -62.850  -2.176 0.4000000060
50720  -31.062  -62.107  -2.584 0.4000000060
49407  -30.703  -62.561  -2.347 0.4000000060
54671  -24.184  -59.585  -3.135 0.5000000000
54672  -24.848  -59.811  -3.279 0.4000000060
58575  -34.853  -57.693  -3.110 0.4000000060
57295  -34.640  -58.049  -3.979 0.4000000060
53295  -25.117  -60.228  -3.597 0.5000000000
272132  -25.937  -60.061  -3.822 0.4000000060
50736  -27.057  -61.912  -3.929 0.4000000060
57297  -33.651  -58.224  -4.024 0.4000000060
50737  -27.512  -61.914  -3.437 0.4000000060
249353  -27.754  -62.364  -3.164 0.4000000060
285446  -31.304  -61.600  -2.888 0.3000000119
49405  -29.698  -62.896  -2.130 0.4000000060
55957  -24.983  -59.351  -3.124 0.4000000060
54673  -25.463  -59.708  -3.357 0.5000000000
59891  -34.753  -57.117  -4.137 0.4000000060
54679  -26.570  -60.038  -3.921 0.4000000060
53302  -26.374  -60.537  -4.159 0.4000000060
54675  -27.334  -60.075  -3.671 0.4000000060
253310  -26.846  -60.793  -4.183 0.4000000060
245776  -27.406  -60.956  -3.346 0.4000000060
52015  -27.612  -61.459  -3.136 0.4000000060
49422  -28.177  -62.602  -2.792 0.4000000060
49387  -28.789  -62.358  -1.911 0.4000000060
52000  -31.108  -61.158  -1.659 0.4000000060
49389  -30.041  -62.508  -1.847 0.4000000060
50707  -30.418  -62.114  -1.677 0.4000000060
57289  -25.175  -58.740  -3.081 0.4000000060
57290  -25.883  -58.592  -3.041 0.4000000060
55959  -26.370  -58.934  -3.292 0.4000000060
55960  -27.040  -59.245  -3.373 0.4000000060
53296  -27.482  -60.467  -3.269 0.4000000060
52007  -27.672  -61.007  -2.755 0.4000000060
53289  -31.458  -60.872  -2.157 0.4000000060
53288  -28.022  -60.888  -2.254 0.4000000060
243173  -28.601  -61.883  -1.807 0.4000000060
245065  -28.321  -60.949  -1.705 0.4000000060
50705  -29.127  -61.847  -1.611 0.4000000060
50692  -29.559  -61.593  -1.362 0.4000000060
57282  -26.187  -58.012  -2.839 0.4000000060
247790  -26.527  -58.423  -3.148 0.4000000060
57291  -27.063  -58.360  -3.057 0.4000000060
55952  -27.564  -58.842  -2.781 0.4000000060
287581  -27.542  -59.350  -2.965 0.4000000060
250106  -27.673  -59.225  -2.350 0.4000000060
54666  -27.680  -59.813  -2.471 0.4000000060
53281  -27.968  -60.346  -1.945 0.4000000060
284371  -28.311  -60.560  -1.410 0.4000000060
51988  -30.873  -61.039  -1.167 0.3000000119
245411  -29.504  -60.947  -0.806 0.4000000060
51987  -30.315  -61.214  -1.057 0.4000000060
61095  -26.112  -56.757  -2.330 0.4000000060
59880  -26.339  -57.355  -2.596 0.4000000060
61096  -26.621  -56.298  -2.400 0.4000000060
58577  -26.773  -58.040  -3.020 0.4000000060
57284  -27.442  -58.382  -2.829 0.4000000060
55940  -27.746  -59.127  -1.724 0.4000000060
54653  -27.901  -59.560  -1.222 0.4000000060
54662  -31.583  -60.060  -1.700 0.4000000060
53282  -31.283  -60.598  -1.516 0.3000000119
53271  -28.586  -60.393  -1.027 0.4000000060
53273  -29.931  -60.880  -0.725 0.5000000000
53274  -30.460  -60.741  -0.793 0.4000000060
53272  -29.081  -60.693  -0.877 0.5000000000
61086  -26.489  -55.790  -2.324 0.4000000060
62408  -27.086  -55.871  -2.391 0.4000000060
272859  -26.831  -56.852  -2.574 0.4000000060
61097  -27.262  -56.463  -2.522 0.4000000060
59882  -27.419  -57.297  -2.540 0.4000000060
54654  -28.389  -59.876  -0.852 0.4000000060
53261  -29.515  -60.445  -0.525 0.5000000000
63744  -26.241  -54.842  -2.099 0.4000000060
63755  -26.839  -55.261  -2.329 0.4000000060
62409  -27.394  -55.412  -2.336 0.4000000060
54643  -28.670  -59.607  -0.300 0.4000000060
54644  -29.233  -59.944  -0.155 0.5000000000
253796  -26.494  -53.683  -1.849 0.4000000060
63745  -26.981  -54.635  -2.374 0.4000000060
63757  -27.482  -54.497  -2.313 0.4000000060
55935  -29.070  -59.557  0.149 0.5000000000
255321  -26.502  -51.479  -1.140 0.4000000060
288187  -26.345  -53.182  -1.735 0.4000000060
69632  -26.657  -52.089  -1.395 0.4000000060
66694  -26.912  -53.223  -1.892 0.4000000060
68170  -27.249  -52.927  -1.850 0.4000000060
68171  -27.635  -53.154  -1.792 0.5000000000
281518  -26.149  -51.810  -1.215 0.4000000060
45130  -29.214  -64.475  -4.115 0.5000000000
46571  -30.021  -63.939  -3.367 0.5000000000
48008  -30.835  -63.190  -3.355 0.4000000060
36627  -34.583  -69.343  -6.379 0.5000000000
34056  -31.528  -70.531  -6.681 0.8000000119
36624  -30.575  -69.659  -6.315 0.8000000119
37970  -30.335  -68.672  -5.460 0.6999999881
36599  -35.574  -68.637  -4.968 0.5000000000
39389  -29.485  -67.856  -5.151 0.6999999881
37957  -35.827  -68.296  -4.492 0.5000000000
39369  -27.988  -67.696  -4.932 0.6999999881
39352  -34.567  -67.815  -3.687 0.4000000060
37956  -35.240  -68.453  -4.411 0.4000000060
39368  -27.040  -67.791  -5.005 0.6999999881
42295  -25.401  -66.401  -3.845 0.6999999881
39330  -34.759  -67.545  -3.253 0.4000000060
266505  -34.231  -66.926  -2.548 0.4000000060
43670  -25.244  -65.785  -2.681 0.6000000238
42267  -32.973  -65.895  -2.206 0.4000000060
46558  -23.900  -64.000  -2.047 0.6000000238
47991  -23.737  -63.450  -2.333 0.5000000000
49418  -23.451  -62.420  -2.613 0.5000000000
52019  -24.007  -61.464  -3.449 0.5000000000
54670  -23.620  -60.129  -3.227 0.4000000060
55951  -24.485  -58.954  -2.960 0.4000000060
58569  -24.465  -58.135  -2.357 0.4000000060
57280  -24.789  -58.452  -2.739 0.4000000060
59878  -25.175  -57.395  -2.289 0.4000000060
59879  -25.707  -57.163  -2.347 0.4000000060
61085  -25.866  -56.098  -2.244 0.4000000060
62400  -26.063  -55.463  -2.180 0.4000000060
283592  -25.997  -54.443  -1.890 0.4000000060
66693  -25.847  -53.419  -1.697 0.4000000060
72276  -26.046  -50.504  -1.267 0.4000000060
32875  -32.686  -70.567  -7.301 0.8000000119
262316  -31.216  -70.014  -7.402 0.8000000119
37974  -34.521  -68.650  -4.996 0.5000000000
36623  -30.025  -69.463  -6.656 0.6999999881
37995  -28.657  -68.407  -7.034 0.6999999881
39392  -33.032  -67.693  -5.432 0.6000000238
40871  -32.199  -66.681  -5.953 0.6999999881
39415  -31.376  -68.010  -6.621 0.6999999881
40858  -32.660  -66.457  -5.323 0.6000000238
42348  -31.939  -66.139  -5.865 0.6000000238
40870  -31.438  -66.702  -6.115 0.6000000238
42320  -25.330  -66.578  -5.377 0.6999999881
42334  -32.622  -65.926  -5.505 0.5000000000
43704  -24.929  -65.171  -4.699 0.6000000238
40786  -33.450  -66.720  -2.831 0.5000000000
40805  -32.863  -66.639  -3.697 0.5000000000
246473  -32.724  -65.080  -3.821 0.3000000119
45147  -30.084  -64.419  -5.025 0.5000000000
285775  -25.077  -63.785  -4.752 0.6000000238
269008  -27.802  -64.468  -4.181 0.5000000000
46583  -30.147  -64.079  -3.937 0.5000000000
48006  -29.725  -63.636  -2.868 0.4000000060
48004  -28.528  -63.550  -3.135 0.4000000060
50731  -31.382  -62.040  -3.265 0.4000000060
49388  -29.401  -62.428  -1.855 0.4000000060
52008  -28.235  -61.469  -2.018 0.4000000060
58571  -25.650  -57.697  -2.533 0.4000000060
51985  -29.191  -61.263  -1.155 0.4000000060
260254  -27.421  -53.454  -2.004 0.4000000060
23133  -35.174  -76.348  -2.021 0.4000000060
24367  -36.161  -75.800  -1.944 0.4000000060
25625  -36.648  -74.819  -1.260 0.4000000060
28103  -37.313  -73.973  -1.318 0.4000000060
277333  -36.311  -74.535  -0.740 0.4000000060
28092  -36.718  -73.659  -0.795 0.4000000060
29333  -37.247  -73.268  -1.082 0.4000000060
262913  -36.653  -72.203  -0.794 0.4000000060
32717  -37.413  -71.367  -1.165 0.5000000000
26868  -35.925  -74.199  -0.387 0.4000000060
29315  -36.283  -73.169  -0.522 0.4000000060
31629  -36.346  -71.669  -0.928 0.5000000000
32716  -36.715  -71.236  -1.198 0.5000000000
32762  -36.294  -70.641  -2.204 0.6000000238
28079  -34.941  -73.555  -0.288 0.4000000060
29314  -35.598  -73.221  -0.342 0.4000000060
30514  -35.568  -72.203  -0.513 0.4000000060
33942  -36.834  -70.554  -1.976 0.5000000000
39353  -35.039  -67.882  -3.622 0.3000000119
39316  -35.484  -67.145  -2.911 0.4000000060
40771  -34.336  -66.566  -2.151 0.3000000119
257195  -37.064  -70.306  -2.290 0.5000000000
37988  -36.976  -68.350  -6.589 0.5000000000
37958  -36.449  -68.102  -4.719 0.4000000060
31616  -34.073  -71.643  -0.353 0.4000000060
31628  -35.651  -71.781  -0.896 0.5000000000
32734  -35.933  -70.944  -1.944 0.5000000000
244121  -34.135  -72.243  -0.195 0.4000000060
258055  -34.887  -72.954  -0.347 0.4000000060
33980  -36.555  -70.253  -3.130 0.6000000238
34000  -36.498  -70.272  -3.897 0.6000000238
34022  -36.601  -70.272  -4.747 0.6999999881
37987  -36.400  -68.686  -6.057 0.5000000000
35233  -36.913  -69.907  -4.374 0.6999999881
35284  -37.546  -69.756  -6.700 0.6999999881
36630  -36.763  -68.891  -7.197 0.6999999881
277867  -37.144  -70.065  -6.118 0.6999999881
34074  -37.004  -70.071  -7.547 0.6999999881
32714  -35.363  -71.520  -1.233 0.5000000000
32760  -35.086  -71.199  -2.404 0.6000000238
261612  -35.798  -70.649  -2.961 0.6000000238
32801  -35.177  -70.950  -3.864 0.6000000238
32712  -34.030  -71.215  -1.205 0.5000000000
258891  -34.864  -71.121  -2.830 0.6000000238
270958  -36.047  -70.532  -3.843 0.6000000238
32821  -35.791  -70.729  -4.768 0.6000000238
34021  -36.255  -70.533  -5.128 0.6000000238
42282  -33.529  -66.167  -2.022 0.3000000119
33999  -36.162  -70.500  -4.395 0.6000000238
34041  -36.294  -70.551  -6.016 0.6999999881
36629  -35.960  -69.136  -6.573 0.6000000238
36613  -35.404  -68.984  -5.585 0.5000000000
33930  -33.368  -70.629  -1.085 0.6000000238
33941  -33.212  -70.581  -1.701 0.6000000238
32730  -33.393  -70.951  -2.093 0.6999999881
32780  -34.346  -71.111  -3.080 0.6000000238
32800  -34.616  -71.048  -3.681 0.6000000238
243428  -34.858  -71.014  -5.198 0.6000000238
33931  -33.623  -70.988  -0.979 0.5000000000
32732  -34.682  -71.315  -1.926 0.6000000238
32836  -35.377  -70.881  -5.835 0.6000000238
32837  -35.849  -70.650  -6.373 0.6999999881
34072  -35.443  -70.220  -7.774 0.6999999881
266226  -36.580  -70.256  -7.551 0.6999999881
36628  -35.273  -69.424  -6.464 0.6000000238
35303  -36.268  -69.963  -7.938 0.6999999881
33940  -33.006  -70.018  -2.003 0.6000000238
266587  -32.773  -70.070  -2.623 0.6999999881
33978  -32.693  -70.365  -3.539 0.6999999881
32778  -33.079  -70.782  -3.289 0.6999999881
32818  -34.112  -71.034  -4.806 0.6000000238
35301  -34.635  -70.167  -7.698 0.5000000000
32858  -34.766  -70.959  -6.235 0.6999999881
32859  -35.416  -70.660  -6.715 0.6999999881
35282  -35.064  -69.858  -7.512 0.6000000238
35231  -32.179  -69.589  -4.347 0.6999999881
267653  -32.018  -70.611  -6.287 0.6999999881
35221  -32.498  -69.897  -3.462 0.6999999881
34020  -32.466  -70.342  -4.906 0.6000000238
32855  -32.484  -70.637  -5.946 0.5000000000
32777  -32.883  -70.799  -3.891 0.6999999881
32817  -33.265  -70.880  -4.820 0.6000000238
240906  -33.994  -70.931  -6.083 0.6999999881
34083  -34.216  -70.317  -7.675 0.5000000000
32835  -34.296  -71.050  -5.525 0.6000000238
240706  -34.260  -70.665  -6.844 0.6999999881
34071  -34.810  -70.244  -7.680 0.6000000238
36610  -31.475  -69.512  -5.228 0.6999999881
35280  -31.382  -70.243  -6.157 0.6999999881
36609  -30.915  -69.194  -5.561 0.6999999881
32873  -33.929  -70.671  -7.059 0.6000000238
270750  -31.966  -70.703  -6.875 0.6999999881
37975  -36.119  -68.451  -5.167 0.5000000000
32856  -32.856  -70.751  -6.382 0.6000000238
25636  -36.419  -75.302  -1.550 0.4000000060
31630  -36.994  -71.838  -0.942 0.4000000060
29313  -34.396  -73.255  -0.204 0.4000000060
30505  -35.929  -72.675  -0.455 0.4000000060
31627  -34.982  -71.702  -0.877 0.4000000060
31617  -34.550  -71.902  -0.476 0.4000000060
35304  -37.140  -69.675  -7.723 0.6999999881
35312  -36.709  -69.748  -7.888 0.6999999881
32781  -35.007  -71.043  -3.302 0.6000000238
244715  -34.821  -71.021  -4.138 0.6000000238
32711  -33.501  -70.994  -1.489 0.6999999881
32731  -33.995  -71.165  -1.893 0.6000000238
32798  -33.383  -70.969  -3.693 0.6000000238
33998  -32.589  -70.377  -4.238 0.6999999881
32834  -33.678  -70.916  -5.439 0.6000000238
34019  -32.048  -70.162  -5.237 0.6000000238
279023  -32.496  -69.497  -3.045 0.5000000000
248868  -33.330  -70.106  -0.581 0.4000000060
35193  -33.178  -69.913  -1.220 0.5000000000
36574  -32.174  -69.049  -3.480 0.6000000238
33922  -33.464  -70.118  0.046 0.4000000060
35182  -33.302  -69.543  0.484 0.5000000000
253295  -33.173  -69.568  -0.642 0.5000000000
36559  -32.556  -68.927  -1.837 0.5000000000
37916  -32.059  -68.394  -2.566 0.5000000000
39327  -31.669  -67.915  -2.875 0.5000000000
35213  -32.686  -69.505  -2.302 0.5000000000
36588  -32.332  -69.516  -3.742 0.6000000238
36586  -31.590  -68.864  -4.318 0.5000000000
37926  -31.947  -68.524  -3.213 0.5000000000
37935  -31.346  -68.341  -4.022 0.6999999881
39349  -31.028  -67.748  -3.694 0.6000000238
39372  -30.065  -67.616  -4.677 0.6000000238
35174  -33.298  -69.549  1.100 0.5000000000
256786  -32.723  -68.622  -0.000 0.5000000000
37901  -32.051  -67.931  -1.208 0.5000000000
39307  -31.704  -67.563  -1.552 0.5000000000
37909  -32.028  -68.075  -1.829 0.5000000000
37971  -30.876  -68.711  -5.057 0.6000000238
40804  -30.872  -67.262  -2.840 0.6000000238
39347  -29.781  -67.206  -4.191 0.5000000000
39371  -29.272  -67.363  -4.642 0.6000000238
36517  -32.669  -68.681  1.204 0.5000000000
267577  -32.030  -67.852  0.002 0.5000000000
39281  -31.239  -67.163  -0.600 0.5000000000
39295  -31.311  -67.126  -1.275 0.5000000000
40785  -30.845  -66.984  -2.328 0.5000000000
37951  -30.555  -68.235  -4.883 0.6000000238
40803  -30.327  -66.909  -2.929 0.5000000000
40825  -29.223  -66.985  -3.935 0.6000000238
36500  -32.608  -68.859  1.728 0.5000000000
283031  -31.997  -67.903  0.507 0.5000000000
39265  -30.991  -67.293  0.327 0.5000000000
40714  -29.962  -67.044  0.066 0.5000000000
39279  -28.952  -67.492  -0.385 0.6000000238
40737  -30.175  -66.772  -0.427 0.4000000060
39294  -28.060  -67.851  -1.299 0.4000000060
272250  -29.048  -66.927  -1.230 0.5000000000
40768  -29.423  -66.775  -1.642 0.5000000000
40757  -30.943  -66.804  -1.027 0.4000000060
39292  -27.028  -67.943  -1.546 0.4000000060
39304  -27.517  -67.677  -1.986 0.5000000000
40767  -28.574  -66.909  -1.751 0.5000000000
244231  -26.336  -67.683  -1.535 0.4000000060
40782  -28.537  -66.795  -2.800 0.6000000238
40801  -28.831  -66.826  -3.363 0.6000000238
39346  -27.534  -67.616  -4.496 0.6000000238
266570  -26.961  -67.720  -4.408 0.6000000238
40754  -28.184  -67.354  -1.602 0.5000000000
39302  -26.364  -67.624  -2.242 0.5000000000
39310  -26.346  -67.670  -2.929 0.5000000000
39312  -27.240  -67.728  -2.470 0.5000000000
40764  -25.716  -66.853  -1.431 0.4000000060
274034  -25.795  -66.916  -2.086 0.5000000000
39323  -26.684  -67.815  -3.324 0.6000000238
40799  -27.754  -67.276  -3.013 0.6000000238
39345  -26.604  -67.739  -4.014 0.6000000238
42279  -25.836  -66.886  -2.783 0.5000000000
46542  -23.490  -64.279  -1.490 0.3000000119
43649  -24.141  -65.077  -1.258 0.4000000060
42266  -24.955  -65.995  -1.335 0.4000000060
43651  -25.180  -65.836  -1.974 0.5000000000
42296  -25.724  -66.960  -3.488 0.5000000000
40821  -25.965  -67.370  -3.841 0.6000000238
53292  -23.278  -60.638  -3.003 0.3000000119
52013  -23.451  -61.291  -3.011 0.4000000060
50718  -23.152  -62.071  -2.363 0.4000000060
58564  -24.195  -57.728  -2.031 0.3000000119
266893  -25.306  -56.736  -1.944 0.3000000119
59872  -24.652  -57.228  -1.987 0.3000000119
62399  -25.351  -55.672  -1.934 0.3000000119
284981  -25.351  -56.197  -1.923 0.3000000119
267846  -25.646  -55.145  -1.944 0.3000000119
63743  -25.535  -54.616  -1.765 0.3000000119
66682  -25.264  -53.080  -1.544 0.3000000119
68158  -25.486  -52.446  -1.427 0.3000000119
45092  -24.306  -64.866  -1.878 0.5000000000
55950  -23.732  -59.114  -2.809 0.3000000119
36597  -31.788  -69.305  -4.635 0.5000000000
36540  -32.673  -68.721  -0.608 0.5000000000
273529  -29.789  -66.701  -2.732 0.5000000000
40800  -28.149  -67.103  -3.312 0.6000000238
39393  -36.997  -67.738  -5.208 0.3000000119
35305  -37.779  -69.396  -7.246 0.6000000238
38000  -37.366  -68.697  -7.266 0.6000000238
43672  -36.837  -65.687  -2.363 0.3000000119
42285  -36.644  -66.204  -2.565 0.3000000119
40810  -36.612  -67.019  -3.259 0.3000000119
40809  -36.051  -67.026  -3.032 0.3000000119
42299  -37.401  -66.287  -3.333 0.3000000119
39355  -36.641  -67.421  -3.763 0.3000000119
39354  -35.607  -67.697  -3.582 0.3000000119
38001  -37.940  -68.409  -7.103 0.6000000238
37989  -37.514  -68.131  -6.702 0.5000000000
45094  -36.731  -64.891  -1.716 0.3000000119
42272  -36.403  -65.948  -2.192 0.3000000119
42284  -36.108  -66.350  -2.362 0.3000000119
40790  -35.788  -66.760  -2.633 0.3000000119
40828  -36.968  -67.065  -3.643 0.3000000119
39377  -37.185  -67.357  -4.712 0.3000000119
246352  -37.527  -67.298  -5.341 0.4000000060
32689  -33.808  -71.279  -0.103 0.4000000060
46533  -36.767  -64.042  -1.132 0.3000000119
45093  -36.212  -65.058  -1.507 0.3000000119
43655  -35.472  -65.700  -1.487 0.3000000119
42270  -35.237  -66.157  -1.766 0.3000000119
30526  -38.950  -72.704  -1.912 0.5000000000
31640  -39.087  -71.771  -1.780 0.5000000000
25637  -36.875  -75.058  -1.785 0.4000000060
26901  -37.632  -74.329  -1.878 0.4000000060
266019  -38.177  -73.435  -1.773 0.4000000060
29359  -39.032  -73.130  -2.173 0.5000000000
36565  -38.317  -69.167  -2.810 0.5000000000
33962  -38.844  -70.175  -2.062 0.5000000000
282083  -38.347  -72.221  -1.480 0.5000000000
32738  -38.683  -71.163  -1.681 0.5000000000
29349  -38.077  -73.053  -1.568 0.4000000060
36601  -38.632  -68.517  -4.700 0.6000000238
36589  -38.177  -68.867  -4.228 0.6000000238
35224  -37.736  -69.237  -3.126 0.5000000000
33961  -38.176  -70.004  -2.113 0.5000000000
31631  -37.482  -72.088  -1.036 0.3000000119
31632  -37.972  -71.860  -1.249 0.4000000060
258616  -38.016  -70.742  -1.618 0.5000000000
36616  -38.649  -68.588  -5.553 0.6000000238
35245  -37.700  -69.204  -4.573 0.6000000238
35234  -37.321  -69.570  -4.100 0.6000000238
33943  -37.420  -70.489  -1.819 0.4000000060
35223  -37.327  -69.633  -2.917 0.5000000000
38003  -38.638  -68.072  -6.766 0.6000000238
40830  -37.800  -66.513  -4.273 0.3000000119
40859  -38.039  -66.901  -5.490 0.4000000060
35285  -37.964  -69.425  -6.426 0.6000000238
35222  -36.937  -69.848  -3.507 0.4000000060
42300  -37.898  -65.884  -3.611 0.3000000119
43673  -37.342  -65.412  -2.584 0.3000000119
40845  -37.576  -66.909  -4.659 0.3000000119
39405  -37.975  -67.820  -6.610 0.5000000000
35244  -37.354  -69.627  -4.881 0.6000000238
36631  -38.163  -69.164  -6.701 0.6000000238
36600  -38.197  -68.916  -5.063 0.6000000238
40846  -38.127  -66.511  -4.870 0.3000000119
37959  -39.025  -68.190  -5.196 0.5000000000
270079  -39.349  -67.797  -5.585 0.5000000000
37991  -39.161  -67.946  -6.134 0.5000000000
39396  -39.776  -67.244  -5.542 0.4000000060
40874  -39.129  -67.177  -6.050 0.5000000000
39378  -39.753  -67.498  -4.967 0.5000000000
37960  -39.361  -67.860  -4.860 0.5000000000
39397  -40.298  -66.715  -5.245 0.4000000060
42338  -40.135  -66.325  -5.389 0.4000000060
42336  -39.078  -66.369  -5.585 0.4000000060
40873  -38.748  -67.257  -6.191 0.5000000000
36575  -38.293  -68.975  -3.466 0.5000000000
36590  -38.733  -68.575  -3.811 0.5000000000
42335  -38.550  -66.591  -5.572 0.4000000060
286368  -37.873  -75.191  -7.907 0.3000000119
25775  -38.137  -75.273  -8.160 0.3000000119
25758  -38.603  -75.006  -7.810 0.3000000119
260752  -39.397  -74.495  -6.977 0.3000000119
28174  -40.497  -74.001  -6.692 0.4000000060
25741  -38.825  -74.787  -7.394 0.3000000119
26988  -38.859  -74.787  -6.564 0.3000000119
29416  -41.542  -73.388  -6.464 0.4000000060
254804  -40.438  -73.905  -5.909 0.4000000060
26989  -39.484  -74.516  -6.321 0.3000000119
25727  -38.583  -75.075  -5.758 0.3000000119
30584  -41.999  -72.483  -5.269 0.4000000060
29399  -41.585  -72.762  -4.907 0.4000000060
28164  -40.329  -73.973  -5.032 0.4000000060
26978  -39.613  -74.461  -5.605 0.4000000060
26965  -38.981  -74.845  -4.827 0.4000000060
282036  -39.368  -74.614  -5.086 0.4000000060
35236  -43.686  -69.386  -4.393 0.3000000119
31673  -42.465  -71.647  -4.726 0.4000000060
31666  -42.231  -71.467  -4.033 0.4000000060
31665  -42.014  -71.967  -4.275 0.4000000060
30560  -41.104  -72.506  -3.604 0.4000000060
28142  -40.259  -73.698  -3.843 0.4000000060
265096  -39.426  -74.576  -4.490 0.4000000060
37945  -43.152  -68.327  -3.888 0.3000000119
33984  -42.612  -70.367  -3.618 0.4000000060
32784  -41.545  -71.030  -3.132 0.4000000060
32803  -41.960  -71.275  -3.464 0.4000000060
31658  -41.488  -71.572  -3.212 0.4000000060
31649  -40.836  -71.344  -2.698 0.4000000060
30549  -40.998  -72.305  -3.128 0.4000000060
30548  -40.678  -72.291  -2.820 0.4000000060
29386  -40.503  -73.244  -3.504 0.4000000060
28141  -39.760  -74.025  -3.576 0.4000000060
36580  -42.236  -68.882  -3.153 0.4000000060
35225  -41.812  -69.363  -2.921 0.4000000060
242752  -40.675  -70.816  -2.534 0.4000000060
32764  -40.395  -71.323  -2.437 0.4000000060
28129  -39.501  -73.809  -3.040 0.4000000060
29374  -40.235  -73.071  -2.965 0.4000000060
26938  -38.871  -74.666  -3.635 0.4000000060
36569  -41.217  -69.276  -2.585 0.4000000060
35218  -40.831  -69.774  -2.550 0.4000000060
250451  -40.171  -70.779  -2.313 0.4000000060
32763  -39.869  -71.289  -2.257 0.4000000060
28117  -39.136  -73.573  -2.534 0.4000000060
31641  -39.602  -71.792  -2.119 0.4000000060
37918  -40.910  -68.713  -2.728 0.4000000060
36567  -39.975  -69.135  -2.539 0.4000000060
35216  -39.230  -69.890  -2.292 0.4000000060
39357  -40.237  -67.364  -4.231 0.4000000060
36578  -40.248  -68.665  -2.764 0.4000000060
37927  -39.283  -68.349  -3.390 0.4000000060
42339  -40.651  -66.253  -5.195 0.3000000119
43709  -40.261  -65.639  -4.993 0.3000000119
259166  -39.639  -70.769  -2.119 0.4000000060
37943  -40.015  -67.794  -3.607 0.4000000060
42323  -39.317  -65.877  -5.154 0.3000000119
36576  -38.920  -68.795  -2.999 0.4000000060
29407  -41.362  -73.206  -5.919 0.4000000060
29398  -41.167  -73.152  -5.008 0.4000000060
30571  -41.224  -72.751  -4.288 0.4000000060
28153  -40.418  -73.764  -4.407 0.4000000060
35227  -43.012  -69.373  -3.653 0.4000000060
32805  -43.022  -70.612  -4.197 0.4000000060
36591  -43.472  -68.831  -3.977 0.3000000119
285862  -41.774  -71.785  -3.671 0.4000000060
37944  -42.713  -67.834  -3.854 0.3000000119
282691  -42.643  -69.137  -3.328 0.4000000060
33983  -42.059  -69.997  -3.199 0.4000000060
33966  -41.397  -69.851  -2.811 0.4000000060
37929  -41.877  -68.317  -3.154 0.4000000060
35217  -40.253  -69.700  -2.417 0.4000000060
29361  -39.968  -72.834  -2.496 0.4000000060
33963  -39.859  -70.203  -2.258 0.4000000060
281084  -40.529  -68.110  -3.089 0.4000000060
31688  -43.850  -71.498  -5.486 0.3000000119
26992  -42.177  -74.200  -6.284 0.3000000119
27002  -41.186  -74.418  -6.989 0.3000000119
29430  -42.360  -73.328  -6.166 0.3000000119
30593  -42.869  -72.461  -5.947 0.3000000119
28188  -41.569  -73.962  -6.770 0.3000000119
29417  -41.966  -73.071  -6.174 0.3000000119
32838  -43.679  -71.204  -5.408 0.3000000119
287964  -42.681  -71.862  -5.366 0.3000000119
32823  -43.368  -70.881  -4.996 0.3000000119
39336  -42.142  -67.873  -3.508 0.3000000119
39359  -41.358  -67.394  -3.728 0.3000000119
39358  -40.812  -67.363  -3.840 0.3000000119
40848  -40.935  -66.530  -4.981 0.3000000119
288231  -43.964  -70.171  -5.132 0.3000000119
37928  -41.243  -68.240  -3.017 0.3000000119
24385  -35.675  -76.105  -2.171 0.4000000060
25624  -36.164  -75.055  -1.008 0.4000000060
25674  -38.456  -75.054  -3.934 0.4000000060
25713  -38.560  -75.133  -5.116 0.4000000060
25757  -38.022  -75.137  -7.647 0.3000000119
25774  -37.559  -75.293  -8.351 0.3000000119
25786  -37.142  -75.527  -8.716 0.3000000119
26883  -36.414  -74.103  -0.564 0.4000000060
26884  -36.794  -74.297  -1.008 0.4000000060
26900  -37.114  -74.560  -1.544 0.4000000060
26939  -39.239  -74.273  -3.345 0.4000000060
26955  -39.392  -74.459  -3.885 0.4000000060
26966  -39.828  -74.398  -4.962 0.4000000060
26977  -39.043  -74.747  -5.605 0.3000000119
26979  -40.041  -74.220  -5.545 0.4000000060
26990  -39.978  -74.268  -6.142 0.3000000119
27000  -39.058  -74.639  -7.167 0.3000000119
27003  -41.778  -74.263  -6.636 0.3000000119
27004  -42.058  -73.860  -6.489 0.3000000119
28080  -35.557  -73.790  -0.311 0.4000000060
28081  -36.105  -73.701  -0.442 0.4000000060
28104  -38.058  -73.892  -1.939 0.4000000060
28130  -40.026  -73.548  -3.251 0.4000000060
28152  -40.011  -74.255  -4.249 0.4000000060
28154  -40.731  -73.592  -4.795 0.4000000060
28165  -40.843  -73.578  -5.469 0.4000000060
28175  -41.026  -73.613  -6.414 0.4000000060
28176  -42.526  -73.846  -5.932 0.3000000119
29332  -36.739  -73.098  -0.784 0.4000000060
29334  -37.692  -73.030  -1.299 0.3000000119
29348  -37.746  -73.535  -1.526 0.4000000060
29350  -38.526  -73.073  -1.837 0.5000000000
29360  -39.488  -73.125  -2.425 0.4000000060
29373  -39.737  -73.323  -2.768 0.4000000060
29375  -40.684  -72.719  -3.198 0.4000000060
29387  -40.863  -72.917  -3.756 0.4000000060
29397  -40.747  -73.309  -4.218 0.4000000060
29408  -41.704  -72.846  -5.574 0.4000000060
29428  -41.411  -73.668  -6.743 0.3000000119
29429  -41.842  -73.541  -6.571 0.3000000119
30502  -34.150  -72.814  -0.092 0.4000000060
30503  -34.432  -72.602  -0.321 0.4000000060
30504  -35.027  -72.257  -0.369 0.4000000060
30506  -36.462  -72.662  -0.643 0.4000000060
30515  -36.119  -72.169  -0.663 0.5000000000
30516  -36.923  -72.709  -0.885 0.4000000060
30517  -37.394  -72.675  -1.084 0.3000000119
30518  -37.924  -72.509  -1.290 0.4000000060
30525  -38.432  -72.644  -1.649 0.5000000000
30527  -39.319  -72.285  -1.977 0.5000000000
30536  -39.459  -72.750  -2.203 0.4000000060
30537  -39.804  -72.313  -2.295 0.4000000060
30538  -40.271  -72.309  -2.543 0.4000000060
30550  -41.368  -72.080  -3.346 0.4000000060
30561  -41.552  -72.269  -3.932 0.4000000060
30572  -41.755  -72.395  -4.582 0.4000000060
30573  -42.207  -72.061  -4.889 0.4000000060
30585  -42.529  -72.238  -5.615 0.3000000119
30592  -42.271  -72.654  -5.825 0.3000000119
31618  -35.167  -71.941  -0.571 0.4000000060
31626  -34.371  -71.458  -0.788 0.5000000000
31639  -38.511  -71.777  -1.555 0.5000000000
31647  -40.101  -71.822  -2.379 0.4000000060
31648  -40.588  -71.843  -2.587 0.4000000060
31657  -41.037  -71.840  -2.924 0.4000000060
31674  -43.094  -71.462  -5.327 0.3000000119
31686  -43.094  -71.983  -5.857 0.3000000119
31687  -43.490  -71.718  -5.782 0.3000000119
31698  -43.349  -72.190  -6.015 0.3000000119
32699  -33.903  -71.185  -0.631 0.5000000000
32713  -34.736  -71.470  -1.343 0.4000000060
32715  -36.002  -71.248  -1.307 0.5000000000
32733  -35.375  -71.275  -1.805 0.6000000238
32735  -36.499  -70.917  -1.680 0.5000000000
32736  -37.070  -70.806  -1.450 0.5000000000
32737  -38.046  -71.281  -1.400 0.4000000060
32739  -39.362  -71.247  -1.927 0.4000000060
32757  -33.239  -70.874  -2.695 0.6999999881
32758  -33.811  -71.094  -2.547 0.6000000238
32759  -34.469  -71.192  -2.452 0.6000000238
32761  -35.705  -70.829  -2.412 0.6000000238
32779  -33.611  -71.030  -3.132 0.6999999881
32782  -35.600  -70.738  -3.468 0.6000000238
32783  -41.106  -70.872  -2.854 0.4000000060
32785  -42.034  -70.678  -3.351 0.4000000060
32799  -34.000  -71.050  -3.634 0.6000000238
32802  -35.689  -70.729  -4.129 0.6000000238
32804  -42.437  -70.930  -3.818 0.4000000060
32816  -32.792  -70.742  -4.505 0.6999999881
32819  -34.681  -71.037  -4.540 0.6000000238
32820  -35.230  -70.941  -4.516 0.6000000238
32822  -42.737  -71.147  -4.505 0.4000000060
32832  -32.691  -70.621  -5.219 0.6000000238
32833  -33.030  -70.799  -5.604 0.5000000000
32857  -33.557  -70.817  -6.567 0.6999999881
32860  -35.973  -70.514  -6.977 0.6999999881
32871  -32.414  -70.781  -6.909 0.6999999881
32872  -33.055  -70.777  -6.949 0.6000000238
32874  -35.616  -70.424  -7.444 0.6999999881
32876  -33.268  -70.539  -7.425 0.6000000238
33905  -33.483  -70.072  1.340 0.5000000000
33914  -33.494  -70.096  0.698 0.5000000000
33915  -33.577  -70.731  0.275 0.4000000060
33923  -33.587  -70.760  -0.457 0.4000000060
33944  -38.493  -70.504  -1.791 0.5000000000
33945  -39.106  -70.699  -1.879 0.5000000000
33957  -32.875  -70.510  -2.915 0.6999999881
33958  -36.208  -70.515  -2.756 0.6000000238
33959  -36.648  -70.373  -2.521 0.5000000000
33960  -37.518  -70.058  -2.326 0.5000000000
33964  -40.480  -70.266  -2.426 0.4000000060
33965  -40.997  -70.327  -2.687 0.4000000060
33979  -36.166  -70.482  -3.351 0.6000000238
33981  -36.932  -70.012  -2.750 0.4000000060
33982  -41.512  -70.445  -3.014 0.4000000060
33985  -43.320  -70.046  -3.953 0.4000000060
34001  -43.604  -70.359  -4.707 0.3000000119
34002  -43.855  -69.882  -4.819 0.3000000119
34039  -31.801  -70.349  -5.916 0.6999999881
34040  -32.216  -70.471  -5.569 0.6999999881
34042  -36.706  -70.330  -5.614 0.6999999881
34043  -37.001  -69.974  -5.220 0.6999999881
34057  -32.299  -70.731  -6.548 0.6999999881
34058  -36.257  -70.482  -7.023 0.6999999881
34059  -36.763  -70.310  -6.708 0.6999999881
34068  -31.688  -70.574  -7.124 0.8000000119
34069  -32.069  -70.638  -7.179 0.8000000119
34070  -34.310  -70.480  -7.590 0.5000000000
34073  -36.077  -70.261  -7.744 0.6999999881
34075  -37.359  -69.773  -7.374 0.6999999881
34078  -31.208  -70.239  -7.181 0.8000000119
34080  -32.360  -70.361  -7.461 0.8000000119
34081  -33.108  -70.293  -7.569 0.8000000119
34082  -33.777  -70.421  -7.645 0.5000000000
34084  -36.651  -70.043  -7.883 0.6999999881
35187  -33.256  -69.562  -0.128 0.5000000000
35205  -32.879  -69.405  -1.606 0.5000000000
35214  -37.856  -69.511  -2.552 0.5000000000
35215  -38.530  -69.614  -2.355 0.5000000000
35226  -42.423  -69.441  -3.238 0.4000000060
35232  -32.454  -69.942  -3.992 0.6999999881
35235  -37.715  -69.189  -3.826 0.5000000000
35242  -31.944  -69.748  -4.947 0.6999999881
35243  -32.322  -69.978  -4.623 0.6999999881
35261  -31.168  -69.780  -5.914 0.8000000119
35262  -31.673  -69.945  -5.572 0.6999999881
35263  -37.477  -69.708  -5.766 0.6000000238
35264  -37.785  -69.281  -5.422 0.6000000238
35278  -30.275  -69.770  -6.925 0.6999999881
35279  -30.964  -70.048  -6.696 0.8000000119
35281  -34.263  -69.746  -7.110 0.5000000000
35283  -35.818  -69.723  -7.601 0.6999999881
35295  -29.948  -69.446  -7.243 0.6999999881
35296  -30.211  -69.694  -7.220 0.6999999881
35298  -32.886  -69.805  -7.484 0.6000000238
35299  -33.388  -69.885  -7.580 0.5000000000
35300  -33.902  -69.999  -7.680 0.5000000000
35302  -35.662  -70.110  -7.918 0.6999999881
35308  -31.963  -70.158  -7.549 0.8000000119
35309  -32.634  -70.033  -7.665 0.8000000119
35311  -33.643  -70.206  -7.768 0.8000000119
36474  -32.911  -69.263  1.976 0.5000000000
36518  -33.061  -69.034  0.874 0.5000000000
36531  -32.699  -68.606  0.610 0.5000000000
36532  -33.057  -69.037  0.263 0.5000000000
36541  -33.019  -69.095  -0.341 0.5000000000
36548  -32.637  -68.829  -1.220 0.5000000000
36549  -32.989  -69.228  -0.947 0.5000000000
36563  -32.249  -68.894  -2.992 0.6000000238
36564  -32.415  -68.969  -2.507 0.5000000000
36566  -39.009  -69.313  -2.543 0.4000000060
36568  -40.593  -69.223  -2.543 0.4000000060
36577  -39.584  -68.641  -2.848 0.4000000060
36579  -41.558  -68.792  -2.854 0.4000000060
36581  -42.841  -68.827  -3.519 0.4000000060
36587  -32.009  -69.172  -4.056 0.6000000238
36596  -31.310  -69.013  -4.875 0.6000000238
36607  -29.933  -68.942  -6.070 0.6999999881
36608  -30.343  -69.196  -5.999 0.6999999881
36614  -35.870  -68.776  -5.594 0.5000000000
36615  -38.281  -69.007  -5.934 0.6000000238
36621  -28.735  -68.609  -6.869 0.6999999881
36622  -29.563  -69.116  -6.745 0.6999999881
36632  -38.638  -68.689  -6.161 0.6000000238
36637  -31.480  -69.204  -7.270 0.8000000119
36641  -36.510  -69.469  -7.780 0.6000000238
36642  -37.042  -69.290  -7.764 0.6999999881
36643  -37.563  -69.108  -7.413 0.6000000238
36644  -38.111  -68.830  -7.071 0.6000000238
36645  -38.591  -68.563  -6.827 0.6000000238
36646  -30.995  -69.549  -7.379 0.8000000119
37844  -32.277  -68.448  1.516 0.5000000000
37864  -31.705  -67.830  0.880 0.5000000000
37865  -32.235  -68.224  0.932 0.5000000000
37888  -32.073  -67.849  -0.595 0.5000000000
37889  -32.396  -68.231  -0.291 0.5000000000
37898  -27.115  -68.271  -0.993 0.4000000060
37899  -27.733  -68.164  -1.027 0.4000000060
37900  -28.245  -68.034  -0.682 0.4000000060
37902  -32.394  -68.295  -0.897 0.5000000000
37910  -32.364  -68.397  -1.495 0.5000000000
37917  -32.292  -68.546  -2.048 0.5000000000
37925  -31.536  -68.175  -3.473 0.5000000000
37930  -42.499  -68.345  -3.452 0.3000000119
37934  -30.785  -67.925  -4.287 0.6999999881
37936  -31.802  -68.700  -3.766 0.5000000000
37938  -34.891  -68.201  -3.995 0.4000000060
37939  -35.443  -68.121  -3.975 0.3000000119
37940  -36.139  -67.855  -4.010 0.3000000119
37941  -39.172  -68.164  -4.256 0.5000000000
37942  -39.663  -67.761  -4.250 0.4000000060
37952  -31.119  -68.503  -4.578 0.6999999881
37953  -33.770  -68.088  -4.842 0.6000000238
37954  -34.216  -68.278  -4.632 0.5000000000
37955  -34.725  -68.421  -4.471 0.4000000060
37966  -27.897  -68.100  -6.164 0.6999999881
37968  -28.918  -68.252  -5.693 0.6999999881
37972  -33.471  -68.124  -5.284 0.6000000238
37976  -36.652  -68.232  -5.543 0.5000000000
37977  -37.125  -67.995  -6.021 0.5000000000
37978  -38.995  -68.238  -5.953 0.5000000000
37981  -28.061  -68.088  -6.626 0.6999999881
37982  -28.300  -68.399  -6.600 0.6999999881
37983  -28.634  -68.654  -6.441 0.6999999881
37984  -29.278  -68.711  -6.179 0.6999999881
37990  -38.883  -68.223  -6.457 0.6000000238
37996  -29.600  -68.964  -7.172 0.6999999881
37997  -29.975  -68.837  -7.260 0.6999999881
37999  -32.524  -68.571  -6.674 0.6000000238
38002  -38.379  -68.399  -6.962 0.6000000238
38004  -29.975  -69.326  -7.344 0.6999999881
38005  -30.341  -68.863  -7.200 0.6999999881
39243  -31.270  -67.605  0.727 0.5000000000
39266  -31.297  -67.306  -0.061 0.5000000000
39267  -31.589  -67.549  0.339 0.5000000000
39280  -29.451  -67.253  0.057 0.6000000238
39282  -31.679  -67.507  -0.294 0.5000000000
39293  -27.604  -67.966  -1.445 0.5000000000
39296  -31.698  -67.501  -0.917 0.5000000000
39303  -26.906  -67.783  -2.039 0.5000000000
39305  -27.878  -67.658  -1.688 0.5000000000
39306  -31.285  -67.236  -1.917 0.5000000000
39311  -26.789  -67.818  -2.664 0.5000000000
39313  -31.260  -67.455  -2.534 0.6000000238
39314  -31.687  -67.732  -2.204 0.5000000000
39315  -34.971  -67.303  -2.800 0.4000000060
39322  -26.300  -67.672  -3.583 0.6000000238
39324  -27.266  -67.625  -3.059 0.6000000238
39325  -30.649  -67.312  -3.363 0.6000000238
39326  -31.217  -67.640  -3.154 0.6000000238
39328  -33.665  -67.372  -3.529 0.5000000000
39331  -35.251  -67.508  -3.231 0.4000000060
39332  -36.153  -67.438  -3.445 0.3000000119
39333  -40.502  -67.623  -3.538 0.4000000060
39334  -41.009  -67.754  -3.358 0.3000000119
39335  -41.580  -67.838  -3.360 0.3000000119
39344  -26.253  -67.519  -4.239 0.6999999881
39348  -30.412  -67.413  -3.964 0.5000000000
39356  -37.094  -67.211  -4.131 0.3000000119
39360  -42.359  -67.467  -3.807 0.3000000119
39367  -26.448  -67.728  -4.786 0.6000000238
39370  -28.586  -67.536  -4.786 0.6999999881
39376  -36.754  -67.632  -4.383 0.3000000119
39379  -40.126  -67.110  -5.008 0.4000000060
39385  -26.560  -67.654  -5.617 0.6999999881
39387  -27.850  -68.022  -5.560 0.6999999881
39390  -30.025  -68.118  -5.173 0.6000000238
39394  -37.516  -67.681  -6.033 0.4000000060
39395  -37.997  -67.328  -6.091 0.4000000060
39402  -32.278  -67.332  -6.162 0.6999999881
39406  -38.440  -67.542  -6.524 0.5000000000
39407  -38.950  -67.692  -6.375 0.5000000000
39408  -39.314  -67.515  -5.934 0.5000000000
39409  -27.343  -67.374  -6.393 0.6999999881
39412  -28.771  -68.015  -7.141 0.6999999881
39414  -30.079  -68.115  -6.898 0.6000000238
39416  -31.976  -67.767  -6.444 0.6999999881
39418  -38.194  -67.906  -6.775 0.5000000000
40715  -30.553  -66.982  -0.026 0.4000000060
40716  -30.968  -67.057  -0.153 0.5000000000
40735  -29.152  -67.027  -0.763 0.5000000000
40736  -29.552  -66.984  -0.348 0.5000000000
40738  -30.760  -66.780  -0.523 0.4000000060
40755  -28.583  -67.337  -1.099 0.5000000000
40756  -29.692  -66.783  -0.947 0.5000000000
40765  -25.995  -67.332  -1.801 0.5000000000
40766  -28.055  -67.294  -2.131 0.5000000000
40769  -30.148  -66.661  -1.672 0.4000000060
40770  -30.812  -66.768  -1.637 0.4000000060
40779  -26.065  -67.396  -2.514 0.5000000000
40780  -27.657  -67.395  -2.586 0.5000000000
40781  -28.039  -67.029  -2.701 0.6000000238
40783  -29.591  -66.682  -2.250 0.5000000000
40784  -30.269  -66.756  -2.219 0.5000000000
40787  -33.787  -66.627  -2.426 0.4000000060
40789  -35.228  -66.904  -2.484 0.3000000119
40791  -36.367  -66.662  -2.790 0.3000000119
40798  -26.028  -67.445  -3.203 0.5000000000
40802  -29.580  -66.753  -3.287 0.5000000000
40807  -33.868  -67.060  -2.994 0.5000000000
40808  -34.473  -67.253  -2.859 0.4000000060
40811  -37.067  -66.768  -3.371 0.3000000119
40820  -25.513  -67.065  -4.831 0.6999999881
40822  -27.659  -67.412  -3.439 0.6000000238
40823  -27.853  -67.374  -3.901 0.6000000238
40824  -28.461  -67.119  -3.885 0.6000000238
40826  -30.012  -66.963  -3.665 0.5000000000
40827  -33.146  -67.152  -3.870 0.5000000000
40829  -37.388  -66.742  -3.860 0.3000000119
40840  -25.601  -67.165  -5.477 0.6999999881
40841  -28.162  -67.412  -4.388 0.6000000238
40842  -28.720  -67.240  -4.338 0.6000000238
40844  -33.064  -67.286  -4.431 0.6000000238
40847  -40.604  -66.926  -4.643 0.3000000119
40856  -25.614  -66.786  -5.976 0.6999999881
40857  -25.752  -67.238  -6.100 0.6999999881
40860  -38.444  -67.037  -6.042 0.4000000060
40861  -39.330  -66.728  -5.799 0.4000000060
40862  -39.780  -66.754  -5.550 0.4000000060
40863  -25.870  -67.071  -6.409 0.6999999881
40864  -26.834  -67.129  -6.481 0.6999999881
40865  -27.629  -67.178  -6.609 0.6999999881
40866  -28.232  -67.050  -6.644 0.6999999881
40868  -29.897  -66.711  -6.250 0.6000000238
40869  -30.647  -66.674  -6.273 0.6000000238
40875  -39.479  -67.099  -5.815 0.4000000060
40876  -28.086  -67.482  -6.782 0.6999999881
42268  -34.074  -66.200  -1.808 0.3000000119
42271  -35.885  -65.965  -1.900 0.3000000119
42280  -32.829  -66.041  -2.796 0.4000000060
42281  -33.257  -66.336  -2.538 0.5000000000
42283  -35.536  -66.492  -2.165 0.3000000119
42286  -37.150  -65.994  -2.785 0.3000000119
42298  -36.909  -66.540  -2.970 0.3000000119
42307  -25.620  -66.947  -4.177 0.6000000238
42308  -32.695  -66.175  -4.198 0.4000000060
42309  -37.714  -66.286  -3.858 0.3000000119
42321  -32.731  -66.082  -4.941 0.5000000000
42329  -25.386  -66.047  -5.803 0.6000000238
42333  -32.233  -65.815  -5.765 0.6000000238
42337  -39.625  -66.300  -5.535 0.4000000060
42344  -29.214  -66.082  -6.123 0.6000000238
43635  -35.705  -65.228  -1.284 0.3000000119
43650  -24.648  -65.441  -1.607 0.4000000060
43656  -35.947  -65.478  -1.611 0.3000000119
43657  -36.448  -65.462  -1.901 0.3000000119
43658  -37.050  -65.186  -2.096 0.3000000119
43669  -24.919  -65.288  -2.261 0.6000000238
43681  -25.225  -65.780  -3.438 0.6000000238
43683  -37.603  -65.668  -3.095 0.3000000119
43693  -24.994  -65.810  -4.304 0.6999999881
43705  -25.001  -65.740  -5.264 0.6000000238
43706  -32.749  -65.406  -5.164 0.5000000000
43707  -39.203  -65.439  -4.665 0.3000000119
43708  -39.701  -65.539  -4.858 0.3000000119
43715  -24.900  -65.032  -5.519 0.6000000238
43720  -28.436  -65.639  -5.628 0.5000000000
43722  -30.106  -65.098  -5.890 0.5000000000
43723  -30.718  -64.969  -5.966 0.5000000000
43727  -39.941  -65.929  -5.299 0.3000000119
43728  -40.373  -66.006  -5.231 0.3000000119
43729  -26.181  -65.968  -6.063 0.6999999881
43730  -29.718  -65.550  -6.099 0.5000000000
43731  -30.292  -65.473  -6.147 0.5000000000
43732  -30.894  -65.448  -6.016 0.5000000000
45091  -23.647  -64.631  -1.395 0.4000000060
45095  -37.190  -64.705  -1.894 0.3000000119
45119  -24.873  -64.691  -3.265 0.6000000238
45132  -32.984  -64.578  -5.229 0.5000000000
45141  -24.952  -64.711  -4.969 0.6000000238
45155  -25.037  -64.924  -5.697 0.6000000238
45156  -25.261  -64.972  -5.826 0.6000000238
45157  -27.639  -65.080  -5.088 0.5000000000
45160  -29.788  -64.845  -5.375 0.5000000000
45164  -32.504  -64.900  -5.368 0.5000000000
46541  -23.602  -63.652  -1.712 0.3000000119
46544  -37.018  -64.360  -1.528 0.3000000119
46559  -24.323  -64.371  -2.296 0.6000000238
46569  -28.909  -63.825  -3.265 0.4000000060
46578  -24.737  -63.909  -4.158 0.6000000238
46579  -27.577  -64.014  -4.094 0.5000000000
46580  -28.502  -63.957  -3.541 0.4000000060
46581  -29.034  -64.119  -3.637 0.5000000000
46582  -29.629  -64.151  -3.749 0.5000000000
46584  -30.962  -63.651  -4.543 0.4000000060
46596  -25.224  -64.170  -5.129 0.6000000238
46598  -26.908  -63.794  -4.664 0.6000000238
46599  -29.835  -64.323  -4.330 0.5000000000
46600  -30.486  -64.032  -4.590 0.4000000060
47994  -29.358  -63.243  -2.495 0.4000000060
47995  -30.014  -63.325  -2.452 0.4000000060
48003  -28.158  -63.108  -3.150 0.4000000060
48022  -27.640  -63.049  -3.559 0.4000000060
48029  -25.259  -63.148  -4.486 0.5000000000
48030  -25.527  -63.579  -4.925 0.5000000000
48037  -32.846  -63.334  -5.476 0.4000000060
49390  -30.493  -62.467  -1.951 0.4000000060
49401  -23.170  -62.633  -2.044 0.4000000060
49402  -23.500  -62.925  -2.535 0.5000000000
49403  -28.573  -62.649  -2.298 0.4000000060
49432  -24.154  -62.333  -3.763 0.5000000000
49433  -24.574  -62.447  -4.108 0.5000000000
49435  -27.416  -62.477  -3.626 0.4000000060
49440  -25.056  -62.646  -4.392 0.5000000000
49442  -25.952  -62.359  -4.945 0.5000000000
49445  -33.729  -62.776  -4.836 0.3000000119
49449  -33.781  -61.932  -5.004 0.3000000119
50693  -30.065  -61.618  -1.390 0.4000000060
50706  -29.766  -62.021  -1.610 0.4000000060
50708  -30.862  -62.161  -1.939 0.4000000060
50719  -28.311  -62.105  -2.289 0.4000000060
50728  -23.535  -61.949  -2.976 0.5000000000
50729  -23.981  -62.011  -3.528 0.5000000000
50730  -27.848  -62.028  -2.854 0.4000000060
50741  -25.096  -61.989  -4.642 0.5000000000
50743  -26.051  -61.956  -4.781 0.5000000000
50744  -26.554  -61.965  -4.349 0.4000000060
50745  -33.865  -61.726  -4.884 0.3000000119
51984  -28.684  -60.907  -1.230 0.4000000060
51986  -29.749  -61.268  -1.038 0.4000000060
51998  -28.677  -61.419  -1.532 0.4000000060
51999  -30.711  -61.582  -1.533 0.4000000060
52016  -31.616  -61.063  -2.885 0.3000000119
52021  -25.641  -61.111  -4.264 0.4000000060
52022  -26.295  -61.157  -4.337 0.4000000060
52023  -26.711  -61.428  -4.193 0.4000000060
52024  -27.206  -61.271  -3.779 0.4000000060
52032  -33.778  -61.271  -4.699 0.3000000119
53287  -27.678  -60.401  -2.622 0.4000000060
53294  -24.579  -60.589  -3.627 0.4000000060
53300  -24.968  -60.776  -4.022 0.5000000000
53301  -25.622  -60.557  -3.950 0.4000000060
53303  -26.945  -60.277  -3.997 0.4000000060
53304  -27.188  -60.587  -3.796 0.4000000060
53309  -33.534  -60.297  -4.721 0.3000000119
53310  -33.795  -60.612  -4.518 0.3000000119
54655  -28.914  -60.173  -0.607 0.4000000060
54660  -27.800  -59.699  -1.818 0.4000000060
54661  -28.118  -60.091  -1.346 0.4000000060
54674  -26.987  -59.814  -3.663 0.4000000060
54680  -32.955  -59.520  -4.392 0.3000000119
54683  -33.822  -59.612  -4.669 0.3000000119
54684  -34.001  -59.522  -4.566 0.4000000060
55925  -28.733  -59.124  0.141 0.5000000000
55958  -25.679  -59.139  -3.233 0.4000000060
55961  -27.364  -58.794  -3.097 0.4000000060
55963  -34.379  -59.007  -3.665 0.4000000060
55966  -33.521  -58.792  -4.355 0.4000000060
55967  -34.348  -58.801  -4.530 0.4000000060
57272  -23.770  -58.213  -2.190 0.3000000119
57279  -24.102  -58.597  -2.616 0.3000000119
57281  -25.443  -58.256  -2.788 0.4000000060
57283  -27.199  -57.835  -2.867 0.4000000060
57288  -34.629  -58.117  -3.348 0.4000000060
57293  -33.197  -58.157  -3.478 0.4000000060
57296  -33.127  -58.620  -3.825 0.4000000060
57298  -34.207  -58.285  -4.394 0.4000000060
57300  -33.937  -58.954  -4.577 0.4000000060
58570  -25.040  -57.941  -2.520 0.4000000060
58580  -34.442  -57.586  -4.348 0.4000000060
58581  -34.740  -57.636  -4.171 0.4000000060
59881  -27.037  -57.320  -2.716 0.4000000060
63756  -27.315  -54.916  -2.416 0.4000000060
65201  -25.814  -54.030  -1.785 0.4000000060
65202  -26.453  -54.282  -1.992 0.4000000060
66692  -25.355  -53.636  -1.678 0.3000000119
68159  -26.053  -52.301  -1.496 0.4000000060
68168  -25.914  -52.861  -1.620 0.3000000119
68169  -26.623  -52.714  -1.674 0.4000000060
69638  -27.115  -52.426  -1.612 0.4000000060
70980  -25.904  -51.361  -1.251 0.4000000060
240398  -27.526  -59.925  -3.132 0.4000000060
240779  -27.540  -67.804  -5.107 0.6999999881
241419  -28.874  -66.656  -2.264 0.6000000238
241966  -29.170  -66.678  -2.804 0.5000000000
243715  -34.319  -71.079  -4.142 0.6000000238
244181  -32.845  -65.113  -4.711 0.4000000060
244718  -30.421  -66.643  -1.068 0.4000000060
244915  -26.283  -59.557  -3.497 0.4000000060
245372  -28.385  -66.880  -2.334 0.5000000000
247130  -29.121  -68.501  -7.154 0.6000000238
247874  -26.756  -57.684  -2.896 0.4000000060
248383  -35.570  -75.977  -1.629 0.4000000060
248442  -27.124  -54.023  -2.096 0.4000000060
249131  -27.889  -61.580  -2.518 0.4000000060
249197  -32.482  -66.955  -5.839 0.6000000238
249813  -32.749  -66.117  -3.478 0.4000000060
250402  -33.055  -70.563  -2.338 0.6999999881
251480  -33.671  -71.058  -4.186 0.6000000238
252001  -28.063  -64.120  -3.831 0.5000000000
252246  -39.913  -74.303  -6.936 0.3000000119
254434  -39.859  -68.228  -3.175 0.4000000060
255466  -37.487  -75.255  -7.608 0.3000000119
255603  -35.333  -70.921  -2.889 0.6000000238
257125  -30.560  -69.783  -7.225 0.8000000119
257214  -23.075  -60.138  -2.988 0.3000000119
258163  -29.077  -68.706  -7.061 0.6999999881
258373  -30.391  -67.301  0.415 0.5000000000
258505  -31.463  -63.340  -5.025 0.3000000119
258957  -33.426  -62.982  -5.320 0.3000000119
259994  -31.131  -61.505  -2.236 0.4000000060
261063  -24.412  -60.181  -3.350 0.5000000000
261125  -25.534  -66.342  -1.667 0.4000000060
261166  -42.498  -72.881  -6.005 0.3000000119
261536  -24.687  -64.311  -2.811 0.6000000238
262473  -38.797  -72.252  -1.712 0.5000000000
262754  -37.389  -69.513  -3.500 0.6000000238
262867  -38.861  -66.834  -5.915 0.4000000060
263681  -39.649  -69.559  -2.399 0.4000000060
263698  -42.707  -69.864  -3.486 0.4000000060
263950  -35.062  -70.460  -7.247 0.6999999881
263971  -32.648  -70.084  -3.106 0.6999999881
263986  -34.804  -57.714  -3.841 0.4000000060
264432  -28.945  -67.737  -5.117 0.6999999881
264467  -23.050  -61.668  -2.592 0.4000000060
266389  -35.709  -67.366  -3.236 0.4000000060
266697  -35.850  -70.744  -5.496 0.6000000238
266731  -41.897  -67.419  -3.708 0.3000000119
269441  -34.253  -59.256  -4.332 0.4000000060
270264  -37.586  -70.888  -1.455 0.4000000060
270641  -35.077  -70.032  -7.826 0.6000000238
270801  -27.266  -56.947  -2.632 0.4000000060
270898  -37.083  -72.304  -0.912 0.4000000060
271196  -33.155  -70.961  -4.175 0.6999999881
272953  -27.201  -67.572  -3.825 0.6000000238
274081  -32.384  -61.949  -4.865 0.3000000119
274342  -41.181  -71.327  -2.970 0.4000000060
274673  -26.890  -58.743  -3.223 0.4000000060
274796  -33.199  -62.452  -5.345 0.3000000119
275316  -26.198  -62.841  -4.780 0.5000000000
275430  -35.443  -70.891  -5.130 0.6000000238
275851  -36.639  -75.472  -1.997 0.4000000060
277547  -25.584  -66.301  -2.350 0.6000000238
277592  -39.368  -70.369  -2.125 0.4000000060
278222  -33.583  -59.257  -4.703 0.3000000119
278290  -25.856  -67.300  -4.381 0.6999999881
278563  -32.362  -68.215  0.305 0.5000000000
279043  -26.258  -50.901  -1.251 0.4000000060
279404  -35.410  -72.650  -0.374 0.4000000060
279906  -24.725  -57.686  -2.246 0.3000000119
279974  -33.963  -59.716  -3.620 0.4000000060
280161  -37.923  -70.344  -1.894 0.5000000000
280446  -26.223  -67.204  -6.463 0.6999999881
281514  -39.434  -69.067  -2.604 0.4000000060
281650  -40.363  -72.643  -2.791 0.4000000060
282118  -30.957  -70.111  -7.108 0.8000000119
282283  -37.677  -73.945  -1.677 0.4000000060
282325  -27.364  -59.661  -3.427 0.4000000060
282470  -40.684  -67.114  -4.172 0.3000000119
283454  -23.800  -64.475  -1.789 0.6000000238
284464  -34.361  -71.267  -1.581 0.6000000238
284768  -25.403  -67.024  -1.051 0.4000000060
284784  -33.926  -66.392  -2.099 0.3000000119
284958  -33.410  -70.839  -5.987 0.6000000238
285029  -26.399  -64.702  -5.336 0.6000000238
285574  -33.166  -69.449  -7.068 0.6000000238
285700  -29.975  -66.674  -1.315 0.5000000000
285968  -33.455  -63.692  -4.967 0.3000000119
286168  -33.174  -61.324  -5.068 0.3000000119
286340  -26.992  -53.567  -1.966 0.4000000060
286351  -28.627  -66.922  -6.532 0.6000000238
286737  -33.641  -60.930  -4.777 0.3000000119
286855  -39.593  -68.054  -3.710 0.4000000060
286889  -32.942  -67.406  -5.192 0.6000000238
287680  -28.782  -65.363  -5.431 0.5000000000
288431  -27.956  -61.243  -2.364 0.4000000060
288858  -37.195  -70.026  -6.914 0.6999999881
