#!ascii label  , from subject sub-v2s5x29540_ses-1 vox2ras=TkReg
1325
55009  -30.772  -69.120  -5.090 0.5000000000
239681  -30.162  -70.399  -5.587 0.8000000119
49868  -27.302  -71.391  -5.438 0.8000000119
51543  -28.336  -70.832  -5.452 0.8000000119
53299  -29.517  -70.333  -5.456 0.8000000119
264946  -32.134  -69.016  -4.582 0.5000000000
53301  -30.628  -69.842  -5.534 0.5000000000
55025  -29.960  -69.802  -5.595 0.6000000238
51527  -25.281  -70.989  -5.385 0.6999999881
51548  -26.632  -71.190  -5.980 0.6999999881
55023  -28.599  -69.887  -5.684 0.8000000119
55006  -28.990  -69.232  -5.278 0.6999999881
259099  -32.336  -68.688  -4.133 0.6000000238
56695  -31.300  -68.551  -4.236 0.5000000000
56694  -30.806  -68.083  -4.303 0.6000000238
53268  -24.780  -70.108  -3.299 0.6999999881
55008  -30.251  -69.088  -5.286 0.6000000238
56693  -30.249  -67.828  -4.412 0.6000000238
53274  -24.843  -70.666  -4.682 0.6999999881
51517  -25.361  -70.960  -4.976 0.6999999881
268145  -26.951  -70.435  -5.961 0.6999999881
56712  -29.307  -68.383  -4.882 0.6000000238
56691  -29.007  -67.985  -4.412 0.6000000238
55022  -27.885  -69.934  -5.762 0.8000000119
55005  -28.293  -69.391  -5.272 0.8000000119
56711  -28.669  -68.766  -4.698 0.6999999881
54992  -31.666  -68.988  -3.218 0.4000000060
56675  -30.834  -68.229  -3.873 0.6000000238
54989  -23.542  -69.824  -3.967 0.6999999881
58358  -29.913  -67.630  -3.910 0.6000000238
54996  -23.652  -70.146  -4.545 0.6999999881
53283  -24.664  -70.498  -5.693 0.6999999881
262944  -25.621  -70.712  -5.877 0.6999999881
55027  -26.486  -70.138  -5.931 0.6999999881
248247  -26.643  -69.778  -5.679 0.6000000238
56710  -27.935  -68.943  -4.656 0.6999999881
56673  -27.286  -68.257  -3.469 0.5000000000
55002  -25.101  -69.792  -6.183 0.6000000238
55003  -26.049  -69.605  -5.420 0.6000000238
254693  -26.770  -69.402  -5.122 0.6000000238
56690  -26.842  -68.788  -4.005 0.6000000238
56689  -26.074  -68.903  -4.096 0.6000000238
58341  -26.102  -68.356  -2.963 0.5000000000
54982  -31.241  -69.267  -2.657 0.4000000060
54991  -31.077  -68.803  -3.284 0.5000000000
56658  -23.066  -69.128  -2.871 0.6999999881
56662  -30.494  -68.656  -3.184 0.6000000238
58331  -29.705  -67.860  -3.262 0.6000000238
53272  -23.687  -70.210  -5.133 0.6999999881
237893  -28.979  -67.767  -3.371 0.6000000238
55001  -24.301  -69.952  -5.723 0.6999999881
58344  -28.393  -67.747  -3.276 0.5000000000
58328  -27.684  -67.516  -2.422 0.6000000238
56707  -24.688  -69.523  -5.224 0.6999999881
56708  -25.595  -69.379  -4.916 0.6000000238
58342  -26.811  -68.246  -2.907 0.5000000000
58327  -27.041  -67.846  -2.489 0.5000000000
56671  -25.741  -68.581  -3.616 0.5000000000
58288  -22.079  -68.552  -0.530 0.6000000238
58299  -21.158  -68.000  -1.219 0.6000000238
54972  -31.388  -69.628  -2.059 0.5000000000
54971  -30.671  -69.609  -2.204 0.5000000000
58309  -22.427  -68.533  -2.099 0.6999999881
56649  -23.293  -68.992  -2.059 0.6999999881
269110  -30.740  -69.089  -2.739 0.5000000000
54980  -29.656  -69.135  -2.191 0.5000000000
54969  -29.281  -69.423  -1.605 0.4000000060
54977  -23.280  -69.430  -3.452 0.6999999881
56660  -29.371  -68.303  -2.638 0.5000000000
54988  -22.988  -69.556  -4.370 0.6999999881
54994  -23.089  -69.569  -5.034 0.6999999881
58316  -28.759  -67.857  -2.348 0.5000000000
56705  -23.391  -69.333  -5.132 0.6999999881
56687  -24.396  -69.010  -4.760 0.6000000238
58315  -28.240  -67.528  -2.338 0.5000000000
58355  -24.968  -68.529  -4.001 0.6000000238
59966  -27.368  -67.265  -1.699 0.5000000000
58339  -24.581  -68.192  -3.558 0.5000000000
58324  -24.961  -68.166  -2.675 0.5000000000
58311  -25.166  -68.021  -2.017 0.5000000000
59965  -26.218  -67.574  -1.478 0.5000000000
58312  -25.745  -67.910  -1.856 0.5000000000
59938  -26.279  -66.962  -0.496 0.3000000119
53230  -29.087  -70.216  -0.301 0.3000000119
262062  -20.320  -68.256  -0.891 0.6000000238
58298  -20.516  -67.937  -1.287 0.6000000238
53247  -29.818  -70.150  -1.097 0.4000000060
54960  -29.403  -69.866  -1.254 0.4000000060
58308  -21.856  -68.318  -2.526 0.6000000238
56652  -29.068  -68.712  -1.992 0.5000000000
56657  -22.677  -69.015  -2.992 0.6999999881
56669  -22.386  -68.904  -3.818 0.6999999881
59957  -28.243  -67.535  -1.819 0.5000000000
58352  -22.910  -68.581  -4.643 0.5000000000
59956  -27.960  -67.098  -1.310 0.5000000000
248349  -23.926  -68.169  -4.167 0.5000000000
61518  -27.385  -66.673  -0.952 0.4000000060
228796  -27.034  -67.193  -1.366 0.3000000119
59939  -26.962  -66.505  -0.240 0.4000000060
59952  -25.032  -67.473  -1.015 0.5000000000
59953  -25.797  -67.414  -0.916 0.4000000060
58296  -19.251  -67.852  -1.360 0.6000000238
58297  -19.923  -67.897  -1.340 0.6000000238
59947  -20.008  -67.889  -2.145 0.6000000238
59948  -20.554  -67.910  -2.173 0.6000000238
59960  -20.893  -67.623  -2.782 0.6000000238
56635  -28.105  -68.887  -0.397 0.3000000119
56651  -28.543  -68.256  -1.577 0.4000000060
58321  -21.773  -68.312  -3.200 0.6000000238
58289  -27.922  -68.047  -0.252 0.3000000119
58336  -21.807  -68.283  -3.662 0.6000000238
56685  -22.816  -69.128  -4.669 0.6999999881
59935  -27.940  -67.102  -0.167 0.3000000119
58302  -28.069  -67.117  -0.817 0.3000000119
58351  -22.133  -68.084  -4.031 0.6000000238
268723  -27.089  -66.235  0.575 0.3000000119
61510  -27.814  -66.675  -0.572 0.3000000119
59970  -22.696  -67.477  -3.360 0.5000000000
59976  -22.938  -67.732  -3.745 0.5000000000
59977  -23.461  -67.779  -3.508 0.5000000000
64381  -26.237  -65.376  1.506 0.3000000119
229632  -27.306  -66.294  0.047 0.3000000119
59972  -23.859  -67.760  -2.840 0.5000000000
59962  -24.061  -67.645  -1.983 0.5000000000
61499  -26.036  -66.427  0.607 0.3000000119
59961  -23.454  -67.405  -2.398 0.5000000000
61498  -24.796  -66.549  0.296 0.4000000060
226010  -25.350  -66.769  0.238 0.3000000119
59945  -19.049  -67.425  -1.880 0.6000000238
59959  -19.661  -67.300  -2.601 0.5000000000
59968  -21.390  -67.747  -3.064 0.6000000238
61521  -20.506  -67.263  -2.904 0.5000000000
62946  -26.523  -65.566  1.758 0.3000000119
59973  -21.545  -67.719  -3.261 0.6000000238
65723  -26.110  -64.747  2.474 0.3000000119
62963  -26.623  -65.736  1.210 0.3000000119
59969  -22.142  -67.390  -3.248 0.6000000238
59971  -23.230  -67.516  -3.116 0.5000000000
61515  -23.300  -66.705  -1.494 0.5000000000
61517  -24.527  -67.154  -0.630 0.4000000060
62976  -24.015  -66.124  0.055 0.4000000060
61513  -18.766  -66.907  -1.744 0.5000000000
61514  -19.254  -66.409  -1.859 0.5000000000
61519  -19.682  -66.577  -2.244 0.5000000000
233644  -20.062  -67.523  -2.671 0.5000000000
62992  -20.179  -66.083  -2.237 0.5000000000
64332  -25.791  -65.184  3.338 0.3000000119
65715  -25.877  -64.762  3.052 0.3000000119
62996  -21.246  -66.837  -2.598 0.6000000238
62997  -22.013  -66.473  -2.443 0.6000000238
61526  -22.398  -66.803  -2.679 0.5000000000
61523  -23.161  -66.950  -2.120 0.5000000000
64378  -24.498  -65.522  1.119 0.4000000060
68392  -24.329  -63.300  0.962 0.4000000060
225673  -19.351  -66.084  -1.167 0.5000000000
234838  -19.832  -65.884  -1.642 0.5000000000
62985  -20.306  -65.551  -1.141 0.5000000000
64312  -25.576  -65.231  3.914 0.4000000060
68356  -25.525  -63.246  4.520 0.4000000060
234609  -20.710  -66.506  -2.397 0.5000000000
62993  -21.467  -66.112  -2.241 0.5000000000
235388  -25.591  -63.036  4.018 0.4000000060
68364  -25.630  -63.158  3.531 0.3000000119
62989  -20.843  -65.633  -1.994 0.4000000060
68370  -25.682  -63.269  2.945 0.3000000119
62994  -22.259  -65.822  -2.173 0.4000000060
62995  -22.685  -65.894  -1.981 0.4000000060
249231  -23.724  -65.140  0.227 0.4000000060
62975  -19.491  -66.038  -0.194 0.5000000000
62984  -20.085  -65.805  -0.569 0.5000000000
67034  -25.392  -63.782  4.870 0.4000000060
64391  -20.720  -65.304  -1.289 0.5000000000
64388  -20.639  -65.156  -0.681 0.4000000060
242913  -26.326  -61.264  4.843 0.4000000060
70943  -25.772  -62.151  4.063 0.4000000060
64389  -21.032  -64.875  -1.079 0.4000000060
64396  -21.664  -65.657  -1.846 0.4000000060
258626  -25.934  -61.694  3.750 0.4000000060
64393  -22.146  -65.306  -1.767 0.4000000060
64397  -22.722  -65.378  -1.837 0.4000000060
65749  -23.171  -64.950  -1.820 0.4000000060
64395  -23.211  -65.256  -1.382 0.4000000060
65750  -23.357  -64.586  -1.685 0.4000000060
68391  -24.175  -63.243  0.304 0.4000000060
70972  -25.007  -62.183  1.162 0.4000000060
69667  -24.403  -62.836  0.534 0.4000000060
267459  -19.465  -65.952  0.331 0.5000000000
64384  -19.922  -65.717  0.368 0.4000000060
70928  -26.254  -61.878  5.607 0.4000000060
70936  -26.137  -61.753  5.013 0.4000000060
64385  -20.568  -65.378  0.067 0.5000000000
65745  -21.015  -65.029  -0.105 0.4000000060
266541  -21.245  -64.533  -1.082 0.4000000060
75556  -27.188  -59.906  4.155 0.4000000060
253851  -22.241  -64.353  -1.591 0.4000000060
67078  -22.907  -64.322  -1.842 0.4000000060
267554  -25.449  -61.763  1.705 0.3000000119
67075  -23.573  -64.232  -0.962 0.4000000060
64367  -20.368  -65.202  1.411 0.4000000060
65737  -20.893  -65.076  1.215 0.5000000000
65738  -21.266  -64.662  0.902 0.4000000060
73996  -27.201  -60.502  5.145 0.4000000060
67066  -21.543  -64.038  0.449 0.4000000060
65746  -21.130  -64.573  -0.633 0.4000000060
67070  -21.731  -63.545  -0.210 0.4000000060
67069  -21.422  -64.016  -0.410 0.4000000060
67074  -21.688  -63.543  -0.915 0.4000000060
67076  -22.421  -63.856  -1.532 0.4000000060
247166  -23.378  -64.141  -1.703 0.4000000060
67077  -23.454  -64.121  -1.665 0.4000000060
72453  -25.754  -61.281  0.907 0.4000000060
69673  -24.414  -62.907  -0.411 0.4000000060
70981  -25.047  -62.032  0.317 0.4000000060
65731  -21.242  -64.728  1.612 0.4000000060
67062  -21.580  -64.274  1.289 0.4000000060
67067  -21.885  -63.760  0.978 0.4000000060
69665  -22.131  -62.680  0.238 0.4000000060
68395  -21.901  -63.077  -0.688 0.4000000060
69679  -22.443  -62.872  -1.153 0.4000000060
72445  -25.995  -60.829  1.576 0.4000000060
71010  -23.679  -62.637  -1.515 0.4000000060
69687  -24.590  -62.981  -1.779 0.4000000060
264711  -24.943  -62.323  -1.793 0.4000000060
69681  -24.688  -63.009  -1.497 0.4000000060
70992  -25.474  -61.909  -0.649 0.4000000060
68385  -22.131  -63.486  1.963 0.4000000060
68389  -22.193  -63.430  1.328 0.4000000060
68390  -22.360  -62.879  0.959 0.4000000060
70979  -22.639  -61.935  0.305 0.4000000060
69672  -22.320  -62.200  -0.177 0.4000000060
72458  -23.245  -61.062  -0.336 0.4000000060
70989  -22.723  -61.834  -0.474 0.4000000060
72470  -24.164  -61.682  -1.229 0.4000000060
72471  -25.088  -62.045  -1.582 0.4000000060
72454  -26.197  -60.956  0.608 0.3000000119
72473  -25.773  -61.621  -1.112 0.4000000060
266456  -25.973  -61.275  0.074 0.4000000060
68378  -22.409  -63.174  2.267 0.4000000060
70961  -23.151  -62.260  2.025 0.4000000060
70962  -23.418  -61.623  2.006 0.4000000060
72442  -23.391  -61.358  1.162 0.4000000060
70980  -22.976  -61.635  0.771 0.4000000060
72459  -24.129  -61.104  -0.730 0.4000000060
74080  -24.918  -61.123  -1.039 0.4000000060
256664  -27.664  -59.338  1.686 0.4000000060
74055  -26.746  -60.150  1.269 0.3000000119
74082  -25.911  -61.362  -1.030 0.4000000060
239593  -26.388  -61.162  -0.440 0.5000000000
75606  -27.526  -60.426  0.079 0.4000000060
74083  -26.340  -61.105  -0.979 0.5000000000
72431  -23.637  -61.213  2.481 0.4000000060
74053  -24.090  -60.495  1.642 0.4000000060
72443  -23.768  -61.020  1.601 0.4000000060
75592  -24.433  -59.602  1.261 0.4000000060
235623  -23.869  -60.582  1.119 0.4000000060
227114  -26.305  -61.079  -1.006 0.4000000060
75621  -27.674  -60.731  -0.921 0.5000000000
74036  -24.094  -60.605  3.079 0.4000000060
75585  -24.693  -59.797  2.147 0.4000000060
77211  -24.868  -59.247  1.584 0.4000000060
74084  -26.869  -60.912  -0.939 0.4000000060
225531  -28.117  -60.626  -1.239 0.5000000000
75571  -24.917  -59.679  2.959 0.4000000060
77198  -25.102  -59.280  2.352 0.4000000060
77212  -25.341  -58.794  1.821 0.4000000060
75638  -28.671  -60.499  -1.448 0.5000000000
82211  -26.342  -57.415  3.144 0.4000000060
267327  -24.882  -59.478  3.376 0.4000000060
80596  -26.102  -57.967  2.944 0.4000000060
77199  -25.436  -58.831  2.574 0.4000000060
78862  -26.086  -58.154  2.312 0.4000000060
82238  -26.245  -56.886  1.428 0.5000000000
77174  -25.275  -58.731  3.555 0.4000000060
59950  -23.651  -67.239  -1.674 0.5000000000
62986  -23.536  -66.052  -0.417 0.5000000000
64387  -24.104  -65.712  0.564 0.4000000060
250692  -31.891  -69.551  -4.887 0.5000000000
49869  -27.844  -71.342  -5.199 0.8000000119
49867  -26.865  -71.552  -5.431 0.8000000119
49856  -26.482  -71.688  -4.713 0.6999999881
56698  -33.083  -68.694  -4.118 0.5000000000
264863  -25.690  -70.779  -3.566 0.6999999881
56679  -33.244  -68.846  -3.449 0.5000000000
53264  -24.969  -70.026  -2.409 0.6999999881
54983  -31.837  -69.344  -2.521 0.4000000060
56663  -32.236  -69.062  -3.076 0.4000000060
54978  -23.736  -69.585  -3.075 0.6999999881
264262  -22.562  -68.457  -1.361 0.6999999881
54973  -32.008  -69.612  -1.885 0.4000000060
53250  -31.775  -69.995  -0.962 0.4000000060
56629  -21.739  -68.775  -0.142 0.6000000238
53232  -30.171  -70.315  -0.573 0.4000000060
58285  -19.757  -68.380  -0.802 0.6000000238
262022  -18.701  -68.075  -1.151 0.5000000000
61512  -18.116  -66.705  -1.494 0.5000000000
62987  -18.723  -66.356  -1.553 0.5000000000
62983  -18.777  -66.244  -0.652 0.4000000060
260354  -19.822  -65.155  1.537 0.4000000060
65729  -20.182  -64.929  1.884 0.4000000060
65730  -20.781  -64.941  1.811 0.4000000060
67053  -21.010  -64.398  2.771 0.4000000060
69655  -22.394  -62.934  2.753 0.4000000060
69649  -22.817  -62.446  2.675 0.4000000060
72416  -23.454  -61.203  3.228 0.4000000060
74035  -23.718  -60.891  3.424 0.4000000060
74020  -23.743  -60.539  3.723 0.4000000060
78838  -25.323  -58.190  3.718 0.4000000060
51530  -29.360  -71.125  -4.819 0.8000000119
51542  -27.557  -70.942  -5.690 0.8000000119
56676  -31.488  -68.673  -3.896 0.5000000000
49866  -26.461  -71.575  -5.433 0.6999999881
53294  -24.735  -70.036  -6.151 0.6999999881
58347  -30.455  -67.804  -4.013 0.6000000238
58356  -28.673  -67.918  -3.833 0.6999999881
55004  -27.447  -69.478  -5.327 0.6999999881
58330  -29.152  -67.805  -3.017 0.6000000238
58343  -27.997  -68.039  -3.722 0.6000000238
56674  -27.587  -68.573  -4.096 0.6000000238
58322  -22.152  -68.719  -2.819 0.6999999881
58329  -28.650  -67.594  -2.837 0.5000000000
59949  -21.358  -68.083  -2.138 0.6000000238
53248  -30.599  -70.235  -1.073 0.5000000000
237953  -30.087  -69.601  -2.037 0.5000000000
54958  -28.529  -69.119  -0.930 0.3000000119
59963  -24.743  -67.719  -1.658 0.5000000000
244462  -22.739  -66.670  -2.431 0.5000000000
61516  -23.858  -66.936  -1.024 0.5000000000
247927  -23.337  -65.065  -0.627 0.4000000060
64394  -22.912  -65.554  -1.601 0.4000000060
67068  -24.535  -63.836  1.275 0.4000000060
68396  -23.718  -63.635  -1.346 0.4000000060
69685  -23.331  -63.011  -1.492 0.4000000060
67055  -21.746  -63.887  2.280 0.4000000060
71001  -25.266  -62.339  -1.668 0.4000000060
78881  -26.120  -57.907  1.811 0.4000000060
37122  -27.537  -77.352  -6.116 0.4000000060
38612  -28.328  -77.007  -6.310 0.4000000060
38593  -29.219  -76.756  -5.520 0.4000000060
38594  -29.896  -76.656  -5.302 0.4000000060
37093  -29.001  -77.310  -4.526 0.4000000060
37094  -29.670  -77.027  -4.476 0.4000000060
38584  -30.761  -76.644  -4.243 0.4000000060
37081  -30.710  -76.838  -3.583 0.4000000060
40095  -32.273  -75.679  -2.856 0.5000000000
37079  -28.928  -77.496  -3.861 0.4000000060
252644  -30.079  -77.152  -3.540 0.4000000060
38539  -31.123  -76.599  -2.671 0.5000000000
40094  -31.812  -75.915  -2.652 0.5000000000
43295  -32.150  -74.856  -2.132 0.6000000238
37060  -29.048  -77.685  -2.653 0.4000000060
259155  -29.398  -77.506  -2.981 0.4000000060
38527  -30.354  -76.495  -1.893 0.4000000060
41719  -31.964  -75.376  -2.402 0.5000000000
54984  -32.386  -69.335  -2.331 0.3000000119
54975  -33.009  -69.296  -1.459 0.4000000060
53234  -31.807  -70.039  -0.377 0.3000000119
43296  -32.596  -74.609  -2.328 0.5000000000
55014  -33.869  -69.203  -4.617 0.5000000000
226552  -33.835  -68.770  -3.194 0.4000000060
37017  -29.265  -76.922  -0.568 0.4000000060
40077  -31.086  -75.819  -1.964 0.5000000000
40078  -31.485  -75.569  -2.231 0.5000000000
37030  -29.164  -77.423  -1.368 0.4000000060
37044  -29.630  -77.378  -2.440 0.4000000060
44880  -32.447  -73.803  -2.054 0.6000000238
46503  -33.101  -73.168  -2.351 0.6000000238
49805  -32.974  -71.969  -2.715 0.6999999881
55013  -33.355  -69.365  -4.638 0.5000000000
48160  -33.344  -72.557  -2.568 0.6999999881
51511  -33.438  -71.050  -3.434 0.6999999881
53287  -33.192  -69.867  -4.666 0.6999999881
49827  -33.196  -71.471  -3.051 0.6999999881
51523  -33.158  -70.595  -3.907 0.6999999881
40063  -30.854  -75.545  -1.598 0.5000000000
43276  -31.243  -74.735  -1.548 0.6000000238
44878  -31.532  -73.846  -1.610 0.6000000238
48142  -31.511  -72.640  -1.813 0.6000000238
250379  -29.740  -76.093  -0.840 0.4000000060
40061  -30.008  -75.639  -0.970 0.5000000000
43252  -30.865  -74.388  -1.339 0.6000000238
46486  -32.207  -73.430  -1.929 0.6000000238
48143  -31.998  -72.224  -2.224 0.6000000238
48158  -32.362  -71.801  -2.651 0.6000000238
268651  -30.707  -70.349  -0.534 0.3000000119
48159  -32.685  -72.529  -2.315 0.6000000238
49826  -32.610  -71.365  -3.052 0.6999999881
55012  -32.845  -69.475  -4.605 0.6000000238
56717  -32.511  -68.945  -4.433 0.5000000000
43235  -29.003  -74.574  -0.210 0.6000000238
44843  -28.917  -73.884  -0.458 0.6000000238
44859  -29.552  -73.749  -0.732 0.6999999881
46467  -30.265  -73.279  -1.135 0.6000000238
46483  -30.936  -72.751  -1.575 0.6000000238
49790  -31.334  -71.983  -2.263 0.6000000238
40041  -29.534  -75.614  -0.539 0.5000000000
43251  -30.400  -74.565  -1.044 0.6000000238
225524  -31.532  -71.379  -3.181 0.6000000238
51508  -31.740  -71.127  -3.688 0.6999999881
51521  -32.040  -70.809  -4.187 0.6999999881
51522  -32.575  -70.632  -4.009 0.6999999881
55011  -32.405  -69.538  -4.738 0.6000000238
51535  -32.369  -70.368  -4.592 0.6999999881
46453  -28.312  -73.408  -0.763 0.6000000238
46465  -28.983  -73.185  -0.936 0.6999999881
48139  -29.128  -72.472  -1.759 0.6999999881
48126  -29.389  -72.680  -1.257 0.6999999881
49788  -30.134  -72.084  -2.288 0.6000000238
53284  -31.100  -70.152  -5.376 0.5000000000
49824  -31.089  -71.341  -3.662 0.6999999881
51520  -31.486  -71.025  -4.363 0.6999999881
53285  -31.619  -70.133  -5.139 0.6000000238
48174  -27.979  -72.414  -3.215 0.6999999881
225553  -28.303  -71.848  -4.365 0.6999999881
48138  -28.485  -72.718  -1.945 0.6999999881
49821  -28.984  -71.986  -3.389 0.6000000238
49845  -29.408  -71.719  -3.896 0.5000000000
48157  -29.429  -72.179  -2.144 0.6999999881
49801  -29.369  -72.102  -2.799 0.6000000238
49846  -30.450  -71.464  -3.937 0.6999999881
53300  -30.643  -70.455  -5.398 0.5000000000
49802  -30.516  -71.819  -2.746 0.6000000238
51519  -30.830  -71.134  -4.416 0.6999999881
51533  -31.159  -70.619  -4.980 0.6000000238
48196  -27.459  -72.320  -3.891 0.6999999881
49859  -27.943  -71.701  -4.736 0.6999999881
49857  -26.909  -71.819  -4.857 0.6999999881
51531  -30.014  -71.149  -5.005 0.6000000238
49860  -29.017  -71.616  -4.429 0.6999999881
56699  -33.647  -68.633  -3.982 0.5000000000
49861  -29.695  -71.438  -4.508 0.6000000238
37110  -28.825  -77.140  -5.181 0.4000000060
38557  -31.708  -76.388  -3.460 0.4000000060
37043  -29.181  -77.614  -2.005 0.4000000060
37062  -30.373  -77.068  -3.037 0.4000000060
40062  -30.479  -75.597  -1.293 0.4000000060
38526  -29.905  -76.690  -1.572 0.4000000060
53276  -33.495  -70.211  -4.321 0.6999999881
53275  -32.906  -70.255  -4.437 0.6999999881
46484  -31.268  -73.271  -1.562 0.6000000238
249885  -30.851  -72.279  -1.991 0.6000000238
41681  -29.819  -75.235  -0.797 0.6999999881
44860  -30.009  -74.164  -0.797 0.6000000238
48140  -29.738  -72.403  -1.728 0.6000000238
48175  -28.580  -72.235  -2.972 0.6999999881
227472  -29.988  -71.683  -3.588 0.6000000238
48197  -27.950  -72.172  -3.798 0.6000000238
46482  -28.208  -72.994  -1.370 0.5000000000
41643  -28.691  -75.500  0.076 0.4000000060
43234  -28.456  -74.217  -0.060 0.5000000000
46481  -27.311  -73.214  -2.078 0.6000000238
40019  -28.163  -76.134  0.471 0.4000000060
41641  -27.622  -75.318  0.523 0.5000000000
44830  -27.932  -74.410  0.184 0.5000000000
44842  -27.850  -73.951  -0.134 0.5000000000
46463  -27.196  -73.342  -1.533 0.5000000000
48135  -26.538  -72.994  -1.762 0.5000000000
46464  -27.694  -73.345  -1.169 0.5000000000
48154  -27.460  -72.961  -2.534 0.6000000238
48153  -27.212  -72.747  -2.878 0.5000000000
48136  -26.932  -72.908  -2.339 0.5000000000
48152  -26.854  -72.471  -2.944 0.6999999881
243710  -26.581  -72.549  -2.195 0.6000000238
51499  -26.142  -71.371  -2.829 0.6000000238
41628  -27.366  -75.718  0.878 0.5000000000
43223  -26.835  -74.466  0.310 0.5000000000
44828  -26.541  -74.097  -0.321 0.5000000000
48125  -26.169  -72.906  -1.165 0.5000000000
44840  -26.785  -73.814  -0.855 0.5000000000
49820  -26.779  -72.236  -3.612 0.6000000238
49781  -26.143  -72.348  -1.531 0.6000000238
51488  -26.116  -71.483  -2.174 0.5000000000
53265  -25.403  -70.378  -2.774 0.6000000238
259102  -26.549  -74.660  0.680 0.5000000000
43222  -26.260  -74.342  0.329 0.5000000000
44826  -25.449  -73.594  -0.010 0.5000000000
44839  -25.940  -73.754  -0.470 0.5000000000
48124  -25.801  -72.411  -1.004 0.5000000000
49840  -26.457  -71.800  -3.972 0.6000000238
51479  -25.682  -71.052  -1.304 0.5000000000
53259  -25.514  -70.511  -1.876 0.6000000238
41616  -26.662  -75.567  1.508 0.5000000000
44818  -25.774  -74.195  0.599 0.5000000000
46437  -25.157  -73.391  0.587 0.5000000000
46443  -25.048  -72.802  0.609 0.5000000000
49763  -24.859  -71.569  0.854 0.6000000238
48107  -25.031  -72.304  0.319 0.4000000060
51454  -24.260  -70.593  1.362 0.4000000060
245220  -24.879  -71.149  0.420 0.5000000000
49774  -25.068  -71.267  -0.097 0.5000000000
233236  -25.381  -72.246  -0.664 0.4000000060
53194  -23.514  -70.081  1.205 0.4000000060
54904  -23.760  -69.940  0.772 0.5000000000
53213  -24.659  -70.368  0.266 0.5000000000
54902  -22.795  -69.842  0.933 0.4000000060
53228  -25.109  -70.485  -0.552 0.6000000238
53245  -25.333  -70.505  -1.080 0.6000000238
54968  -24.556  -69.668  -2.078 0.6000000238
54967  -24.142  -69.396  -1.811 0.6000000238
53196  -24.641  -70.653  0.845 0.5000000000
54923  -23.090  -69.611  0.581 0.5000000000
56614  -23.272  -69.368  0.117 0.5000000000
54925  -23.917  -69.817  0.276 0.5000000000
251022  -21.883  -69.657  0.538 0.4000000060
245254  -22.182  -69.190  0.274 0.5000000000
248140  -23.739  -69.395  -0.412 0.6000000238
54941  -24.470  -69.795  -0.587 0.6000000238
56650  -23.756  -69.151  -1.575 0.6000000238
56630  -22.423  -68.871  -0.141 0.5000000000
58284  -19.025  -68.520  -0.747 0.3000000119
56626  -19.402  -68.955  -0.152 0.4000000060
56611  -20.722  -69.124  0.217 0.4000000060
56628  -21.074  -68.711  -0.222 0.5000000000
58301  -22.544  -68.611  -0.693 0.5000000000
233796  -23.043  -68.767  -0.937 0.6000000238
62959  -18.680  -65.925  0.673 0.3000000119
62973  -18.419  -66.164  0.122 0.3000000119
62982  -18.231  -66.410  -1.341 0.4000000060
59944  -18.032  -67.194  -1.614 0.4000000060
65728  -19.437  -64.839  1.884 0.3000000119
68369  -21.764  -63.137  2.967 0.3000000119
67052  -20.392  -64.279  2.701 0.3000000119
264861  -21.534  -62.733  3.155 0.3000000119
263319  -22.498  -62.480  3.043 0.3000000119
70950  -22.260  -62.173  3.344 0.3000000119
259717  -22.653  -61.354  3.715 0.3000000119
225934  -23.119  -60.433  3.937 0.3000000119
75555  -24.777  -59.171  3.728 0.3000000119
56627  -20.321  -68.719  -0.338 0.5000000000
64365  -19.260  -65.317  1.418 0.3000000119
48172  -27.142  -72.427  -3.608 0.5000000000
44829  -27.319  -74.173  0.070 0.5000000000
51470  -25.337  -71.039  -0.654 0.5000000000
54957  -24.555  -69.683  -1.296 0.6000000238
56700  -34.685  -68.642  -4.219 0.3000000119
53277  -34.155  -70.295  -4.201 0.6000000238
53288  -33.801  -69.749  -4.574 0.6000000238
241563  -34.860  -68.723  0.387 0.3000000119
56637  -34.392  -68.711  -0.209 0.3000000119
56654  -34.696  -68.703  -1.717 0.3000000119
56653  -33.434  -69.093  -1.767 0.3000000119
58317  -35.310  -68.417  -1.607 0.3000000119
264370  -34.053  -68.865  -2.300 0.3000000119
56665  -33.377  -69.019  -2.605 0.3000000119
53289  -34.494  -69.846  -4.473 0.6000000238
55015  -34.803  -69.456  -4.613 0.5000000000
56594  -34.700  -69.060  1.272 0.3000000119
56616  -33.521  -69.019  0.226 0.3000000119
56644  -34.012  -68.937  -0.729 0.3000000119
54964  -33.444  -69.185  -0.969 0.3000000119
58332  -35.222  -68.416  -2.281 0.3000000119
56680  -35.002  -68.387  -3.543 0.3000000119
56701  -35.373  -68.633  -4.008 0.4000000060
38484  -29.030  -76.532  -0.176 0.4000000060
54879  -34.304  -69.256  2.212 0.3000000119
56592  -33.704  -68.880  1.322 0.3000000119
54909  -33.264  -69.041  0.720 0.3000000119
54930  -32.954  -69.302  0.125 0.3000000119
40176  -31.429  -76.068  -5.608 0.5000000000
40178  -32.645  -75.877  -5.266 0.5000000000
257265  -29.113  -76.679  -6.023 0.4000000060
38615  -30.324  -76.436  -5.870 0.4000000060
38616  -30.944  -76.187  -5.817 0.4000000060
40204  -31.689  -75.902  -6.121 0.5000000000
43311  -34.647  -74.157  -3.384 0.5000000000
41754  -34.096  -75.133  -3.765 0.5000000000
40133  -32.127  -76.072  -4.252 0.5000000000
40135  -33.417  -75.708  -4.067 0.5000000000
240001  -31.275  -76.402  -4.792 0.4000000060
48178  -35.132  -72.430  -3.687 0.6000000238
46518  -34.486  -72.979  -3.163 0.6000000238
44917  -34.372  -73.671  -3.016 0.5000000000
41738  -33.882  -74.939  -3.275 0.5000000000
38571  -31.287  -76.506  -3.904 0.3000000119
40115  -32.154  -76.133  -3.682 0.4000000060
40117  -33.111  -75.625  -3.526 0.5000000000
51525  -35.314  -71.096  -3.969 0.6000000238
48177  -34.410  -72.293  -3.253 0.6000000238
46504  -33.631  -73.168  -2.598 0.6000000238
41721  -32.970  -74.905  -2.660 0.4000000060
43309  -33.525  -74.663  -2.774 0.5000000000
53279  -35.651  -70.456  -4.306 0.6000000238
58333  -35.857  -68.255  -2.416 0.3000000119
56702  -36.149  -68.712  -3.832 0.4000000060
49829  -34.450  -71.691  -3.457 0.6000000238
44902  -33.370  -73.726  -2.462 0.4000000060
58305  -35.701  -68.382  -1.205 0.3000000119
58291  -35.410  -68.605  -0.550 0.3000000119
56681  -35.813  -68.331  -3.511 0.3000000119
55016  -35.513  -69.412  -4.442 0.5000000000
48176  -33.582  -71.981  -2.784 0.6000000238
246971  -34.489  -70.976  -3.826 0.6000000238
49830  -34.817  -72.049  -3.549 0.6000000238
56682  -36.534  -68.463  -3.480 0.3000000119
49849  -35.838  -71.647  -4.049 0.5000000000
51536  -36.834  -70.937  -4.620 0.5000000000
51526  -36.081  -71.031  -4.248 0.5000000000
53292  -37.365  -70.216  -4.666 0.4000000060
241314  -36.999  -69.635  -4.470 0.5000000000
49864  -37.138  -71.532  -4.860 0.5000000000
48200  -36.137  -72.123  -4.247 0.5000000000
51538  -38.287  -70.775  -4.713 0.4000000060
53280  -38.358  -69.716  -4.440 0.4000000060
55018  -38.047  -69.326  -4.305 0.4000000060
53291  -36.040  -69.856  -4.402 0.5000000000
44918  -34.803  -73.536  -3.400 0.5000000000
46535  -35.457  -72.881  -3.816 0.5000000000
56703  -37.017  -68.881  -3.865 0.4000000060
32720  -27.466  -80.290  -8.148 0.3000000119
32709  -26.764  -80.201  -7.856 0.3000000119
32712  -28.336  -80.082  -7.828 0.3000000119
32714  -29.906  -79.301  -7.672 0.3000000119
32702  -30.557  -79.352  -6.882 0.4000000060
32722  -28.614  -79.738  -8.578 0.3000000119
34305  -29.498  -78.973  -8.613 0.3000000119
32703  -31.097  -79.212  -6.706 0.4000000060
34294  -30.738  -78.825  -7.918 0.4000000060
34306  -29.919  -78.961  -8.225 0.3000000119
34316  -29.357  -78.447  -9.110 0.3000000119
34274  -32.859  -78.590  -6.793 0.4000000060
35701  -33.207  -78.255  -7.059 0.4000000060
34295  -31.411  -78.591  -7.922 0.4000000060
34307  -30.374  -78.610  -8.324 0.4000000060
35758  -29.818  -77.882  -8.844 0.4000000060
35740  -30.988  -77.698  -8.667 0.4000000060
38598  -36.710  -76.778  -4.778 0.3000000119
35684  -34.089  -78.102  -6.178 0.4000000060
37136  -34.397  -77.482  -6.587 0.4000000060
35725  -33.960  -77.631  -6.954 0.4000000060
240295  -32.973  -77.130  -7.871 0.4000000060
38683  -31.955  -76.627  -8.241 0.4000000060
37175  -30.958  -76.816  -8.505 0.4000000060
41790  -37.898  -75.413  -4.797 0.3000000119
38617  -36.042  -76.570  -5.558 0.4000000060
40209  -35.317  -76.060  -6.383 0.4000000060
231318  -34.932  -76.546  -6.663 0.4000000060
38642  -34.059  -76.380  -7.110 0.4000000060
40208  -34.692  -76.030  -6.423 0.4000000060
40244  -33.663  -76.228  -7.384 0.4000000060
40229  -33.139  -75.688  -7.036 0.4000000060
38667  -32.175  -76.014  -8.000 0.4000000060
38682  -31.293  -75.945  -8.408 0.4000000060
43366  -37.267  -74.931  -5.750 0.4000000060
41788  -36.358  -75.151  -6.044 0.4000000060
40181  -34.305  -75.782  -5.831 0.4000000060
40206  -33.368  -75.676  -6.289 0.4000000060
40257  -31.512  -75.747  -8.063 0.4000000060
224838  -32.018  -75.614  -7.513 0.4000000060
40263  -30.327  -76.012  -8.580 0.4000000060
43356  -36.580  -74.598  -5.781 0.4000000060
237584  -35.558  -75.338  -5.793 0.4000000060
271334  -34.655  -75.387  -4.879 0.4000000060
40180  -33.860  -75.709  -5.286 0.4000000060
225486  -31.866  -75.613  -6.818 0.4000000060
228673  -32.763  -75.726  -5.917 0.4000000060
43346  -36.193  -74.349  -5.180 0.4000000060
43330  -35.373  -74.337  -4.220 0.4000000060
43329  -34.868  -74.531  -3.891 0.4000000060
48212  -37.401  -72.043  -4.920 0.4000000060
44948  -35.881  -74.094  -4.536 0.4000000060
229000  -35.726  -73.294  -3.973 0.4000000060
53271  -38.625  -70.225  -4.305 0.3000000119
53267  -38.127  -70.273  -3.392 0.3000000119
40158  -33.679  -75.710  -4.644 0.4000000060
48211  -36.697  -72.271  -4.707 0.4000000060
54993  -37.712  -69.081  -3.751 0.3000000119
44934  -35.091  -73.977  -3.761 0.4000000060
34272  -31.569  -78.863  -7.157 0.4000000060
34296  -32.039  -78.490  -7.618 0.4000000060
235508  -32.979  -77.844  -7.636 0.4000000060
35741  -31.452  -77.976  -8.398 0.4000000060
40182  -36.745  -76.355  -5.062 0.4000000060
37124  -36.060  -77.063  -5.124 0.4000000060
40159  -37.493  -76.318  -4.652 0.3000000119
38670  -33.918  -76.952  -7.250 0.4000000060
43358  -37.762  -74.886  -5.291 0.3000000119
40211  -36.793  -75.803  -5.583 0.4000000060
230785  -36.335  -75.556  -6.086 0.4000000060
267345  -35.985  -75.265  -6.010 0.4000000060
43357  -37.127  -74.402  -5.858 0.4000000060
43345  -35.543  -74.673  -4.832 0.4000000060
226601  -32.794  -75.572  -6.512 0.4000000060
41755  -34.543  -75.103  -4.253 0.4000000060
46547  -36.582  -73.067  -4.720 0.4000000060
34222  -34.580  -78.316  -5.130 0.3000000119
34219  -31.920  -78.937  -5.203 0.3000000119
32676  -30.866  -79.466  -5.494 0.3000000119
239554  -32.532  -78.795  -5.739 0.3000000119
246504  -33.896  -78.552  -5.485 0.3000000119
32692  -31.062  -79.362  -6.108 0.3000000119
34247  -32.361  -78.763  -6.324 0.3000000119
34251  -34.856  -78.000  -5.313 0.3000000119
34250  -34.204  -78.251  -5.753 0.3000000119
35686  -35.109  -77.689  -5.497 0.3000000119
44951  -38.087  -73.621  -4.982 0.3000000119
46548  -37.716  -73.261  -5.176 0.3000000119
233503  -37.374  -72.699  -5.028 0.3000000119
51539  -38.349  -71.468  -4.468 0.3000000119
35672  -35.893  -77.809  -4.883 0.3000000119
44950  -37.062  -73.407  -5.189 0.3000000119
32691  -30.519  -79.537  -5.936 0.3000000119
32710  -27.303  -79.918  -7.464 0.3000000119
32713  -28.934  -79.773  -7.802 0.3000000119
32715  -30.401  -79.204  -7.458 0.4000000060
32721  -28.044  -80.173  -8.386 0.3000000119
32723  -29.116  -79.394  -8.403 0.3000000119
32724  -29.470  -79.349  -8.018 0.3000000119
32732  -29.033  -79.138  -9.017 0.3000000119
34193  -31.219  -79.283  -5.019 0.3000000119
34197  -34.633  -78.453  -4.781 0.3000000119
34221  -33.252  -78.732  -5.670 0.3000000119
34246  -31.659  -78.984  -6.385 0.4000000060
34248  -33.069  -78.699  -6.248 0.3000000119
34249  -33.649  -78.532  -6.053 0.3000000119
34271  -30.969  -79.036  -7.339 0.4000000060
34273  -32.196  -78.704  -6.954 0.4000000060
34275  -33.418  -78.461  -6.550 0.4000000060
34276  -33.791  -78.341  -6.258 0.3000000119
34293  -30.268  -78.994  -7.923 0.3000000119
34297  -32.632  -78.342  -7.370 0.4000000060
34308  -30.935  -78.332  -8.416 0.4000000060
34317  -29.921  -78.484  -8.685 0.4000000060
35658  -36.465  -77.717  -4.597 0.3000000119
35671  -35.491  -77.896  -5.056 0.3000000119
35673  -36.055  -77.305  -5.017 0.3000000119
35685  -34.604  -77.940  -5.785 0.4000000060
35687  -35.741  -77.491  -5.191 0.3000000119
35702  -33.741  -78.113  -6.662 0.4000000060
35703  -34.753  -77.534  -6.107 0.4000000060
35704  -35.245  -77.263  -5.819 0.4000000060
35722  -31.864  -78.147  -8.094 0.4000000060
35723  -32.357  -77.991  -7.932 0.4000000060
35724  -33.480  -77.917  -7.180 0.4000000060
35742  -31.897  -77.528  -8.332 0.4000000060
35743  -32.479  -77.352  -8.102 0.4000000060
35759  -30.420  -78.047  -8.649 0.4000000060
37021  -29.095  -77.288  -0.757 0.4000000060
37022  -29.523  -76.964  -1.101 0.4000000060
37031  -29.606  -77.201  -1.763 0.4000000060
37032  -30.010  -76.929  -2.133 0.4000000060
37061  -29.859  -77.292  -3.005 0.4000000060
37080  -29.755  -77.169  -3.956 0.4000000060
37095  -30.222  -76.904  -4.090 0.4000000060
37109  -28.262  -77.281  -5.379 0.4000000060
37111  -29.387  -76.963  -4.994 0.4000000060
37112  -36.580  -77.209  -4.680 0.3000000119
37123  -35.687  -76.937  -5.550 0.4000000060
37125  -36.370  -76.774  -4.971 0.4000000060
37134  -27.396  -77.303  -6.693 0.4000000060
37135  -27.876  -77.166  -6.499 0.4000000060
37137  -34.780  -77.076  -6.528 0.4000000060
37155  -33.474  -77.433  -7.466 0.4000000060
37156  -34.201  -77.077  -6.930 0.4000000060
37176  -31.507  -76.909  -8.360 0.4000000060
37192  -30.339  -77.265  -8.706 0.4000000060
38483  -28.522  -76.566  0.304 0.4000000060
38502  -29.490  -76.542  -0.693 0.4000000060
38516  -29.776  -76.484  -1.114 0.4000000060
38517  -30.122  -76.125  -1.356 0.4000000060
38528  -30.894  -76.381  -2.152 0.5000000000
38538  -30.554  -76.823  -2.476 0.4000000060
38540  -31.590  -76.382  -2.926 0.5000000000
38555  -30.829  -76.828  -2.994 0.5000000000
38556  -31.226  -76.604  -3.248 0.4000000060
38572  -31.767  -76.266  -3.944 0.3000000119
38583  -30.268  -76.711  -4.717 0.4000000060
38585  -31.164  -76.482  -4.431 0.3000000119
38586  -31.601  -76.273  -4.458 0.4000000060
38595  -30.581  -76.492  -5.272 0.4000000060
38596  -31.117  -76.331  -5.211 0.4000000060
38597  -31.587  -76.200  -5.080 0.5000000000
38599  -37.043  -76.556  -4.799 0.3000000119
38613  -28.671  -76.960  -5.813 0.4000000060
38614  -29.676  -76.569  -5.948 0.4000000060
38618  -36.378  -76.163  -5.524 0.4000000060
38643  -34.452  -76.668  -6.885 0.4000000060
38644  -35.281  -76.726  -6.225 0.4000000060
38645  -35.302  -76.263  -6.462 0.4000000060
38668  -32.849  -76.387  -7.902 0.4000000060
38669  -33.383  -76.746  -7.666 0.4000000060
38681  -30.740  -75.838  -8.594 0.4000000060
38684  -32.501  -76.713  -8.085 0.4000000060
38694  -30.071  -76.564  -8.769 0.4000000060
39998  -27.425  -76.265  1.208 0.5000000000
40020  -28.627  -76.020  0.164 0.4000000060
40040  -29.059  -75.848  -0.180 0.4000000060
40076  -30.633  -75.999  -1.702 0.5000000000
40093  -31.386  -76.190  -2.396 0.5000000000
40116  -32.540  -75.892  -3.361 0.4000000060
40134  -32.739  -75.935  -3.984 0.5000000000
40136  -33.966  -75.482  -4.166 0.5000000000
40155  -32.079  -76.040  -4.870 0.5000000000
40156  -32.634  -75.930  -4.636 0.5000000000
40157  -33.170  -75.829  -4.481 0.5000000000
40177  -32.056  -75.947  -5.587 0.5000000000
40179  -33.282  -75.758  -5.605 0.4000000060
40183  -37.166  -75.996  -5.059 0.4000000060
40184  -37.594  -75.844  -4.782 0.3000000119
40203  -31.261  -75.933  -6.515 0.5000000000
40205  -32.264  -75.637  -6.328 0.4000000060
40207  -34.039  -75.885  -6.320 0.4000000060
40210  -35.835  -75.978  -6.206 0.4000000060
40212  -37.101  -75.483  -5.521 0.4000000060
40228  -32.441  -75.502  -6.976 0.4000000060
40230  -34.892  -76.315  -6.702 0.4000000060
40242  -32.648  -75.771  -7.559 0.4000000060
40243  -33.182  -76.103  -7.613 0.4000000060
40256  -30.967  -75.585  -8.480 0.4000000060
41626  -26.526  -74.994  1.185 0.5000000000
41627  -26.938  -75.441  1.113 0.5000000000
41629  -27.812  -75.791  0.592 0.5000000000
41642  -28.190  -75.530  0.330 0.4000000060
41661  -29.061  -75.230  -0.178 0.6000000238
41662  -29.454  -74.971  -0.538 0.5000000000
41682  -30.250  -75.150  -1.031 0.5000000000
41683  -30.786  -75.044  -1.339 0.5000000000
41703  -31.236  -75.251  -1.747 0.6000000238
41704  -31.698  -75.093  -1.964 0.5000000000
41720  -32.446  -75.145  -2.559 0.5000000000
41736  -32.786  -75.432  -3.002 0.4000000060
41737  -33.339  -75.177  -3.134 0.5000000000
41753  -33.636  -75.338  -3.661 0.5000000000
41772  -34.226  -75.574  -4.752 0.4000000060
41773  -35.018  -75.093  -4.810 0.4000000060
41774  -35.388  -75.100  -5.235 0.4000000060
41785  -34.495  -75.612  -5.317 0.4000000060
41786  -35.038  -75.729  -5.910 0.4000000060
41787  -35.934  -74.915  -5.575 0.4000000060
41789  -37.468  -75.442  -5.191 0.3000000119
41798  -35.852  -75.552  -6.215 0.4000000060
41799  -36.761  -75.243  -5.876 0.4000000060
43211  -26.109  -74.549  0.906 0.5000000000
43212  -27.047  -75.044  0.712 0.5000000000
43224  -27.429  -74.746  0.350 0.5000000000
43225  -28.499  -74.889  0.141 0.4000000060
43250  -29.886  -74.749  -0.810 0.6999999881
43277  -31.741  -74.497  -1.748 0.6000000238
43278  -32.290  -74.308  -2.020 0.6000000238
43297  -33.103  -74.301  -2.417 0.4000000060
43298  -33.608  -74.165  -2.619 0.5000000000
43310  -34.109  -74.335  -2.971 0.5000000000
43328  -34.395  -74.731  -3.551 0.5000000000
43344  -35.066  -74.762  -4.392 0.4000000060
43365  -36.828  -74.843  -5.919 0.4000000060
44817  -25.333  -73.904  0.905 0.5000000000
44827  -25.859  -74.052  0.025 0.5000000000
44841  -27.240  -73.904  -0.486 0.5000000000
44844  -29.509  -74.341  -0.520 0.6999999881
44856  -26.804  -73.509  -1.249 0.5000000000
44857  -27.208  -73.629  -1.034 0.5000000000
44858  -27.762  -73.659  -0.662 0.5000000000
44861  -30.485  -73.890  -1.124 0.6000000238
44862  -31.025  -73.826  -1.421 0.6000000238
44879  -32.018  -73.873  -1.828 0.6000000238
44901  -32.891  -73.749  -2.238 0.6000000238
44903  -33.881  -73.726  -2.696 0.6000000238
44919  -35.255  -73.416  -3.738 0.4000000060
44935  -35.602  -73.788  -4.047 0.4000000060
44936  -36.053  -73.476  -4.330 0.4000000060
44949  -36.443  -73.758  -4.885 0.4000000060
44957  -36.828  -74.033  -5.474 0.3000000119
44958  -37.516  -73.851  -5.489 0.4000000060
46436  -24.943  -72.900  1.087 0.5000000000
46444  -25.196  -73.036  0.103 0.4000000060
46450  -25.576  -73.248  -0.401 0.5000000000
46451  -26.069  -73.376  -0.829 0.5000000000
46452  -26.425  -73.715  -0.877 0.5000000000
46466  -29.712  -73.203  -1.005 0.6999999881
46468  -30.762  -73.301  -1.332 0.6000000238
46479  -26.506  -73.355  -1.297 0.5000000000
46480  -26.927  -73.210  -1.820 0.5000000000
46485  -31.792  -73.321  -1.750 0.6000000238
46501  -27.161  -73.062  -2.362 0.6000000238
46502  -32.595  -73.261  -2.117 0.6000000238
46517  -34.085  -73.227  -2.825 0.5000000000
46519  -34.933  -72.976  -3.557 0.5000000000
46536  -36.055  -72.793  -4.176 0.4000000060
46549  -38.227  -72.891  -4.777 0.3000000119
48100  -24.934  -72.296  0.993 0.5000000000
48108  -25.295  -72.629  -0.267 0.4000000060
48116  -25.779  -72.790  -0.674 0.5000000000
48127  -29.997  -72.741  -1.319 0.6999999881
48137  -27.834  -72.973  -2.057 0.5000000000
48141  -30.369  -72.479  -1.685 0.6000000238
48155  -28.099  -72.637  -2.594 0.6999999881
48156  -28.849  -72.389  -2.380 0.6999999881
48161  -33.960  -72.570  -2.856 0.6000000238
48173  -27.486  -72.537  -3.422 0.6999999881
48198  -28.398  -72.136  -3.463 0.6000000238
48199  -35.649  -72.294  -3.935 0.5000000000
48213  -38.034  -72.154  -4.778 0.3000000119
49769  -24.979  -71.672  0.233 0.5000000000
49775  -25.119  -71.986  -0.226 0.5000000000
49780  -25.643  -71.780  -1.032 0.5000000000
49786  -25.979  -71.610  -1.617 0.5000000000
49787  -26.293  -71.980  -1.981 0.6000000238
49789  -30.779  -71.922  -2.409 0.6000000238
49800  -26.436  -71.987  -2.550 0.6000000238
49803  -31.071  -71.627  -2.857 0.6000000238
49804  -31.736  -71.647  -2.662 0.6000000238
49819  -26.463  -71.930  -3.272 0.6999999881
49822  -29.554  -71.876  -3.328 0.6000000238
49823  -30.524  -71.622  -3.280 0.6000000238
49825  -32.046  -71.307  -3.104 0.6000000238
49828  -34.021  -71.912  -3.122 0.6000000238
49841  -26.885  -72.053  -4.172 0.6999999881
49842  -27.247  -72.140  -4.296 0.6999999881
49843  -27.684  -72.018  -4.319 0.6999999881
49844  -28.671  -71.975  -3.928 0.6999999881
49847  -34.896  -71.501  -3.698 0.6000000238
49848  -35.284  -71.806  -3.808 0.6000000238
49858  -27.376  -71.836  -4.942 0.8000000119
49862  -30.254  -71.342  -4.552 0.6000000238
49863  -36.453  -71.591  -4.403 0.5000000000
49865  -37.865  -71.481  -4.865 0.4000000060
51461  -24.858  -70.777  0.279 0.5000000000
51469  -24.995  -70.662  -0.139 0.5000000000
51498  -25.773  -70.776  -3.114 0.6000000238
51506  -25.550  -70.873  -4.083 0.6999999881
51507  -26.063  -71.187  -3.577 0.6000000238
51509  -32.283  -70.989  -3.570 0.6999999881
51510  -32.853  -70.970  -3.474 0.6999999881
51512  -33.987  -71.296  -3.436 0.6000000238
51518  -26.011  -71.278  -4.393 0.6999999881
51524  -33.780  -70.701  -3.840 0.6999999881
51528  -25.942  -71.360  -5.254 0.6999999881
51529  -28.555  -71.307  -4.883 0.8000000119
51532  -30.530  -70.926  -4.980 0.5000000000
51534  -31.820  -70.511  -4.758 0.6999999881
51537  -37.659  -70.837  -4.900 0.4000000060
51540  -26.048  -71.277  -5.773 0.6999999881
51541  -26.905  -71.245  -5.806 0.6999999881
51544  -29.073  -70.771  -5.187 0.8000000119
51545  -29.756  -70.812  -5.254 0.8000000119
51546  -30.229  -70.809  -5.341 0.8000000119
51547  -26.264  -71.145  -5.893 0.6999999881
51549  -26.999  -70.919  -5.941 0.6999999881
53195  -24.036  -70.241  1.062 0.4000000060
53212  -24.254  -70.122  0.581 0.5000000000
53226  -24.341  -69.978  0.023 0.5000000000
53227  -24.754  -70.218  -0.272 0.5000000000
53231  -29.591  -70.284  -0.494 0.3000000119
53233  -31.213  -70.277  -0.728 0.3000000119
53244  -24.903  -70.098  -0.849 0.6000000238
53246  -29.258  -70.079  -0.834 0.3000000119
53249  -31.261  -70.104  -1.198 0.5000000000
53258  -25.018  -70.039  -1.567 0.6000000238
53260  -30.269  -69.981  -1.640 0.4000000060
53261  -30.964  -69.954  -1.633 0.5000000000
53269  -25.250  -70.489  -3.651 0.6999999881
53270  -38.395  -69.802  -4.041 0.4000000060
53273  -24.284  -70.352  -4.382 0.6999999881
53278  -34.872  -70.407  -4.202 0.6000000238
53281  -38.507  -70.234  -4.539 0.4000000060
53282  -24.131  -70.147  -5.602 0.6999999881
53286  -32.690  -69.985  -4.821 0.6000000238
53290  -35.207  -69.909  -4.461 0.5000000000
53293  -38.091  -70.100  -4.754 0.4000000060
53295  -25.049  -70.265  -6.212 0.6999999881
53296  -27.467  -70.436  -5.876 0.6999999881
53297  -28.137  -70.407  -5.757 0.8000000119
53298  -28.845  -70.343  -5.645 0.8000000119
53302  -25.875  -70.581  -5.909 0.6999999881
53303  -26.458  -70.696  -5.976 0.6999999881
54903  -23.301  -69.844  0.894 0.4000000060
54908  -32.991  -69.083  1.291 0.3000000119
54922  -22.555  -69.585  0.615 0.4000000060
54924  -23.511  -69.709  0.460 0.5000000000
54939  -23.661  -69.530  -0.042 0.5000000000
54940  -24.092  -69.646  -0.350 0.6000000238
54947  -33.196  -69.282  -0.363 0.3000000119
54956  -24.131  -69.445  -1.051 0.6000000238
54959  -29.028  -69.618  -1.112 0.3000000119
54961  -31.611  -69.862  -1.513 0.5000000000
54963  -32.784  -69.489  -0.955 0.3000000119
54970  -29.732  -69.749  -1.625 0.5000000000
54974  -32.548  -69.484  -1.652 0.4000000060
54979  -24.271  -69.782  -3.007 0.6999999881
54981  -30.242  -69.147  -2.527 0.5000000000
54985  -32.900  -69.210  -2.084 0.3000000119
54987  -37.880  -69.485  -3.431 0.3000000119
54990  -24.101  -70.036  -3.832 0.6999999881
54995  -23.260  -70.007  -4.887 0.6999999881
54997  -36.425  -69.249  -4.131 0.5000000000
54998  -37.717  -69.086  -4.041 0.4000000060
54999  -38.119  -69.318  -4.107 0.4000000060
55000  -23.582  -69.861  -5.305 0.6999999881
55007  -29.623  -69.096  -5.288 0.6000000238
55010  -31.272  -69.517  -5.079 0.5000000000
55017  -37.526  -69.181  -4.284 0.4000000060
55019  -25.168  -69.960  -6.486 0.6000000238
55020  -25.775  -69.961  -5.984 0.6999999881
55021  -27.181  -70.017  -5.841 0.6000000238
55024  -29.277  -69.802  -5.491 0.6999999881
55026  -26.038  -69.787  -6.083 0.6999999881
56580  -34.420  -69.124  1.783 0.3000000119
56593  -34.299  -68.855  1.373 0.3000000119
56612  -21.430  -69.131  0.224 0.5000000000
56613  -22.801  -69.253  0.247 0.5000000000
56617  -34.529  -68.836  0.899 0.3000000119
56631  -22.893  -68.906  -0.261 0.5000000000
56632  -23.451  -69.120  -0.481 0.6000000238
56633  -23.786  -69.235  -0.832 0.6000000238
56636  -33.768  -68.994  -0.277 0.3000000119
56638  -34.979  -68.540  -0.321 0.3000000119
56641  -22.957  -68.773  -1.703 0.6999999881
56642  -23.413  -68.973  -1.261 0.6000000238
56643  -28.894  -69.071  -1.449 0.5000000000
56645  -34.541  -68.720  -0.876 0.3000000119
56648  -22.749  -68.874  -2.443 0.6999999881
56656  -22.030  -68.691  -3.455 0.6999999881
56659  -23.646  -69.277  -2.465 0.6000000238
56661  -29.931  -68.583  -2.925 0.5000000000
56664  -32.793  -69.093  -2.868 0.3000000119
56666  -34.657  -68.624  -2.445 0.3000000119
56668  -22.077  -68.588  -3.894 0.6000000238
56670  -22.799  -69.211  -3.679 0.6999999881
56672  -26.478  -68.504  -3.479 0.6000000238
56677  -32.068  -68.787  -3.812 0.6000000238
56678  -32.633  -68.845  -3.724 0.4000000060
56684  -22.415  -68.691  -4.322 0.6999999881
56686  -23.798  -68.981  -4.953 0.6000000238
56688  -25.267  -68.936  -4.420 0.6000000238
56692  -29.618  -67.766  -4.497 0.6000000238
56696  -32.040  -68.703  -4.280 0.5000000000
56697  -32.585  -68.713  -4.231 0.6000000238
56704  -23.113  -69.087  -4.907 0.5000000000
56706  -23.862  -69.499  -5.298 0.6000000238
56709  -26.431  -69.172  -4.660 0.6000000238
56713  -29.926  -68.308  -4.905 0.6000000238
56714  -30.535  -68.426  -4.779 0.6000000238
56715  -31.079  -68.708  -4.645 0.5000000000
56716  -31.648  -68.932  -4.583 0.5000000000
56718  -32.973  -68.919  -4.364 0.5000000000
56719  -33.481  -68.810  -4.404 0.5000000000
56720  -34.419  -69.094  -4.539 0.5000000000
56721  -35.054  -68.999  -4.454 0.4000000060
56722  -35.660  -68.986  -4.201 0.4000000060
58283  -18.314  -68.602  -0.741 0.3000000119
58286  -20.855  -68.266  -0.747 0.6000000238
58287  -21.474  -68.362  -0.635 0.6000000238
58290  -28.219  -68.137  -0.912 0.3000000119
58300  -21.914  -68.252  -1.113 0.6999999881
58303  -28.187  -67.541  -1.329 0.3000000119
58304  -35.111  -68.499  -1.071 0.3000000119
58306  -36.054  -68.620  -1.294 0.3000000119
58307  -21.538  -67.989  -2.887 0.6000000238
58310  -24.519  -67.969  -2.302 0.5000000000
58313  -26.797  -67.571  -1.802 0.5000000000
58314  -27.250  -67.495  -2.096 0.5000000000
58318  -35.656  -68.301  -1.842 0.3000000119
58319  -36.077  -68.394  -1.829 0.3000000119
58320  -21.499  -67.960  -3.453 0.6000000238
58323  -24.373  -68.048  -2.957 0.5000000000
58325  -25.719  -68.174  -2.413 0.5000000000
58326  -26.452  -68.136  -2.456 0.5000000000
58335  -36.607  -68.416  -3.090 0.3000000119
58337  -23.311  -68.057  -4.187 0.5000000000
58338  -23.926  -67.980  -3.552 0.5000000000
58340  -25.370  -68.325  -3.152 0.5000000000
58345  -29.446  -67.702  -3.528 0.6000000238
58346  -30.303  -67.900  -3.519 0.6000000238
58348  -34.958  -68.366  -2.891 0.3000000119
58349  -35.516  -68.243  -2.980 0.3000000119
58350  -36.182  -68.217  -3.018 0.3000000119
58353  -23.486  -68.638  -4.728 0.5000000000
58354  -24.203  -68.493  -4.432 0.6000000238
58357  -29.307  -67.666  -3.984 0.6000000238
59937  -25.380  -67.148  -0.362 0.4000000060
59940  -27.773  -66.699  -0.887 0.3000000119
59946  -19.528  -67.653  -2.240 0.5000000000
59951  -24.314  -67.383  -1.307 0.5000000000
59954  -26.623  -67.053  -0.987 0.3000000119
59955  -27.672  -66.967  -1.296 0.4000000060
59958  -19.357  -67.122  -2.128 0.5000000000
59964  -25.435  -67.702  -1.472 0.5000000000
59967  -27.849  -67.307  -1.836 0.5000000000
59974  -21.724  -67.908  -3.702 0.6000000238
59975  -22.300  -67.774  -3.808 0.6000000238
59978  -22.643  -68.160  -4.175 0.5000000000
61486  -26.700  -66.041  0.792 0.3000000119
61488  -27.437  -66.511  0.517 0.3000000119
61497  -24.033  -66.600  -0.372 0.4000000060
61500  -26.850  -66.341  0.325 0.3000000119
61501  -27.615  -66.641  -0.057 0.3000000119
61506  -23.410  -66.408  -0.882 0.5000000000
61507  -24.720  -66.838  -0.091 0.4000000060
61508  -25.990  -66.918  -0.018 0.3000000119
61509  -27.480  -66.430  -0.555 0.4000000060
61520  -20.049  -66.984  -2.697 0.5000000000
61522  -22.863  -66.410  -2.018 0.5000000000
61524  -21.187  -67.511  -2.894 0.6000000238
61525  -21.841  -67.005  -2.763 0.6000000238
61527  -22.829  -67.177  -2.764 0.5000000000
62947  -26.827  -66.022  1.415 0.3000000119
62960  -24.602  -65.959  0.895 0.4000000060
62962  -26.015  -65.795  1.102 0.3000000119
62964  -26.929  -66.151  1.023 0.3000000119
62974  -19.045  -66.020  0.209 0.4000000060
62977  -24.469  -66.232  0.466 0.4000000060
62978  -25.160  -66.274  0.742 0.3000000119
62988  -20.352  -65.588  -1.769 0.5000000000
62990  -23.003  -66.175  -1.430 0.5000000000
62991  -23.122  -65.891  -0.964 0.4000000060
62998  -22.525  -66.268  -2.367 0.4000000060
64348  -26.127  -65.163  2.748 0.3000000119
64349  -26.402  -65.177  2.215 0.3000000119
64366  -19.840  -65.422  1.078 0.4000000060
64369  -26.289  -65.047  1.876 0.3000000119
64376  -19.272  -65.781  0.835 0.3000000119
64377  -20.435  -65.312  0.787 0.4000000060
64386  -23.628  -65.628  -0.079 0.5000000000
64390  -23.291  -65.607  -0.613 0.4000000060
64392  -21.388  -65.312  -1.474 0.4000000060
65720  -19.950  -64.552  2.287 0.3000000119
65721  -20.620  -64.681  2.335 0.4000000060
65722  -21.144  -64.656  2.247 0.4000000060
65739  -24.302  -64.401  1.106 0.4000000060
65740  -24.496  -64.976  1.345 0.4000000060
65741  -20.973  -65.051  0.513 0.5000000000
65742  -21.243  -64.578  0.138 0.4000000060
65743  -23.538  -64.612  -0.274 0.4000000060
65744  -23.902  -64.575  0.528 0.4000000060
65747  -23.481  -64.536  -1.102 0.4000000060
65748  -21.739  -64.817  -1.381 0.4000000060
65751  -22.782  -64.793  -1.802 0.4000000060
67045  -25.494  -63.787  4.350 0.4000000060
67048  -25.619  -64.073  3.887 0.3000000119
67054  -21.566  -64.381  1.976 0.4000000060
67056  -25.713  -63.821  2.648 0.3000000119
67063  -21.901  -63.910  1.642 0.4000000060
67071  -23.679  -64.040  -0.263 0.4000000060
67072  -23.950  -63.773  0.607 0.4000000060
67073  -21.527  -64.132  -1.166 0.4000000060
68348  -25.505  -63.278  5.190 0.4000000060
68368  -21.099  -63.172  3.169 0.3000000119
68376  -21.390  -63.787  2.848 0.4000000060
68377  -21.965  -63.394  2.548 0.4000000060
68386  -22.527  -63.083  1.676 0.4000000060
68387  -24.793  -63.308  1.444 0.4000000060
68393  -21.909  -63.088  -0.002 0.4000000060
68394  -24.021  -63.349  -0.589 0.4000000060
68397  -24.273  -63.149  -1.756 0.4000000060
68398  -22.244  -63.311  -1.197 0.4000000060
68399  -23.061  -63.494  -1.584 0.4000000060
68400  -23.781  -63.519  -1.749 0.4000000060
69629  -25.889  -62.290  5.266 0.4000000060
69637  -25.648  -62.657  4.326 0.4000000060
69642  -25.646  -62.643  3.773 0.3000000119
69648  -22.040  -62.632  3.088 0.3000000119
69650  -25.658  -62.701  3.207 0.3000000119
69656  -22.781  -62.789  2.147 0.4000000060
69662  -22.864  -62.418  1.231 0.4000000060
69663  -24.953  -62.684  1.504 0.3000000119
69666  -22.452  -62.415  0.500 0.4000000060
69668  -24.702  -62.467  0.833 0.4000000060
69671  -22.096  -62.600  -0.517 0.4000000060
69674  -24.665  -62.437  -0.074 0.4000000060
69680  -22.653  -62.321  -1.034 0.4000000060
69682  -24.995  -62.661  -1.366 0.4000000060
69686  -24.335  -63.290  -1.875 0.4000000060
70935  -25.833  -62.192  4.657 0.4000000060
70941  -22.517  -61.701  3.615 0.3000000119
70942  -22.960  -61.418  3.517 0.3000000119
70951  -22.781  -61.998  3.160 0.4000000060
70952  -23.268  -61.614  2.904 0.4000000060
70953  -25.725  -62.184  3.490 0.4000000060
70971  -23.255  -61.896  1.420 0.4000000060
70973  -25.299  -62.167  1.768 0.3000000119
70982  -25.409  -61.780  1.117 0.4000000060
70990  -23.319  -61.633  -0.869 0.4000000060
70991  -25.248  -62.225  -0.958 0.4000000060
70998  -23.255  -62.099  -1.170 0.4000000060
70999  -24.210  -62.345  -1.658 0.4000000060
71000  -24.866  -62.767  -1.696 0.4000000060
71002  -25.528  -61.969  -1.462 0.4000000060
71011  -24.499  -62.960  -1.853 0.4000000060
72380  -26.468  -61.330  5.324 0.4000000060
72390  -26.401  -60.963  4.458 0.4000000060
72391  -26.661  -60.859  4.981 0.4000000060
72401  -22.815  -61.016  3.800 0.3000000119
72402  -23.311  -60.919  3.668 0.4000000060
72403  -26.192  -61.149  3.923 0.4000000060
72417  -23.807  -60.973  2.929 0.4000000060
72444  -25.611  -61.386  1.668 0.3000000119
72450  -22.796  -61.372  0.044 0.4000000060
72451  -22.945  -61.024  0.472 0.4000000060
72452  -23.363  -60.734  0.789 0.4000000060
72460  -25.622  -61.614  -0.004 0.4000000060
72461  -26.090  -61.405  -0.840 0.4000000060
72472  -25.600  -61.767  -1.372 0.4000000060
74021  -24.222  -60.267  3.589 0.4000000060
74022  -26.456  -60.675  4.050 0.4000000060
74046  -23.992  -60.793  2.308 0.4000000060
74054  -26.442  -60.541  1.088 0.3000000119
74061  -26.667  -60.748  0.157 0.4000000060
74071  -26.877  -60.994  -0.870 0.5000000000
74081  -25.470  -61.057  -1.113 0.4000000060
75554  -24.543  -59.781  3.595 0.4000000060
75570  -24.536  -60.135  2.975 0.4000000060
75584  -24.298  -60.315  2.284 0.4000000060
75591  -24.332  -60.058  1.656 0.4000000060
75594  -27.218  -59.751  1.233 0.3000000119
75605  -26.994  -60.407  0.521 0.3000000119
75620  -27.225  -60.821  -0.536 0.5000000000
75636  -27.084  -60.701  -1.021 0.4000000060
75637  -27.390  -60.678  -1.051 0.4000000060
75649  -28.184  -60.560  -1.376 0.5000000000
77173  -24.201  -59.403  3.951 0.3000000119
77186  -25.216  -59.193  3.127 0.4000000060
77213  -28.252  -59.209  1.744 0.4000000060
77227  -24.996  -58.843  1.156 0.4000000060
78851  -25.638  -58.295  3.315 0.4000000060
78861  -25.750  -58.415  2.780 0.4000000060
78880  -25.797  -58.312  1.772 0.4000000060
80572  -25.825  -57.767  3.561 0.4000000060
80615  -26.414  -57.397  2.240 0.4000000060
80631  -26.068  -57.388  1.368 0.5000000000
83776  -26.375  -56.428  1.100 0.5000000000
225037  -34.441  -68.597  -3.035 0.3000000119
225547  -24.109  -60.102  1.026 0.4000000060
225960  -23.807  -59.934  3.956 0.3000000119
226081  -18.606  -67.505  -1.639 0.5000000000
226491  -34.334  -76.215  -6.788 0.4000000060
226636  -31.456  -75.658  -7.372 0.4000000060
226697  -29.348  -77.286  -4.088 0.4000000060
226749  -27.615  -73.176  -1.663 0.5000000000
227482  -27.453  -67.806  -2.908 0.6000000238
227578  -34.039  -78.637  -4.863 0.3000000119
227707  -25.943  -60.842  -1.047 0.4000000060
227959  -30.877  -76.539  -4.777 0.4000000060
228355  -30.711  -79.459  -6.412 0.3000000119
229289  -34.976  -78.243  -4.727 0.3000000119
229429  -26.080  -61.591  4.384 0.4000000060
229599  -31.426  -79.083  -5.660 0.3000000119
229676  -29.474  -77.381  -3.530 0.4000000060
230516  -33.775  -75.749  -5.848 0.4000000060
231150  -17.998  -66.421  -0.589 0.3000000119
231264  -34.272  -68.583  -3.792 0.3000000119
231633  -30.018  -71.877  -3.001 0.6000000238
232031  -25.619  -62.732  4.918 0.4000000060
232253  -32.043  -76.135  -3.159 0.5000000000
232592  -30.529  -70.351  -0.115 0.3000000119
232929  -33.761  -75.966  -6.821 0.4000000060
233304  -29.980  -70.355  -0.054 0.4000000060
233319  -28.082  -67.572  -2.824 0.5000000000
233688  -28.938  -77.618  -3.257 0.4000000060
234096  -33.926  -68.846  0.837 0.3000000119
235038  -24.147  -65.142  0.832 0.4000000060
237975  -34.254  -77.838  -6.397 0.4000000060
239494  -25.447  -64.351  4.498 0.4000000060
239635  -27.928  -75.001  0.308 0.5000000000
239993  -31.149  -70.285  -0.181 0.3000000119
240782  -34.020  -68.984  -1.374 0.3000000119
240796  -25.487  -73.849  0.397 0.5000000000
241271  -32.192  -70.077  -4.991 0.6000000238
241728  -25.837  -70.899  -2.412 0.5000000000
242169  -25.574  -63.511  3.935 0.4000000060
242554  -27.600  -72.687  -2.949 0.6000000238
242702  -25.678  -65.655  3.687 0.4000000060
243653  -29.389  -76.139  -0.471 0.5000000000
243754  -37.893  -69.603  -4.528 0.4000000060
244067  -30.002  -73.696  -0.913 0.6000000238
244662  -23.138  -62.020  2.600 0.4000000060
245154  -28.754  -76.736  -6.406 0.4000000060
245338  -36.476  -70.374  -4.423 0.5000000000
245586  -28.294  -68.297  -4.254 0.6999999881
245625  -25.294  -71.687  -0.544 0.5000000000
246501  -27.836  -59.669  4.305 0.4000000060
247055  -28.283  -73.783  -0.371 0.5000000000
248152  -22.634  -69.153  -4.216 0.6999999881
248271  -29.978  -71.566  -4.135 0.6000000238
248720  -34.163  -68.779  0.335 0.3000000119
249160  -26.517  -71.408  -5.854 0.6999999881
249268  -25.698  -63.787  3.304 0.3000000119
249763  -33.227  -75.794  -4.999 0.4000000060
250894  -35.020  -75.419  -5.287 0.4000000060
251387  -32.154  -72.890  -1.964 0.6000000238
251745  -25.881  -64.304  2.836 0.3000000119
251857  -24.079  -69.518  -2.469 0.6999999881
253200  -34.035  -68.734  -4.338 0.3000000119
253859  -28.064  -77.219  -5.955 0.4000000060
253872  -27.837  -80.174  -7.790 0.3000000119
254213  -22.042  -63.222  0.668 0.4000000060
254402  -38.506  -70.391  -3.906 0.3000000119
254485  -27.176  -69.038  -4.636 0.6000000238
254594  -26.263  -67.905  -2.011 0.5000000000
254656  -24.594  -62.904  1.111 0.4000000060
255777  -25.645  -64.700  3.791 0.3000000119
256210  -31.398  -77.467  -8.490 0.4000000060
257364  -25.458  -58.688  3.108 0.4000000060
257473  -38.014  -74.273  -5.235 0.3000000119
258503  -21.368  -64.280  2.496 0.4000000060
259047  -23.319  -64.468  -1.779 0.4000000060
260709  -29.777  -60.533  -1.682 0.5000000000
261260  -31.502  -74.912  -1.705 0.5000000000
261369  -25.683  -58.517  2.260 0.4000000060
261513  -21.840  -63.538  0.392 0.4000000060
261517  -27.816  -60.565  -1.271 0.5000000000
262133  -32.672  -74.163  -2.194 0.6000000238
262268  -24.134  -70.457  -5.261 0.6999999881
262644  -38.558  -70.788  -4.383 0.3000000119
262678  -25.333  -70.186  -6.272 0.6999999881
262910  -37.589  -74.440  -5.649 0.4000000060
263213  -33.681  -71.562  -3.098 0.6000000238
263900  -34.734  -72.563  -3.451 0.6000000238
263946  -31.284  -74.266  -1.522 0.6000000238
264471  -28.830  -72.718  -1.371 0.6999999881
264916  -30.499  -72.878  -1.350 0.6000000238
265162  -31.944  -78.862  -5.840 0.3000000119
267320  -31.703  -75.991  -8.208 0.4000000060
267361  -24.376  -66.506  0.094 0.4000000060
267662  -27.044  -66.587  -0.678 0.4000000060
267713  -34.243  -69.499  -4.607 0.5000000000
268186  -25.487  -62.073  -1.607 0.4000000060
268603  -22.050  -68.270  -1.776 0.6000000238
268719  -30.103  -77.137  -2.608 0.4000000060
268841  -25.852  -71.099  -1.846 0.5000000000
269563  -27.841  -67.819  -3.249 0.6000000238
269581  -26.733  -67.825  -2.166 0.5000000000
269819  -35.674  -76.455  -6.123 0.4000000060
270068  -29.806  -76.809  -4.876 0.4000000060
270174  -23.407  -64.343  -1.751 0.4000000060
270206  -26.713  -60.462  0.814 0.3000000119
271226  -25.768  -64.332  3.364 0.3000000119
271604  -24.211  -64.790  0.986 0.4000000060
