#!ascii label  , from subject sub-v2s5x29575_ses-1 vox2ras=TkReg
1896
160479  22.314  -3.555  5.366 0.2500000000
158968  22.730  -3.849  5.193 0.2500000000
157612  23.194  -4.222  5.250 0.7500000000
167531  21.099  0.192  5.759 0.2500000000
164848  21.865  -0.877  5.613 0.1250000000
166144  21.833  -0.042  4.913 0.3750000000
273746  21.769  -1.479  5.314 0.2500000000
162039  22.124  -2.521  5.653 0.2500000000
160498  23.030  -2.922  4.787 0.7500000000
162038  22.391  -2.891  5.361 0.3750000000
158966  23.941  -4.056  4.951 0.8750000000
158967  23.268  -3.731  4.893 0.8750000000
305930  24.456  -4.258  4.539 0.8750000000
164865  22.292  -0.912  4.509 0.3750000000
163510  22.319  -1.439  4.581 0.3750000000
164863  23.072  -1.438  4.091 0.8750000000
162068  23.033  -2.259  4.713 0.7500000000
162077  24.838  -2.392  3.330 1.0000000000
162078  24.303  -2.317  3.604 1.0000000000
162067  23.492  -2.654  4.370 0.8750000000
297759  24.900  -3.926  3.487 1.0000000000
160496  23.867  -3.229  4.312 0.8750000000
157650  25.157  -4.365  3.091 1.0000000000
167529  21.559  0.480  4.855 0.2500000000
166151  22.349  -0.524  4.217 0.7500000000
166161  23.248  -0.405  3.504 0.8750000000
164881  23.172  -0.960  3.832 0.8750000000
164864  22.659  -1.065  4.222 0.7500000000
163550  25.467  -1.897  2.472 1.0000000000
317220  24.497  -1.986  3.264 1.0000000000
273477  23.860  -1.373  3.213 1.0000000000
160531  26.460  -3.216  2.284 1.0000000000
289036  25.742  -2.795  2.991 1.0000000000
160520  26.226  -3.568  2.808 1.0000000000
159006  25.217  -3.674  3.229 1.0000000000
168864  21.021  0.762  5.665 0.1250000000
167543  22.026  0.182  4.487 0.6250000000
166175  23.327  0.084  3.296 1.0000000000
166162  22.909  0.059  3.637 0.8750000000
164897  24.115  -0.902  2.981 1.0000000000
163561  26.445  -1.880  1.799 1.0000000000
163562  25.818  -1.625  2.037 1.0000000000
163551  24.920  -1.482  2.478 1.0000000000
164896  24.599  -1.001  2.566 1.0000000000
162107  26.813  -2.683  1.610 1.0000000000
162100  26.068  -2.162  2.112 1.0000000000
162085  28.866  -2.214  2.399 1.0000000000
162097  27.138  -2.756  1.839 1.0000000000
175634  21.399  5.029  3.849 0.2500000000
170231  21.233  1.495  5.202 0.2500000000
170246  21.671  1.746  4.364 0.3750000000
274415  21.824  0.735  4.469 0.5000000000
168906  22.836  1.064  3.443 1.0000000000
168892  22.368  1.135  3.820 0.6250000000
167566  23.161  0.558  3.440 1.0000000000
167580  24.409  0.482  1.860 1.0000000000
167565  23.721  0.532  3.050 1.0000000000
299685  27.255  -0.898  1.361 1.0000000000
164917  26.243  -1.266  1.893 1.0000000000
167595  26.034  0.305  1.622 1.0000000000
166193  27.619  -0.572  1.579 1.0000000000
163548  28.470  -1.829  1.982 1.0000000000
166184  28.425  -0.315  1.921 1.0000000000
281663  28.979  -0.645  2.198 1.0000000000
174231  22.073  4.190  2.961 0.5000000000
174232  21.833  4.393  3.649 0.3750000000
172886  21.824  3.750  3.968 0.3750000000
171581  21.978  2.914  3.727 0.5000000000
171595  22.261  2.751  3.163 0.5000000000
171593  23.116  2.097  2.819 0.8750000000
170285  23.571  1.774  2.648 1.0000000000
172908  23.686  2.888  2.061 1.0000000000
168928  24.902  0.979  1.698 1.0000000000
170284  24.148  1.499  2.363 1.0000000000
168925  27.262  0.944  1.399 1.0000000000
168926  26.581  0.825  1.460 1.0000000000
168914  28.532  0.743  2.499 1.0000000000
167579  28.385  0.227  2.037 1.0000000000
167577  29.465  -0.167  2.525 0.8750000000
304237  21.999  4.838  3.077 0.5000000000
172897  22.105  3.531  3.384 0.5000000000
286763  22.327  4.408  2.459 0.6250000000
174257  23.421  3.933  1.837 0.6250000000
172909  23.366  3.399  2.196 1.0000000000
171594  22.844  2.698  2.782 0.7500000000
171628  24.486  2.415  1.684 1.0000000000
172906  27.768  3.148  2.225 1.0000000000
309875  27.051  2.806  1.619 1.0000000000
281451  26.593  1.978  1.132 1.0000000000
282773  25.991  2.059  1.497 1.0000000000
289783  28.073  2.178  2.049 1.0000000000
170282  27.821  1.444  2.038 1.0000000000
170300  26.850  1.404  1.348 1.0000000000
171591  28.792  2.594  2.820 0.8750000000
170281  28.261  1.771  2.318 1.0000000000
168891  29.420  1.397  3.092 0.8750000000
175657  22.268  5.142  2.377 0.5000000000
175656  22.873  4.598  2.005 0.8750000000
174263  25.176  4.475  0.573 1.0000000000
174264  24.705  4.055  0.669 1.0000000000
174240  27.378  3.636  2.260 1.0000000000
174242  26.474  4.138  1.807 1.0000000000
171627  24.881  2.458  1.713 1.0000000000
175630  27.772  4.956  3.241 1.0000000000
172885  28.914  3.296  3.629 1.0000000000
172894  28.671  3.132  3.015 1.0000000000
273936  27.902  4.063  2.982 1.0000000000
174215  28.835  3.800  3.837 1.0000000000
177134  22.289  5.636  2.390 0.5000000000
177144  22.648  5.434  1.935 0.8750000000
177156  24.040  5.352  1.014 1.0000000000
265382  26.182  6.648  1.713 1.0000000000
177153  25.107  5.284  0.139 1.0000000000
175685  24.489  5.299  -0.156 1.0000000000
311152  27.694  6.627  3.679 1.0000000000
178549  27.382  6.039  3.051 1.0000000000
178534  28.004  6.094  4.545 1.0000000000
279708  27.925  6.411  4.004 1.0000000000
281051  27.734  5.531  2.930 1.0000000000
279689  28.939  4.990  4.873 1.0000000000
177102  28.060  5.418  3.381 1.0000000000
177068  29.260  4.766  5.058 0.8750000000
186644  24.635  10.317  -0.250 1.0000000000
300673  23.196  9.320  0.965 0.3750000000
316397  25.148  9.925  0.125 0.8750000000
300436  25.833  7.787  1.498 1.0000000000
181324  27.362  7.666  3.759 1.0000000000
300690  27.025  7.296  3.089 1.0000000000
187980  24.840  11.188  0.284 0.8750000000
186636  25.421  10.607  0.462 1.0000000000
311965  25.848  10.012  0.724 1.0000000000
185325  25.983  9.479  1.140 1.0000000000
186631  26.552  10.294  1.288 1.0000000000
182649  26.419  8.402  2.406 1.0000000000
182636  27.544  8.244  3.806 1.0000000000
184012  27.193  8.537  3.477 1.0000000000
295666  28.158  8.452  4.633 1.0000000000
189189  24.518  11.487  0.343 0.7500000000
187973  27.112  10.745  1.638 1.0000000000
186630  27.151  10.144  2.156 1.0000000000
186623  27.703  10.092  3.670 1.0000000000
186629  27.372  10.153  3.036 1.0000000000
185311  27.294  9.181  3.467 1.0000000000
189181  26.958  11.274  1.312 1.0000000000
189180  27.467  11.184  1.959 1.0000000000
187967  27.626  10.640  3.353 1.0000000000
264961  23.700  15.926  0.713 0.1250000000
264965  23.874  16.644  1.671 0.1250000000
197872  24.555  16.021  -0.639 0.2500000000
197873  23.867  15.882  -0.433 0.1250000000
197871  24.668  15.962  -0.694 0.3750000000
200355  23.980  16.690  -0.351 0.2500000000
200353  25.009  17.122  0.040 0.5000000000
200354  24.596  17.072  -0.197 0.2500000000
201512  25.067  18.330  -0.542 0.3750000000
311103  23.006  16.960  -0.072 0.2500000000
200363  24.124  16.936  -0.737 0.2500000000
200365  22.794  16.370  -1.553 0.2500000000
200381  22.366  17.299  -2.820 0.2500000000
202603  24.426  17.874  -0.959 0.2500000000
307743  24.062  19.029  -1.160 0.2500000000
202602  24.922  18.864  -0.790 0.3750000000
201518  23.959  18.017  -1.424 0.2500000000
203841  25.162  19.580  -0.574 0.3750000000
203850  24.468  19.719  -1.011 0.2500000000
158946  21.802  -3.663  6.129 0.1250000000
162054  22.278  -2.282  5.189 0.2500000000
163492  21.487  -1.292  5.684 0.1250000000
159002  27.649  -3.947  2.497 1.0000000000
175667  23.949  4.568  0.858 0.8750000000
175646  26.634  5.154  2.353 1.0000000000
157589  21.994  -4.391  6.523 0.1250000000
308398  23.217  -4.648  5.620 0.6250000000
306954  24.095  -5.746  4.990 0.7500000000
301573  21.070  -0.299  6.003 0.1250000000
154949  24.558  -5.692  4.363 1.0000000000
162020  21.688  -2.523  6.239 0.1250000000
157636  25.283  -4.904  3.219 1.0000000000
159003  27.325  -4.334  2.512 1.0000000000
160518  28.009  -3.371  2.596 1.0000000000
294699  21.164  2.122  5.248 0.3750000000
172858  21.203  3.773  4.814 0.2500000000
172873  21.586  3.155  4.364 0.2500000000
164906  29.879  -0.650  2.393 0.8750000000
170257  29.722  1.961  3.926 0.8750000000
167563  29.649  0.222  3.069 0.8750000000
172871  29.734  3.117  4.352 0.8750000000
264925  23.338  8.956  1.162 0.1250000000
178585  22.642  6.092  2.076 0.3750000000
179999  23.752  6.692  0.596 0.6250000000
266231  28.247  5.507  4.519 1.0000000000
174201  29.519  3.769  4.546 0.8750000000
186645  23.754  10.273  -0.306 0.5000000000
186637  23.927  10.871  0.006 0.8750000000
300430  23.248  9.239  -0.390 0.3750000000
300461  24.088  8.620  -0.511 0.8750000000
182625  28.297  7.922  4.876 1.0000000000
294155  28.494  8.424  5.155 1.0000000000
184002  28.574  9.007  4.931 1.0000000000
185310  27.810  9.489  3.894 1.0000000000
286434  25.217  11.806  0.450 0.8750000000
191763  27.044  12.784  2.131 1.0000000000
189179  27.578  11.663  2.534 1.0000000000
187966  27.811  11.109  3.707 1.0000000000
300688  24.655  16.186  3.275 0.1250000000
195419  24.379  15.258  2.750 0.1250000000
195437  25.374  14.850  1.360 0.6250000000
265403  25.267  15.791  -0.595 0.6250000000
200352  25.773  17.671  0.128 0.5000000000
199140  23.928  16.568  -0.027 0.2500000000
202595  25.559  18.577  -0.188 0.5000000000
201505  22.147  17.778  0.171 0.2500000000
200366  21.958  16.947  -2.183 0.2500000000
202601  25.378  19.024  -0.420 0.5000000000
203840  25.653  19.694  -0.307 0.5000000000
201519  20.899  18.342  -2.878 0.1250000000
202612  23.586  18.756  -1.523 0.2500000000
313700  24.832  20.483  -1.024 0.2500000000
205174  26.015  20.247  -0.531 0.3750000000
206398  25.640  21.121  -1.274 0.2500000000
202620  22.343  19.198  -2.587 0.1250000000
275901  21.963  -4.211  6.105 0.1250000000
158956  22.329  -4.110  5.457 0.3750000000
157587  22.358  -4.997  5.918 0.5000000000
162040  21.749  -2.162  5.872 0.1250000000
156301  24.273  -4.702  4.838 0.7500000000
158979  24.202  -3.750  4.410 0.8750000000
285339  24.360  -5.501  4.477 1.0000000000
157637  24.973  -4.620  3.429 1.0000000000
163525  24.051  -1.804  3.444 1.0000000000
160510  24.614  -2.858  3.622 1.0000000000
159004  26.329  -4.167  2.997 1.0000000000
159013  26.777  -3.568  2.513 1.0000000000
167554  22.690  0.597  3.798 0.8750000000
166174  24.335  -0.456  2.568 1.0000000000
163559  27.670  -1.654  1.286 1.0000000000
164918  25.544  -1.107  1.856 1.0000000000
164919  25.221  -0.523  1.826 1.0000000000
300252  27.529  -2.306  1.941 1.0000000000
162086  27.663  -2.716  2.406 1.0000000000
171568  21.421  2.409  4.705 0.3750000000
170272  22.176  2.214  3.540 0.5000000000
170259  22.487  1.613  3.439 0.8750000000
168918  23.705  1.197  2.844 1.0000000000
168916  24.416  1.080  1.990 1.0000000000
164915  28.302  -0.996  1.749 1.0000000000
166194  27.061  -0.272  1.662 1.0000000000
166195  26.316  -0.258  1.687 1.0000000000
167594  26.652  0.221  1.678 1.0000000000
167592  27.622  0.517  1.663 1.0000000000
167564  29.133  0.458  2.698 1.0000000000
170271  22.648  2.141  3.133 0.6250000000
172910  22.875  3.335  2.566 0.6250000000
319673  23.932  2.005  2.338 1.0000000000
296263  24.139  2.904  1.604 1.0000000000
170301  26.181  1.463  1.401 1.0000000000
170283  24.661  1.529  1.861 1.0000000000
170303  24.866  2.022  1.789 1.0000000000
284392  27.995  0.710  2.036 1.0000000000
170269  28.990  1.700  3.047 0.8750000000
167562  30.094  0.032  3.465 0.8750000000
174256  23.883  3.972  1.158 1.0000000000
272545  24.850  3.451  1.315 1.0000000000
174228  28.235  3.591  3.032 1.0000000000
171624  27.030  2.300  1.497 1.0000000000
316393  25.909  2.438  1.642 1.0000000000
172921  26.739  3.192  1.766 1.0000000000
171579  29.358  2.368  3.676 0.8750000000
177132  26.231  5.301  1.692 1.0000000000
175678  24.627  4.782  0.176 1.0000000000
175665  26.052  4.690  1.352 1.0000000000
174254  25.287  3.963  1.198 1.0000000000
175654  27.003  4.154  2.230 1.0000000000
172923  25.516  3.350  1.647 1.0000000000
175645  27.123  4.725  2.558 1.0000000000
175612  28.077  4.834  3.707 1.0000000000
174203  28.501  4.261  3.716 1.0000000000
178595  23.384  6.476  1.335 0.6250000000
178605  23.961  6.124  0.976 0.7500000000
178603  24.525  5.938  0.027 1.0000000000
177142  25.050  5.757  0.246 1.0000000000
264922  25.047  6.720  1.040 1.0000000000
178583  26.256  6.064  1.819 1.0000000000
265086  26.911  7.212  1.533 1.0000000000
264918  26.989  7.074  2.133 1.0000000000
179982  26.949  6.875  1.780 1.0000000000
179950  27.945  6.727  4.579 1.0000000000
179969  26.952  6.555  2.560 1.0000000000
178567  26.676  6.214  2.265 1.0000000000
303711  23.816  9.676  -0.521 0.7500000000
319510  24.991  9.094  0.593 1.0000000000
300471  23.856  9.055  -0.960 0.7500000000
300530  24.774  7.311  0.844 1.0000000000
265413  26.325  7.710  2.486 1.0000000000
300710  25.456  7.605  1.304 1.0000000000
300935  26.131  8.099  1.763 1.0000000000
264926  26.606  7.557  2.942 1.0000000000
189188  25.656  11.386  1.021 0.8750000000
184025  25.970  8.826  1.331 1.0000000000
185324  26.710  9.698  1.686 1.0000000000
184018  26.788  8.816  2.980 1.0000000000
182642  26.581  8.169  3.056 1.0000000000
184019  26.668  9.053  2.052 1.0000000000
184006  28.168  9.031  4.294 1.0000000000
315046  27.311  11.549  1.662 1.0000000000
185319  27.033  9.529  2.774 1.0000000000
283845  27.598  11.175  2.949 1.0000000000
190488  27.307  12.202  2.199 1.0000000000
189187  26.469  11.816  1.156 1.0000000000
196633  24.529  15.740  3.420 0.1250000000
264962  24.069  15.424  0.534 0.1250000000
265246  24.319  15.536  2.617 0.1250000000
200344  23.905  17.076  0.273 0.2500000000
277110  24.148  16.826  0.049 0.2500000000
265227  24.522  14.833  -0.016 0.3750000000
265142  25.113  15.025  -0.609 0.5000000000
315873  25.269  18.088  -0.307 0.5000000000
199139  25.160  17.002  0.143 0.7500000000
203851  23.817  19.650  -1.218 0.2500000000
312925  25.331  20.752  -1.006 0.2500000000
157588  22.127  -4.807  6.170 0.2500000000
156252  22.297  -4.988  7.161 0.1250000000
156251  22.572  -5.229  7.056 0.1250000000
156277  23.379  -5.463  6.208 0.6250000000
156276  23.832  -5.578  5.633 0.7500000000
156314  25.179  -5.173  3.567 1.0000000000
300525  23.308  8.554  1.020 0.5000000000
179993  23.414  7.146  0.841 0.6250000000
265238  24.288  6.709  0.549 0.8750000000
300437  23.678  7.608  0.196 0.7500000000
300509  24.064  7.089  0.316 0.8750000000
300717  23.484  8.670  -0.643 0.7500000000
265063  23.713  8.224  -0.148 0.8750000000
265044  24.378  7.995  0.498 1.0000000000
265384  25.342  8.504  0.766 1.0000000000
190493  26.381  12.551  1.478 1.0000000000
190481  27.776  12.051  3.089 1.0000000000
297155  23.918  14.749  2.491 0.3750000000
300652  25.738  15.643  0.738 0.7500000000
300661  25.385  15.401  0.099 0.7500000000
265173  25.251  14.982  -0.091 0.5000000000
267985  25.816  16.622  0.475 0.7500000000
206397  26.188  21.075  -1.243 0.2500000000
205202  27.181  20.761  -1.586 0.3750000000
147902  26.494  -9.398  6.034 0.7500000000
268721  28.834  -9.027  5.852 0.7500000000
149232  25.177  -8.852  6.567 0.7500000000
150672  25.014  -8.276  6.468 0.7500000000
149246  28.221  -8.842  5.641 0.7500000000
313953  26.655  -9.074  5.602 0.7500000000
150689  26.020  -8.301  5.620 0.7500000000
150690  25.451  -7.959  6.015 0.7500000000
302107  28.848  -8.126  5.302 0.7500000000
150702  27.733  -8.153  4.965 0.7500000000
150703  26.523  -7.994  5.194 0.7500000000
276479  24.105  -6.399  5.736 0.7500000000
154922  24.097  -6.045  5.265 0.6250000000
316176  26.237  -7.404  5.185 0.7500000000
154933  25.716  -6.385  5.033 0.8750000000
153562  24.965  -6.410  5.128 0.8750000000
150700  29.159  -7.837  4.965 0.7500000000
152165  27.954  -7.569  4.756 0.7500000000
284041  27.594  -7.042  4.494 0.7500000000
154947  25.868  -5.870  4.707 0.8750000000
288485  25.488  -5.502  4.388 0.8750000000
153569  28.670  -6.600  4.359 0.7500000000
153570  27.995  -6.522  4.355 0.7500000000
156297  27.091  -5.556  4.366 0.8750000000
288487  25.669  -5.129  3.384 0.8750000000
154955  28.745  -5.663  3.819 0.7500000000
154957  27.642  -5.218  3.897 0.8750000000
157648  27.303  -4.586  2.875 0.8750000000
158991  29.446  -4.386  3.113 0.8750000000
157645  29.039  -4.378  3.000 0.8750000000
160508  29.257  -3.657  3.507 0.8750000000
279558  29.030  -2.758  2.699 0.8750000000
293583  31.299  -2.051  4.524 0.3750000000
295473  30.993  -2.102  4.145 0.6250000000
163524  30.183  -2.002  3.306 0.7500000000
162084  29.455  -2.416  2.681 0.7500000000
164861  31.642  -1.028  4.979 0.5000000000
164862  31.488  -0.965  4.345 0.5000000000
166150  31.360  -0.436  4.144 0.7500000000
164893  30.420  -0.782  2.732 0.7500000000
167488  32.500  0.334  6.301 0.1250000000
167508  31.804  0.399  5.292 0.3750000000
166143  31.439  0.010  4.459 0.6250000000
167552  30.629  0.007  3.792 0.6250000000
307176  30.233  0.416  3.898 0.6250000000
168797  33.625  0.887  7.472 0.1250000000
168815  33.026  1.247  7.178 0.1250000000
168817  31.959  1.645  6.141 0.1250000000
171506  32.373  2.298  7.159 0.1250000000
171526  30.957  2.368  5.388 0.6250000000
171547  30.636  2.718  5.199 0.6250000000
171566  30.115  2.603  4.435 0.7500000000
171505  32.875  2.321  7.588 0.1250000000
175564  33.508  4.204  8.526 0.1250000000
315714  31.279  3.641  6.846 0.1250000000
316995  30.952  3.573  6.205 0.5000000000
172852  30.317  3.126  5.071 0.6250000000
174160  29.987  4.208  5.475 0.7500000000
171492  34.229  2.505  7.912 0.1250000000
175567  31.186  4.504  6.793 0.5000000000
177042  31.314  5.284  7.037 0.5000000000
175586  30.449  4.803  6.226 0.6250000000
175596  29.638  4.474  5.273 0.7500000000
297536  23.846  12.307  1.632 0.5000000000
190494  25.642  12.440  0.454 0.7500000000
179932  30.890  6.471  6.623 0.6250000000
266750  29.789  6.633  6.240 0.6250000000
314900  28.924  6.632  5.783 0.8750000000
179925  31.358  6.755  6.849 0.5000000000
179933  30.303  6.853  6.474 0.6250000000
181302  30.397  7.482  6.411 0.6250000000
179934  29.267  7.019  5.836 0.7500000000
191771  25.217  12.932  0.100 0.7500000000
181309  28.809  7.433  5.663 0.8750000000
186614  28.414  9.880  4.537 0.8750000000
187959  28.373  10.407  4.394 0.8750000000
182616  29.188  8.302  5.893 0.7500000000
185297  29.045  9.370  5.358 0.8750000000
186608  29.118  9.945  5.261 0.8750000000
309078  29.348  10.900  4.860 0.8750000000
189165  29.217  11.354  4.597 0.8750000000
268875  32.050  7.762  7.116 0.3750000000
182614  30.867  7.759  6.558 0.5000000000
279081  30.724  8.317  6.524 0.5000000000
182606  30.000  8.698  6.104 0.6250000000
183981  33.046  8.556  6.697 0.2500000000
183983  31.772  8.940  6.813 0.3750000000
185278  30.816  9.375  6.240 0.5000000000
192965  25.693  13.404  0.363 0.7500000000
191770  25.982  13.009  0.500 0.7500000000
191769  26.568  13.096  1.662 0.8750000000
189173  27.736  11.646  3.407 0.8750000000
190480  28.369  12.380  3.437 0.7500000000
190471  28.961  12.114  4.453 0.8750000000
186601  29.874  9.977  5.970 0.6250000000
186607  29.548  10.227  5.521 0.7500000000
185276  31.772  9.497  6.516 0.3750000000
186590  31.449  9.983  6.231 0.5000000000
305572  30.501  12.269  4.924 0.7500000000
185285  33.021  9.406  5.893 0.2500000000
192966  24.761  13.469  0.550 0.6250000000
276879  26.211  13.411  0.919 0.8750000000
192958  27.142  13.274  2.470 0.8750000000
192957  27.719  13.351  2.933 0.8750000000
195424  27.833  14.917  2.325 0.7500000000
192949  28.856  13.294  3.385 0.8750000000
192943  29.992  13.350  4.175 0.7500000000
187948  30.216  11.088  5.309 0.5000000000
189161  32.899  11.265  4.422 0.2500000000
303863  32.232  11.420  5.095 0.5000000000
187938  31.831  11.022  5.472 0.5000000000
185296  33.333  9.557  5.307 0.2500000000
194179  25.599  14.655  1.344 0.5000000000
195436  25.996  14.833  1.518 0.6250000000
195435  26.592  14.733  1.837 0.7500000000
311422  27.537  15.068  2.061 0.7500000000
196651  27.596  15.839  1.795 0.7500000000
196650  28.300  15.855  1.992 0.7500000000
196632  28.796  15.522  2.974 0.7500000000
196640  28.349  15.465  2.556 0.7500000000
197858  27.959  16.345  1.634 0.7500000000
195417  28.975  14.858  2.970 0.7500000000
194151  29.761  14.165  3.495 0.7500000000
196638  29.776  15.505  2.562 0.7500000000
191751  31.300  13.384  3.822 0.5000000000
194156  31.424  14.120  2.945 0.3750000000
192955  30.428  14.083  3.502 0.6250000000
189171  32.818  11.799  4.115 0.2500000000
190479  32.118  12.650  4.062 0.3750000000
191760  32.081  13.075  3.218 0.3750000000
264957  26.288  15.993  0.948 0.6250000000
265373  26.522  15.254  1.497 0.7500000000
199133  27.694  17.013  0.969 0.7500000000
197857  28.668  16.375  1.630 0.7500000000
197856  29.459  16.460  1.558 0.7500000000
276168  30.289  15.959  1.838 0.6250000000
279487  32.070  14.699  2.044 0.3750000000
195432  31.103  15.308  1.848 0.3750000000
189178  33.193  11.733  2.841 0.1250000000
305851  33.162  12.981  1.976 0.1250000000
191768  32.749  13.259  2.163 0.2500000000
199126  26.877  16.658  0.915 0.6250000000
200341  27.597  17.458  0.642 0.7500000000
266531  28.128  17.361  0.764 0.6250000000
307059  29.165  17.267  0.953 0.7500000000
196656  31.073  15.859  1.058 0.3750000000
197864  30.345  16.516  1.089 0.3750000000
196648  29.760  15.976  2.081 0.7500000000
195441  32.408  14.858  0.826 0.2500000000
195431  31.720  15.087  1.661 0.3750000000
195423  30.292  15.153  2.506 0.6250000000
295184  33.343  11.851  0.610 0.1250000000
191779  33.215  12.790  1.064 0.1250000000
294582  33.318  11.829  1.684 0.1250000000
200330  26.600  16.988  0.752 0.6250000000
200342  26.991  17.588  0.553 0.6250000000
201501  28.359  18.244  0.286 0.3750000000
201495  27.995  17.910  0.502 0.3750000000
200348  29.560  17.584  0.122 0.3750000000
197880  31.020  16.233  -1.105 0.2500000000
197870  30.476  16.601  0.482 0.3750000000
199138  29.822  17.234  0.297 0.3750000000
194191  32.539  14.175  -0.596 0.1250000000
195449  32.008  15.168  0.438 0.3750000000
196655  31.491  15.561  0.631 0.3750000000
301148  33.214  11.039  -0.071 0.1250000000
272498  32.571  13.915  0.735 0.1250000000
203838  26.858  19.620  -0.271 0.3750000000
201502  26.621  18.550  0.199 0.3750000000
310468  27.733  18.494  0.260 0.3750000000
201517  28.591  18.629  -0.791 0.3750000000
201511  28.198  18.639  -0.188 0.3750000000
200379  29.766  17.961  -2.184 0.3750000000
200372  29.218  18.096  -1.407 0.3750000000
200362  29.131  18.143  -0.741 0.3750000000
197891  30.681  16.676  -2.082 0.3750000000
197881  30.608  16.575  -0.825 0.3750000000
199149  29.945  17.381  -0.808 0.3750000000
194203  32.347  14.063  -1.844 0.1250000000
196668  31.459  15.378  -1.027 0.1250000000
196669  31.256  15.804  -1.338 0.2500000000
191797  32.943  12.557  -0.750 0.1250000000
202625  28.642  19.515  -2.213 0.2500000000
201536  29.136  18.636  -3.402 0.2500000000
202624  28.929  19.097  -2.504 0.3750000000
202609  28.325  19.134  -1.110 0.3750000000
199165  30.016  17.338  -4.087 0.1250000000
201527  29.435  18.269  -2.470 0.3750000000
201522  29.037  18.547  -1.676 0.3750000000
199159  30.448  17.130  -3.094 0.1250000000
200384  30.130  17.587  -2.892 0.2500000000
196686  31.151  15.668  -3.858 0.1250000000
197890  31.001  16.273  -2.395 0.1250000000
205189  27.428  20.303  -1.289 0.3750000000
203846  28.190  19.710  -1.263 0.3750000000
298418  28.884  19.092  -3.584 0.2500000000
200397  29.175  18.052  -4.652 0.1250000000
306325  28.777  18.342  -5.388 0.1250000000
200403  29.502  17.807  -5.533 0.1250000000
200410  28.992  18.000  -5.795 0.1250000000
195492  31.300  15.158  -4.129 0.1250000000
199184  30.304  16.905  -5.797 0.1250000000
265329  27.453  18.749  -6.961 0.1250000000
199192  28.816  17.141  -7.009 0.1250000000
264976  28.267  18.054  -6.984 0.1250000000
196703  30.747  15.356  -5.701 0.1250000000
309208  31.071  15.032  -4.727 0.1250000000
156312  26.821  -5.187  3.863 0.8750000000
273614  29.735  -3.526  3.732 0.6250000000
286612  31.293  5.848  6.968 0.6250000000
298916  28.999  8.715  5.513 0.8750000000
187940  30.609  10.755  5.774 0.5000000000
186597  32.555  9.864  5.822 0.3750000000
194178  26.185  14.459  1.425 0.6250000000
194170  26.180  13.845  1.120 0.8750000000
192964  26.820  13.704  1.829 0.8750000000
195425  27.253  14.735  2.022 0.7500000000
194160  27.571  13.824  2.482 0.8750000000
303026  28.187  13.861  2.885 0.7500000000
194158  29.150  14.274  3.153 0.7500000000
285559  29.279  13.377  3.705 0.7500000000
190457  31.515  12.159  5.050 0.5000000000
191739  31.543  12.919  4.250 0.5000000000
191731  30.687  12.723  4.818 0.7500000000
190466  32.371  12.182  4.405 0.5000000000
195475  31.406  15.326  -2.855 0.1250000000
315614  29.095  18.367  -3.853 0.2500000000
199186  28.868  17.497  -6.287 0.1250000000
197926  30.206  16.391  -6.261 0.1250000000
168836  31.267  1.330  5.228 0.5000000000
168874  30.504  1.280  4.499 0.6250000000
168875  30.053  1.595  4.272 0.7500000000
178503  31.650  6.072  7.804 0.3750000000
178504  31.493  6.168  7.043 0.3750000000
182601  33.199  7.859  6.799 0.2500000000
189164  29.633  11.720  4.654 0.7500000000
197903  30.700  16.652  -3.350 0.1250000000
183992  33.687  8.476  5.788 0.1250000000
146480  26.928  -10.468  6.146 0.7500000000
146481  26.266  -10.314  6.470 0.7500000000
147888  24.631  -9.250  6.701 0.7500000000
149233  24.487  -8.662  6.634 0.7500000000
146478  28.628  -10.117  6.331 0.7500000000
267524  27.341  -9.732  5.745 0.7500000000
146495  29.987  -9.758  5.778 0.7500000000
153551  24.028  -6.901  6.100 0.6250000000
152155  25.281  -7.330  5.908 0.7500000000
150686  29.533  -8.225  5.282 0.6250000000
152164  29.378  -7.521  4.558 0.7500000000
153561  29.483  -7.098  4.416 0.6250000000
156296  29.351  -5.528  3.965 0.6250000000
157630  30.285  -4.325  3.743 0.5000000000
276068  31.218  -3.436  5.165 0.3750000000
158988  30.998  -3.576  4.125 0.5000000000
163488  31.781  -1.849  5.550 0.1250000000
166110  32.781  -0.093  6.472 0.1250000000
281680  33.195  0.693  7.000 0.1250000000
279698  34.730  1.364  7.727 0.1250000000
171490  35.539  2.425  7.598 0.1250000000
286400  34.831  3.404  7.690 0.1250000000
174131  34.625  4.040  7.773 0.1250000000
288943  24.154  11.809  0.770 0.3750000000
313329  34.526  4.822  8.463 0.1250000000
175556  32.982  4.637  8.385 0.1250000000
303369  32.731  5.565  7.453 0.1250000000
179923  32.733  6.745  7.216 0.2500000000
181291  32.595  7.471  7.169 0.2500000000
191764  23.270  12.930  2.413 0.5000000000
290011  33.974  9.354  4.335 0.1250000000
184001  33.550  9.061  5.608 0.2500000000
283312  33.788  9.939  3.439 0.1250000000
187979  33.289  11.126  2.529 0.1250000000
305761  33.395  10.820  1.021 0.1250000000
195426  24.734  14.847  1.694 0.3750000000
186649  33.515  10.422  0.567 0.1250000000
186680  33.059  10.323  -0.965 0.1250000000
186667  33.214  10.002  -0.421 0.1250000000
193001  32.477  13.501  -2.092 0.1250000000
284280  32.407  12.330  -2.908 0.1250000000
201498  24.000  17.985  1.056 0.1250000000
203866  28.270  19.862  -3.788 0.2500000000
203876  27.829  19.437  -4.863 0.1250000000
281640  27.394  19.402  -5.629 0.1250000000
265052  27.902  17.506  -7.360 0.1250000000
303796  27.002  18.508  -7.442 0.1250000000
197928  29.182  16.528  -7.118 0.1250000000
195497  31.112  14.516  -5.040 0.1250000000
278983  29.739  15.970  -6.714 0.1250000000
163547  28.985  -1.709  2.203 0.7500000000
178516  29.224  5.750  5.730 0.7500000000
177057  29.163  5.224  5.331 0.7500000000
187981  24.084  11.343  0.771 0.3750000000
287703  28.283  10.988  4.194 0.8750000000
157647  27.896  -4.295  2.825 0.8750000000
154935  24.314  -5.957  4.731 0.7500000000
154948  25.128  -5.889  4.650 0.8750000000
157635  26.445  -4.999  3.286 0.8750000000
164894  29.898  -1.247  2.672 0.7500000000
283269  30.413  2.267  4.560 0.6250000000
182624  28.773  7.991  5.504 0.8750000000
190487  27.930  12.433  2.861 0.8750000000
190472  28.333  12.093  4.148 0.8750000000
203824  26.394  19.227  -0.030 0.3750000000
205173  26.626  20.214  -0.519 0.3750000000
206414  27.382  21.001  -2.201 0.1250000000
205212  28.194  20.466  -2.883 0.2500000000
149250  25.599  -8.584  6.070 0.7500000000
147886  26.011  -9.706  6.435 0.7500000000
147885  26.566  -9.947  6.224 0.7500000000
149247  27.598  -9.245  5.662 0.7500000000
146497  28.244  -9.847  6.081 0.7500000000
146477  29.310  -9.970  6.099 0.7500000000
149245  29.494  -8.729  5.690 0.7500000000
150673  24.348  -8.076  6.603 0.7500000000
152143  24.847  -7.718  6.346 0.7500000000
284495  27.117  -8.420  5.145 0.7500000000
150704  25.875  -7.634  5.569 0.7500000000
152167  26.722  -7.477  4.873 0.7500000000
153550  24.547  -6.610  5.661 0.7500000000
153552  23.664  -6.658  6.211 0.6250000000
153549  25.058  -6.817  5.710 0.7500000000
152168  26.258  -6.935  4.983 0.8750000000
152178  28.322  -7.083  4.463 0.7500000000
154946  27.201  -6.294  4.540 0.8750000000
302655  26.514  -5.399  4.298 0.8750000000
309539  28.425  -6.090  4.183 0.7500000000
154944  29.091  -6.148  4.239 0.7500000000
266215  29.346  -4.588  3.238 0.7500000000
157632  28.823  -4.623  3.280 0.8750000000
157621  30.138  -4.865  3.857 0.6250000000
160517  29.405  -3.004  2.973 0.7500000000
162051  31.732  -2.450  5.394 0.2500000000
162065  31.084  -2.590  4.367 0.5000000000
160506  30.404  -3.112  3.725 0.6250000000
285390  30.901  -1.252  3.533 0.7500000000
166142  31.651  -0.423  4.736 0.5000000000
166128  32.035  -0.511  5.734 0.2500000000
164835  32.409  -1.022  6.133 0.1250000000
304872  32.181  0.933  6.073 0.2500000000
168858  31.570  0.820  5.087 0.3750000000
168873  30.971  1.035  4.616 0.6250000000
170180  33.206  1.842  7.546 0.1250000000
170162  34.462  1.939  7.855 0.1250000000
170181  32.680  1.813  7.165 0.1250000000
171524  31.563  2.172  6.056 0.5000000000
292448  32.005  2.758  7.156 0.1250000000
172810  32.596  2.818  7.551 0.1250000000
171525  31.143  2.662  5.979 0.5000000000
172801  33.939  3.047  7.938 0.1250000000
270952  32.665  4.133  7.850 0.1250000000
304786  32.108  4.421  7.438 0.1250000000
174143  30.832  4.350  6.250 0.6250000000
177041  31.970  5.322  7.286 0.1250000000
266325  30.116  5.631  6.273 0.6250000000
178515  29.743  5.982  6.168 0.6250000000
182605  30.224  8.260  6.216 0.6250000000
187949  29.675  10.731  5.235 0.7500000000
190470  29.663  12.302  4.518 0.7500000000
186591  30.886  9.861  6.136 0.5000000000
191744  28.593  12.665  4.180 0.7500000000
187937  32.188  10.598  5.583 0.3750000000
319793  28.403  13.415  3.089 0.7500000000
192942  30.439  13.438  4.204 0.6250000000
192948  29.676  13.617  3.811 0.7500000000
189142  31.330  11.298  5.460 0.5000000000
296402  33.225  11.243  3.210 0.1250000000
306004  33.419  10.451  3.955 0.1250000000
186613  33.378  10.327  4.493 0.2500000000
186621  33.730  9.984  4.027 0.1250000000
197866  27.300  16.619  1.043 0.7500000000
196649  29.032  16.037  2.045 0.7500000000
194166  30.594  14.799  2.786 0.6250000000
192963  31.859  13.789  2.675 0.3750000000
194165  31.181  14.613  2.656 0.3750000000
190486  32.750  12.410  3.251 0.1250000000
191759  32.568  12.885  2.969 0.3750000000
200339  29.036  17.619  0.670 0.3750000000
194176  32.320  14.249  1.713 0.3750000000
190492  33.162  12.253  2.569 0.1250000000
192973  33.005  13.367  1.007 0.1250000000
288143  33.334  12.380  1.396 0.1250000000
197869  30.885  16.256  0.198 0.3750000000
199143  30.180  16.950  0.106 0.3750000000
195448  32.387  14.773  0.251 0.2500000000
191791  33.047  12.714  -0.195 0.1250000000
290103  33.166  11.422  -0.399 0.1250000000
189197  33.295  11.367  0.776 0.1250000000
295607  32.759  13.504  0.305 0.1250000000
202592  27.178  18.852  0.128 0.3750000000
196665  31.260  15.810  -0.747 0.2500000000
191792  32.781  13.112  -0.547 0.1250000000
194197  32.436  14.214  -1.234 0.1250000000
194198  31.954  14.684  -1.265 0.1250000000
202610  27.908  19.374  -0.841 0.3750000000
200389  29.761  17.863  -3.247 0.3750000000
199148  30.319  17.018  -1.131 0.3750000000
192994  32.536  13.560  -1.465 0.1250000000
195462  31.743  14.931  -1.797 0.1250000000
195474  31.764  14.842  -3.147 0.1250000000
194220  32.314  13.958  -2.964 0.1250000000
196672  31.444  15.392  -1.571 0.1250000000
196677  31.194  15.820  -2.638 0.1250000000
189210  33.116  11.384  -1.000 0.1250000000
292262  32.792  12.339  -1.708 0.1250000000
202629  28.668  19.533  -3.440 0.2500000000
203861  28.439  20.009  -2.564 0.2500000000
202636  28.596  18.802  -4.405 0.2500000000
199172  29.817  17.195  -4.731 0.1250000000
197917  30.487  16.357  -4.862 0.1250000000
197902  30.942  16.196  -3.689 0.1250000000
196698  30.817  15.444  -4.992 0.1250000000
202637  28.253  19.158  -4.601 0.1250000000
201543  28.378  18.610  -5.225 0.1250000000
265076  27.967  18.462  -6.747 0.1250000000
199178  29.919  17.333  -5.529 0.1250000000
194231  31.422  14.554  -4.484 0.1250000000
199177  30.219  16.827  -5.144 0.1250000000
314430  27.239  19.131  -6.615 0.1250000000
202647  27.585  18.912  -5.803 0.1250000000
145175  26.566  -10.882  6.446 0.7500000000
146498  27.365  -10.209  5.955 0.7500000000
145172  28.427  -10.677  6.533 0.7500000000
146482  25.472  -10.105  6.751 0.7500000000
145176  25.904  -10.767  6.684 0.7500000000
294807  23.853  -7.395  6.495 0.5000000000
152156  24.530  -7.223  6.060 0.6250000000
154932  30.023  -6.265  4.644 0.6250000000
157610  30.707  -4.859  4.926 0.5000000000
177030  33.810  5.390  7.627 0.1250000000
177039  34.948  5.537  7.086 0.1250000000
177031  33.054  5.034  7.843 0.1250000000
186628  33.419  10.708  3.030 0.1250000000
291653  32.604  12.351  -2.237 0.1250000000
193009  32.223  13.461  -3.357 0.1250000000
146465  24.700  -10.197  6.929 0.7500000000
149234  23.960  -8.355  6.848 0.5000000000
303168  28.044  -11.725  6.947 0.6250000000
143827  28.350  -11.308  6.709 0.6250000000
143824  30.922  -11.385  5.916 0.3750000000
146476  29.922  -10.453  6.114 0.6250000000
146493  31.704  -10.533  5.441 0.2500000000
146494  31.006  -10.218  5.549 0.3750000000
157619  31.010  -4.313  4.762 0.3750000000
191772  24.192  12.895  0.816 0.3750000000
192967  23.754  13.468  1.844 0.2500000000
300616  24.885  14.938  0.152 0.2500000000
289931  27.389  -11.145  6.297 0.6250000000
149243  30.597  -8.826  5.154 0.5000000000
314043  29.994  -7.661  4.864 0.5000000000
153559  30.388  -6.642  5.069 0.3750000000
143823  31.708  -11.969  6.013 0.5000000000
143825  30.282  -11.802  6.210 0.6250000000
154942  30.281  -5.752  4.500 0.5000000000
142488  28.059  -12.425  6.964 0.6250000000
147860  23.769  -8.897  7.140 0.3750000000
146466  24.124  -10.308  7.021 0.3750000000
143808  27.539  -11.800  7.121 0.6250000000
143829  27.121  -11.336  6.712 0.6250000000
145158  25.227  -10.697  6.999 0.6250000000
141200  30.929  -12.952  6.276 0.3750000000
142502  29.991  -12.388  6.485 0.5000000000
142487  28.867  -12.698  6.926 0.6250000000
150643  23.691  -8.259  7.241 0.2500000000
142485  32.485  -12.504  6.507 0.3750000000
147896  32.067  -9.838  5.379 0.2500000000
145184  32.315  -11.200  5.404 0.2500000000
318658  31.487  -8.820  5.271 0.2500000000
150683  30.921  -7.933  5.430 0.3750000000
153547  30.977  -6.773  5.817 0.2500000000
156275  30.922  -5.751  5.318 0.2500000000
157609  31.142  -4.498  5.375 0.2500000000
172859  20.930  3.449  5.261 0.1250000000
177122  21.961  5.606  2.904 0.2500000000
160478  31.494  -3.465  5.718 0.2500000000
265092  23.279  8.054  1.073 0.3750000000
178584  23.188  6.670  1.637 0.2500000000
174186  21.066  4.607  4.613 0.1250000000
171553  21.052  2.783  5.296 0.2500000000
156265  23.164  -5.501  6.671 0.2500000000
302792  23.241  7.514  1.251 0.3750000000
150699  29.778  -7.872  4.858 0.5000000000
272685  24.214  -9.691  6.860 0.5000000000
147889  24.125  -9.037  6.801 0.5000000000
287347  29.568  -11.235  6.241 0.6250000000
295044  30.461  -10.105  5.771 0.5000000000
147898  30.056  -9.092  5.584 0.5000000000
158955  31.459  -4.125  5.805 0.2500000000
150660  23.465  -8.165  6.921 0.3750000000
150674  23.686  -7.817  6.724 0.3750000000
154911  23.397  -6.116  6.491 0.2500000000
145157  26.240  -11.219  6.722 0.6250000000
310018  23.083  -7.927  6.738 0.3750000000
154931  30.500  -6.101  4.963 0.2500000000
142503  29.310  -12.238  6.712 0.6250000000
274076  29.643  -11.846  6.510 0.5000000000
145169  31.180  -10.800  5.716 0.2500000000
143838  32.288  -11.769  5.517 0.2500000000
146492  32.440  -10.431  5.367 0.2500000000
147897  31.367  -9.763  5.302 0.3750000000
277992  30.642  -8.491  5.080 0.3750000000
142501  30.642  -12.566  6.102 0.5000000000
269752  32.031  -12.656  6.228 0.3750000000
147873  23.823  -9.388  6.973 0.3750000000
143809  26.591  -11.523  6.928 0.6250000000
141186  30.871  -13.261  6.848 0.3750000000
309774  29.658  -12.985  6.702 0.5000000000
149230  31.752  -8.497  5.572 0.2500000000
154919  31.129  -6.192  6.213 0.2500000000
310815  20.726  2.750  5.748 0.1250000000
142491  25.608  -12.637  7.587 0.5000000000
141187  30.298  -13.455  6.831 0.2500000000
138495  28.776  -14.264  7.296 0.3750000000
139864  28.639  -13.736  7.091 0.5000000000
142490  26.117  -12.245  7.406 0.5000000000
141177  24.701  -13.232  7.708 0.3750000000
143797  24.260  -11.834  7.533 0.5000000000
143811  25.351  -11.723  7.232 0.5000000000
142492  25.112  -12.238  7.389 0.5000000000
143813  24.446  -11.305  7.408 0.3750000000
265781  25.611  -11.244  6.950 0.5000000000
138473  23.521  -14.203  8.852 0.1250000000
139854  24.265  -13.455  7.988 0.3750000000
145160  24.063  -10.889  7.359 0.2500000000
135752  24.119  -15.937  9.039 0.1250000000
138472  24.036  -14.363  8.627 0.2500000000
138486  25.492  -14.335  8.094 0.3750000000
138479  30.242  -14.715  7.446 0.2500000000
138483  27.284  -14.265  8.054 0.3750000000
139850  27.056  -13.704  7.935 0.5000000000
137076  23.479  -15.129  9.393 0.1250000000
139837  24.390  -14.038  8.187 0.3750000000
138485  25.949  -14.178  7.957 0.3750000000
312766  23.084  -13.060  8.767 0.1250000000
143786  23.057  -11.265  8.427 0.1250000000
181290  33.181  7.287  7.056 0.1250000000
141189  29.077  -13.430  6.884 0.3750000000
266761  26.480  -11.972  7.179 0.5000000000
141192  27.222  -12.830  7.381 0.5000000000
146467  23.561  -10.473  7.322 0.2500000000
147874  23.719  -9.901  7.065 0.2500000000
302332  30.838  -13.693  7.269 0.2500000000
270526  25.788  -13.675  7.879 0.5000000000
141174  26.731  -13.078  7.781 0.5000000000
265618  24.895  -12.781  7.530 0.5000000000
139863  29.223  -14.118  6.925 0.3750000000
139865  28.010  -13.516  7.215 0.3750000000
138482  28.294  -14.396  7.633 0.3750000000
139853  24.839  -13.702  7.901 0.3750000000
141178  24.242  -12.816  7.723 0.2500000000
142462  23.714  -12.386  8.092 0.1250000000
142477  23.888  -11.857  7.918 0.1250000000
143798  23.941  -11.379  7.674 0.1250000000
143812  24.767  -11.786  7.346 0.5000000000
138457  23.717  -14.743  8.998 0.1250000000
138458  23.256  -14.546  9.301 0.1250000000
139838  23.772  -13.774  8.399 0.2500000000
318977  23.374  -13.729  8.815 0.1250000000
139825  23.166  -13.953  9.227 0.1250000000
141161  23.754  -13.082  8.213 0.1250000000
145147  23.461  -10.943  7.660 0.1250000000
137075  23.955  -15.302  9.086 0.1250000000
138471  24.650  -14.529  8.498 0.3750000000
137102  28.344  -14.921  7.878 0.2500000000
278449  23.240  -12.713  8.558 0.1250000000
142478  23.243  -11.954  8.462 0.1250000000
137092  24.891  -15.052  8.676 0.2500000000
137089  26.949  -15.196  8.399 0.2500000000
152145  23.018  -7.378  6.698 0.2500000000
310739  29.282  -15.144  7.561 0.2500000000
135767  24.498  -15.453  8.897 0.1250000000
137093  24.293  -14.891  8.829 0.1250000000
137105  26.301  -14.523  8.084 0.2500000000
290787  26.052  -15.088  8.506 0.2500000000
135765  26.068  -15.507  8.714 0.1250000000
152135  22.788  -7.434  6.988 0.1250000000
189190  24.033  11.404  1.554 0.1250000000
190496  22.954  11.801  1.984 0.1250000000
189182  22.863  11.475  2.637 0.1250000000
189174  22.849  11.920  3.372 0.1250000000
289767  23.311  11.736  4.372 0.1250000000
190489  22.889  12.408  3.036 0.1250000000
194161  23.641  14.171  2.839 0.1250000000
187982  23.377  11.504  1.833 0.1250000000
191755  22.819  12.855  3.523 0.1250000000
191746  22.966  12.724  4.176 0.1250000000
191745  24.127  12.609  4.326 0.1250000000
186638  23.060  10.296  0.957 0.1250000000
288310  22.905  10.985  1.363 0.1250000000
178569  22.350  5.970  3.095 0.1250000000
147861  23.590  -9.342  7.475 0.1250000000
152119  22.845  -7.688  7.320 0.1250000000
300689  23.503  7.532  2.608 0.1250000000
265279  22.415  10.031  1.877 0.1250000000
186624  22.956  10.457  3.614 0.1250000000
187968  23.474  10.815  4.189 0.1250000000
187954  23.399  11.120  4.618 0.1250000000
190473  24.242  12.317  4.463 0.1250000000
191733  24.826  13.008  4.850 0.1250000000
295096  24.238  13.866  3.833 0.1250000000
185326  23.006  9.771  0.548 0.1250000000
319973  22.627  -5.260  6.230 0.1250000000
154913  23.044  -5.558  7.027 0.1250000000
153537  23.487  -7.166  6.523 0.1250000000
192959  23.172  13.414  2.995 0.1250000000
152118  23.032  -8.025  7.042 0.1250000000
150644  23.409  -8.081  7.559 0.1250000000
265261  22.910  7.192  2.517 0.1250000000
154912  23.205  -6.219  6.887 0.1250000000
153539  22.914  -6.942  6.914 0.1250000000
152134  22.862  -7.755  6.834 0.1250000000
153530  22.789  -7.130  7.197 0.1250000000
187975  22.763  11.071  3.055 0.1250000000
293345  23.202  11.279  3.791 0.1250000000
190474  23.331  12.349  4.400 0.1250000000
192950  23.652  13.135  3.672 0.1250000000
187953  25.105  10.889  5.021 0.1250000000
192934  25.343  13.536  4.940 0.1250000000
141171  31.858  -13.202  7.406 0.1250000000
314375  32.902  -11.919  7.410 0.1250000000
143822  32.543  -12.165  5.882 0.1250000000
318390  33.168  -11.338  5.658 0.1250000000
147882  33.231  -9.623  5.338 0.1250000000
147883  32.519  -9.300  5.458 0.1250000000
150670  32.012  -8.184  6.225 0.1250000000
150671  31.543  -7.907  5.907 0.1250000000
318431  32.500  -6.978  7.569 0.1250000000
152132  32.051  -7.259  7.118 0.1250000000
152141  31.641  -7.251  6.488 0.1250000000
156250  32.212  -5.431  7.395 0.1250000000
156274  31.189  -5.678  5.860 0.1250000000
157570  32.488  -4.352  7.494 0.1250000000
294848  32.022  -4.415  6.907 0.1250000000
158954  31.761  -3.777  6.226 0.1250000000
137085  29.611  -15.397  8.408 0.1250000000
137103  27.880  -15.014  8.084 0.1250000000
138468  29.931  -15.095  7.930 0.1250000000
138467  30.486  -14.763  8.135 0.1250000000
139836  31.271  -13.906  8.220 0.1250000000
142461  32.574  -12.315  8.246 0.1250000000
141159  32.283  -12.718  8.599 0.1250000000
143795  33.255  -11.615  7.507 0.1250000000
146463  34.616  -10.536  6.663 0.1250000000
149227  33.701  -9.123  5.849 0.1250000000
150669  32.624  -8.346  6.341 0.1250000000
152130  33.367  -7.654  7.412 0.1250000000
154889  32.936  -5.675  7.983 0.1250000000
160462  32.042  -3.415  6.699 0.1250000000
160435  32.714  -3.223  7.339 0.1250000000
158907  33.125  -4.010  7.851 0.1250000000
162037  32.057  -2.304  5.899 0.1250000000
272731  31.377  -13.475  7.263 0.1250000000
142486  32.137  -12.798  6.948 0.1250000000
157585  31.679  -4.420  6.325 0.1250000000
145182  33.421  -10.778  5.593 0.1250000000
153536  31.499  -6.144  6.722 0.1250000000
139862  30.315  -14.057  7.149 0.1250000000
138466  30.992  -14.369  8.502 0.1250000000
137074  28.666  -15.344  9.038 0.1250000000
141160  32.004  -13.216  8.184 0.1250000000
287134  33.783  -11.316  7.260 0.1250000000
149228  32.940  -8.899  5.884 0.1250000000
147881  34.064  -9.807  5.519 0.1250000000
302518  31.896  -7.721  6.568 0.1250000000
153528  32.168  -6.547  7.455 0.1250000000
150658  32.952  -8.032  6.936 0.1250000000
153519  32.809  -6.408  7.797 0.1250000000
156263  31.802  -5.424  7.020 0.1250000000
158933  32.228  -3.884  7.060 0.1250000000
157554  33.620  -4.570  7.998 0.1250000000
135747  30.035  -15.830  9.497 0.1250000000
138456  30.759  -14.931  8.819 0.1250000000
145146  33.714  -11.245  7.991 0.1250000000
160434  33.200  -3.045  7.590 0.1250000000
135750  26.704  -15.715  8.876 0.1250000000
135764  26.433  -15.257  8.593 0.2500000000
137070  31.046  -15.125  9.462 0.1250000000
137072  29.860  -15.564  8.981 0.1250000000
137073  29.245  -15.610  8.897 0.1250000000
137084  30.179  -15.160  8.593 0.1250000000
137086  29.024  -15.423  8.379 0.1250000000
137087  28.292  -15.353  8.378 0.1250000000
137088  27.585  -15.296  8.342 0.1250000000
137090  26.389  -14.893  8.286 0.2500000000
137091  25.544  -15.190  8.584 0.2500000000
137100  29.425  -15.378  7.818 0.2500000000
137101  28.944  -15.234  7.888 0.2500000000
137104  26.806  -14.674  8.101 0.2500000000
138469  25.840  -14.680  8.241 0.2500000000
138470  25.231  -14.691  8.295 0.3750000000
138480  29.681  -14.970  7.464 0.2500000000
138481  28.833  -14.782  7.580 0.2500000000
138484  26.596  -14.212  7.938 0.3750000000
138487  25.006  -14.202  8.130 0.3750000000
138494  29.284  -14.645  7.281 0.3750000000
139835  31.712  -13.588  8.547 0.1250000000
139847  30.840  -14.267  7.700 0.1250000000
139848  29.768  -14.444  7.103 0.2500000000
139849  28.300  -13.947  7.400 0.3750000000
139851  26.336  -13.703  7.881 0.5000000000
139852  25.404  -13.903  7.944 0.3750000000
141162  23.364  -13.292  8.619 0.1250000000
141172  31.660  -13.630  7.822 0.1250000000
141173  27.423  -13.309  7.528 0.3750000000
141175  26.009  -13.146  7.859 0.5000000000
141176  25.299  -13.331  7.683 0.5000000000
141185  31.505  -13.044  6.622 0.3750000000
141188  29.714  -13.761  6.851 0.2500000000
141190  28.382  -13.152  6.996 0.5000000000
141191  27.722  -12.977  7.105 0.5000000000
141201  30.384  -12.931  6.525 0.5000000000
142472  32.623  -12.353  7.357 0.1250000000
142473  32.277  -12.800  7.793 0.1250000000
142474  26.748  -12.437  7.406 0.5000000000
142475  26.254  -12.653  7.765 0.5000000000
142476  24.534  -12.310  7.478 0.5000000000
142489  27.374  -12.423  7.169 0.5000000000
142500  31.308  -12.645  6.089 0.3750000000
142504  28.617  -11.986  6.834 0.6250000000
143784  33.277  -11.558  8.350 0.1250000000
143799  23.507  -11.436  8.120 0.1250000000
143806  33.460  -11.491  6.646 0.1250000000
143807  32.928  -11.986  6.729 0.1250000000
143810  26.005  -11.707  7.121 0.5000000000
143821  33.104  -11.715  5.926 0.1250000000
143826  29.047  -11.607  6.602 0.6250000000
143828  27.707  -11.330  6.792 0.6250000000
145155  34.040  -11.085  6.632 0.1250000000
145156  26.715  -11.184  6.534 0.6250000000
145159  24.589  -10.764  7.163 0.3750000000
145167  33.624  -11.244  5.976 0.1250000000
145168  32.753  -11.661  5.475 0.2500000000
145170  30.259  -11.091  6.107 0.6250000000
145171  29.117  -10.564  6.347 0.7500000000
145173  27.830  -10.868  6.562 0.6250000000
145174  27.021  -11.026  6.245 0.7500000000
145183  32.866  -10.962  5.424 0.2500000000
145185  31.676  -11.279  5.676 0.2500000000
145186  27.385  -10.752  6.105 0.7500000000
146464  24.844  -9.711  6.837 0.5000000000
146473  34.191  -10.634  5.760 0.1250000000
146474  33.602  -10.191  5.436 0.1250000000
146475  30.630  -10.646  5.934 0.5000000000
146479  27.906  -10.306  6.282 0.7500000000
146491  33.039  -10.239  5.214 0.2500000000
146496  29.428  -9.315  5.937 0.7500000000
147872  34.448  -9.427  5.963 0.1250000000
147884  28.784  -9.570  6.106 0.7500000000
147887  25.335  -9.435  6.649 0.7500000000
147895  32.703  -9.855  5.157 0.1250000000
147899  28.223  -9.374  5.897 0.7500000000
147900  27.753  -9.810  5.895 0.7500000000
147901  26.975  -9.871  5.955 0.7500000000
149218  33.321  -8.525  6.404 0.1250000000
149229  32.343  -8.623  5.679 0.1250000000
149231  25.788  -9.147  6.229 0.7500000000
149241  31.836  -9.124  5.339 0.2500000000
149242  31.179  -8.545  5.276 0.2500000000
149244  30.025  -8.626  5.287 0.6250000000
149248  27.019  -9.390  5.693 0.7500000000
149249  26.203  -8.856  5.815 0.7500000000
150659  32.287  -7.876  6.833 0.1250000000
150684  30.299  -7.907  5.101 0.5000000000
150685  30.170  -8.370  5.030 0.5000000000
150687  28.266  -8.408  5.248 0.7500000000
150688  26.590  -8.616  5.424 0.7500000000
150701  28.446  -7.913  5.058 0.7500000000
152117  33.043  -7.075  7.732 0.1250000000
152131  32.669  -7.485  7.318 0.1250000000
152133  23.225  -7.662  6.606 0.3750000000
152142  31.201  -7.308  5.915 0.2500000000
152144  24.238  -7.648  6.488 0.3750000000
152153  30.704  -7.355  5.444 0.3750000000
152154  30.240  -7.277  5.000 0.3750000000
152163  29.791  -7.449  4.662 0.5000000000
152166  27.288  -7.503  4.666 0.7500000000
152169  25.641  -6.964  5.350 0.7500000000
152177  28.986  -7.112  4.440 0.7500000000
153529  31.723  -6.652  6.945 0.1250000000
153538  23.316  -6.783  6.622 0.1250000000
153548  30.629  -6.869  5.377 0.3750000000
153560  29.961  -6.843  4.669 0.6250000000
153567  29.557  -6.510  4.445 0.6250000000
153568  29.163  -6.718  4.368 0.7500000000
153571  26.903  -6.979  4.663 0.7500000000
153572  26.448  -6.273  4.966 0.8750000000
154903  32.421  -5.910  7.618 0.1250000000
154904  31.895  -5.978  7.178 0.1250000000
154920  30.821  -6.289  5.531 0.2500000000
154921  24.377  -6.276  5.082 0.7500000000
154923  23.731  -6.128  5.987 0.6250000000
154934  24.579  -6.088  4.709 0.8750000000
154943  29.729  -5.947  4.303 0.6250000000
154945  27.770  -5.884  4.218 0.8750000000
154956  28.231  -5.649  3.877 0.7500000000
156230  33.277  -5.123  8.043 0.1250000000
156231  32.844  -5.164  7.914 0.1250000000
156249  32.541  -4.983  7.613 0.1250000000
156264  31.503  -5.598  6.508 0.1250000000
156266  22.436  -5.300  6.422 0.1250000000
156278  22.878  -4.994  5.914 0.5000000000
156284  31.031  -5.123  5.512 0.2500000000
156285  30.715  -5.503  4.878 0.2500000000
156286  24.016  -5.149  5.272 0.7500000000
156294  30.394  -5.190  4.390 0.5000000000
156295  29.946  -5.381  4.105 0.6250000000
156298  25.977  -5.466  4.347 0.8750000000
156299  25.094  -5.314  4.174 0.8750000000
156300  24.912  -5.259  4.074 1.0000000000
156309  29.596  -4.959  3.735 0.7500000000
156310  29.043  -5.032  3.674 0.7500000000
156311  28.394  -5.046  3.700 0.7500000000
156313  26.100  -5.278  3.752 0.8750000000
156315  25.067  -5.071  3.553 1.0000000000
157555  32.944  -4.670  7.931 0.1250000000
157571  31.757  -4.966  6.688 0.1250000000
157572  22.206  -4.901  6.740 0.1250000000
157573  22.056  -4.547  6.890 0.1250000000
157586  31.413  -5.063  6.140 0.1250000000
157598  31.320  -4.635  5.864 0.1250000000
157599  23.570  -5.031  5.763 0.7500000000
157600  22.577  -4.532  5.520 0.7500000000
157601  22.182  -4.492  5.740 0.3750000000
157611  23.833  -4.555  5.462 0.6250000000
157620  30.518  -4.612  4.314 0.5000000000
157622  24.773  -4.841  4.125 1.0000000000
157631  29.786  -4.535  3.443 0.8750000000
157633  27.958  -4.568  3.448 0.8750000000
157634  27.157  -4.831  3.438 0.8750000000
157646  28.496  -4.365  3.010 0.8750000000
157649  25.966  -4.770  3.176 1.0000000000
158931  33.052  -3.506  7.587 0.1250000000
158932  32.634  -3.723  7.443 0.1250000000
158945  31.939  -3.980  6.643 0.1250000000
158947  21.632  -3.548  6.395 0.1250000000
158957  22.074  -3.896  5.729 0.2500000000
158965  31.244  -3.940  5.269 0.2500000000
158977  31.085  -3.753  4.694 0.3750000000
158978  30.737  -4.057  4.223 0.5000000000
158980  23.709  -3.593  4.619 0.8750000000
158989  30.552  -3.718  3.767 0.5000000000
158990  29.958  -4.128  3.398 0.8750000000
158992  24.707  -4.101  4.045 1.0000000000
158993  24.430  -3.406  3.894 1.0000000000
159000  29.025  -4.111  2.954 0.8750000000
159001  28.438  -4.012  2.816 1.0000000000
159005  25.720  -3.971  3.087 1.0000000000
159012  27.258  -3.875  2.326 1.0000000000
160409  33.538  -3.487  7.809 0.1250000000
160433  33.761  -2.952  7.865 0.1250000000
160436  32.347  -3.432  7.133 0.1250000000
160461  32.331  -2.948  7.035 0.1250000000
160463  22.074  -3.185  5.817 0.2500000000
160464  21.757  -3.093  6.234 0.1250000000
160477  31.848  -3.248  6.185 0.1250000000
160486  31.821  -2.868  5.813 0.1250000000
160487  31.558  -3.006  5.238 0.2500000000
160488  22.678  -3.223  5.094 0.2500000000
160495  31.154  -3.146  4.652 0.3750000000
160497  23.371  -3.263  4.637 0.8750000000
160505  30.879  -3.156  4.024 0.5000000000
160507  29.753  -3.170  3.563 0.7500000000
160509  24.868  -3.344  3.536 1.0000000000
160519  27.393  -3.357  2.299 1.0000000000
160521  25.750  -3.310  3.050 1.0000000000
160522  25.274  -2.934  3.358 1.0000000000
160529  27.059  -3.204  2.147 1.0000000000
160530  26.693  -3.046  1.886 1.0000000000
161989  32.806  -2.689  7.296 0.1250000000
162018  32.090  -2.737  6.448 0.1250000000
162019  21.949  -2.677  6.046 0.2500000000
162052  31.437  -2.558  4.858 0.2500000000
162053  22.675  -2.585  5.030 0.3750000000
162066  24.030  -2.781  3.914 1.0000000000
162074  30.673  -2.527  3.957 0.6250000000
162075  30.225  -2.528  3.583 0.6250000000
162076  29.839  -2.535  3.077 0.7500000000
162087  26.139  -3.019  2.521 1.0000000000
162088  25.862  -2.445  2.577 1.0000000000
162089  25.375  -2.383  2.984 1.0000000000
162096  28.091  -2.272  2.249 1.0000000000
162098  26.918  -2.943  1.836 1.0000000000
162099  26.378  -2.825  1.799 1.0000000000
162106  27.300  -2.104  1.597 1.0000000000
163489  31.509  -2.013  5.049 0.3750000000
163490  22.101  -1.733  4.995 0.2500000000
163491  21.921  -2.004  5.381 0.1250000000
163505  31.566  -1.507  5.240 0.5000000000
163506  31.437  -1.513  4.696 0.3750000000
163507  23.820  -2.143  3.945 0.8750000000
163508  23.334  -1.927  4.283 0.8750000000
163509  22.513  -1.989  4.832 0.7500000000
163522  31.188  -1.506  4.074 0.5000000000
163523  30.630  -1.882  3.705 0.6250000000
163526  23.540  -1.517  3.730 0.8750000000
163536  30.503  -1.314  3.044 0.7500000000
163537  29.851  -1.862  2.919 0.7500000000
163538  29.378  -1.777  2.579 0.7500000000
163539  24.889  -1.940  2.893 1.0000000000
163540  24.371  -1.524  2.925 1.0000000000
163549  27.935  -2.003  1.874 1.0000000000
163557  28.723  -1.355  1.955 1.0000000000
163558  28.152  -1.542  1.489 1.0000000000
163560  27.011  -2.087  1.605 1.0000000000
164836  31.804  -1.175  5.647 0.1250000000
164847  22.073  -1.045  5.000 0.3750000000
164849  21.424  -0.764  5.926 0.1250000000
164878  31.182  -0.894  3.782 0.7500000000
164879  30.808  -0.846  3.268 0.7500000000
164880  23.638  -0.890  3.409 1.0000000000
164895  29.284  -1.222  2.396 0.7500000000
164907  25.317  -1.435  2.139 1.0000000000
164908  25.010  -1.063  2.092 1.0000000000
164916  27.740  -1.237  1.212 1.0000000000
166127  32.441  -0.284  6.136 0.1250000000
166145  21.524  -0.359  5.701 0.1250000000
166152  22.120  -0.419  4.681 0.3750000000
166159  31.010  -0.443  3.674 0.7500000000
166160  30.549  -0.465  3.245 0.7500000000
166163  22.781  -0.478  3.909 0.8750000000
166173  30.041  -0.341  2.857 0.8750000000
166185  24.653  -0.119  2.089 1.0000000000
166192  27.952  -0.660  1.711 1.0000000000
167487  33.004  0.298  6.690 0.1250000000
167507  32.061  0.227  5.792 0.1250000000
167527  31.646  0.226  4.860 0.6250000000
167528  31.338  0.586  4.531 0.6250000000
167530  21.278  0.459  5.324 0.2500000000
167540  31.156  0.081  4.100 0.6250000000
167541  30.733  0.640  4.277 0.6250000000
167542  22.438  0.039  4.062 0.8750000000
167553  29.760  0.594  3.657 0.8750000000
167555  22.245  0.658  4.171 0.8750000000
167578  28.884  0.081  2.215 1.0000000000
167581  24.163  0.170  2.506 1.0000000000
167591  27.975  -0.013  1.745 1.0000000000
167593  27.179  0.428  1.553 1.0000000000
167596  25.239  0.270  1.773 1.0000000000
168794  35.554  1.325  7.696 0.1250000000
168795  34.824  0.763  7.777 0.1250000000
168796  34.238  0.955  7.679 0.1250000000
168816  32.499  1.409  6.597 0.2500000000
168835  31.684  1.188  5.625 0.3750000000
168845  21.099  1.241  5.606 0.2500000000
168859  31.199  1.047  4.855 0.6250000000
168863  21.265  0.913  5.183 0.2500000000
168876  21.945  1.193  4.237 0.5000000000
168877  21.504  1.170  4.675 0.2500000000
168889  30.124  0.980  4.108 0.6250000000
168890  29.711  1.338  3.630 0.7500000000
168902  29.393  0.816  3.196 0.8750000000
168903  28.988  1.098  2.892 0.8750000000
168904  28.541  1.544  2.717 1.0000000000
168905  23.315  0.972  3.183 1.0000000000
168915  28.213  1.220  2.373 1.0000000000
168917  24.113  0.851  2.481 1.0000000000
168924  27.605  0.993  1.673 1.0000000000
168927  25.705  0.910  1.563 1.0000000000
170163  34.034  1.394  7.712 0.1250000000
170179  33.820  1.910  7.769 0.1250000000
170182  32.295  1.874  6.707 0.1250000000
170202  31.417  1.680  5.655 0.5000000000
170225  31.082  1.846  5.225 0.6250000000
170226  30.733  2.159  4.877 0.6250000000
170243  30.890  1.509  4.836 0.6250000000
170244  30.498  1.860  4.557 0.6250000000
170245  30.108  2.133  4.318 0.6250000000
170247  21.398  1.773  4.808 0.3750000000
170258  29.394  1.843  3.411 0.8750000000
170260  22.056  1.694  3.888 0.5000000000
170270  23.056  1.526  3.030 1.0000000000
170299  27.377  1.402  1.512 1.0000000000
170302  25.352  1.597  1.538 1.0000000000
170304  24.346  1.962  1.992 1.0000000000
171491  34.911  2.543  7.837 0.1250000000
171504  33.575  2.443  7.813 0.1250000000
171507  31.962  2.242  6.622 0.1250000000
171508  31.548  2.726  6.582 0.1250000000
171554  20.749  3.061  5.595 0.1250000000
171565  30.394  2.633  4.788 0.7500000000
171567  21.797  2.325  4.061 0.3750000000
171578  29.757  2.520  4.087 0.8750000000
171580  29.095  2.803  3.313 0.8750000000
171590  29.047  2.245  3.198 0.8750000000
171592  28.596  2.793  2.468 1.0000000000
171604  28.527  2.315  2.389 1.0000000000
171605  28.269  2.725  2.145 1.0000000000
171606  27.593  2.630  1.857 1.0000000000
171607  24.029  2.420  2.047 1.0000000000
171608  23.487  2.386  2.457 0.8750000000
171609  23.263  2.928  2.433 0.7500000000
171623  27.454  1.943  1.824 1.0000000000
171625  26.444  2.588  1.508 1.0000000000
171626  25.428  2.287  1.710 1.0000000000
172799  35.301  2.892  7.629 0.1250000000
172800  34.592  3.020  7.864 0.1250000000
172809  33.318  2.969  7.862 0.1250000000
172811  32.395  3.412  7.412 0.1250000000
172812  31.666  3.366  7.010 0.1250000000
172813  31.175  3.293  6.455 0.5000000000
172826  30.881  3.225  5.968 0.5000000000
172827  30.587  3.228  5.531 0.6250000000
172853  29.932  3.438  4.858 0.8750000000
172870  30.125  2.993  4.670 0.7500000000
172872  29.193  3.503  4.105 1.0000000000
172874  21.247  3.104  4.902 0.2500000000
172884  29.339  2.939  3.870 1.0000000000
172895  28.218  3.151  2.604 1.0000000000
172896  22.411  3.365  2.910 0.5000000000
172907  27.287  3.204  1.875 1.0000000000
172922  26.140  3.225  1.818 1.0000000000
172924  24.575  2.875  1.420 1.0000000000
172925  23.718  3.374  1.524 1.0000000000
174132  33.715  3.747  8.462 0.1250000000
174139  33.084  3.525  7.925 0.1250000000
174140  32.025  3.843  7.342 0.1250000000
174141  31.442  4.028  7.185 0.1250000000
174142  31.081  3.913  6.484 0.5000000000
174159  30.397  4.255  5.819 0.7500000000
174183  30.258  3.721  5.378 0.6250000000
174184  29.787  3.978  5.047 0.7500000000
174185  29.394  4.324  4.759 0.8750000000
174202  29.016  4.167  4.229 0.8750000000
174204  27.932  4.463  3.376 1.0000000000
174216  28.573  3.685  3.437 1.0000000000
174217  27.658  4.578  2.902 1.0000000000
174218  21.437  4.576  4.128 0.1250000000
174229  27.791  3.571  2.681 1.0000000000
174230  27.504  4.131  2.588 1.0000000000
174241  26.898  3.658  2.011 1.0000000000
174243  22.919  3.913  2.332 0.6250000000
174252  26.423  3.614  1.915 1.0000000000
174253  25.972  3.836  1.583 1.0000000000
174255  24.307  3.593  1.179 1.0000000000
174265  24.237  4.296  0.530 1.0000000000
175555  34.932  4.731  8.416 0.1250000000
175565  32.742  4.889  8.103 0.1250000000
175566  31.590  4.647  7.202 0.5000000000
175568  30.829  4.875  6.608 0.5000000000
175587  29.967  4.740  5.778 0.7500000000
175610  28.963  4.667  4.596 0.8750000000
175611  28.539  4.696  4.161 1.0000000000
175631  27.528  5.045  2.844 1.0000000000
175647  21.779  5.022  3.402 0.2500000000
175655  26.600  4.677  2.004 1.0000000000
175666  25.564  4.820  0.568 1.0000000000
175668  23.474  5.029  1.602 0.8750000000
175677  25.086  4.912  0.206 1.0000000000
175679  24.328  4.999  0.199 1.0000000000
175684  24.756  5.206  -0.043 1.0000000000
177028  34.969  5.011  7.347 0.1250000000
177029  34.414  5.178  7.634 0.1250000000
177038  35.401  5.262  6.796 0.1250000000
177040  32.503  5.225  7.481 0.1250000000
177055  30.605  5.455  6.604 0.6250000000
177056  29.687  5.344  5.896 0.7500000000
177058  28.673  5.311  4.923 1.0000000000
177081  28.581  5.055  4.538 1.0000000000
177082  28.193  5.204  4.048 1.0000000000
177120  27.091  5.346  2.686 1.0000000000
177121  26.557  5.673  2.354 1.0000000000
177123  21.603  5.605  3.114 0.2500000000
177133  25.686  5.673  1.257 1.0000000000
177135  21.977  5.501  2.777 0.5000000000
177141  25.644  5.233  0.822 1.0000000000
177143  23.294  5.800  1.553 0.8750000000
177154  24.595  5.628  -0.235 1.0000000000
177155  24.342  5.702  -0.003 1.0000000000
178501  33.058  6.222  7.405 0.1250000000
178502  32.301  5.959  7.283 0.1250000000
178513  30.917  6.037  6.714 0.6250000000
178514  30.311  6.144  6.469 0.6250000000
178517  28.787  5.565  5.331 0.7500000000
178524  28.323  5.789  5.023 1.0000000000
178535  28.065  5.804  3.838 1.0000000000
178548  27.937  5.766  3.225 1.0000000000
178566  26.969  5.917  2.713 1.0000000000
178594  25.472  6.154  1.260 1.0000000000
178596  22.737  6.062  1.917 0.3750000000
178604  24.347  6.343  0.732 0.7500000000
179924  32.003  6.508  7.126 0.3750000000
179935  28.638  6.185  5.560 0.8750000000
179942  28.482  6.904  5.547 0.8750000000
179943  27.965  6.430  5.220 1.0000000000
179951  27.844  6.978  4.109 1.0000000000
179957  27.399  7.054  3.559 1.0000000000
179958  27.350  6.574  3.220 1.0000000000
181292  31.939  7.120  7.080 0.2500000000
181293  31.422  7.533  6.816 0.5000000000
181301  30.870  7.128  6.588 0.6250000000
181303  29.340  7.734  5.948 0.7500000000
181310  28.445  7.444  5.191 0.8750000000
181316  28.026  7.358  4.591 1.0000000000
181317  27.664  7.404  4.100 1.0000000000
181332  27.053  6.924  2.672 1.0000000000
182602  32.552  8.143  6.939 0.3750000000
182603  31.792  8.263  6.899 0.3750000000
182604  31.200  8.087  6.730 0.5000000000
182613  33.484  8.260  6.341 0.1250000000
182615  29.703  8.252  6.052 0.7500000000
182631  27.790  7.932  4.309 1.0000000000
183982  32.388  8.697  6.721 0.3750000000
183984  31.241  8.631  6.741 0.5000000000
183985  30.783  8.868  6.415 0.5000000000
183986  30.346  9.098  6.194 0.5000000000
183993  33.282  8.817  6.155 0.2500000000
183994  32.746  9.008  6.336 0.2500000000
183995  29.464  8.753  5.952 0.6250000000
184011  27.672  8.824  3.859 1.0000000000
184035  24.416  9.401  -0.516 0.7500000000
184049  24.527  8.949  -0.421 0.8750000000
185277  31.252  9.202  6.658 0.3750000000
185286  32.407  9.465  6.195 0.2500000000
185287  32.015  9.922  6.103 0.3750000000
185288  30.336  9.665  6.144 0.5000000000
185289  29.793  9.314  6.020 0.6250000000
185290  29.335  9.184  5.756 0.8750000000
185295  33.847  9.281  5.060 0.1250000000
185302  33.522  9.726  4.695 0.2500000000
185303  28.433  9.424  4.590 0.8750000000
185304  28.184  9.572  4.301 1.0000000000
185317  33.981  9.664  3.108 0.1250000000
185318  27.475  9.698  3.392 1.0000000000
185332  25.169  9.442  0.408 1.0000000000
185333  24.456  9.981  -0.382 0.8750000000
185367  32.993  9.320  -0.557 0.1250000000
186598  32.233  10.243  5.786 0.3750000000
186599  31.050  10.371  5.989 0.5000000000
186600  30.446  10.199  5.998 0.5000000000
186602  29.401  9.709  5.757 0.8750000000
186605  33.167  10.102  5.070 0.2500000000
186606  32.694  10.353  5.442 0.3750000000
186609  28.764  9.638  4.886 0.8750000000
186615  28.061  10.007  4.151 1.0000000000
186622  33.550  10.346  3.489 0.1250000000
186627  33.755  10.194  2.935 0.1250000000
186656  33.429  9.928  0.242 0.1250000000
187939  31.211  10.883  5.738 0.5000000000
187941  30.040  10.517  5.687 0.7500000000
187947  32.450  10.896  5.224 0.3750000000
187950  29.239  10.463  5.042 0.8750000000
187951  28.825  10.184  4.756 0.8750000000
187957  32.619  11.191  4.833 0.5000000000
187958  28.871  10.816  4.572 0.8750000000
187960  27.911  10.552  3.990 1.0000000000
187965  33.179  10.813  4.193 0.2500000000
187971  33.308  10.806  3.609 0.1250000000
187972  27.390  10.683  2.550 1.0000000000
187974  26.141  10.903  1.116 1.0000000000
187978  33.564  10.575  2.479 0.1250000000
187987  33.435  10.810  2.002 0.1250000000
187996  33.305  10.948  0.413 0.1250000000
188001  33.329  10.524  0.016 0.1250000000
188011  32.999  10.809  -1.266 0.1250000000
189143  30.823  11.266  5.516 0.5000000000
189152  31.708  11.623  5.247 0.5000000000
189153  31.136  11.723  5.275 0.5000000000
189154  30.547  11.724  5.122 0.7500000000
189155  30.059  11.516  4.917 0.7500000000
189156  29.709  11.191  4.893 0.7500000000
189162  32.543  11.670  4.666 0.5000000000
189163  32.103  12.004  4.963 0.5000000000
189166  28.627  11.487  4.352 0.8750000000
189170  33.100  11.305  3.835 0.1250000000
189172  28.047  11.586  3.996 0.8750000000
189186  33.268  11.772  2.266 0.1250000000
189193  33.213  11.310  1.344 0.1250000000
189201  33.241  11.519  0.184 0.1250000000
190458  30.946  12.248  5.048 0.7500000000
190459  30.113  11.982  4.755 0.7500000000
190467  31.822  12.454  4.624 0.5000000000
190468  31.244  12.681  4.798 0.5000000000
190469  30.174  12.575  4.730 0.7500000000
190477  33.045  11.879  3.456 0.1250000000
190478  32.594  12.296  3.798 0.1250000000
190482  22.663  12.511  4.055 0.1250000000
190485  33.051  12.165  2.992 0.1250000000
190495  24.709  12.345  0.250 0.7500000000
190500  33.351  12.462  2.008 0.1250000000
190506  33.250  12.326  0.812 0.1250000000
190509  33.202  12.205  0.180 0.1250000000
190514  33.136  11.968  -0.739 0.1250000000
190515  32.876  12.522  -1.283 0.1250000000
190519  33.053  11.966  -1.367 0.1250000000
191740  30.914  13.182  4.389 0.7500000000
191741  30.343  13.051  4.479 0.6250000000
191742  29.817  12.856  4.369 0.7500000000
191743  29.208  12.720  4.285 0.8750000000
191749  32.333  12.739  3.495 0.3750000000
191750  31.826  13.032  3.658 0.3750000000
191752  29.514  13.149  4.021 0.7500000000
191753  29.009  13.025  3.862 0.7500000000
191754  28.630  12.888  3.601 0.7500000000
191758  32.945  12.524  2.853 0.3750000000
191761  28.299  12.884  3.110 0.8750000000
191762  27.627  12.762  2.651 0.8750000000
191767  33.008  12.819  2.461 0.3750000000
191775  33.251  12.908  1.544 0.1250000000
191784  33.078  12.885  0.446 0.1250000000
191785  32.906  13.180  -0.070 0.1250000000
191798  32.671  13.034  -1.095 0.1250000000
191804  32.628  12.900  -1.740 0.1250000000
191809  32.517  12.913  -2.463 0.1250000000
191812  32.342  12.870  -3.144 0.1250000000
192944  24.544  13.232  4.313 0.1250000000
192946  30.730  13.670  3.921 0.6250000000
192947  30.166  13.762  3.902 0.6250000000
192952  32.123  13.298  2.825 0.3750000000
192953  31.663  13.500  3.214 0.3750000000
192954  31.061  13.838  3.390 0.3750000000
192956  28.765  13.824  3.141 0.7500000000
192962  32.248  13.502  2.376 0.2500000000
192969  32.936  13.343  1.661 0.1250000000
192970  32.463  13.698  1.919 0.3750000000
192974  32.553  13.802  1.340 0.1250000000
192982  32.678  13.624  -0.287 0.1250000000
192988  32.611  13.620  -0.873 0.1250000000
193008  32.407  13.479  -2.741 0.1250000000
194152  29.243  13.788  3.492 0.7500000000
194157  30.180  14.621  3.141 0.6250000000
194159  28.588  14.384  2.936 0.7500000000
194164  32.121  14.071  2.231 0.3750000000
194167  28.005  14.413  2.659 0.7500000000
194168  27.424  14.285  2.139 0.8750000000
194169  26.763  14.257  1.770 0.7500000000
194171  25.566  13.992  0.846 0.5000000000
194172  24.206  14.172  1.639 0.2500000000
194177  32.200  14.781  1.425 0.2500000000
194183  32.475  14.354  1.092 0.2500000000
194187  32.580  14.176  0.091 0.1250000000
194192  32.189  14.525  -0.847 0.1250000000
194204  31.967  14.436  -2.162 0.1250000000
194211  32.332  14.016  -2.437 0.1250000000
194212  32.079  14.427  -2.779 0.1250000000
194221  32.008  14.169  -3.458 0.1250000000
194227  31.799  14.099  -4.177 0.1250000000
194232  31.348  14.149  -4.912 0.1250000000
195416  29.543  14.666  2.986 0.7500000000
195418  28.430  15.030  2.843 0.7500000000
195421  31.507  14.898  2.212 0.3750000000
195422  30.865  15.007  2.344 0.3750000000
195433  30.615  15.330  2.135 0.6250000000
195434  27.195  15.248  1.850 0.7500000000
195438  24.741  15.062  1.743 0.3750000000
195442  31.911  15.193  1.047 0.3750000000
195443  31.417  15.496  1.306 0.3750000000
195453  32.302  14.636  -0.349 0.2500000000
195454  31.983  15.065  -0.152 0.2500000000
195458  31.778  14.913  -0.766 0.1250000000
195467  31.751  14.928  -2.485 0.1250000000
195468  31.418  15.438  -2.182 0.1250000000
195484  31.504  15.308  -3.522 0.1250000000
195502  30.915  14.860  -5.443 0.1250000000
196631  29.304  15.310  2.907 0.7500000000
196637  30.234  15.615  2.176 0.6250000000
196639  29.226  15.714  2.603 0.7500000000
196641  27.823  15.370  2.048 0.7500000000
196646  30.992  15.709  1.507 0.3750000000
196647  30.647  15.671  1.822 0.6250000000
196652  26.998  15.765  1.506 0.7500000000
196657  30.645  16.105  1.440 0.6250000000
196661  31.258  15.786  -0.038 0.2500000000
196664  31.534  15.371  -0.450 0.1250000000
196673  31.253  15.737  -1.800 0.2500000000
196681  31.214  15.776  -3.262 0.1250000000
196692  31.001  15.544  -4.411 0.1250000000
196693  30.780  15.937  -4.652 0.1250000000
196699  30.625  15.894  -5.255 0.1250000000
196704  30.530  15.808  -6.018 0.1250000000
197855  30.114  16.340  1.591 0.3750000000
197859  27.381  16.278  1.470 0.7500000000
197860  26.826  16.197  1.099 0.6250000000
197863  30.773  16.241  0.825 0.3750000000
197865  29.937  16.693  1.252 0.3750000000
197876  30.961  16.221  -0.461 0.3750000000
197877  30.573  16.596  -0.178 0.3750000000
197885  31.031  16.187  -1.759 0.2500000000
197886  30.699  16.644  -1.445 0.3750000000
197896  31.008  16.266  -3.010 0.1250000000
197897  30.815  16.769  -2.727 0.1250000000
197909  30.927  15.947  -4.172 0.1250000000
197910  30.689  16.313  -4.270 0.1250000000
197922  30.468  16.429  -5.581 0.1250000000
197927  29.704  16.522  -6.688 0.1250000000
197935  29.244  15.844  -7.087 0.1250000000
199123  28.954  16.947  1.327 0.7500000000
199124  28.248  16.909  1.302 0.6250000000
199125  27.723  16.626  1.275 0.7500000000
199130  30.015  16.964  0.758 0.3750000000
199131  29.541  16.974  1.098 0.7500000000
199132  28.678  17.321  0.949 0.3750000000
199134  27.195  17.049  0.794 0.7500000000
199135  23.799  16.568  0.843 0.2500000000
199144  29.881  17.297  -0.212 0.3750000000
199152  30.415  17.145  -1.734 0.3750000000
199155  30.435  17.270  -2.411 0.2500000000
199164  30.362  16.985  -3.708 0.1250000000
199171  30.309  16.790  -4.379 0.1250000000
199185  29.398  17.406  -5.918 0.1250000000
199190  29.903  16.967  -6.141 0.1250000000
199191  29.367  17.028  -6.551 0.1250000000
200332  23.997  17.259  0.949 0.2500000000
200338  29.530  17.411  0.658 0.7500000000
200340  28.529  17.769  0.599 0.6250000000
200343  26.208  17.345  0.434 0.6250000000
200345  23.000  17.481  0.697 0.1250000000
200349  29.195  17.917  -0.080 0.3750000000
200350  28.850  17.934  0.305 0.3750000000
200351  26.489  17.989  0.352 0.3750000000
200356  22.733  17.007  -0.364 0.2500000000
200357  21.284  17.522  -1.682 0.2500000000
200361  29.578  17.721  -0.458 0.3750000000
200364  23.215  16.662  -0.986 0.2500000000
200367  21.246  17.584  -2.635 0.1250000000
200370  30.040  17.496  -1.399 0.3750000000
200371  29.619  17.810  -1.081 0.3750000000
200373  22.702  16.711  -2.537 0.2500000000
200374  21.905  17.120  -2.827 0.2500000000
200375  21.600  17.917  -3.044 0.1250000000
200378  30.166  17.669  -1.951 0.3750000000
200380  29.355  18.207  -1.937 0.3750000000
200385  29.772  17.945  -2.700 0.3750000000
200388  30.108  17.471  -3.484 0.1250000000
200391  29.673  17.740  -3.813 0.3750000000
200392  29.239  18.008  -4.084 0.2500000000
200396  29.480  17.656  -4.993 0.1250000000
200404  29.122  18.066  -5.221 0.1250000000
201496  27.095  18.288  0.393 0.6250000000
201503  25.704  18.175  -0.000 0.5000000000
201504  25.154  17.702  -0.137 0.5000000000
201510  28.716  18.260  -0.187 0.3750000000
201513  23.631  16.767  -1.643 0.2500000000
201514  20.821  18.241  -2.036 0.1250000000
201516  28.945  18.463  -1.201 0.3750000000
201523  22.491  18.061  -2.889 0.2500000000
201524  21.842  18.757  -3.134 0.1250000000
201528  29.113  18.618  -2.213 0.3750000000
201531  29.448  18.252  -3.025 0.3750000000
201532  29.189  18.674  -2.782 0.2500000000
201535  29.361  18.115  -3.563 0.2500000000
201538  28.914  18.383  -4.288 0.2500000000
201542  28.819  18.510  -4.888 0.1250000000
201549  28.419  18.395  -5.749 0.1250000000
201550  27.914  18.661  -5.502 0.1250000000
201555  27.951  18.538  -6.066 0.1250000000
202593  26.732  19.029  -0.055 0.3750000000
202594  26.137  18.714  0.095 0.5000000000
202600  28.107  18.929  -0.664 0.3750000000
202608  28.691  18.847  -1.392 0.3750000000
202611  24.503  18.809  -1.040 0.3750000000
202613  21.248  19.006  -3.133 0.1250000000
202617  28.809  18.988  -1.930 0.3750000000
202618  28.487  19.358  -1.628 0.3750000000
202619  23.115  18.696  -2.186 0.2500000000
202628  28.961  19.126  -3.096 0.2500000000
202632  28.863  18.755  -3.919 0.2500000000
202633  28.544  19.283  -4.036 0.2500000000
202640  28.415  18.837  -4.821 0.1250000000
202641  28.027  18.931  -5.041 0.1250000000
202642  27.668  19.147  -5.334 0.1250000000
202648  27.251  19.367  -6.121 0.1250000000
202658  26.792  19.025  -7.044 0.1250000000
203825  25.825  19.140  -0.017 0.5000000000
203837  27.376  19.499  -0.638 0.3750000000
203839  26.234  19.733  -0.188 0.5000000000
203847  27.669  19.853  -1.043 0.3750000000
203848  27.174  20.065  -0.770 0.3750000000
203849  24.814  19.419  -0.836 0.3750000000
203854  28.267  19.941  -1.914 0.3750000000
203855  27.856  20.047  -1.487 0.3750000000
203857  22.755  19.769  -1.896 0.1250000000
203860  28.734  19.596  -2.835 0.2500000000
203864  28.392  19.988  -3.178 0.2500000000
203871  28.099  19.699  -4.370 0.1250000000
205175  25.377  20.237  -0.672 0.3750000000
205190  26.935  20.547  -1.011 0.3750000000
205191  26.395  20.665  -0.893 0.3750000000
205192  25.822  20.704  -0.924 0.2500000000
205193  24.177  20.385  -1.267 0.2500000000
205201  27.735  20.450  -1.914 0.2500000000
205208  28.159  20.367  -2.370 0.2500000000
205209  27.884  20.806  -2.549 0.1250000000
206396  26.712  20.995  -1.295 0.2500000000
206399  25.072  21.085  -1.316 0.2500000000
206416  25.998  21.470  -1.612 0.2500000000
264921  24.742  8.685  0.251 1.0000000000
264924  22.209  9.910  2.140 0.1250000000
264928  23.377  8.288  0.456 0.3750000000
264956  26.132  15.856  0.889 0.7500000000
264958  24.051  16.543  2.432 0.1250000000
264959  25.576  15.927  0.334 0.7500000000
264960  23.717  15.828  1.331 0.1250000000
264963  24.681  15.808  -0.305 0.2500000000
264978  27.606  18.880  -6.402 0.1250000000
265155  25.739  15.184  1.078 0.7500000000
265180  27.315  6.980  1.369 1.0000000000
265186  27.680  18.201  -7.359 0.1250000000
265197  24.071  16.095  2.828 0.1250000000
265203  27.103  7.917  3.398 1.0000000000
265245  28.252  17.444  -6.995 0.1250000000
265281  24.417  15.278  1.315 0.1250000000
265325  28.516  17.698  -6.685 0.1250000000
265374  28.541  18.212  -6.435 0.1250000000
265387  27.283  7.047  1.693 1.0000000000
265460  23.399  7.817  0.905 0.3750000000
265463  24.757  6.251  0.776 1.0000000000
265905  32.190  4.908  7.356 0.1250000000
265983  26.983  -11.893  7.161 0.5000000000
266338  34.002  4.397  8.042 0.1250000000
266539  33.716  4.843  8.039 0.1250000000
266736  29.848  7.268  6.211 0.6250000000
267834  26.296  16.384  0.825 0.6250000000
269841  27.395  -1.598  1.138 1.0000000000
269870  32.719  0.826  6.627 0.1250000000
270192  25.011  -11.239  7.226 0.5000000000
271281  30.015  7.833  6.171 0.6250000000
271598  26.547  -2.500  1.640 1.0000000000
272458  31.119  -9.110  5.075 0.2500000000
272695  30.604  16.585  -3.877 0.1250000000
272927  28.754  -3.391  2.926 1.0000000000
273139  33.187  10.786  -0.586 0.1250000000
273432  31.211  2.117  5.650 0.5000000000
273850  31.847  0.742  5.571 0.3750000000
274203  28.327  -2.715  2.654 1.0000000000
274257  23.803  -0.259  3.061 1.0000000000
274685  28.858  -8.513  5.555 0.7500000000
274950  31.097  15.949  0.541 0.3750000000
275002  30.090  17.720  -2.415 0.3750000000
275724  29.537  17.643  -4.390 0.1250000000
275827  27.791  6.200  3.476 1.0000000000
276558  30.165  5.200  6.158 0.6250000000
276567  26.551  -5.678  4.768 0.8750000000
276653  24.774  -0.624  2.240 1.0000000000
276843  26.933  -1.460  1.544 1.0000000000
278315  21.305  -1.109  5.990 0.1250000000
278404  20.732  3.138  5.660 0.1250000000
279245  30.811  14.345  3.070 0.6250000000
279278  28.730  -7.466  4.799 0.7500000000
279456  26.781  -4.557  2.941 0.8750000000
280067  28.871  -11.068  6.506 0.6250000000
280897  27.518  0.006  1.720 1.0000000000
281914  31.825  -0.117  5.290 0.5000000000
283140  25.858  -0.734  1.527 1.0000000000
283217  23.590  4.397  1.575 0.8750000000
284019  27.751  -13.912  7.790 0.3750000000
284276  32.123  -4.918  7.194 0.1250000000
284618  21.904  -0.458  5.280 0.1250000000
284747  30.710  3.756  5.944 0.5000000000
285206  33.250  11.253  1.899 0.1250000000
285430  29.708  17.891  -1.663 0.3750000000
285619  31.707  10.445  5.879 0.5000000000
285768  26.647  -0.812  1.732 1.0000000000
287499  30.683  -9.560  5.345 0.5000000000
287731  30.240  16.951  -0.523 0.3750000000
288091  25.098  2.832  1.672 1.0000000000
288279  25.520  -5.296  3.830 0.8750000000
288450  29.311  6.374  5.868 0.6250000000
288793  27.144  -7.923  4.882 0.7500000000
291123  31.662  15.068  -1.285 0.1250000000
291178  28.758  2.067  2.851 0.8750000000
292168  27.050  1.804  1.427 1.0000000000
292251  21.514  4.004  4.441 0.2500000000
292264  28.724  15.743  2.591 0.7500000000
292730  31.739  14.405  2.489 0.3750000000
293872  33.507  1.433  7.570 0.1250000000
293919  33.350  11.841  1.107 0.1250000000
294143  33.120  12.262  -0.353 0.1250000000
294425  33.219  11.876  -0.234 0.1250000000
295118  27.895  8.496  4.139 1.0000000000
295484  33.954  9.793  2.665 0.1250000000
296141  25.776  2.771  1.746 1.0000000000
296197  27.825  -14.588  7.894 0.3750000000
296361  32.554  14.450  0.620 0.1250000000
297043  31.325  -6.700  6.389 0.1250000000
297104  34.236  3.572  7.944 0.1250000000
298786  31.156  15.876  -2.153 0.1250000000
298989  21.510  0.035  5.285 0.2500000000
299376  25.693  4.363  1.108 1.0000000000
299611  29.254  17.721  0.370 0.3750000000
299637  31.627  14.705  -3.806 0.1250000000
299933  32.081  14.475  -1.656 0.1250000000
300510  25.906  7.109  1.664 1.0000000000
300511  26.710  7.277  1.684 1.0000000000
300524  23.319  8.917  0.722 0.3750000000
300528  24.937  8.219  0.675 1.0000000000
300585  25.261  15.138  -0.711 0.6250000000
300615  24.946  15.417  -1.052 0.5000000000
300619  26.393  15.667  1.150 0.6250000000
300667  27.358  7.217  1.605 1.0000000000
300669  23.795  15.844  2.156 0.1250000000
300698  23.919  6.936  0.321 0.6250000000
300936  23.879  7.638  0.319 1.0000000000
301620  27.516  -7.806  4.795 0.7500000000
302007  32.586  -5.431  7.736 0.1250000000
302352  29.537  4.915  5.475 0.7500000000
302766  26.170  18.240  0.166 0.3750000000
303003  32.937  9.834  5.497 0.2500000000
303090  23.982  16.047  -0.791 0.2500000000
303226  32.542  13.157  2.565 0.2500000000
303621  25.630  -12.113  7.345 0.5000000000
303718  23.947  -8.508  6.884 0.2500000000
303819  23.637  16.050  1.719 0.1250000000
304476  29.877  15.031  2.831 0.7500000000
304669  22.989  -3.413  4.911 0.2500000000
304684  24.797  17.595  -0.540 0.3750000000
305260  30.965  -12.085  6.037 0.5000000000
305382  31.264  -13.851  7.622 0.2500000000
305557  32.244  9.132  6.516 0.2500000000
305616  21.971  17.215  -0.940 0.2500000000
305941  23.841  14.858  3.179 0.1250000000
306015  23.503  -6.472  6.341 0.2500000000
306142  27.663  19.043  -0.289 0.3750000000
306365  23.715  11.816  4.479 0.1250000000
307301  27.381  -14.875  8.086 0.1250000000
307594  27.659  -8.690  5.316 0.7500000000
308152  27.091  -8.927  5.430 0.7500000000
308305  30.208  -6.462  4.843 0.6250000000
308326  24.389  6.430  0.683 0.8750000000
308952  22.779  -1.684  4.442 0.8750000000
309029  33.342  10.932  1.555 0.1250000000
309095  27.495  17.977  0.511 0.7500000000
309127  23.247  17.413  -2.396 0.2500000000
309447  31.606  14.000  -4.656 0.1250000000
309579  28.217  4.013  3.332 1.0000000000
309582  31.222  9.621  6.400 0.5000000000
309689  27.902  12.008  3.734 0.7500000000
309910  31.648  15.386  0.074 0.3750000000
310116  26.999  -4.151  2.634 1.0000000000
310138  33.014  10.759  4.879 0.2500000000
310824  27.183  19.255  -0.195 0.3750000000
311381  28.147  7.000  5.030 1.0000000000
311799  30.410  8.632  6.274 0.6250000000
311802  24.936  19.928  -0.805 0.2500000000
313146  31.817  -0.649  5.283 0.2500000000
313266  26.911  -4.752  3.089 0.8750000000
313471  30.451  7.944  6.382 0.6250000000
313664  26.131  -2.615  2.179 1.0000000000
314206  32.333  6.911  7.154 0.2500000000
314215  23.598  -11.909  8.174 0.1250000000
314424  30.228  14.919  2.853 0.6250000000
314884  21.632  -1.717  5.592 0.1250000000
316956  22.222  -0.184  4.340 0.7500000000
317280  22.464  3.814  2.622 0.5000000000
317331  24.103  -12.271  7.678 0.1250000000
317645  30.863  -8.787  5.051 0.5000000000
317871  30.845  2.836  5.605 0.6250000000
318044  31.787  5.794  7.857 0.1250000000
318387  25.610  -4.524  3.136 1.0000000000
318956  31.657  -5.775  6.879 0.1250000000
319430  25.704  -0.197  1.660 1.0000000000
319699  33.024  12.261  -1.036 0.1250000000
319913  26.057  4.276  1.490 1.0000000000
320103  23.890  12.831  4.080 0.1250000000
