#!ascii label  , from subject sub-v2s5x29550_ses-1 vox2ras=TkReg
1755
158249  -18.058  -21.711  8.574 0.5555555820
159602  -18.338  -21.243  7.852 0.6666666865
162147  -18.565  -20.090  7.511 0.7777777910
306769  -19.111  -19.998  7.348 0.7777777910
164464  -18.867  -18.415  6.945 0.8888888955
164467  -20.565  -18.489  6.173 0.8888888955
158239  -17.660  -21.766  9.440 0.5555555820
160855  -17.739  -21.095  8.900 0.5555555820
162131  -17.870  -20.261  8.184 0.6666666865
285314  -17.794  -19.781  7.915 0.8888888955
162162  -19.447  -19.695  7.044 0.8888888955
164465  -19.461  -18.414  6.627 0.8888888955
165742  -19.578  -17.648  5.784 1.0000000000
165743  -20.824  -17.743  6.080 0.8888888955
168415  -21.404  -16.676  5.516 1.0000000000
162113  -17.441  -19.890  9.071 0.7777777910
165712  -17.676  -18.160  8.073 1.0000000000
167020  -17.445  -17.149  7.579 1.0000000000
165730  -18.114  -17.580  6.962 1.0000000000
168400  -18.769  -16.286  6.116 1.0000000000
167031  -17.874  -17.120  7.151 1.0000000000
280709  -19.167  -16.204  5.921 1.0000000000
169733  -18.093  -15.818  6.659 1.0000000000
169744  -18.900  -15.752  5.928 1.0000000000
289368  -19.779  -15.371  5.754 1.0000000000
169754  -21.315  -15.591  5.479 1.0000000000
171051  -19.211  -15.166  5.799 1.0000000000
171052  -19.782  -14.886  5.600 1.0000000000
171064  -21.920  -14.890  4.947 1.0000000000
173575  -21.535  -13.391  5.265 1.0000000000
173576  -21.836  -13.479  5.006 0.7777777910
168362  -17.120  -16.440  8.116 0.8888888955
271904  -17.664  -16.662  7.308 1.0000000000
171050  -18.679  -15.224  6.123 1.0000000000
318576  -17.381  -15.343  7.308 1.0000000000
172322  -18.496  -14.692  6.407 1.0000000000
173560  -19.322  -13.944  5.450 1.0000000000
173573  -19.951  -13.749  5.293 1.0000000000
174838  -20.629  -12.723  5.143 1.0000000000
174840  -21.804  -12.769  5.226 1.0000000000
174852  -22.273  -12.989  4.124 0.8888888955
174851  -21.987  -12.388  4.721 1.0000000000
176094  -22.789  -12.270  3.680 0.7777777910
176095  -23.450  -12.355  3.608 0.7777777910
172261  -16.134  -14.665  8.258 0.5555555820
174810  -16.478  -12.676  7.007 0.7777777910
173543  -16.924  -13.693  6.946 0.8888888955
173557  -18.024  -13.233  6.218 1.0000000000
287383  -18.402  -13.742  6.011 1.0000000000
174812  -17.458  -12.873  6.274 0.8888888955
174835  -18.628  -12.641  5.498 1.0000000000
174836  -19.269  -12.679  5.318 1.0000000000
177323  -20.977  -11.759  4.622 1.0000000000
176085  -21.807  -11.806  4.865 0.8888888955
177335  -21.268  -11.437  4.558 1.0000000000
177343  -22.101  -11.283  4.227 0.8888888955
295194  -24.073  -10.825  3.047 0.7777777910
177357  -24.671  -11.269  3.105 0.6666666865
178588  -24.752  -10.593  2.983 0.6666666865
175992  -14.707  -12.248  8.913 0.4444444478
174780  -15.908  -12.960  7.441 0.7777777910
177252  -15.531  -11.573  7.439 0.6666666865
178546  -17.510  -10.969  6.091 0.7777777910
177305  -17.752  -11.437  5.985 0.8888888955
177306  -18.254  -11.509  5.830 0.8888888955
176073  -19.714  -12.182  5.268 1.0000000000
178561  -19.383  -10.728  5.009 1.0000000000
178562  -19.977  -10.778  4.807 1.0000000000
283262  -21.169  -10.852  4.337 1.0000000000
315131  -21.525  -10.333  3.916 0.8888888955
178586  -22.771  -10.442  3.451 0.7777777910
179813  -23.780  -10.240  2.949 0.7777777910
296589  -26.000  -10.624  2.790 0.5555555820
181001  -24.023  -9.719  2.784 0.7777777910
181002  -25.381  -9.629  2.718 0.6666666865
180899  -16.202  -9.762  7.234 0.6666666865
179711  -15.920  -10.327  7.515 0.6666666865
299708  -17.308  -10.524  6.253 0.7777777910
180914  -16.730  -9.675  6.265 0.7777777910
179767  -18.020  -10.320  5.508 0.8888888955
179787  -18.471  -10.178  5.280 0.8888888955
287426  -18.622  -9.700  5.177 1.0000000000
179796  -19.406  -9.741  4.635 1.0000000000
180981  -20.038  -9.734  4.359 1.0000000000
179798  -20.599  -10.256  4.233 0.8888888955
180990  -21.889  -9.550  3.482 0.8888888955
180991  -23.022  -9.256  3.033 0.8888888955
317476  -23.626  -9.922  2.892 0.7777777910
182153  -21.998  -8.884  3.431 0.8888888955
182154  -22.636  -8.768  3.194 0.7777777910
182156  -23.886  -8.536  3.825 0.7777777910
182165  -25.212  -9.074  2.955 0.7777777910
181003  -25.909  -9.106  3.104 0.6666666865
182060  -16.400  -8.774  6.962 0.6666666865
299223  -15.737  -9.770  7.801 0.5555555820
300012  -16.729  -9.180  6.570 0.7777777910
182107  -17.585  -8.691  5.976 0.8888888955
180969  -18.391  -9.149  5.134 0.8888888955
182142  -18.768  -8.426  4.729 1.0000000000
316858  -18.987  -9.184  4.500 1.0000000000
182151  -20.675  -8.692  3.746 1.0000000000
180988  -20.949  -9.285  3.824 0.8888888955
183391  -24.181  -8.292  3.744 0.7777777910
184700  -24.960  -7.801  3.009 0.7777777910
183399  -25.955  -8.293  2.994 0.6666666865
183409  -27.023  -7.838  2.485 0.5555555820
182168  -27.224  -8.624  3.004 0.5555555820
183311  -16.359  -8.257  6.781 0.7777777910
184619  -16.551  -7.386  6.593 0.6666666865
183338  -17.274  -8.031  6.141 0.8888888955
183366  -18.630  -7.981  4.953 1.0000000000
183380  -19.439  -8.048  4.241 1.0000000000
291791  -21.280  -7.713  3.424 0.8888888955
183387  -21.609  -8.280  3.330 0.8888888955
184697  -22.792  -7.543  3.175 0.8888888955
183388  -22.216  -8.276  3.182 0.8888888955
184708  -24.518  -7.303  2.762 0.7777777910
186079  -25.797  -6.937  2.058 0.7777777910
184716  -25.698  -7.768  2.565 0.7777777910
184718  -27.009  -7.391  2.250 0.5555555820
186078  -24.898  -6.468  2.101 0.7777777910
186080  -26.610  -6.739  1.792 0.5555555820
184719  -27.517  -7.028  2.021 0.5555555820
187404  -26.898  -6.341  1.356 0.6666666865
187301  -16.337  -5.922  7.007 0.4444444478
185969  -16.544  -6.848  6.776 0.5555555820
187324  -17.659  -6.249  5.627 0.7777777910
184670  -18.319  -7.444  5.149 1.0000000000
185993  -17.629  -6.938  5.799 0.8888888955
186043  -19.060  -6.846  4.659 1.0000000000
294610  -20.390  -7.032  3.745 0.8888888955
186055  -21.161  -6.670  3.381 0.8888888955
283628  -21.516  -7.211  3.235 0.8888888955
186058  -22.814  -6.941  3.146 0.8888888955
317783  -23.716  -6.968  2.726 0.8888888955
275167  -25.496  -6.419  1.880 0.6666666865
187405  -27.549  -6.323  1.233 0.5555555820
189776  -18.459  -4.246  5.233 0.6666666865
188572  -17.875  -4.803  5.835 0.6666666865
188620  -19.260  -5.055  4.713 0.7777777910
187382  -20.465  -6.130  3.767 0.8888888955
187373  -20.099  -5.778  4.078 0.7777777910
187383  -20.842  -6.148  3.485 0.7777777910
187392  -22.212  -5.666  3.067 0.7777777910
186057  -22.328  -6.579  3.159 0.8888888955
187402  -23.617  -5.891  2.182 0.7777777910
187394  -23.234  -6.144  2.629 0.7777777910
186086  -24.503  -6.092  2.014 0.6666666865
189841  -24.899  -4.356  1.753 0.6666666865
189833  -26.056  -4.956  0.926 0.6666666865
310674  -25.806  -5.354  1.209 0.6666666865
188663  -25.824  -5.863  1.439 0.5555555820
278720  -26.321  -3.703  0.956 0.6666666865
191148  -26.695  -4.268  1.150 0.5555555820
191150  -28.049  -4.030  1.301 0.5555555820
188665  -27.646  -5.649  1.326 0.4444444478
284619  -27.822  -3.668  1.063 0.5555555820
193605  -18.946  -1.700  4.831 0.3333333433
193604  -18.508  -1.877  5.532 0.3333333433
191095  -19.462  -3.535  4.375 0.5555555820
319102  -19.371  -4.074  4.593 0.6666666865
311951  -20.049  -3.108  3.847 0.5555555820
189798  -19.825  -4.375  4.269 0.7777777910
188649  -21.223  -5.006  3.097 0.7777777910
189830  -22.393  -4.297  2.293 0.6666666865
188650  -21.906  -5.039  2.881 0.6666666865
188657  -22.340  -4.770  2.551 0.6666666865
278871  -23.659  -4.810  1.813 0.6666666865
191146  -25.292  -3.809  1.752 0.6666666865
192462  -25.855  -3.265  0.878 0.6666666865
192471  -26.570  -3.111  0.893 0.6666666865
192464  -27.803  -3.173  0.889 0.5555555820
193690  -28.188  -2.253  1.324 0.5555555820
193689  -27.798  -2.349  0.844 0.6666666865
193643  -19.681  -1.584  3.902 0.4444444478
194744  -19.148  -1.336  4.569 0.4444444478
193626  -19.196  -2.073  4.365 0.4444444478
193658  -20.917  -1.767  3.066 0.5555555820
192428  -20.332  -2.862  3.492 0.5555555820
191134  -21.544  -3.420  2.649 0.6666666865
191124  -21.308  -3.893  2.963 0.6666666865
191136  -22.369  -3.717  2.065 0.6666666865
296767  -23.560  -4.185  1.847 0.6666666865
191145  -24.762  -3.754  1.772 0.6666666865
193680  -26.035  -2.661  0.873 0.6666666865
195915  -27.331  -1.168  0.326 0.6666666865
293352  -27.662  -0.761  0.566 0.5555555820
194835  -27.933  -1.693  1.019 0.6666666865
193668  -21.444  -1.881  2.770 0.4444444478
299946  -23.052  -2.731  2.490 0.6666666865
192441  -22.887  -3.117  2.128 0.6666666865
192450  -23.865  -2.980  1.969 0.6666666865
191138  -23.694  -3.541  1.691 0.6666666865
195914  -26.817  -1.442  -0.002 0.6666666865
163255  -18.271  -19.045  7.364 0.8888888955
163247  -17.603  -19.367  8.212 1.0000000000
310604  -17.938  -18.170  6.959 1.0000000000
291149  -18.697  -17.508  6.821 1.0000000000
272595  -20.190  -16.755  6.252 1.0000000000
177251  -15.079  -11.464  8.037 0.5555555820
180983  -21.150  -10.070  3.563 0.8888888955
183299  -15.832  -8.225  7.373 0.5555555820
188557  -16.404  -5.403  6.841 0.5555555820
184643  -17.044  -7.476  6.259 0.7777777910
184688  -19.296  -7.437  4.334 1.0000000000
184707  -23.964  -7.315  2.956 0.8888888955
188549  -15.957  -5.258  8.037 0.2222222239
188664  -26.990  -5.837  1.058 0.6666666865
188638  -20.934  -5.605  3.202 0.7777777910
188673  -27.642  -5.113  1.252 0.4444444478
192447  -21.646  -2.725  2.570 0.6666666865
193661  -22.951  -2.238  2.594 0.6666666865
178484  -15.133  -10.806  8.245 0.4444444478
180890  -15.316  -9.281  8.013 0.4444444478
195908  -28.220  -1.177  1.388 0.5555555820
194825  -28.343  -1.701  1.692 0.5555555820
285231  -19.959  -0.748  4.852 0.2222222239
277089  -19.889  -1.170  3.898 0.3333333433
197042  -28.092  -0.624  1.111 0.5555555820
156966  -17.857  -23.212  8.755 0.5555555820
156974  -18.444  -22.715  8.001 0.5555555820
158250  -18.269  -21.816  8.153 0.6666666865
159616  -18.694  -21.263  7.643 0.5555555820
159618  -19.531  -21.383  7.299 0.5555555820
163272  -20.863  -19.419  6.442 0.7777777910
163283  -20.959  -18.922  6.159 0.8888888955
289963  -17.458  -22.936  9.274 0.5555555820
160871  -19.552  -20.838  7.315 0.6666666865
162148  -19.579  -20.295  7.222 0.6666666865
292689  -20.466  -19.525  6.783 0.8888888955
165744  -21.688  -18.355  5.425 0.7777777910
165752  -22.148  -17.750  5.362 0.7777777910
168416  -22.021  -16.579  5.159 0.8888888955
278221  -17.290  -22.242  9.899 0.4444444478
160839  -17.517  -20.853  9.377 0.5555555820
269250  -21.761  -16.038  5.535 1.0000000000
163223  -17.339  -19.573  9.112 0.2222222239
164433  -17.367  -18.687  8.705 0.6666666865
171075  -22.271  -14.756  4.609 0.8888888955
293442  -22.865  -13.934  4.287 0.6666666865
174863  -23.161  -12.848  3.780 0.7777777910
174864  -23.791  -12.945  3.677 0.6666666865
165696  -17.034  -17.553  8.471 0.5555555820
176097  -25.034  -12.482  3.631 0.6666666865
169687  -16.999  -16.061  8.450 0.4444444478
176106  -25.232  -11.753  3.337 0.5555555820
178590  -26.742  -10.927  2.798 0.5555555820
173467  -16.164  -13.966  9.419 0.2222222239
304766  -26.395  -10.276  2.727 0.5555555820
177222  -14.568  -12.079  8.853 0.4444444478
298865  -16.020  -9.674  9.667 0.3333333433
299406  -27.758  -8.374  2.974 0.5555555820
185958  -15.972  -6.843  7.391 0.4444444478
186071  -28.524  -7.055  2.545 0.4444444478
187272  -16.443  -5.864  8.187 0.3333333433
295959  -28.665  -6.137  2.362 0.5555555820
189835  -28.337  -5.015  1.956 0.4444444478
193587  -18.195  -2.249  6.039 0.3333333433
192367  -17.776  -2.808  6.084 0.4444444478
191140  -28.326  -3.818  1.869 0.4444444478
298260  -28.487  -2.214  1.876 0.4444444478
273118  -28.866  -0.581  2.010 0.2222222239
194789  -20.488  -1.226  3.423 0.3333333433
193659  -21.970  -1.823  2.611 0.6666666865
193670  -24.000  -2.217  2.344 0.6666666865
284743  -25.268  -2.110  1.528 0.6666666865
194831  -25.631  -1.581  0.599 0.6666666865
197048  -26.303  -0.588  -0.475 0.6666666865
197049  -26.851  -0.354  -0.412 0.6666666865
197050  -27.403  -0.616  -0.025 0.6666666865
197041  -27.721  -0.255  0.562 0.6666666865
198228  -28.077  0.056  1.172 0.4444444478
298550  -28.454  -0.257  1.657 0.3333333433
194815  -23.803  -1.503  2.507 0.5555555820
159592  -17.643  -21.353  9.214 0.5555555820
159601  -18.104  -21.273  8.283 0.6666666865
158240  -17.870  -21.988  8.825 0.5555555820
158241  -17.928  -22.224  8.385 0.6666666865
158266  -18.612  -21.627  7.844 0.6666666865
160864  -18.082  -20.742  7.924 0.6666666865
160865  -18.486  -20.739  7.598 0.7777777910
162139  -18.053  -20.220  7.688 0.7777777910
162146  -18.162  -19.652  7.585 0.8888888955
163256  -18.765  -19.452  7.285 0.8888888955
284044  -19.115  -17.835  6.631 1.0000000000
165731  -18.218  -18.112  6.699 1.0000000000
163269  -19.197  -19.049  6.805 0.8888888955
164453  -18.158  -18.541  6.905 1.0000000000
164479  -20.244  -17.991  6.117 1.0000000000
164466  -19.975  -18.476  6.342 0.8888888955
163271  -20.377  -19.004  6.484 0.8888888955
284430  -17.752  -22.565  8.836 0.5555555820
158234  -17.451  -22.276  9.413 0.4444444478
158233  -17.462  -21.876  9.829 0.4444444478
160856  -17.925  -20.817  8.485 0.6666666865
162130  -17.495  -19.771  8.506 0.8888888955
294060  -17.725  -20.394  8.863 0.5555555820
163254  -17.956  -19.248  7.760 0.8888888955
163270  -19.785  -18.881  6.576 0.8888888955
165732  -19.503  -17.958  6.169 1.0000000000
167048  -21.116  -17.232  5.926 1.0000000000
167045  -19.388  -17.498  5.801 1.0000000000
167046  -19.519  -17.277  5.800 1.0000000000
167055  -21.729  -17.192  5.387 1.0000000000
168414  -21.137  -16.158  5.726 1.0000000000
163235  -17.333  -19.492  8.876 0.6666666865
163236  -17.375  -19.259  8.651 0.8888888955
299152  -17.574  -20.318  9.301 0.6666666865
164452  -17.990  -18.670  7.452 1.0000000000
167011  -17.286  -17.570  7.969 0.8888888955
164446  -17.760  -18.843  8.148 1.0000000000
306584  -17.715  -17.622  7.437 1.0000000000
316849  -17.315  -16.723  7.706 1.0000000000
167032  -18.373  -17.023  6.738 1.0000000000
168386  -18.022  -16.663  6.923 1.0000000000
168388  -18.659  -16.747  6.277 1.0000000000
169746  -20.074  -15.777  5.788 1.0000000000
295206  -17.897  -16.191  7.013 1.0000000000
171037  -18.136  -15.263  6.553 1.0000000000
171053  -20.249  -15.272  5.546 1.0000000000
290296  -21.862  -15.511  5.205 0.8888888955
290627  -20.940  -14.586  5.250 1.0000000000
172336  -19.844  -14.325  5.430 1.0000000000
172334  -18.800  -14.678  5.853 1.0000000000
172348  -20.466  -14.150  5.254 1.0000000000
172349  -21.165  -13.994  5.249 1.0000000000
172351  -21.981  -14.225  4.739 0.8888888955
173584  -22.228  -13.652  4.316 0.7777777910
298673  -16.985  -15.425  8.018 1.0000000000
306314  -16.991  -15.872  8.201 0.5555555820
281893  -17.059  -17.022  8.365 0.6666666865
168373  -17.476  -16.147  7.573 1.0000000000
168343  -17.109  -16.641  8.585 0.5555555820
172321  -17.944  -14.631  6.811 1.0000000000
172277  -16.992  -14.736  7.638 0.8888888955
172320  -17.603  -14.011  6.676 1.0000000000
174824  -18.864  -13.101  5.395 1.0000000000
173572  -19.450  -13.302  5.364 1.0000000000
176074  -20.352  -12.205  5.119 1.0000000000
174839  -21.327  -12.440  5.133 1.0000000000
176093  -22.388  -11.913  3.944 0.8888888955
177345  -23.126  -11.793  3.378 0.7777777910
177347  -24.503  -11.876  3.387 0.6666666865
172252  -16.000  -14.628  8.198 0.5555555820
170978  -16.500  -14.999  8.261 0.5555555820
173478  -15.901  -14.117  8.319 0.6666666865
173488  -16.036  -14.072  7.987 0.6666666865
171000  -16.547  -14.972  8.110 0.7777777910
173489  -16.837  -14.068  7.785 0.7777777910
174781  -16.435  -13.273  6.984 0.7777777910
176013  -15.780  -12.169  7.289 0.6666666865
177283  -16.882  -11.503  6.626 0.8888888955
174811  -16.868  -13.160  6.611 0.8888888955
288479  -17.013  -12.499  6.587 0.8888888955
172306  -17.386  -14.315  7.251 0.8888888955
173544  -17.489  -13.442  6.524 1.0000000000
176059  -17.903  -11.948  5.910 0.8888888955
176072  -18.923  -12.168  5.289 1.0000000000
177333  -20.363  -11.265  4.830 1.0000000000
178579  -21.821  -10.629  4.242 0.8888888955
178580  -22.391  -10.959  3.788 0.8888888955
177344  -22.635  -11.605  3.668 0.7777777910
309755  -24.118  -11.420  3.263 0.7777777910
309491  -24.258  -10.259  2.842 0.6666666865
178589  -26.207  -11.122  2.919 0.5555555820
179814  -25.353  -10.293  2.968 0.6666666865
288329  -15.192  -11.935  7.560 0.5555555820
175983  -14.793  -12.489  8.948 0.3333333433
174744  -15.319  -13.035  9.061 0.3333333433
174760  -15.546  -12.955  8.178 0.4444444478
174761  -15.815  -13.500  7.825 0.6666666865
179731  -16.406  -10.353  7.015 0.6666666865
178519  -16.645  -10.940  6.839 0.7777777910
178547  -17.993  -10.954  5.807 0.8888888955
177321  -19.763  -11.231  5.078 1.0000000000
179789  -19.537  -10.335  4.742 1.0000000000
179806  -22.344  -9.942  3.528 0.7777777910
182164  -24.236  -9.116  3.147 0.7777777910
321802  -26.126  -9.724  2.781 0.5555555820
179766  -17.901  -9.791  5.943 0.8888888955
182145  -20.088  -9.143  4.182 1.0000000000
183392  -24.677  -8.774  3.312 0.7777777910
182158  -25.066  -8.558  3.670 0.7777777910
182167  -26.241  -8.805  2.982 0.6666666865
179702  -15.215  -10.269  8.380 0.4444444478
182131  -18.103  -8.594  5.512 0.8888888955
182144  -19.724  -8.593  4.223 1.0000000000
183385  -20.303  -8.143  3.592 0.8888888955
184698  -23.746  -7.838  3.279 0.7777777910
184709  -27.649  -7.578  2.359 0.5555555820
183402  -27.898  -7.967  2.620 0.5555555820
184605  -15.776  -7.541  7.296 0.5555555820
185970  -16.944  -6.936  6.387 0.6666666865
184669  -17.886  -7.467  5.540 0.8888888955
184694  -20.008  -7.534  3.784 1.0000000000
291690  -22.361  -7.811  3.076 0.8888888955
186068  -24.698  -6.933  2.283 0.8888888955
281979  -26.975  -6.996  1.974 0.6666666865
186066  -23.302  -6.702  2.920 0.8888888955
186082  -27.949  -6.664  1.701 0.5555555820
280406  -16.410  -5.687  6.788 0.5555555820
319385  -17.116  -6.114  6.341 0.5555555820
186019  -18.531  -6.858  5.012 1.0000000000
187349  -18.287  -6.254  5.315 0.7777777910
316402  -17.655  -5.795  5.801 0.7777777910
186053  -20.193  -6.454  3.895 0.8888888955
186044  -19.318  -6.276  4.605 0.7777777910
188652  -28.477  -5.588  2.207 0.5555555820
191053  -17.874  -3.474  5.806 0.5555555820
189755  -17.748  -4.094  6.103 0.5555555820
191076  -18.466  -3.500  5.062 0.4444444478
188595  -18.235  -4.916  5.338 0.6666666865
189797  -19.494  -4.595  4.621 0.6666666865
187350  -18.518  -5.621  5.180 0.7777777910
188570  -17.151  -5.303  6.381 0.7777777910
284999  -16.857  -4.853  6.616 0.6666666865
188636  -20.251  -5.046  3.954 0.7777777910
187351  -19.018  -5.645  4.809 0.7777777910
187385  -21.862  -6.187  3.085 0.7777777910
188659  -23.487  -5.261  1.948 0.6666666865
188661  -24.595  -5.623  1.818 0.6666666865
286427  -24.780  -5.027  1.853 0.6666666865
191147  -25.759  -3.859  1.009 0.6666666865
288893  -26.097  -4.459  1.024 0.6666666865
189843  -26.486  -4.977  0.681 0.5555555820
188672  -26.990  -5.330  0.945 0.5555555820
192465  -28.163  -3.350  1.352 0.4444444478
189846  -28.200  -4.492  1.611 0.4444444478
192384  -18.661  -2.632  5.043 0.4444444478
192404  -19.622  -2.886  4.175 0.5555555820
191114  -19.970  -3.681  4.055 0.6666666865
188648  -21.083  -4.370  3.234 0.7777777910
193687  -26.668  -2.534  0.652 0.6666666865
194834  -27.296  -1.779  0.597 0.6666666865
192437  -20.782  -2.629  3.181 0.5555555820
192439  -22.000  -2.537  2.437 0.6666666865
192460  -24.984  -3.293  1.793 0.6666666865
194832  -26.115  -2.070  0.533 0.6666666865
195922  -26.478  -1.081  -0.303 0.6666666865
183291  -15.553  -8.268  7.859 0.4444444478
189732  -16.742  -4.230  7.096 0.3333333433
177221  -15.078  -11.311  9.591 0.4444444478
297151  -15.294  -9.250  8.158 0.4444444478
195900  -28.563  -1.164  2.069 0.3333333433
199396  -28.342  1.054  1.431 0.3333333433
156967  -18.021  -22.713  8.322 0.5555555820
163284  -21.681  -19.632  5.798 0.6666666865
156958  -17.192  -22.712  9.765 0.4444444478
314003  -22.497  -15.944  4.712 0.7777777910
159576  -17.545  -21.401  9.641 0.4444444478
285026  -23.474  -13.322  3.847 0.6666666865
165697  -17.195  -18.027  8.848 0.7777777910
173477  -15.634  -13.460  8.700 0.3333333433
172241  -16.767  -14.483  9.253 0.1111111119
174737  -16.031  -13.079  10.005 0.1111111119
179695  -15.198  -10.248  8.500 0.4444444478
182042  -15.583  -8.671  8.979 0.3333333433
294971  -15.488  -7.994  7.892 0.3333333433
191040  -17.178  -3.457  6.762 0.3333333433
198235  -27.450  -0.016  -0.107 0.6666666865
198227  -27.748  0.420  0.563 0.4444444478
155806  -21.048  -23.501  6.400 0.4444444478
154565  -23.278  -23.932  7.378 0.2222222239
155770  -18.844  -23.803  7.798 0.4444444478
156975  -19.047  -22.687  7.782 0.4444444478
156993  -19.714  -22.673  7.510 0.4444444478
157011  -20.790  -22.944  6.674 0.4444444478
158285  -21.602  -22.302  6.142 0.4444444478
157030  -23.173  -22.794  5.603 0.2222222239
159619  -19.959  -21.667  6.976 0.4444444478
158283  -20.633  -21.900  6.895 0.4444444478
158284  -21.216  -21.873  6.667 0.4444444478
158302  -23.766  -22.106  5.540 0.1111111119
158303  -24.562  -21.769  5.925 0.1111111119
159638  -21.596  -21.474  6.366 0.4444444478
159653  -23.001  -21.361  5.418 0.3333333433
317317  -19.876  -21.167  7.147 0.4444444478
159637  -20.974  -21.345  6.749 0.4444444478
159652  -22.260  -21.250  5.962 0.3333333433
160906  -23.121  -20.636  5.450 0.3333333433
159655  -24.167  -21.426  5.579 0.2222222239
160890  -21.645  -20.811  6.245 0.4444444478
160904  -22.059  -20.614  6.113 0.3333333433
160887  -20.040  -20.697  7.124 0.5555555820
160888  -20.674  -20.640  6.807 0.4444444478
269666  -24.028  -19.578  5.121 0.2222222239
163298  -24.638  -19.599  4.759 0.1111111119
164495  -25.671  -18.696  4.684 0.1111111119
163286  -22.874  -19.549  5.451 0.3333333433
164493  -23.640  -18.590  5.103 0.3333333433
164491  -22.261  -18.399  5.361 0.4444444478
165753  -22.825  -17.548  5.125 0.5555555820
167057  -22.965  -17.029  4.737 0.6666666865
168418  -24.695  -16.737  4.650 0.4444444478
168417  -22.631  -16.454  4.727 0.6666666865
169770  -25.565  -15.755  4.204 0.3333333433
169766  -22.890  -15.851  4.685 0.6666666865
171079  -24.666  -15.164  4.496 0.5555555820
295641  -22.993  -15.347  4.628 0.6666666865
172362  -24.362  -14.583  4.151 0.5555555820
172363  -25.052  -14.789  3.960 0.5555555820
171080  -25.602  -15.198  3.924 0.4444444478
173596  -25.706  -14.097  3.440 0.3333333433
172361  -23.135  -14.412  4.421 0.5555555820
295081  -25.743  -12.857  3.639 0.4444444478
176098  -25.838  -12.183  3.579 0.5555555820
286331  -25.295  -13.813  3.585 0.4444444478
177348  -26.562  -12.021  3.351 0.4444444478
194823  -25.273  -1.611  1.307 0.5555555820
309581  -25.213  -1.127  0.861 0.5555555820
195912  -25.491  -0.824  0.304 0.5555555820
198233  -26.122  -0.029  -0.597 0.5555555820
198234  -26.838  0.259  -0.398 0.5555555820
297273  -26.867  0.734  -0.399 0.5555555820
299730  -20.289  -23.927  6.762 0.4444444478
154577  -22.594  -23.716  6.486 0.2222222239
282888  -18.137  -22.347  8.042 0.4444444478
159654  -23.581  -21.557  5.308 0.2222222239
162192  -24.397  -20.024  5.111 0.2222222239
162193  -24.946  -19.973  4.980 0.1111111119
165754  -23.886  -18.028  4.739 0.4444444478
165765  -24.569  -18.082  4.578 0.3333333433
306339  -23.236  -18.000  5.123 0.4444444478
168427  -23.327  -16.284  4.689 0.6666666865
168428  -24.242  -16.189  4.815 0.4444444478
174867  -26.312  -13.214  3.581 0.3333333433
306865  -27.008  -12.391  3.271 0.4444444478
297200  -27.252  -9.883  2.834 0.4444444478
198225  -25.100  0.141  -0.035 0.5555555820
199400  -25.272  0.788  0.410 0.5555555820
158267  -19.062  -21.654  7.599 0.4444444478
295003  -25.380  -16.780  4.658 0.2222222239
287072  -27.416  0.565  -0.170 0.5555555820
153254  -19.126  -25.009  8.038 0.4444444478
153255  -19.837  -25.066  7.739 0.4444444478
153274  -20.747  -25.119  6.998 0.4444444478
154563  -22.144  -24.422  6.823 0.2222222239
154542  -22.964  -24.361  7.564 0.2222222239
154543  -23.389  -24.127  7.826 0.1111111119
155761  -17.773  -23.807  8.737 0.4444444478
154538  -18.790  -24.428  8.132 0.4444444478
157014  -23.494  -22.946  6.255 0.1111111119
158286  -24.248  -22.221  6.210 0.1111111119
155772  -23.761  -23.674  7.882 0.1111111119
159639  -25.283  -21.534  6.154 0.1111111119
160927  -25.200  -20.456  5.358 0.1111111119
162181  -26.246  -19.906  5.850 0.1111111119
321123  -26.069  -18.610  5.133 0.1111111119
287485  -25.877  -17.781  4.845 0.1111111119
168421  -25.897  -16.625  5.043 0.2222222239
171081  -26.181  -14.920  3.870 0.1111111119
168420  -25.392  -16.325  4.439 0.2222222239
173597  -26.252  -13.868  3.497 0.2222222239
173598  -26.934  -13.527  3.667 0.2222222239
174868  -26.899  -12.868  3.450 0.3333333433
177360  -27.443  -11.504  2.992 0.4444444478
305599  -27.859  -10.710  3.243 0.3333333433
180993  -28.079  -9.696  3.541 0.3333333433
181005  -27.140  -9.288  3.000 0.4444444478
181007  -28.133  -9.140  3.223 0.3333333433
189742  -17.451  -3.976  6.558 0.4444444478
187396  -28.657  -6.595  2.738 0.4444444478
192442  -28.635  -3.015  2.676 0.3333333433
194808  -22.695  -1.531  2.511 0.4444444478
199402  -27.616  0.921  0.243 0.5555555820
195899  -24.322  -0.975  1.911 0.5555555820
197033  -24.372  -0.016  0.985 0.5555555820
198226  -25.590  0.293  -0.393 0.5555555820
303731  -26.201  1.179  -0.642 0.5555555820
199408  -26.537  1.129  -0.616 0.5555555820
198221  -24.646  0.314  0.761 0.5555555820
316536  -18.093  -23.567  8.541 0.4444444478
280625  -18.344  -23.302  8.250 0.4444444478
299644  -18.868  -23.151  7.968 0.4444444478
162164  -20.771  -19.951  6.670 0.5555555820
162165  -21.230  -19.859  6.178 0.5555555820
164481  -21.989  -18.757  5.570 0.6666666865
167056  -22.393  -17.083  5.108 0.6666666865
172372  -23.533  -13.932  4.074 0.5555555820
173594  -24.039  -13.538  3.759 0.5555555820
174866  -25.224  -13.227  3.710 0.4444444478
182170  -28.038  -8.696  3.049 0.4444444478
193672  -28.671  -2.523  2.353 0.3333333433
295949  -19.216  -22.212  7.643 0.4444444478
273408  -22.349  -19.576  5.779 0.3333333433
162178  -22.265  -20.106  6.088 0.3333333433
155791  -20.427  -23.496  6.655 0.4444444478
155807  -21.727  -23.426  6.196 0.4444444478
153288  -21.591  -24.454  6.622 0.3333333433
157012  -21.355  -22.919  6.374 0.4444444478
154574  -20.733  -24.015  6.506 0.4444444478
154564  -22.687  -24.157  6.890 0.3333333433
308075  -23.428  -23.321  6.653 0.1111111119
155762  -18.342  -23.958  8.414 0.4444444478
154539  -19.397  -24.417  7.905 0.4444444478
298332  -19.360  -23.303  7.648 0.4444444478
154540  -19.934  -24.416  7.686 0.4444444478
155771  -19.695  -23.909  7.663 0.4444444478
158268  -19.615  -21.965  7.377 0.4444444478
155790  -19.973  -23.466  7.206 0.4444444478
156994  -20.224  -22.904  6.953 0.4444444478
158269  -20.172  -22.266  7.183 0.4444444478
284853  -21.086  -22.395  6.736 0.4444444478
157028  -22.284  -23.000  6.058 0.4444444478
158299  -22.323  -22.510  5.821 0.4444444478
277182  -22.123  -21.903  6.005 0.4444444478
155809  -22.880  -23.156  6.284 0.2222222239
280706  -22.714  -22.010  5.642 0.4444444478
157031  -23.601  -22.598  5.754 0.1111111119
267894  -23.246  -22.133  5.305 0.2222222239
159656  -24.792  -21.325  5.781 0.1111111119
158287  -24.998  -22.044  6.400 0.1111111119
162180  -23.265  -20.066  5.429 0.3333333433
162179  -22.751  -20.068  5.829 0.3333333433
160924  -23.621  -20.550  5.301 0.2222222239
160907  -24.618  -20.887  5.464 0.2222222239
270923  -24.186  -19.101  4.892 0.2222222239
164505  -24.961  -18.581  4.496 0.1111111119
163299  -25.127  -19.510  4.612 0.1111111119
165766  -25.223  -18.138  4.513 0.1111111119
163301  -25.941  -19.067  5.212 0.1111111119
164482  -22.510  -18.981  5.546 0.3333333433
299305  -23.467  -17.464  4.741 0.4444444478
314598  -23.833  -17.199  4.691 0.4444444478
169756  -24.931  -16.273  4.618 0.3333333433
165764  -24.180  -17.515  4.639 0.4444444478
167070  -24.889  -17.632  4.661 0.3333333433
169771  -26.197  -15.496  4.060 0.1111111119
169769  -24.777  -15.695  4.698 0.4444444478
171078  -23.983  -15.082  4.378 0.5555555820
169768  -24.277  -15.540  4.665 0.5555555820
301573  -24.733  -14.278  3.877 0.5555555820
171092  -25.655  -14.593  3.773 0.3333333433
177349  -27.322  -11.988  3.043 0.4444444478
197040  -25.544  -0.216  -0.350 0.5555555820
195907  -24.851  -0.530  0.823 0.5555555820
199407  -26.270  0.636  -0.475 0.5555555820
154560  -20.262  -24.791  7.278 0.4444444478
311169  -20.894  -24.790  6.762 0.4444444478
162194  -25.373  -19.844  5.046 0.1111111119
199395  -24.743  0.987  1.129 0.5555555820
167059  -25.654  -17.127  4.989 0.2222222239
152011  -19.927  -25.823  7.458 0.4444444478
153275  -21.252  -24.948  6.862 0.4444444478
152033  -21.640  -25.291  7.316 0.2222222239
154524  -18.433  -24.520  8.563 0.4444444478
154523  -17.988  -24.380  8.727 0.4444444478
157015  -24.060  -22.702  6.503 0.1111111119
155810  -23.894  -23.174  6.821 0.1111111119
160891  -25.762  -20.972  6.295 0.1111111119
142611  -19.845  -30.595  10.286 0.1111111119
284526  -17.648  -28.613  9.566 0.3333333433
144172  -19.173  -29.789  9.278 0.2222222239
144158  -19.541  -30.243  9.702 0.2222222239
144159  -20.159  -30.060  10.221 0.1111111119
278203  -20.494  -29.651  10.144 0.1111111119
149289  -16.386  -26.984  10.196 0.3333333433
147967  -16.473  -27.671  10.313 0.3333333433
146727  -16.999  -28.119  9.811 0.3333333433
147989  -18.608  -28.117  8.744 0.3333333433
303583  -18.954  -28.476  8.364 0.3333333433
145513  -19.491  -29.242  9.114 0.2222222239
290853  -19.730  -28.683  8.908 0.2222222239
145487  -19.957  -29.626  9.676 0.2222222239
145488  -20.517  -29.303  9.921 0.1111111119
145514  -20.205  -29.060  9.418 0.2222222239
310335  -15.908  -25.233  9.912 0.2222222239
151957  -15.879  -25.658  9.871 0.2222222239
150612  -16.100  -26.296  9.894 0.2222222239
149290  -16.904  -26.752  9.874 0.3333333433
147969  -17.434  -27.893  9.413 0.3333333433
146728  -18.143  -28.277  9.204 0.3333333433
146755  -20.432  -28.501  9.274 0.1111111119
153213  -16.406  -24.863  9.590 0.2222222239
151958  -16.073  -25.405  9.615 0.3333333433
288280  -17.075  -24.964  8.979 0.3333333433
151978  -16.697  -25.437  9.360 0.3333333433
151979  -17.404  -25.612  9.063 0.3333333433
150631  -17.083  -25.956  9.471 0.3333333433
150651  -18.071  -25.891  8.800 0.3333333433
149329  -19.073  -27.335  8.227 0.3333333433
150633  -18.416  -26.664  8.568 0.3333333433
149330  -19.470  -27.269  7.827 0.3333333433
312088  -19.709  -27.153  7.768 0.3333333433
149332  -20.384  -27.214  8.329 0.3333333433
147991  -20.581  -27.924  9.134 0.1111111119
148006  -20.756  -27.396  8.943 0.2222222239
274533  -16.741  -23.655  9.857 0.2222222239
154493  -16.623  -24.249  9.799 0.2222222239
154515  -16.777  -23.857  9.313 0.3333333433
153236  -17.563  -24.798  8.723 0.3333333433
153237  -18.192  -24.925  8.624 0.3333333433
152010  -18.804  -25.508  8.227 0.3333333433
150659  -19.445  -26.352  7.664 0.3333333433
315555  -19.672  -26.095  7.551 0.3333333433
149342  -20.575  -26.828  8.061 0.3333333433
149333  -20.914  -26.925  8.630 0.1111111119
153253  -18.620  -24.944  8.302 0.3333333433
152012  -20.385  -25.980  7.354 0.3333333433
152030  -20.324  -25.448  7.263 0.3333333433
152032  -21.088  -25.511  7.137 0.3333333433
176100  -27.567  -12.373  3.262 0.2222222239
314144  -28.034  -10.971  3.334 0.2222222239
177351  -28.105  -11.808  3.338 0.2222222239
184701  -28.602  -7.578  2.953 0.3333333433
183394  -28.670  -8.103  3.400 0.2222222239
146752  -18.231  -28.933  9.020 0.3333333433
318554  -18.584  -29.088  8.737 0.3333333433
145489  -20.868  -28.830  9.896 0.1111111119
150630  -16.236  -25.809  9.595 0.3333333433
149312  -18.553  -27.446  8.758 0.3333333433
146761  -19.107  -28.039  8.239 0.3333333433
146762  -19.408  -28.287  8.297 0.3333333433
148004  -19.716  -28.002  8.038 0.3333333433
154516  -17.267  -24.253  8.919 0.3333333433
150673  -20.807  -25.913  7.414 0.3333333433
141101  -19.590  -31.207  10.255 0.1111111119
142592  -20.204  -31.024  10.511 0.1111111119
287995  -16.360  -28.036  10.716 0.3333333433
146726  -16.701  -28.345  10.287 0.3333333433
145485  -17.501  -29.154  9.927 0.3333333433
144156  -17.830  -29.841  9.691 0.3333333433
144157  -18.134  -30.170  9.127 0.3333333433
142609  -18.681  -30.350  9.438 0.3333333433
303464  -20.482  -31.342  10.533 0.1111111119
295599  -21.167  -30.428  10.675 0.1111111119
144139  -20.784  -29.948  10.465 0.1111111119
303227  -21.342  -28.902  10.391 0.1111111119
153201  -16.270  -24.818  10.504 0.2222222239
146756  -21.066  -28.257  9.585 0.1111111119
149313  -21.404  -27.111  9.248 0.1111111119
149334  -21.416  -26.540  8.818 0.1111111119
149343  -20.978  -26.503  8.222 0.1111111119
152013  -21.373  -25.718  7.771 0.1111111119
272552  -17.008  -23.049  10.594 0.1111111119
178582  -28.133  -10.429  3.770 0.2222222239
187386  -28.827  -6.503  3.494 0.2222222239
186060  -28.977  -6.991  3.851 0.2222222239
159556  -17.436  -21.506  10.154 0.3333333433
155753  -17.042  -23.294  9.565 0.3333333433
155754  -17.283  -23.566  9.089 0.4444444478
155730  -16.985  -23.045  9.980 0.2222222239
180994  -28.487  -9.160  3.699 0.2222222239
267741  -20.866  -31.047  10.633 0.1111111119
142610  -19.192  -30.735  10.000 0.1111111119
278213  -17.073  -28.643  9.922 0.3333333433
145486  -17.985  -29.298  9.360 0.3333333433
145511  -18.351  -29.403  8.961 0.3333333433
150613  -16.755  -26.254  9.719 0.3333333433
147968  -16.938  -27.433  9.844 0.3333333433
150605  -15.948  -26.615  10.425 0.2222222239
149282  -16.079  -27.136  10.570 0.2222222239
146754  -19.027  -28.848  8.611 0.3333333433
147988  -18.099  -27.630  9.249 0.3333333433
147990  -19.981  -28.166  8.732 0.2222222239
147987  -17.393  -27.227  9.412 0.3333333433
149310  -17.326  -26.555  9.460 0.3333333433
154481  -16.550  -24.490  10.350 0.2222222239
294926  -16.780  -24.443  9.245 0.3333333433
151991  -17.710  -25.283  8.714 0.3333333433
150632  -17.741  -26.254  9.121 0.3333333433
149311  -17.943  -26.948  9.132 0.3333333433
150652  -19.083  -26.699  7.957 0.3333333433
148003  -19.534  -27.902  7.862 0.3333333433
151992  -18.650  -26.075  8.406 0.3333333433
150660  -19.939  -26.394  7.515 0.3333333433
147992  -21.217  -27.724  9.391 0.1111111119
154482  -16.645  -23.998  10.541 0.2222222239
304942  -18.317  -25.494  8.541 0.3333333433
150661  -20.522  -26.416  7.650 0.3333333433
313011  -19.036  -31.251  10.119 0.1111111119
145470  -16.843  -28.986  10.318 0.3333333433
146705  -16.381  -28.566  10.722 0.2222222239
144155  -17.342  -29.605  10.325 0.3333333433
149281  -15.831  -26.910  11.038 0.2222222239
301061  -28.345  -10.961  4.345 0.1111111119
179774  -29.615  -9.905  5.560 0.1111111119
178575  -28.668  -10.354  4.562 0.1111111119
180984  -29.062  -9.473  4.681 0.1111111119
182116  -29.880  -8.849  5.636 0.1111111119
182160  -28.783  -8.606  3.811 0.1111111119
182134  -29.552  -8.508  5.201 0.1111111119
183381  -29.137  -7.977  4.567 0.1111111119
183367  -29.407  -7.960  4.980 0.1111111119
189817  -28.476  -4.947  3.563 0.2222222239
184690  -29.006  -7.493  4.269 0.1111111119
184674  -29.247  -7.468  4.778 0.1111111119
191128  -28.742  -3.281  3.125 0.1111111119
285073  -28.405  -4.323  2.446 0.2222222239
193673  -28.812  -2.079  2.853 0.1111111119
282676  -28.894  -4.262  3.683 0.1111111119
193648  -29.237  -2.421  3.756 0.1111111119
194816  -24.222  -1.495  2.241 0.4444444478
295146  -28.772  -1.298  2.634 0.1111111119
197026  -23.188  0.103  2.232 0.4444444478
294699  -23.903  -0.387  2.101 0.4444444478
195901  -28.995  -0.860  2.503 0.1111111119
199401  -25.888  0.934  -0.158 0.4444444478
200464  -28.181  1.559  1.035 0.3333333433
287206  -28.155  0.599  1.157 0.2222222239
199384  -28.548  1.046  2.105 0.1111111119
198215  -29.155  0.179  2.570 0.1111111119
199385  -29.018  1.011  2.429 0.1111111119
298475  -25.470  1.248  0.263 0.4444444478
200461  -25.283  1.760  0.403 0.4444444478
201602  -25.454  2.287  -0.222 0.4444444478
200462  -25.836  1.587  -0.404 0.4444444478
201608  -26.022  2.165  -0.576 0.4444444478
200468  -26.297  1.572  -0.692 0.4444444478
201609  -26.628  2.115  -0.565 0.4444444478
274275  -26.965  2.654  -0.482 0.4444444478
201610  -27.484  2.159  -0.080 0.2222222239
202731  -27.671  2.892  0.099 0.2222222239
201603  -28.036  2.549  0.703 0.2222222239
202716  -28.496  2.837  1.311 0.2222222239
201592  -28.673  2.530  1.814 0.2222222239
208590  -27.338  6.771  -1.210 0.1111111119
207434  -27.916  5.974  0.154 0.1111111119
203999  -29.241  3.722  1.619 0.1111111119
198213  -23.625  0.747  1.808 0.4444444478
200441  -23.941  1.705  2.189 0.4444444478
199394  -24.073  1.144  1.670 0.4444444478
312056  -24.491  1.466  1.436 0.3333333433
200453  -24.713  1.929  1.061 0.4444444478
202730  -25.102  2.777  -0.165 0.4444444478
202740  -25.516  3.293  -0.461 0.4444444478
202741  -25.516  2.701  -0.737 0.4444444478
202742  -26.210  2.712  -0.844 0.4444444478
317082  -26.628  2.933  -0.797 0.4444444478
205184  -25.402  4.446  -0.696 0.3333333433
315063  -26.873  3.746  -0.761 0.3333333433
205185  -26.949  4.256  -0.860 0.1111111119
204025  -27.379  3.921  -0.166 0.1111111119
204026  -27.949  4.159  0.395 0.1111111119
202732  -28.183  3.187  0.800 0.2222222239
204013  -28.322  3.811  0.869 0.1111111119
280325  -28.193  4.724  0.412 0.1111111119
199383  -23.615  1.291  2.426 0.2222222239
201591  -24.390  2.543  1.310 0.3333333433
202729  -24.734  3.014  0.927 0.3333333433
204023  -25.882  3.375  -0.953 0.4444444478
205192  -25.621  4.198  -1.793 0.2222222239
205197  -25.739  4.096  -1.983 0.2222222239
205194  -26.374  4.428  -1.494 0.2222222239
206311  -26.894  4.783  -0.964 0.1111111119
206309  -25.910  5.119  -1.099 0.1111111119
205193  -25.791  4.363  -1.962 0.1111111119
206310  -26.153  4.772  -1.531 0.1111111119
206299  -27.433  5.436  -0.026 0.1111111119
207443  -25.789  5.860  -1.178 0.1111111119
287701  -26.617  5.889  -0.987 0.1111111119
270387  -26.589  5.491  -0.658 0.1111111119
200452  -24.138  2.059  1.656 0.3333333433
270157  -23.656  3.631  2.011 0.3333333433
203997  -24.273  3.592  1.259 0.3333333433
204011  -24.989  3.451  0.427 0.3333333433
204012  -25.282  3.952  -0.068 0.3333333433
205172  -25.015  4.576  0.311 0.2222222239
206297  -25.070  5.039  -0.287 0.2222222239
206298  -25.289  5.459  -0.703 0.1111111119
207457  -25.938  6.250  -1.662 0.1111111119
207458  -26.363  6.137  -1.496 0.1111111119
210589  -26.440  8.169  -2.348 0.1111111119
203963  -23.561  3.988  3.560 0.1111111119
285678  -22.984  4.146  3.242 0.1111111119
205153  -23.527  4.670  2.447 0.2222222239
206272  -23.583  5.416  2.591 0.2222222239
273591  -24.117  4.320  1.739 0.3333333433
207418  -23.978  5.928  1.973 0.2222222239
206279  -24.125  5.162  1.795 0.3333333433
296912  -24.236  5.695  1.436 0.2222222239
283074  -24.585  6.470  0.865 0.1111111119
208556  -24.811  6.981  1.097 0.1111111119
208561  -24.852  6.722  0.180 0.1111111119
209564  -24.825  7.359  -0.076 0.1111111119
208587  -25.520  6.829  -1.608 0.1111111119
209587  -25.619  7.250  -1.908 0.1111111119
208589  -26.131  6.639  -1.834 0.1111111119
209590  -27.717  7.160  -1.484 0.1111111119
289049  -28.055  6.769  -1.001 0.1111111119
205135  -22.992  4.461  3.641 0.1111111119
206252  -22.218  5.245  4.920 0.1111111119
206263  -22.955  5.153  3.331 0.1111111119
207397  -22.791  5.621  3.835 0.1111111119
209532  -23.959  7.613  3.527 0.1111111119
208532  -23.771  6.812  3.210 0.1111111119
207410  -24.007  6.435  2.100 0.2222222239
269704  -24.662  7.343  2.229 0.1111111119
208542  -24.596  6.803  2.210 0.1111111119
280467  -24.475  9.124  2.205 0.1111111119
269735  -24.784  8.069  1.180 0.1111111119
211496  -24.697  9.020  0.962 0.1111111119
210568  -24.475  8.089  -0.262 0.1111111119
208513  -22.348  6.646  5.889 0.1111111119
208514  -23.241  7.066  6.003 0.1111111119
209516  -23.910  7.392  5.195 0.1111111119
209528  -23.890  7.776  4.098 0.1111111119
210522  -24.745  8.383  3.665 0.1111111119
209533  -24.360  7.981  3.246 0.1111111119
210528  -24.970  8.739  3.382 0.1111111119
209517  -24.824  7.548  5.337 0.1111111119
209518  -25.722  7.602  5.551 0.1111111119
210519  -25.784  8.385  4.467 0.1111111119
178564  -29.000  -10.653  5.189 0.1111111119
315652  -28.965  -9.904  4.518 0.1111111119
180971  -29.510  -9.295  5.229 0.1111111119
180956  -29.934  -9.447  5.762 0.1111111119
186046  -28.939  -6.383  4.226 0.1111111119
295158  -29.099  -6.936  4.536 0.1111111119
298454  -28.832  -5.871  3.904 0.1111111119
194809  -29.106  -1.905  3.350 0.1111111119
197027  -23.748  0.231  1.729 0.4444444478
199409  -27.189  1.071  -0.216 0.4444444478
200470  -27.586  1.474  0.327 0.3333333433
201604  -28.390  2.180  1.280 0.2222222239
200454  -28.494  1.673  1.791 0.1111111119
200455  -28.830  2.112  2.173 0.1111111119
198216  -29.569  0.427  2.976 0.1111111119
205186  -27.490  4.613  -0.045 0.1111111119
321072  -27.856  5.031  0.263 0.1111111119
205188  -28.820  4.933  0.627 0.1111111119
207459  -27.112  6.301  -0.989 0.1111111119
207409  -23.736  6.278  2.511 0.2222222239
208549  -24.757  6.870  1.658 0.1111111119
208520  -23.094  7.009  5.029 0.1111111119
211465  -24.484  8.862  2.821 0.1111111119
212443  -24.706  9.409  1.517 0.1111111119
320291  -26.021  9.237  3.827 0.1111111119
210514  -26.286  7.994  5.145 0.1111111119
180923  -30.807  -9.698  6.496 0.1111111119
179775  -30.080  -10.001  5.931 0.1111111119
298703  -28.608  -5.996  3.276 0.2222222239
191116  -28.514  -4.544  3.200 0.2222222239
195886  -29.096  -1.140  3.050 0.1111111119
195897  -23.023  -0.472  2.139 0.4444444478
297103  -24.134  0.681  1.279 0.4444444478
201601  -24.986  2.400  0.585 0.4444444478
204024  -26.287  3.458  -0.919 0.4444444478
204032  -26.323  4.067  -1.428 0.2222222239
321283  -21.938  5.516  5.574 0.1111111119
207377  -23.184  6.480  7.189 0.1111111119
208516  -25.223  7.304  6.075 0.1111111119
209524  -24.377  7.844  4.540 0.1111111119
210518  -25.020  8.199  4.183 0.1111111119
178551  -30.221  -10.532  6.139 0.1111111119
176102  -28.162  -12.180  3.884 0.1111111119
177324  -28.460  -11.485  4.911 0.1111111119
286294  -29.783  -10.424  5.783 0.1111111119
180925  -31.786  -9.620  6.945 0.1111111119
179743  -30.982  -10.189  6.591 0.1111111119
299807  -30.659  -8.250  6.605 0.1111111119
183348  -29.911  -8.225  5.654 0.1111111119
184655  -30.315  -7.303  6.007 0.1111111119
296860  -29.769  -7.039  5.346 0.1111111119
188605  -29.380  -5.246  4.554 0.1111111119
187359  -29.389  -5.796  5.014 0.1111111119
186028  -29.702  -6.424  5.254 0.1111111119
189806  -29.508  -4.841  4.253 0.1111111119
192413  -29.431  -3.336  4.687 0.1111111119
194777  -29.696  -1.740  4.400 0.1111111119
195898  -23.822  -0.775  2.352 0.4444444478
195875  -29.788  -0.963  3.797 0.1111111119
195887  -29.540  -0.837  3.342 0.1111111119
311960  -29.249  1.786  2.435 0.1111111119
199368  -29.841  1.163  3.463 0.1111111119
198212  -23.170  0.597  2.410 0.4444444478
202719  -30.257  3.569  2.118 0.1111111119
205162  -29.604  4.275  1.304 0.1111111119
200440  -23.528  1.720  2.834 0.2222222239
201575  -23.937  2.166  2.362 0.2222222239
202700  -23.582  3.186  2.359 0.2222222239
206301  -29.065  5.566  0.631 0.1111111119
202691  -23.426  3.245  2.907 0.1111111119
277040  -23.409  4.061  2.531 0.2222222239
208576  -28.474  6.654  -0.533 0.1111111119
209591  -28.442  7.075  -1.481 0.1111111119
202678  -23.862  3.333  3.407 0.1111111119
203952  -24.418  3.979  4.274 0.1111111119
206245  -22.894  4.919  6.135 0.1111111119
206232  -23.398  5.150  6.850 0.1111111119
209603  -27.400  7.810  -1.901 0.1111111119
206221  -23.876  5.458  7.227 0.1111111119
206223  -25.278  5.790  7.328 0.1111111119
212458  -24.407  9.834  0.706 0.1111111119
309405  -25.064  9.627  -0.476 0.1111111119
212481  -25.594  9.788  -1.289 0.1111111119
212489  -26.614  9.999  -2.160 0.1111111119
208495  -25.001  6.413  7.029 0.1111111119
287057  -25.578  7.010  6.560 0.1111111119
212422  -25.497  9.689  3.008 0.1111111119
214322  -24.759  10.953  2.216 0.1111111119
211459  -26.135  8.932  4.092 0.1111111119
188641  -28.520  -5.558  2.985 0.1111111119
198214  -28.786  0.552  2.332 0.1111111119
200469  -26.921  1.580  -0.366 0.4444444478
179800  -28.786  -9.776  4.046 0.1111111119
193663  -28.886  -2.605  3.117 0.2222222239
291420  -25.078  1.320  0.888 0.4444444478
299391  -29.232  -8.370  4.817 0.1111111119
309344  -30.166  -8.548  5.933 0.1111111119
184654  -29.960  -7.534  5.620 0.1111111119
189818  -29.256  -4.863  4.018 0.1111111119
192429  -29.083  -3.073  3.628 0.1111111119
284367  -29.197  -3.629  4.069 0.1111111119
197020  -29.706  -0.239  3.259 0.1111111119
200442  -28.839  1.511  2.319 0.1111111119
200443  -29.610  1.660  2.788 0.1111111119
202743  -27.090  3.293  -0.365 0.2222222239
202744  -27.800  3.545  0.297 0.1111111119
202733  -28.689  3.455  1.306 0.2222222239
202717  -29.045  3.083  1.795 0.1111111119
321068  -27.639  6.521  -0.904 0.1111111119
209589  -26.806  7.166  -1.727 0.1111111119
206300  -28.262  5.420  0.450 0.1111111119
207445  -27.235  5.895  -0.391 0.1111111119
207446  -28.502  6.384  -0.062 0.1111111119
207435  -28.710  5.966  0.296 0.1111111119
204000  -29.917  3.852  1.688 0.1111111119
202718  -29.655  3.391  1.958 0.1111111119
204014  -28.887  4.052  1.207 0.2222222239
204022  -25.672  3.924  -1.238 0.3333333433
205187  -28.528  4.383  0.802 0.2222222239
205198  -25.850  4.290  -2.058 0.2222222239
207444  -26.042  5.624  -1.149 0.1111111119
297678  -23.889  2.633  1.986 0.3333333433
202715  -23.976  3.141  1.612 0.3333333433
203998  -24.790  4.135  0.864 0.3333333433
206286  -24.718  5.163  0.543 0.2222222239
287009  -24.813  5.471  0.024 0.1111111119
207433  -24.859  5.990  0.039 0.1111111119
207442  -25.209  6.124  -0.798 0.1111111119
208588  -25.768  6.789  -2.055 0.1111111119
208602  -25.968  7.118  -2.275 0.1111111119
210583  -25.903  7.871  -2.076 0.1111111119
209602  -26.611  7.790  -2.293 0.1111111119
211520  -26.308  8.910  -1.986 0.1111111119
203977  -23.219  3.753  3.081 0.1111111119
319992  -23.037  3.938  2.989 0.1111111119
291947  -23.102  4.781  2.975 0.1111111119
205161  -24.594  4.781  1.125 0.3333333433
206280  -24.399  5.328  1.140 0.2222222239
207427  -24.444  5.772  0.749 0.1111111119
270345  -24.841  7.386  1.524 0.1111111119
271318  -24.756  7.851  0.449 0.1111111119
209578  -25.257  7.503  -0.758 0.1111111119
211519  -25.807  8.873  -1.432 0.1111111119
210576  -24.681  8.250  -0.532 0.1111111119
206255  -22.567  5.139  4.060 0.1111111119
205126  -22.672  4.862  4.228 0.1111111119
208519  -22.306  6.422  5.162 0.1111111119
205116  -22.630  4.866  5.176 0.1111111119
208531  -23.451  6.334  3.781 0.1111111119
208525  -23.529  7.135  4.093 0.1111111119
315981  -24.463  7.689  2.762 0.1111111119
207398  -23.572  5.894  3.264 0.1111111119
208541  -24.250  6.702  2.650 0.1111111119
210538  -24.427  8.128  2.619 0.1111111119
210546  -24.611  7.950  1.923 0.1111111119
211482  -24.609  8.724  1.588 0.1111111119
212429  -24.556  9.767  2.030 0.1111111119
283721  -24.389  8.461  0.248 0.1111111119
303136  -24.737  9.235  0.305 0.1111111119
300454  -24.492  8.609  -0.305 0.1111111119
207384  -21.981  5.894  6.358 0.1111111119
208506  -23.580  6.829  6.721 0.1111111119
208515  -24.272  7.145  5.945 0.1111111119
295793  -25.567  9.034  3.684 0.1111111119
212430  -24.984  9.393  2.511 0.1111111119
213357  -24.915  10.404  2.285 0.1111111119
296014  -29.045  -11.092  5.565 0.1111111119
299808  -30.632  -9.171  6.409 0.1111111119
201593  -29.096  2.604  2.119 0.1111111119
205173  -29.163  4.574  0.938 0.1111111119
206302  -29.731  5.644  0.716 0.1111111119
213356  -24.636  10.305  1.548 0.1111111119
212414  -26.200  9.996  3.917 0.1111111119
182065  -31.359  -8.743  7.107 0.1111111119
206222  -24.398  5.881  7.263 0.1111111119
191104  -29.300  -4.339  4.199 0.1111111119
193634  -29.489  -2.231  4.372 0.1111111119
201594  -29.569  2.890  2.216 0.1111111119
206288  -29.937  5.211  1.009 0.1111111119
207447  -29.475  6.423  -0.096 0.1111111119
203986  -23.256  3.624  2.710 0.1111111119
208577  -29.057  6.681  -0.379 0.1111111119
205127  -23.771  4.638  4.346 0.1111111119
274120  -24.254  10.411  0.255 0.1111111119
211514  -25.078  8.846  -0.761 0.1111111119
308934  -25.100  10.692  2.797 0.1111111119
214315  -24.986  11.242  2.969 0.1111111119
312873  -24.581  10.748  1.680 0.1111111119
275146  -16.994  -30.026  10.609 0.2222222239
166979  -16.789  -17.319  9.807 0.2222222239
169670  -17.068  -16.292  8.662 0.2222222239
165680  -17.213  -18.231  8.935 0.3333333433
166993  -17.091  -17.191  8.676 0.4444444478
276600  -17.189  -16.706  8.813 0.3333333433
194813  -22.516  -0.906  2.554 0.3333333433
194807  -22.228  -1.252  2.875 0.2222222239
198200  -22.803  1.139  2.985 0.1111111119
199382  -22.785  1.658  3.209 0.1111111119
276715  -23.250  1.027  2.624 0.2222222239
297597  -17.273  -2.765  6.787 0.2222222239
191030  -15.928  -3.657  8.377 0.1111111119
192345  -17.063  -2.839  7.826 0.1111111119
194734  -19.577  -1.603  5.335 0.1111111119
194746  -19.986  -1.291  5.096 0.1111111119
194791  -22.057  -1.120  3.727 0.1111111119
197007  -22.844  0.018  3.581 0.1111111119
200424  -23.242  1.799  3.140 0.1111111119
194806  -21.582  -1.311  2.974 0.2222222239
194747  -20.465  -1.161  4.699 0.1111111119
160829  -17.456  -20.557  9.538 0.2222222239
163224  -17.563  -19.064  9.731 0.2222222239
164416  -17.256  -19.051  8.859 0.3333333433
297314  -15.586  -12.039  10.011 0.2222222239
193645  -20.846  -1.537  3.129 0.1111111119
175975  -16.090  -12.628  10.077 0.1111111119
287315  -15.391  -11.325  10.001 0.3333333433
195896  -22.577  -0.459  2.494 0.3333333433
197025  -22.683  0.007  2.570 0.3333333433
198199  -22.686  0.479  2.733 0.1111111119
315751  -16.632  -17.861  9.785 0.2222222239
194790  -21.210  -1.621  2.998 0.1111111119
195885  -22.322  -0.507  2.997 0.1111111119
197006  -22.309  -0.146  2.944 0.1111111119
193607  -20.840  -2.271  4.665 0.1111111119
309374  -22.341  -0.077  2.835 0.1111111119
193646  -21.798  -1.272  3.824 0.1111111119
313858  -22.348  -1.055  3.727 0.1111111119
193627  -21.225  -1.241  4.321 0.1111111119
167060  -26.252  -17.193  5.029 0.1111111119
144137  -16.524  -29.655  10.923 0.1111111119
142607  -17.482  -30.295  10.148 0.1111111119
142591  -17.469  -30.954  10.048 0.1111111119
144129  -15.619  -29.525  11.571 0.1111111119
144136  -15.998  -29.294  11.182 0.1111111119
145468  -15.958  -28.748  11.100 0.1111111119
146704  -15.960  -28.087  11.170 0.1111111119
147958  -15.979  -27.540  10.862 0.1111111119
160810  -17.359  -20.875  10.665 0.1111111119
304756  -17.373  -16.404  9.725 0.1111111119
168315  -17.320  -16.941  9.988 0.1111111119
165679  -17.087  -17.874  8.890 0.1111111119
183260  -15.761  -8.237  8.787 0.2222222239
185934  -15.887  -6.753  7.633 0.2222222239
184579  -16.424  -7.280  8.410 0.2222222239
185936  -16.605  -6.690  8.159 0.2222222239
169657  -17.200  -15.424  9.161 0.1111111119
169686  -16.939  -15.690  8.423 0.1111111119
144128  -15.222  -29.613  12.074 0.1111111119
142589  -16.636  -30.244  10.950 0.1111111119
142590  -17.018  -30.650  10.468 0.1111111119
142608  -17.955  -30.612  9.596 0.1111111119
145461  -15.628  -28.947  11.460 0.1111111119
146689  -15.571  -27.942  11.754 0.1111111119
147957  -15.702  -27.447  11.444 0.1111111119
272067  -15.860  -26.020  10.458 0.1111111119
151949  -15.852  -25.340  10.631 0.1111111119
159535  -17.336  -21.438  10.891 0.1111111119
160830  -17.509  -20.288  10.612 0.1111111119
164402  -17.581  -18.515  9.684 0.1111111119
182021  -16.313  -8.623  9.170 0.2222222239
185951  -17.008  -6.588  8.157 0.2222222239
188519  -16.105  -5.339  8.599 0.1111111119
141100  -18.558  -30.949  9.886 0.1111111119
142582  -16.219  -30.457  11.313 0.1111111119
295120  -16.175  -5.550  8.414 0.2222222239
189715  -15.556  -4.156  8.756 0.1111111119
162103  -17.471  -19.890  9.426 0.1111111119
180865  -16.002  -9.114  9.411 0.2222222239
170953  -17.186  -14.868  9.168 0.1111111119
276303  -17.401  -20.914  9.834 0.1111111119
153183  -16.074  -24.781  11.181 0.1111111119
158210  -17.253  -22.106  10.233 0.1111111119
313980  -15.866  -26.349  10.880 0.1111111119
145469  -16.440  -29.107  10.825 0.1111111119
166965  -16.715  -17.506  10.010 0.1111111119
165667  -17.454  -18.062  9.973 0.1111111119
144130  -16.138  -29.866  11.247 0.1111111119
282870  -15.852  -30.077  11.542 0.1111111119
145460  -15.388  -29.095  11.941 0.1111111119
284081  -15.699  -28.454  11.465 0.1111111119
159525  -17.690  -21.277  11.085 0.1111111119
316307  -17.049  -7.919  8.769 0.1111111119
146688  -15.499  -28.525  11.841 0.1111111119
147950  -15.548  -27.460  11.897 0.1111111119
158197  -17.369  -21.826  11.202 0.1111111119
162104  -17.607  -19.869  10.228 0.1111111119
187291  -17.062  -5.882  8.028 0.1111111119
292518  -17.290  -4.744  8.069 0.1111111119
193580  -17.918  -2.348  6.281 0.1111111119
179680  -16.341  -10.167  9.752 0.1111111119
193554  -17.560  -2.578  7.618 0.1111111119
193567  -18.678  -2.361  6.762 0.1111111119
193588  -18.787  -1.550  4.962 0.1111111119
142593  -20.480  -30.486  10.535 0.1111111119
144122  -15.484  -30.020  11.883 0.1111111119
144138  -16.795  -29.476  10.570 0.2222222239
144171  -18.148  -29.788  9.096 0.3333333433
145512  -18.824  -29.352  8.962 0.3333333433
146753  -18.585  -28.702  8.632 0.3333333433
148005  -20.160  -27.654  8.602 0.3333333433
149331  -19.810  -27.473  7.985 0.3333333433
149340  -19.591  -26.845  7.653 0.3333333433
149341  -20.036  -26.919  7.807 0.3333333433
150662  -21.420  -26.121  8.321 0.1111111119
151993  -19.099  -26.080  8.084 0.3333333433
152031  -20.704  -25.635  7.214 0.3333333433
153276  -21.886  -24.791  7.090 0.2222222239
153277  -22.467  -24.634  7.269 0.2222222239
154541  -20.140  -24.139  7.349 0.4444444478
154561  -20.563  -24.481  6.825 0.4444444478
154562  -21.015  -24.497  6.521 0.4444444478
154575  -21.332  -24.026  6.332 0.3333333433
154576  -22.052  -24.006  6.384 0.3333333433
155792  -23.104  -23.680  6.759 0.1111111119
155793  -23.609  -23.521  7.198 0.1111111119
155794  -24.162  -23.346  7.443 0.1111111119
155808  -22.290  -23.468  6.262 0.2222222239
157013  -21.822  -22.808  6.081 0.4444444478
157029  -22.762  -22.779  5.792 0.4444444478
158251  -18.620  -22.157  7.822 0.4444444478
158270  -25.357  -22.335  6.906 0.1111111119
158300  -22.998  -22.573  5.435 0.2222222239
158301  -23.315  -22.523  5.404 0.2222222239
159593  -17.878  -21.329  8.759 0.5555555820
159617  -19.097  -21.041  7.507 0.5555555820
159636  -20.337  -21.227  6.952 0.4444444478
159657  -25.255  -21.026  5.715 0.1111111119
159671  -23.922  -21.026  5.294 0.2222222239
160870  -19.085  -20.493  7.453 0.7777777910
160889  -21.169  -20.413  6.348 0.5555555820
160903  -21.634  -20.243  6.118 0.3333333433
160905  -22.605  -20.618  5.920 0.3333333433
160925  -24.188  -20.499  5.253 0.2222222239
160926  -24.700  -20.398  5.239 0.1111111119
162163  -20.161  -20.011  6.987 0.6666666865
162191  -23.815  -20.040  5.244 0.2222222239
162195  -25.852  -19.626  5.341 0.1111111119
163268  -18.595  -18.878  7.059 0.8888888955
163285  -22.034  -19.156  5.699 0.6666666865
163287  -23.439  -19.579  5.277 0.2222222239
163297  -23.183  -19.018  5.393 0.3333333433
163300  -25.492  -19.309  4.777 0.1111111119
163313  -24.784  -19.078  4.594 0.1111111119
163314  -25.290  -19.013  4.456 0.1111111119
164480  -21.101  -18.355  5.848 0.8888888955
164492  -22.932  -18.485  5.379 0.4444444478
164494  -24.341  -18.563  4.711 0.2222222239
164496  -26.432  -18.322  5.324 0.1111111119
164506  -25.420  -18.541  4.477 0.1111111119
165755  -25.477  -17.724  4.726 0.2222222239
165756  -26.004  -18.207  4.879 0.1111111119
165767  -25.683  -18.191  4.549 0.1111111119
167010  -17.174  -17.096  8.042 1.0000000000
167033  -18.879  -17.270  6.439 1.0000000000
167047  -20.393  -17.284  6.156 1.0000000000
167058  -25.127  -17.143  4.649 0.2222222239
167068  -23.576  -16.837  4.686 0.4444444478
167069  -24.184  -16.937  4.694 0.4444444478
168387  -18.340  -16.353  6.563 1.0000000000
168401  -19.696  -16.407  5.941 1.0000000000
168402  -20.430  -16.239  5.879 1.0000000000
168403  -20.782  -16.716  5.962 1.0000000000
168419  -25.123  -16.670  4.496 0.2222222239
169658  -17.472  -15.869  9.533 0.1111111119
169706  -16.889  -15.456  8.355 0.5555555820
169721  -17.098  -15.907  7.880 1.0000000000
169722  -17.262  -15.597  7.526 1.0000000000
169732  -17.658  -15.548  7.030 1.0000000000
169743  -18.509  -15.773  6.332 1.0000000000
169745  -19.490  -15.764  5.879 1.0000000000
169753  -20.669  -15.691  5.605 1.0000000000
169755  -22.209  -15.999  4.961 0.7777777910
169767  -23.574  -15.647  4.572 0.5555555820
170965  -16.870  -14.880  8.941 0.1111111119
171001  -16.813  -14.996  7.912 0.7777777910
171023  -17.151  -15.188  7.583 0.8888888955
171024  -17.544  -14.920  7.274 1.0000000000
171061  -20.347  -14.725  5.396 1.0000000000
171062  -20.817  -15.146  5.395 1.0000000000
171063  -21.412  -15.017  5.260 1.0000000000
171065  -22.380  -15.413  4.702 0.6666666865
171076  -22.761  -14.868  4.567 0.8888888955
171077  -23.358  -14.999  4.467 0.5555555820
172276  -16.353  -14.666  7.903 0.7777777910
172335  -19.235  -14.530  5.570 1.0000000000
172350  -21.545  -14.435  5.159 1.0000000000
172360  -22.480  -14.315  4.439 0.6666666865
172373  -24.225  -14.067  3.915 0.5555555820
172374  -25.210  -14.221  3.661 0.3333333433
172375  -26.197  -14.390  3.686 0.3333333433
172376  -26.765  -14.210  3.764 0.2222222239
173456  -16.329  -13.560  9.921 0.1111111119
173466  -15.862  -13.338  9.795 0.1111111119
173487  -15.723  -13.583  8.286 0.6666666865
173519  -16.275  -13.603  7.481 0.7777777910
173545  -17.955  -13.716  6.380 1.0000000000
173558  -18.485  -13.139  5.829 1.0000000000
173559  -18.842  -13.580  5.549 1.0000000000
173574  -20.685  -13.477  5.190 1.0000000000
173585  -22.863  -13.363  4.019 0.7777777910
173595  -24.721  -13.796  3.731 0.5555555820
174745  -15.699  -12.748  9.934 0.3333333433
174751  -15.141  -12.742  8.844 0.4444444478
174823  -18.050  -12.600  5.918 1.0000000000
174837  -19.942  -12.701  5.258 1.0000000000
174850  -21.771  -12.228  5.121 1.0000000000
174861  -22.353  -12.409  4.028 0.7777777910
174862  -22.654  -12.782  3.893 0.7777777910
174865  -24.541  -13.150  3.643 0.4444444478
176000  -14.975  -11.906  8.095 0.5555555820
176012  -15.349  -12.364  7.674 0.5555555820
176043  -16.609  -12.070  6.860 0.8888888955
176044  -17.406  -12.269  6.059 0.8888888955
176058  -17.031  -11.952  6.204 0.8888888955
176060  -18.408  -12.060  5.710 0.8888888955
176075  -20.859  -12.137  4.920 1.0000000000
176076  -21.260  -11.957  4.820 1.0000000000
176086  -22.098  -11.866  4.384 0.8888888955
176096  -24.177  -12.421  3.634 0.6666666865
176099  -26.399  -12.619  3.448 0.4444444478
176101  -27.952  -12.251  3.347 0.2222222239
177223  -16.120  -11.392  10.127 0.3333333433
177232  -14.599  -11.512  8.780 0.4444444478
177233  -14.653  -11.775  8.695 0.4444444478
177241  -14.841  -11.245  8.545 0.4444444478
177282  -16.265  -11.548  7.074 0.6666666865
177304  -17.267  -11.466  6.172 0.8888888955
177319  -18.718  -11.623  5.425 0.8888888955
177320  -19.424  -11.684  5.238 1.0000000000
177322  -20.649  -11.757  4.822 1.0000000000
177325  -28.738  -11.139  5.265 0.1111111119
177334  -20.866  -11.250  4.488 1.0000000000
177336  -21.812  -11.403  4.633 0.8888888955
177337  -28.246  -11.626  4.089 0.1111111119
177342  -21.541  -10.913  4.454 1.0000000000
177346  -23.816  -11.817  3.587 0.7777777910
177350  -27.867  -11.954  3.024 0.4444444478
177356  -23.568  -11.266  3.342 0.7777777910
177358  -26.013  -11.592  3.299 0.4444444478
177359  -26.768  -11.519  2.969 0.4444444478
178475  -14.993  -10.799  8.591 0.4444444478
178492  -15.565  -10.902  7.775 0.6666666865
178493  -16.122  -10.935  7.308 0.6666666865
178520  -17.122  -10.961  6.450 0.7777777910
178548  -18.501  -11.105  5.572 0.8888888955
178549  -29.417  -10.784  5.665 0.1111111119
178560  -18.734  -10.651  5.232 1.0000000000
178563  -28.590  -10.902  4.883 0.1111111119
178572  -20.533  -10.770  4.532 1.0000000000
178573  -21.034  -10.624  4.177 1.0000000000
178574  -21.079  -10.638  3.542 0.8888888955
178581  -22.960  -11.149  3.439 0.8888888955
178587  -23.398  -10.673  3.203 0.7777777910
178591  -27.451  -10.870  3.038 0.3333333433
178592  -27.959  -11.359  3.119 0.2222222239
179679  -15.890  -10.167  9.639 0.4444444478
179710  -15.502  -10.312  8.009 0.5555555820
179732  -16.864  -10.320  6.517 0.7777777910
179742  -30.527  -10.108  6.293 0.1111111119
179765  -17.459  -9.884  6.345 0.7777777910
179773  -29.431  -10.356  5.414 0.1111111119
179786  -18.267  -9.703  5.480 1.0000000000
179788  -19.027  -10.092  5.027 0.8888888955
179790  -29.176  -9.962  5.000 0.1111111119
179797  -20.040  -10.304  4.551 1.0000000000
179799  -20.946  -10.534  3.454 0.8888888955
179804  -21.134  -10.429  3.388 0.8888888955
179805  -21.826  -10.022  3.580 0.7777777910
179807  -27.792  -10.139  3.325 0.3333333433
179811  -22.886  -9.797  3.119 0.7777777910
179812  -23.300  -10.117  3.055 0.7777777910
179815  -27.013  -10.344  2.868 0.5555555820
179816  -27.503  -10.259  3.083 0.4444444478
180864  -15.725  -9.477  9.362 0.3333333433
180883  -15.381  -9.757  8.406 0.4444444478
180898  -16.120  -9.084  7.669 0.6666666865
180913  -16.512  -9.769  6.571 0.6666666865
180924  -31.199  -9.282  6.763 0.1111111119
180947  -17.159  -9.193  6.229 0.7777777910
180948  -18.022  -9.197  5.706 0.8888888955
180957  -30.381  -9.585  6.126 0.1111111119
180970  -18.804  -9.448  4.791 1.0000000000
180979  -18.679  -8.926  4.669 1.0000000000
180980  -19.556  -9.159  4.425 1.0000000000
180982  -20.652  -9.721  4.031 0.8888888955
180989  -21.397  -9.465  3.620 0.8888888955
180992  -23.584  -9.159  3.087 0.7777777910
180995  -28.803  -9.057  4.304 0.1111111119
181000  -23.391  -9.677  2.937 0.7777777910
181004  -26.486  -9.289  2.973 0.6666666865
181006  -27.655  -9.632  3.135 0.4444444478
182020  -15.816  -8.643  9.155 0.2222222239
182051  -15.408  -8.792  8.017 0.4444444478
182059  -15.501  -8.706  7.823 0.4444444478
182084  -30.464  -8.619  6.308 0.1111111119
182085  -30.865  -8.719  6.717 0.1111111119
182106  -16.928  -8.568  6.450 0.7777777910
182117  -30.245  -9.045  6.012 0.1111111119
182132  -18.456  -8.532  5.034 1.0000000000
182133  -29.167  -8.871  4.805 0.1111111119
182143  -19.145  -8.615  4.464 1.0000000000
182146  -29.033  -8.501  4.387 0.1111111119
182150  -20.150  -8.617  3.852 1.0000000000
182152  -21.339  -8.846  3.628 0.8888888955
182155  -23.203  -8.718  3.206 0.7777777910
182157  -24.518  -8.538  3.841 0.7777777910
182159  -28.397  -8.636  3.329 0.1111111119
182166  -25.600  -8.531  3.334 0.6666666865
182169  -27.724  -8.962  3.083 0.4444444478
183261  -16.149  -8.205  8.956 0.2222222239
183278  -16.573  -7.817  8.725 0.1111111119
183279  -16.876  -8.302  8.942 0.2222222239
183312  -16.711  -7.928  6.487 0.7777777910
183339  -17.780  -8.042  5.766 0.8888888955
183365  -18.176  -8.013  5.304 0.8888888955
183368  -29.698  -7.942  5.316 0.1111111119
183379  -19.025  -7.992  4.581 1.0000000000
183386  -20.996  -8.216  3.592 0.8888888955
183389  -22.843  -8.168  3.202 0.8888888955
183390  -23.552  -8.231  3.522 0.7777777910
183393  -25.372  -8.291  3.544 0.7777777910
183395  -28.966  -8.000  4.090 0.1111111119
183400  -26.689  -8.454  2.544 0.5555555820
183401  -27.346  -8.071  2.815 0.5555555820
183403  -28.264  -8.135  2.925 0.5555555820
183408  -26.462  -7.822  2.476 0.5555555820
184562  -15.843  -7.737  8.628 0.2222222239
184578  -15.861  -7.299  8.173 0.2222222239
184595  -15.498  -7.617  7.664 0.3333333433
184604  -15.690  -7.276  7.582 0.4444444478
184617  -16.032  -7.053  7.278 0.5555555820
184618  -16.177  -7.257  6.991 0.5555555820
184626  -30.584  -7.402  6.349 0.1111111119
184644  -17.517  -7.498  5.963 0.7777777910
184675  -29.595  -7.483  5.170 0.1111111119
184687  -18.831  -7.427  4.789 1.0000000000
184689  -19.648  -7.279  4.050 0.8888888955
184695  -20.642  -7.647  3.571 1.0000000000
184696  -20.961  -7.133  3.557 0.8888888955
184699  -24.308  -7.763  3.326 0.7777777910
184702  -28.847  -7.554  3.598 0.2222222239
184706  -23.369  -7.304  3.107 0.8888888955
184710  -28.229  -7.581  2.518 0.5555555820
184717  -26.422  -7.234  2.217 0.6666666865
185935  -16.127  -6.997  8.039 0.3333333433
185950  -15.606  -6.594  7.430 0.4444444478
185968  -16.237  -6.802  7.146 0.5555555820
185992  -17.301  -7.059  6.099 0.6666666865
186003  -30.598  -6.816  6.248 0.1111111119
186018  -18.017  -6.869  5.376 0.8888888955
186020  -18.831  -6.259  4.982 0.7777777910
186027  -29.210  -6.356  4.802 0.1111111119
186045  -19.755  -6.330  4.209 0.8888888955
186054  -20.668  -6.596  3.665 0.8888888955
186056  -21.703  -6.685  3.065 0.8888888955
186059  -28.824  -7.051  3.119 0.2222222239
186065  -22.817  -6.388  3.037 0.8888888955
186067  -24.174  -6.914  2.523 0.8888888955
186069  -25.109  -7.306  2.344 0.7777777910
186070  -28.142  -7.060  2.185 0.5555555820
186076  -23.778  -6.490  2.439 0.8888888955
186077  -24.361  -6.516  2.254 0.7777777910
186081  -27.312  -6.694  1.497 0.5555555820
187273  -16.548  -6.015  8.122 0.2222222239
187289  -16.081  -6.393  7.422 0.4444444478
187290  -16.136  -5.735  8.049 0.2222222239
187300  -16.258  -6.458  7.217 0.4444444478
187307  -16.506  -6.274  6.928 0.5555555820
187308  -16.819  -5.808  6.550 0.5555555820
187323  -17.262  -6.478  6.069 0.6666666865
187372  -19.603  -5.705  4.543 0.7777777910
187377  -29.152  -5.732  4.397 0.1111111119
187384  -21.347  -6.157  3.252 0.7777777910
187393  -22.715  -5.866  2.840 0.7777777910
187395  -28.549  -6.625  2.077 0.4444444478
187401  -23.085  -5.542  2.382 0.7777777910
187403  -25.115  -5.987  1.876 0.6666666865
187406  -28.292  -6.113  1.656 0.5555555820
188534  -15.917  -5.092  8.638 0.2222222239
188535  -17.010  -5.347  8.074 0.1111111119
188558  -16.597  -5.288  6.686 0.7777777910
188571  -17.618  -5.325  6.015 0.7777777910
188594  -17.987  -5.582  5.581 0.7777777910
188596  -18.709  -4.966  4.982 0.7777777910
188621  -19.797  -5.112  4.419 0.7777777910
188628  -29.262  -5.264  4.122 0.1111111119
188637  -20.692  -4.928  3.416 0.7777777910
188639  -21.684  -5.573  3.324 0.7777777910
188642  -28.639  -5.394  3.731 0.1111111119
188651  -22.531  -5.281  2.661 0.6666666865
188658  -22.857  -4.848  2.197 0.6666666865
188660  -24.074  -5.210  1.833 0.6666666865
188662  -25.255  -5.490  1.610 0.6666666865
188666  -28.173  -5.504  1.700 0.5555555820
188671  -26.395  -5.425  0.756 0.5555555820
189700  -15.641  -4.057  9.152 0.1111111119
189716  -16.349  -4.611  8.935 0.1111111119
189733  -17.035  -4.249  6.883 0.4444444478
189741  -16.620  -4.801  6.903 0.5555555820
189754  -17.416  -4.675  6.374 0.6666666865
189756  -18.068  -4.197  5.610 0.6666666865
189777  -18.981  -4.275  4.855 0.6666666865
189814  -20.345  -4.346  3.858 0.7777777910
189815  -20.746  -4.203  3.583 0.6666666865
189824  -21.494  -4.491  2.873 0.7777777910
189825  -21.911  -4.437  2.580 0.6666666865
189826  -28.427  -5.011  2.776 0.2222222239
189831  -22.877  -4.127  1.915 0.6666666865
189832  -24.171  -4.598  1.843 0.6666666865
189834  -28.116  -5.074  1.342 0.4444444478
189842  -25.640  -4.403  1.409 0.6666666865
189844  -27.217  -4.731  1.233 0.5555555820
189845  -27.956  -4.635  1.179 0.4444444478
191031  -16.948  -3.711  7.031 0.1111111119
191052  -17.546  -3.388  6.314 0.5555555820
191075  -18.114  -3.631  5.369 0.6666666865
191082  -29.250  -4.307  4.892 0.1111111119
191094  -18.943  -3.452  4.686 0.5555555820
191115  -20.420  -3.670  3.717 0.5555555820
191123  -20.845  -3.583  3.302 0.5555555820
191125  -21.595  -4.071  2.634 0.6666666865
191126  -22.711  -3.572  1.944 0.6666666865
191127  -28.625  -3.912  3.123 0.1111111119
191135  -21.923  -3.928  2.433 0.6666666865
191137  -23.151  -3.624  1.816 0.6666666865
191139  -24.187  -3.954  1.755 0.6666666865
191149  -27.573  -4.172  1.154 0.5555555820
192327  -16.385  -3.220  8.697 0.1111111119
192344  -16.586  -3.167  8.030 0.1111111119
192357  -17.131  -3.110  6.871 0.3333333433
192358  -17.408  -2.812  6.623 0.2222222239
192368  -18.147  -2.856  5.501 0.4444444478
192403  -19.107  -2.661  4.569 0.5555555820
192414  -29.494  -2.639  4.952 0.1111111119
192427  -19.849  -2.345  3.834 0.4444444478
192438  -21.259  -2.586  2.874 0.5555555820
192440  -22.395  -3.113  2.090 0.6666666865
192448  -22.000  -3.260  2.358 0.6666666865
192449  -23.341  -3.146  2.042 0.6666666865
192451  -24.291  -3.385  1.705 0.6666666865
192452  -28.500  -3.168  2.057 0.3333333433
192459  -24.402  -2.797  1.695 0.6666666865
192461  -25.426  -3.281  1.391 0.6666666865
192463  -27.209  -3.583  0.964 0.6666666865
192472  -27.275  -2.928  0.760 0.6666666865
192473  -27.746  -2.755  0.761 0.6666666865
193579  -17.507  -2.609  6.576 0.2222222239
193586  -17.762  -2.497  6.390 0.2222222239
193606  -20.473  -2.215  5.183 0.1111111119
193642  -19.412  -1.198  4.149 0.4444444478
193644  -20.241  -1.819  3.481 0.4444444478
193660  -22.419  -2.469  2.277 0.6666666865
193662  -23.375  -1.916  2.606 0.5555555820
193669  -23.451  -2.585  2.516 0.6666666865
193671  -24.552  -2.146  1.639 0.5555555820
193678  -25.093  -2.695  1.563 0.6666666865
193679  -25.578  -2.672  1.319 0.6666666865
193681  -28.087  -2.804  0.997 0.5555555820
193682  -28.410  -2.737  1.612 0.4444444478
193688  -27.283  -2.394  0.636 0.6666666865
194745  -19.580  -0.910  4.994 0.4444444478
194768  -19.230  -1.273  4.404 0.3333333433
194769  -19.459  -1.021  4.189 0.4444444478
194770  -20.014  -0.995  4.043 0.2222222239
194794  -29.444  -1.823  3.916 0.1111111119
194805  -21.010  -1.581  2.981 0.2222222239
194814  -23.073  -1.067  2.225 0.4444444478
194817  -28.628  -1.781  2.383 0.1111111119
194818  -28.897  -1.602  2.941 0.1111111119
194822  -24.784  -1.540  1.674 0.5555555820
194824  -25.592  -2.168  0.931 0.6666666865
194833  -26.717  -1.973  0.356 0.6666666865
195872  -21.976  -1.206  2.967 0.1111111119
195873  -22.129  -0.542  2.868 0.1111111119
195874  -29.331  -1.323  3.588 0.1111111119
195906  -24.877  -1.036  1.436 0.5555555820
195913  -26.187  -1.456  0.067 0.6666666865
195916  -27.794  -1.139  0.879 0.6666666865
195921  -26.063  -0.804  -0.147 0.6666666865
195923  -26.872  -0.925  -0.282 0.6666666865
197018  -22.412  0.167  2.805 0.1111111119
197019  -29.348  -0.598  2.887 0.1111111119
197028  -28.810  -0.021  2.169 0.1111111119
197029  -29.405  -0.121  2.817 0.1111111119
197034  -24.942  -0.148  0.298 0.5555555820
197035  -28.497  -0.764  1.613 0.5555555820
198181  -22.683  0.748  2.881 0.1111111119
198222  -28.437  0.433  1.758 0.3333333433
199386  -29.482  1.022  2.716 0.1111111119
199403  -27.915  1.011  0.836 0.4444444478
200463  -27.946  1.986  0.661 0.2222222239
201576  -29.495  2.307  2.476 0.1111111119
202701  -29.991  3.198  2.334 0.1111111119
204030  -25.648  4.132  -1.951 0.2222222239
204031  -25.858  3.975  -1.705 0.2222222239
205134  -22.853  4.601  3.481 0.1111111119
205144  -23.009  4.285  2.994 0.1111111119
206220  -23.121  5.578  7.149 0.1111111119
206231  -22.555  5.389  6.688 0.1111111119
206233  -24.373  5.044  6.933 0.1111111119
206244  -22.112  5.199  5.848 0.1111111119
206287  -29.403  5.131  0.844 0.1111111119
206308  -25.522  4.982  -0.885 0.2222222239
207365  -23.485  5.986  7.312 0.1111111119
207376  -22.692  6.021  7.118 0.1111111119
207383  -22.026  6.059  5.594 0.1111111119
207387  -22.136  5.790  4.982 0.1111111119
207390  -22.265  5.528  4.378 0.1111111119
207419  -24.320  6.290  1.537 0.1111111119
207436  -29.445  6.081  0.326 0.1111111119
208494  -24.021  6.379  7.021 0.1111111119
208505  -22.684  6.625  6.754 0.1111111119
208507  -24.662  6.812  6.533 0.1111111119
208524  -22.728  6.242  4.433 0.1111111119
208573  -25.206  6.786  -0.765 0.1111111119
208574  -25.629  6.393  -1.527 0.1111111119
208575  -27.878  6.320  -0.537 0.1111111119
209510  -25.999  7.502  6.258 0.1111111119
209523  -23.713  7.558  4.572 0.1111111119
209525  -25.336  7.907  4.835 0.1111111119
209529  -24.369  8.043  3.862 0.1111111119
209544  -24.482  7.197  2.940 0.1111111119
209588  -25.805  7.194  -2.272 0.1111111119
209601  -26.108  7.526  -2.266 0.1111111119
210523  -25.375  8.608  3.897 0.1111111119
210527  -24.528  8.455  3.207 0.1111111119
210582  -25.576  8.092  -1.082 0.1111111119
210591  -27.203  8.468  -2.588 0.1111111119
211466  -25.361  9.067  3.017 0.1111111119
211474  -24.461  8.521  2.180 0.1111111119
212415  -26.519  9.495  3.982 0.1111111119
212467  -24.795  9.886  0.124 0.1111111119
212476  -26.245  10.879  -1.925 0.1111111119
213351  -25.375  10.261  3.048 0.1111111119
213381  -24.205  10.438  0.581 0.1111111119
213391  -24.452  10.910  -0.112 0.1111111119
269469  -29.307  -2.886  4.260 0.1111111119
270290  -20.368  -1.115  3.585 0.1111111119
271681  -19.432  -25.705  7.855 0.3333333433
273351  -28.476  -3.563  2.593 0.2222222239
274193  -24.847  7.393  0.798 0.1111111119
275608  -25.754  -13.579  3.547 0.3333333433
279170  -18.475  -29.821  9.086 0.3333333433
280271  -20.628  -22.456  6.969 0.4444444478
280948  -24.073  -6.151  2.172 0.7777777910
281339  -25.068  9.915  2.476 0.1111111119
281471  -26.187  -6.374  1.636 0.6666666865
281917  -28.747  6.888  -0.963 0.1111111119
282428  -22.182  -7.228  3.133 0.8888888955
283390  -17.348  -5.856  6.089 0.5555555820
284006  -25.426  -4.933  1.551 0.6666666865
284072  -21.215  -12.949  5.191 1.0000000000
285403  -22.488  -9.361  3.317 0.8888888955
286448  -31.250  -9.803  6.722 0.1111111119
286977  -17.540  -19.062  8.476 1.0000000000
287073  -23.712  -14.586  4.170 0.5555555820
287283  -29.289  -3.896  4.578 0.1111111119
287423  -20.102  -13.227  5.221 1.0000000000
287690  -22.029  -13.097  4.571 0.8888888955
288661  -21.167  -3.250  2.999 0.6666666865
288961  -24.719  -9.955  2.742 0.6666666865
289120  -16.923  -7.063  8.299 0.2222222239
290479  -15.434  -7.719  7.646 0.3333333433
290491  -24.711  -9.433  2.779 0.7777777910
290582  -21.529  -18.913  5.798 0.6666666865
291013  -27.357  -12.951  3.581 0.3333333433
291229  -26.139  9.732  -1.715 0.1111111119
291343  -20.541  -5.625  3.643 0.7777777910
291469  -20.092  -11.722  5.098 1.0000000000
291790  -21.864  -7.757  3.202 0.8888888955
292244  -19.495  -6.849  4.291 1.0000000000
292299  -19.103  -16.815  5.991 1.0000000000
292659  -15.860  -4.791  8.004 0.3333333433
292737  -23.258  -7.839  3.269 0.7777777910
292996  -18.818  -14.136  5.674 1.0000000000
293340  -21.222  -20.922  6.489 0.4444444478
294662  -23.259  -4.664  1.882 0.6666666865
295129  -25.148  -15.457  4.161 0.4444444478
295247  -15.270  -12.414  8.408 0.4444444478
295465  -26.475  -5.952  1.279 0.6666666865
296274  -26.754  -9.832  2.765 0.5555555820
296290  -19.892  -6.911  3.977 0.8888888955
296501  -16.903  -6.396  6.551 0.5555555820
296583  -21.415  -17.796  5.600 0.8888888955
296595  -24.648  9.959  1.286 0.1111111119
296651  -29.391  -6.949  5.019 0.1111111119
296759  -22.125  -10.418  3.810 0.7777777910
297109  -24.017  -5.735  1.912 0.7777777910
297227  -17.650  -10.428  5.908 0.8888888955
297759  -16.143  -7.775  6.870 0.6666666865
298221  -19.051  -11.169  5.267 1.0000000000
298255  -24.350  -0.461  1.544 0.5555555820
298997  -15.464  -9.859  8.188 0.4444444478
299384  -15.613  -8.957  9.238 0.3333333433
299858  -29.250  0.623  2.585 0.1111111119
300011  -16.432  -9.287  7.016 0.6666666865
300082  -23.435  -21.053  5.285 0.2222222239
300257  -15.698  -4.644  8.635 0.1111111119
300486  -28.179  -11.225  3.558 0.2222222239
300652  -25.159  -15.961  4.226 0.3333333433
301102  -21.700  -13.860  5.213 1.0000000000
301895  -26.750  -8.930  2.915 0.5555555820
303107  -19.900  -19.361  6.784 0.8888888955
305635  -15.565  -8.334  8.040 0.3333333433
305915  -18.189  -14.174  6.399 1.0000000000
306274  -24.085  0.399  1.298 0.4444444478
306895  -28.924  -3.621  3.526 0.1111111119
307004  -21.245  -19.345  6.047 0.6666666865
308437  -21.008  -26.138  7.850 0.3333333433
308858  -24.608  -17.190  4.617 0.4444444478
308955  -17.230  -17.818  8.389 0.7777777910
309089  -26.748  6.555  -1.517 0.1111111119
309217  -25.458  -11.004  3.144 0.6666666865
309455  -19.855  -8.084  3.923 1.0000000000
309524  -15.528  -13.135  8.713 0.4444444478
309601  -18.223  -2.011  5.717 0.1111111119
309668  -15.439  -10.834  9.482 0.4444444478
310192  -20.215  -1.084  3.753 0.3333333433
310529  -19.620  -7.667  4.013 1.0000000000
310648  -29.321  1.371  2.517 0.1111111119
310705  -26.102  -4.083  1.023 0.6666666865
311008  -23.695  -19.151  5.221 0.2222222239
311096  -22.378  -1.825  2.491 0.4444444478
312942  -29.103  -0.334  2.506 0.1111111119
313564  -29.095  -1.474  3.249 0.1111111119
313634  -25.165  -6.877  2.081 0.8888888955
314473  -23.097  -16.674  4.668 0.6666666865
315237  -20.504  -9.081  3.970 1.0000000000
315650  -18.245  -10.629  5.388 0.8888888955
315983  -26.543  -16.840  4.811 0.1111111119
316273  -22.411  -6.122  3.126 0.7777777910
316430  -28.560  2.147  1.805 0.1111111119
316678  -20.672  -18.182  6.036 0.8888888955
316805  -17.811  -15.093  6.867 1.0000000000
316814  -18.544  -14.278  6.033 1.0000000000
317502  -24.689  10.066  2.081 0.1111111119
317603  -22.684  -18.020  5.286 0.4444444478
317943  -24.660  8.562  0.993 0.1111111119
318342  -29.651  4.800  1.076 0.1111111119
318430  -27.523  -1.438  0.759 0.6666666865
318458  -21.515  -9.874  3.495 0.8888888955
318947  -29.048  6.343  0.064 0.1111111119
319286  -17.644  -9.332  6.032 0.8888888955
319798  -24.385  10.859  0.266 0.1111111119
319806  -25.844  -10.098  2.753 0.6666666865
320049  -24.788  -9.001  3.147 0.7777777910
320177  -18.457  -25.226  8.382 0.3333333433
320639  -24.594  8.316  1.746 0.1111111119
320938  -23.954  -14.300  4.040 0.5555555820
321155  -24.947  -13.527  3.689 0.4444444478
321582  -21.661  -9.174  3.575 0.8888888955
321670  -17.401  -11.832  5.996 0.8888888955
